                  1360
  -30.1984462945830       1.485364262536799E-062
  -30.1984462757843       8.555498314311183E-063
  -30.1984462754027       3.822993638050313E-062
  -30.1071691784626       2.764331157631143E-032
  -30.1071691775570       5.634154686538484E-044
  -30.1071691688394       5.692118357476474E-045
  -30.1071691620276       2.915607208373804E-043
  -30.1071691604868       2.946687726534472E-031
  -29.9963744919416       1.092025031941703E-003
  -29.2735290704589       4.365396086745050E-087
  -29.2735290702090       4.895157002819141E-093
  -29.2735290603754       1.625102209214216E-085
  -28.8826041084159       1.173470393648693E-096
  -28.8826041049502       1.589303789512045E-089
  -28.8826040757786       1.399826087559865E-087
  -27.9933622539270       7.838398954538522E-010
  -30.0522339325812       2.727454011832976E-063
  -30.0227900083148       1.753040113467765E-061
  -30.0227900081107       1.045437353796814E-061
  -29.9399420083565       5.960220762658407E-071
  -29.9399420083565       2.159173079686476E-070
  -29.9380806613856       2.026669363767398E-053
  -29.9080536142400       1.607977955940096E-061
  -29.9080536141467       5.266062884111157E-061
  -29.8293105531950       9.463235243520875E-053
  -29.1541163123099       1.627297532975010E-067
  -29.1541163117264       1.299299670450955E-063
  -29.0991109425146       3.873107382903792E-057
  -28.7300188487510       1.074329666436801E-063
  -28.7300188446564       5.665523995081093E-068
  -28.7236918879256       3.200658775846052E-056
  -27.8526303537879       2.527100098970204E-057
  -30.0522339297017       4.286036097890114E-071
  -30.0227900089057       1.880913022923184E-058
  -30.0227900056893       7.332331881680449E-066
  -29.9399420068779       3.392821089447068E-068
  -29.9399420068769       5.554420165437501E-076
  -29.9380806615150       1.466627886872892E-055
  -29.9080536046628       5.738006656398058E-058
  -29.9080536013176       1.460305074421609E-071
  -29.8293105523837       2.086966717505495E-055
  -29.1541163261341       2.048560053114030E-063
  -29.1541163193688       1.970821166017774E-065
  -29.0991109350055       3.491795216707192E-058
  -28.7300188488095       2.269734527772526E-062
  -28.7300188241254       2.915331311992730E-060
  -28.7236919003867       7.223080013474372E-058
  -27.8526303517024       2.305440665859924E-066
  -30.0522339096955       3.383388744671426E-068
  -30.0227899904360       4.652473896651578E-055
  -30.0227899874219       3.055185544718461E-062
  -29.9399419861893       4.508753731216152E-069
  -29.9399419861883       1.840153437211809E-060
  -29.9380806434845       1.107780422662957E-047
  -29.9080535912538       9.892131278648224E-056
  -29.9080535880015       2.286757468473277E-062
  -29.8293105331249       1.320254803404118E-047
  -29.1541163070628       1.500667590844774E-062
  -29.1541163008821       6.637834973717134E-069
  -29.0991109209412       1.060172326474312E-050
  -28.7300188254193       3.778093925876162E-066
  -28.7300188048294       1.457571008842157E-059
  -28.7236918881132       6.708379406182058E-050
  -27.8526303336413       5.368005819447860E-058
  -29.3360241654530       5.733549427743122E-047
  -29.3357728408861       2.806459118447661E-048
  -29.3048665950857       5.700081828923626E-049
  -29.2623168824118       1.235367818772881E-006
  -29.2589676311494       5.783878637884122E-044
  -29.2452258363419       7.690084738752001E-009
  -29.2392536682887       3.175585796396886E-046
  -29.2356550104071       2.405371264852955E-044
  -29.1421282161841       1.048068428219456E-006
  -28.4525983121440       1.421381313587231E-086
  -28.4337136154811       5.986898274620143E-097
  -28.4266839226854       1.112583400602827E-090
  -28.0527069736231       7.298059386373367E-088
  -28.0490246109276       3.738114219712647E-093
  -28.0379848557468       3.458630305904536E-085
  -27.1734151748152       1.251303199247897E-016
  -29.3366755027919       1.339573785313745E-046
  -29.3366754925864       3.236637262073383E-048
  -29.3014884499088       2.962460285292353E-050
  -29.2620577621224       4.980210140885721E-016
  -29.2620577621221       3.546539167964880E-023
  -29.2455267681252       4.882875231558285E-018
  -29.2368210027158       3.779282453038977E-049
  -29.2368209284940       3.082499131952969E-044
  -29.1420860262638       4.045724758270470E-016
  -28.4533484579090       2.913309865233599E-104
  -28.4298135198755       4.655552429532187E-081
  -28.4298133845342       2.887300081708872E-081
  -28.0511069992568       7.673292550079783E-090
  -28.0511069244185       2.059904110776303E-088
  -28.0375222098620       1.000220320144627E-098
  -27.1734150432296       4.836019112060156E-026
  -29.3366754967289       2.477871317509288E-046
  -29.3366754902667       1.518868925638455E-048
  -29.3014884460377       2.001921844472338E-049
  -29.2620577578036       1.479700359076637E-016
  -29.2620577578022       1.199742862317631E-026
  -29.2455267641742       1.449916641764509E-018
  -29.2368209819915       7.356411305311069E-047
  -29.2368209413781       6.308703467626415E-044
  -29.1420860220553       1.201387243684021E-016
  -28.4533484563413       4.538587392036881E-098
  -28.4298134892172       1.405579184307626E-085
  -28.4298134153910       1.090304488157376E-085
  -28.0511069778329       4.510932115280983E-085
  -28.0511069340805       3.609338132066946E-084
  -28.0375222105470       2.686469359729746E-092
  -27.1734150400929       1.435970030558860E-026
  -29.3366754776863       8.084239250586597E-049
  -29.3366754724849       2.675833172299957E-047
  -29.3014884338944       5.227049176693845E-051
  -29.2620577444159       1.498964640684004E-016
  -29.2620577444155       7.023396835506785E-027
  -29.2455267443223       1.464788862579495E-018
  -29.2368209640089       6.799902736061585E-045
  -29.2368209233360       3.369364089677040E-046
  -29.1420860049827       1.216938662553268E-016
  -28.4533484513867       3.768716129574908E-095
  -28.4298134762012       6.928087009245287E-085
  -28.4298134020038       8.655621217733608E-085
  -28.0511069696533       1.801686673467301E-087
  -28.0511069307336       1.021397768440478E-087
  -28.0375221686074       2.092325044872384E-094
  -27.1734150214811       1.454666489647521E-026
  -29.3334566373426       5.690162395864847E-049
  -29.3308195778323       7.129536449749855E-047
  -29.3168900274747       1.202036525754214E-048
  -29.2631440423202       4.840698528684020E-006
  -29.2484424569497       4.811165425760060E-046
  -29.2442528330919       1.332550485180755E-009
  -29.2430680442732       4.386660382818638E-044
  -29.2378602267176       1.417781947125065E-044
  -29.1422725922212       4.681471024244097E-006
  -28.4487505413956       2.158474122984432E-091
  -28.4405552555764       1.257783576898327E-097
  -28.4237574289277       3.279225760105162E-087
  -28.0541333181006       1.005670544274223E-086
  -28.0451803766606       1.305538867386172E-085
  -28.0403324141812       2.004648649868759E-089
  -27.1734147117948       5.532883715026978E-016
  -28.4271266619337       2.621782492666235E-060
  -28.4271266432013       2.485365730969981E-061
  -28.4271266302149       4.541194383606647E-063
  -28.3594048446932       8.189363076273523E-030
  -28.3594048366111       6.900567386814173E-044
  -28.3594048334250       3.361918797167219E-044
  -28.3594048062599       1.013063505223717E-041
  -28.3594048061708       1.442739119967589E-030
  -28.2479282655286       2.091096080967075E-003
  -27.4828278490253       1.091899211981652E-083
  -27.4828278207034       1.646816411002059E-087
  -27.4828278042724       3.914248698201129E-095
  -27.1244011827906       1.150244754119212E-087
  -27.1244011469236       1.340062692684729E-092
  -27.1244011289327       2.395789301984326E-080
  -26.2284612499534       6.329609001802569E-009
  -28.3732554442458       1.376875059358328E-066
  -28.3652722932859       1.866574652127655E-054
  -28.3652722892965       5.951382174081522E-062
  -28.2812165046540       2.803692041509604E-045
  -28.2755811005701       8.669434889464835E-067
  -28.2755811005691       1.091725093333245E-058
  -28.1915174082776       1.500199277413286E-052
  -28.1915174049300       9.721098015643213E-061
  -28.1682738260122       3.414950155231999E-045
  -27.4680761008869       4.750548066314346E-062
  -27.4680760955419       3.449386548311567E-068
  -27.3887359671746       1.659726206589421E-048
  -27.0640325120844       2.700509118676705E-065
  -27.0640324912595       8.193146503549234E-059
  -27.0513257930767       1.967513481951103E-047
  -26.1857975489537       1.459799796611855E-056
  -28.3732553358111       8.632169095727279E-075
  -28.3652721847014       2.298193854126928E-059
  -28.3652721809120       7.138762370269435E-067
  -28.2812163993771       3.513206276441696E-052
  -28.2755809916622       1.470308564299645E-065
  -28.2755809916612       4.766122770247415E-075
  -28.1915173111369       4.159796398888323E-057
  -28.1915173077475       2.053076950380882E-065
  -28.1682737187536       4.329136013328029E-052
  -27.4680759991929       7.481004567470379E-065
  -27.4680759929276       9.430793262895051E-067
  -27.3887358738930       2.093260702595500E-055
  -27.0640324098361       6.082706377022097E-063
  -27.0640323850348       6.210289279758306E-061
  -27.0513256868435       2.532449819789937E-054
  -26.1857974448211       3.273707651714888E-061
  -28.3732553125879       4.550691370926048E-063
  -28.3652721562810       6.222779695590480E-060
  -28.3652721560812       2.968354208616497E-060
  -28.2812163629024       1.090875875183372E-052
  -28.2755809703483       4.051238022877960E-068
  -28.2755809703483       1.340108441603381E-070
  -28.1915172513628       3.065815709307285E-058
  -28.1915172513208       1.144331898888819E-058
  -28.1682736910775       3.866878050472939E-051
  -27.4680759721500       1.377179899098641E-068
  -27.4680759712301       1.246478434482970E-063
  -27.3887358409982       9.467726289317131E-057
  -27.0640323899091       7.772824221943021E-063
  -27.0640323859331       4.135387045509796E-067
  -27.0513256334495       1.641672547682008E-054
  -26.1857974291238       8.704511098979922E-062
  -26.9054390042463       1.332079869804421E-045
  -26.8850647009376       2.773643204787387E-046
  -26.8828726123817       1.028161765188857E-046
  -26.8516322846263       3.363420000537849E-005
  -26.8233465252039       2.129368243257296E-008
  -26.8174295024528       1.378562201808136E-044
  -26.7896981680981       3.551288321299440E-049
  -26.7759636859535       1.412954482251914E-044
  -26.7235817937426       3.196195482999005E-005
  -25.9874218972161       7.429775151828267E-090
  -25.9703258436188       7.669401699752102E-096
  -25.9384337887810       7.094252171043677E-085
  -25.6345379026485       6.227988101812207E-087
  -25.6237373691442       8.490413750141069E-096
  -25.6154732284813       3.553839518166146E-089
  -24.7500212100903       3.448840182572662E-016
  -26.9074531016184       1.687655936851958E-045
  -26.9074513360864       4.346372971104820E-047
  -26.8493641991956       3.579773694545002E-028
  -26.8493641988995       2.745941643743401E-013
  -26.8261882393823       6.766102256862469E-015
  -26.8183719288887       3.199794121363015E-046
  -26.7869149286691       1.217259107820563E-046
  -26.7869116905918       3.186771829410222E-044
  -26.7230080381902       1.951555269966490E-013
  -25.9974937805091       6.156437637498949E-092
  -25.9490018431755       4.282443858688683E-086
  -25.9489997174276       3.667820384953630E-086
  -25.6320995855156       4.902421217609535E-086
  -25.6320989322997       5.586453574076991E-086
  -25.6102356493486       2.744843132575778E-091
  -24.7500210613180       2.168217620985248E-024
  -26.9074526397489       1.207833741889002E-049
  -26.9074517045598       6.632178211149344E-045
  -26.8493641475663       7.708419194766299E-029
  -26.8493641474842       7.704364304284710E-014
  -26.8261881940361       1.898162973733664E-015
  -26.8183718781841       2.285176622808557E-042
  -26.7869141209698       1.023610384318117E-043
  -26.7869124057561       4.061333149524236E-048
  -26.7230079906097       5.475374260337995E-014
  -25.9974937291725       4.458555914750825E-099
  -25.9490013018153       7.072848383819339E-089
  -25.9490001757787       6.939658220999593E-089
  -25.6320993761355       1.593774568130372E-084
  -25.6320990295667       1.998122672830593E-084
  -25.6102356295274       4.994587478073868E-095
  -24.7500210212970       6.087414611516248E-025
  -26.9074521870171       1.115420149623216E-047
  -26.9074521580190       1.732207855534287E-045
  -26.8493641481218       8.881174489049503E-025
  -26.8493641481206       7.318493584889476E-017
  -26.8261881942738       1.796849612679048E-018
  -26.8183718787569       2.206658893132521E-045
  -26.7869132901978       9.547252239948277E-045
  -26.7869132372547       6.122775645613627E-047
  -26.7230079913092       5.199798013370387E-017
  -25.9974937340277       2.662371166898759E-101
  -25.9490007613133       8.895573880263812E-081
  -25.9490007258718       5.329642745413512E-081
  -25.6320992196991       3.914322776747763E-084
  -25.6320991931445       7.870766697148875E-082
  -25.6102356278175       1.028512582914550E-096
  -24.7500210244123       5.792743056497983E-028
  -26.9105684941184       1.342971855049093E-045
  -26.9002022048504       4.630911524642626E-047
  -26.8582612777757       1.838671432982356E-045
  -26.8499021408359       8.909407184768622E-006
  -26.8255255651885       1.398920859293381E-007
  -26.8102223743117       5.325999612109437E-046
  -26.7982047079488       1.567617383179931E-045
  -26.7790065037169       2.074701134585879E-044
  -26.7231319542599       6.816448403380038E-006
  -25.9959054057792       9.930552180565821E-085
  -25.9562911633730       1.778404021344815E-094
  -25.9434478554741       5.735529108572966E-088
  -25.6336097212079       2.413366793142997E-086
  -25.6295983250584       5.237994336961996E-092
  -25.6110754202573       2.202542189663105E-086
  -24.7500208109948       7.525818303117888E-017
  -24.9599948066945       8.829975259308958E-064
  -24.9599948023011       3.418092731822361E-060
  -24.9599947907865       3.837340952417104E-063
  -24.8971097409754       4.486220067133221E-029
  -24.8971097339114       5.551266610218511E-046
  -24.8971097114652       2.638416876401863E-047
  -24.8971096755234       6.576433722075613E-045
  -24.8971096729579       1.063099989952651E-029
  -24.7855220414874       2.456040802926581E-003
  -24.0171420539851       3.307894995205769E-088
  -24.0171420363702       5.342497212670692E-097
  -24.0171420335190       2.837818307148434E-090
  -23.6610930557271       3.134243907473047E-087
  -23.6610930340284       2.479844307180517E-098
  -23.6610930132543       1.240189650095424E-092
  -22.7633449540832       1.428969858308484E-008
  -24.7069458361582       8.537048390025689E-061
  -24.7069458360579       7.709312355928918E-061
  -24.6924548524449       5.980289215296308E-063
  -24.6399981963248       1.494532043589119E-051
  -24.5991869374122       1.625957313605734E-068
  -24.5991869374122       2.393525376949607E-067
  -24.5458199277791       4.998557619349581E-060
  -24.5458199277617       7.215207987117891E-060
  -24.5020318284912       8.803769289244431E-052
  -23.7873989868356       4.579344557394121E-064
  -23.7873989861573       9.332228777281518E-060
  -23.7354017522897       6.690507628001439E-053
  -23.4010551483112       9.306323676587235E-052
  -23.3879339518368       2.019463405022340E-059
  -23.3879339478294       1.818271930605578E-063
  -22.5105889071768       3.154254680913876E-052
  -24.7069457776085       6.153325834212726E-057
  -24.7069457744550       5.918235451330330E-065
  -24.6924547874279       4.288486137886545E-072
  -24.6399981321122       5.513625378740153E-050
  -24.5991868731545       6.740402753602282E-065
  -24.5991868731534       1.401641849276654E-075
  -24.5458198515665       4.968074683491776E-056
  -24.5458198481547       9.351195018861627E-065
  -24.5020317652350       6.867477751293907E-050
  -23.7873989239821       9.825440174743120E-061
  -23.7873989171999       7.157171390792665E-064
  -23.7354016683663       5.139927502606925E-053
  -23.4010550910212       1.189031283714903E-051
  -23.3879338833737       1.186434538821740E-060
  -23.3879338586689       3.917288902761814E-058
  -22.5105888315884       6.010548416362481E-059
  -24.7069456454994       2.113497962308513E-054
  -24.7069456424443       7.918832179476878E-062
  -24.6924546538906       1.097188037463747E-068
  -24.6399980014119       1.053698382647646E-043
  -24.5991867402364       3.134786771099562E-067
  -24.5991867402353       1.086210946587443E-058
  -24.5458197206865       1.815184643473315E-053
  -24.5458197172889       7.024678221890066E-062
  -24.5020316333126       1.320584166786817E-043
  -23.7873988032776       1.010387634206378E-060
  -23.7873987971749       7.143000295402977E-067
  -23.7354015522030       1.001424973970836E-046
  -23.4010549650933       2.274840146773893E-045
  -23.3879337513007       1.351306585257801E-064
  -23.3879337306025       2.290230310409465E-058
  -22.5105887069952       1.094274155146769E-052
  -22.3997580674717       1.636265420518403E-045
  -22.3904429757370       9.830300297730828E-047
  -22.3683293718004       1.101985699102517E-044
  -22.3608343125764       1.302114148656168E-004
  -22.3108479869009       2.261366898105556E-008
  -22.3089788957974       7.659535255245898E-045
  -22.2877626172391       4.687144388541028E-047
  -22.2783018010283       2.237314525773006E-045
  -22.2153177487616       1.268074767937367E-004
  -21.4686549929186       1.069835903958004E-088
  -21.4622880081179       5.289815101478422E-095
  -21.4388586838930       1.082269308848103E-084
  -21.1317851231471       2.266692285475407E-082
  -21.1076042061630       4.951751846639601E-090
  -21.1010915001005       4.851407434107803E-085
  -20.2320723429481       3.334321772829498E-014
  -22.4012264807029       2.393063697820567E-045
  -22.3934352945720       4.044246396300951E-046
  -22.3571144376583       9.399821623473123E-043
  -22.3548310167734       1.133900907354160E-005
  -22.3212925038936       1.698688664976828E-042
  -22.3193814376935       8.210915879893385E-007
  -22.2840744042964       2.311191589918893E-046
  -22.2764289464907       2.978846328368330E-044
  -22.2127870425715       6.057701024861015E-006
  -21.4782321758509       8.115232042899070E-086
  -21.4475058990958       2.128596342181761E-093
  -21.4433738871204       1.189225704944874E-086
  -21.1270673827603       3.880904943062570E-085
  -21.1227896392455       3.166667026127899E-091
  -21.0913118399891       1.448503861011173E-087
  -20.2320717013795       1.790801960191696E-015
  -22.3978370006712       1.634618488556710E-047
  -22.3978365757119       9.491808764638704E-045
  -22.3544084927818       2.893552250897048E-024
  -22.3544084927754       3.521400588247251E-014
  -22.3240037657538       4.771748319415807E-044
  -22.3199404852430       2.883755248485991E-015
  -22.2797417100840       1.305790619845665E-044
  -22.2797412930343       3.616252618392435E-048
  -22.2126489442770       1.794438781855940E-014
  -21.4785484166907       1.490701577959176E-091
  -21.4452614558217       9.747723439009992E-082
  -21.4452612319426       8.859565207528912E-082
  -21.1251093000065       2.888682845798419E-083
  -21.1251090673946       6.752768499411535E-083
  -21.0909881493919       8.882230440323201E-090
  -20.2320711581036       5.334834267702967E-024
  -22.3978373324977       3.369243681080404E-045
  -22.3978362230994       1.617337183929296E-048
  -22.3544084825494       4.919963585746053E-025
  -22.3544084824978       2.400019022087858E-013
  -22.3240037554416       2.337197543534126E-042
  -22.3199404745895       1.965624788924654E-014
  -22.2797420355989       8.929631126651843E-048
  -22.2797409468920       1.430068678858611E-044
  -22.2126489341357       1.222972554859028E-013
  -21.4785484053779       3.178469697485012E-104
  -21.4452616234047       4.093079635060525E-082
  -21.4452610391387       2.876446231313093E-082
  -21.1251094774768       4.509911609475320E-085
  -21.1251088720610       5.970532868774349E-085
  -21.0909881341809       3.259088442992407E-101
  -20.2320711463609       3.638843454917697E-023
  -22.3978373602537       3.896516310993655E-045
  -22.3978360570919       5.663430084839460E-051
  -22.3544084185200       2.478299974704000E-029
  -22.3544084184502       3.311633881303404E-013
  -22.3240036898969       8.607101475441369E-046
  -22.3199404049577       2.712190054167537E-014
  -22.2797420607294       2.622505258179501E-050
  -22.2797407818621       1.470405593861624E-044
  -22.2126488654713       1.687487408926197E-013
  -21.4785483396869       3.359342141370193E-094
  -21.4452615995158       1.393586214451603E-087
  -21.4452609132363       1.197098315244101E-087
  -21.1251094695457       2.287504944960813E-086
  -21.1251087589611       2.612069855515901E-086
  -21.0909880427442       2.164815417139418E-092
  -20.2320710723378       5.022226371559264E-023
  -18.9917071589966       1.778475020580331E-059
  -18.9917071135889       7.222473903193093E-063
  -18.9917071134485       6.388712265196507E-062
  -18.9264664580792       9.414592899031980E-029
  -18.9264664524516       6.644965283235913E-044
  -18.9264664171511       1.308098736593071E-044
  -18.9264663811732       6.583616791825990E-045
  -18.9264663757715       8.457559654320014E-030
  -18.8148135984328       2.435282500628788E-003
  -18.0532962114917       2.652068985071794E-085
  -18.0532962070226       3.625150467921397E-078
  -18.0532961741321       5.514895020264456E-076
  -17.6903344788485       1.062019409365544E-081
  -17.6903344353274       1.764533939215583E-087
  -17.6903343836956       3.556319610092169E-076
  -16.7910434935205       2.668270255901310E-008
  -17.8335182015967       7.590878247383129E-057
  -17.8335181979461       8.400792094871574E-065
  -17.7967920623495       1.493554799810295E-064
  -17.7918143306436       9.718587469742532E-044
  -17.7043335312276       4.968185495829735E-068
  -17.7043335312266       7.250977896214006E-059
  -17.6978579385558       1.592944664390951E-055
  -17.6978579349583       1.475790258667819E-065
  -17.6137347925080       1.035395203453216E-043
  -16.8902735869708       1.739789817718020E-060
  -16.8902735813898       7.184053103316215E-066
  -16.8750193203912       1.699595648919200E-044
  -16.5374557138910       2.006076882354932E-044
  -16.4919509103505       3.113608171108015E-066
  -16.4919508893787       2.544597115795217E-060
  -15.6142651124188       1.850386151089186E-051
  -17.8335181584894       4.340601578877274E-058
  -17.8335181549068       1.329799046632816E-068
  -17.7967920182057       5.722371077942592E-071
  -17.7918142879311       5.814959848870518E-049
  -17.7043334878183       3.928616674726856E-064
  -17.7043334878172       5.825311863434312E-073
  -17.6978578929757       1.322325726846622E-057
  -17.6978578894873       1.811771386242363E-067
  -17.6137347490671       6.293937846334697E-049
  -16.8902735530354       2.110701177290820E-060
  -16.8902735466174       4.968487321282805E-063
  -16.8750192885466       1.006805901615871E-049
  -16.5374556676813       1.188489029952865E-049
  -16.4919508744539       5.120749812623067E-064
  -16.4919508496074       1.832661995763197E-061
  -15.6142650751366       1.374307588833036E-056
  -17.8335181224265       6.973461295108383E-061
  -17.8335181223608       8.295420091643519E-062
  -17.7967919900104       4.288264925838740E-060
  -17.7918142491355       8.062328283302550E-053
  -17.7043334594179       1.092231235374488E-069
  -17.7043334594179       1.112113490930804E-069
  -17.6978578526935       1.357101193356648E-060
  -17.6978578525848       3.091197431045891E-061
  -17.6137347176623       4.310608296273144E-052
  -16.8902735186460       1.282170745927659E-066
  -16.8902735178109       2.588656180422861E-062
  -16.8750192614723       2.227391937172093E-053
  -16.5374556160933       2.012500036269526E-053
  -16.4919508454205       7.038496466264004E-064
  -16.4919508415450       5.689862052010487E-068
  -15.6142650489123       4.101757334277275E-060
  -14.5363292671541       1.017850899132047E-046
  -14.5363286855134       8.046832548727392E-045
  -14.5097484741514       2.353343950816019E-033
  -14.5097484741173       1.210206665488870E-013
  -14.5028504503062       5.686997403599955E-049
  -14.4649012639763       2.348428471736461E-014
  -14.4313455698505       1.193564013762489E-048
  -14.4313454892383       2.885006936617807E-047
  -14.3446201236961       3.788523862139045E-014
  -13.6156352214128       5.479412846918576E-093
  -13.6117027114354       7.503356855100710E-084
  -13.6117026833098       7.169801315159673E-084
  -13.2656423997964       1.918380882942078E-088
  -13.2656419268660       1.589160409750769E-088
  -13.2167852109616       1.200534962034099E-096
  -12.3587513036114       1.093092206612132E-022
  -14.5363294841999       4.246149411493388E-048
  -14.5363283373959       6.216734982975089E-045
  -14.5097484035486       6.038838621307066E-026
  -14.5097484034148       4.704575944479412E-013
  -14.5028503778840       8.219105248451273E-043
  -14.4649011984026       9.129516859309218E-014
  -14.4313455429610       3.502753036353191E-047
  -14.4313453839896       4.640636169994625E-048
  -14.3446200585513       1.472761855590182E-013
  -13.6156351486911       2.833491823730408E-094
  -13.6117026597913       1.024751896844704E-084
  -13.6117026039893       3.080200927444283E-086
  -13.2656425549508       7.331346010014408E-084
  -13.2656416221953       2.588767708743993E-083
  -13.2167851670782       7.713446373107875E-095
  -12.3587512416033       4.248288764737253E-022
  -14.5363294735117       1.817691976070836E-044
  -14.5363283103348       9.644916173187371E-048
  -14.5097483847901       4.946316310895138E-026
  -14.5097483846546       4.839787704390091E-013
  -14.5028503586599       1.005844122221769E-043
  -14.4649011799899       9.392280626761354E-014
  -14.4313455250148       1.474524659236999E-047
  -14.4313453637897       8.811170058505182E-046
  -14.3446200392873       1.515078154272882E-013
  -13.6156351257117       3.102170298883081E-086
  -13.6117026374292       1.324898138494481E-081
  -13.6117025809094       9.237982812510871E-082
  -13.2656425411032       7.558176686905723E-087
  -13.2656415951340       5.680451231201231E-087
  -13.2167851517364       7.674429664947248E-087
  -12.3587512226273       4.372486078606574E-022
  -14.5484811391532       2.477855983246705E-045
  -14.5384051988933       1.332201956372666E-043
  -14.5207833371906       2.190482269481837E-004
  -14.5131964099983       1.060668978383039E-045
  -14.4666845486277       1.686435766909632E-044
  -14.4479120835872       1.990693137261836E-006
  -14.4410543516004       1.362982064519304E-047
  -14.4401194708931       1.385484592325767E-043
  -14.3505700790909       1.792931945779977E-004
  -13.6141783007870       1.095641272779511E-086
  -13.6131300287052       9.184248304856009E-080
  -13.6120279818500       3.501755412860866E-080
  -13.2776340344593       1.322447933035914E-083
  -13.2443862215097       1.539189892690914E-083
  -13.2257467732408       5.740515646744626E-089
  -12.3587511394032       4.080695625855314E-013
  -14.5444265168426       7.527573409792260E-046
  -14.5256575158284       3.780653515915979E-044
  -14.5229105721283       2.658085661933077E-045
  -14.5134332118024       9.479028758153362E-005
  -14.4881323157080       1.844791757510556E-045
  -14.4596634472819       1.077917247585392E-005
  -14.4345463489899       1.227632819133654E-045
  -14.4322665527409       2.840505943499894E-045
  -14.3461688808032       4.164396433983884E-005
  -13.6153100014293       8.320794025802016E-082
  -13.6123265722487       1.755823403688227E-086
  -13.6114831783992       1.454926527536411E-074
  -13.2724835169479       6.363150145299520E-092
  -13.2568376978892       1.337606307562320E-080
  -13.2186610679637       5.162159988862100E-086
  -12.3587502251285       1.132761213002916E-013
  -9.05101926162265       6.220963524284860E-059
  -9.05101923441443       4.732689684947634E-062
  -9.05101922116293       3.170660958838749E-059
  -8.97974343263318       2.246434821602597E-029
  -8.97974343175236       7.678090227817526E-044
  -8.97974338477291       2.078629390936579E-044
  -8.97974337089672       9.496669148477384E-045
  -8.97974335898148       2.934885520246970E-029
  -8.86790308954219       2.103943770173767E-003
  -8.11452902495239       6.856417619927335E-077
  -8.11452900032087       4.760285942251941E-088
  -8.11452897502640       2.060200150839651E-082
  -7.74160479405076       7.015244988670167E-087
  -7.74160476065174       8.925750630711107E-073
  -7.74160473449579       1.331845758306112E-079
  -6.83953302525514       4.934154000573900E-008
  -5.06521859512936       2.072131827036628E-054
  -5.06521859158136       4.631766626154425E-065
  -5.04837309993577       1.085428587538089E-046
  -5.00731977224600       2.047845168869858E-071
  -4.95482642315599       3.285033628069801E-056
  -4.95482641956387       5.924755541228803E-065
  -4.91286086952252       7.256455000199007E-062
  -4.91286086952142       3.480769443912282E-074
  -4.82574308643763       1.651361320879068E-046
  -4.11885793969993       2.996318944941777E-049
  -4.09549303663054       1.804622709206303E-062
  -4.09549303020949       8.732504860416055E-064
  -3.77288317814848       3.404557908571110E-048
  -3.69638372146942       2.413117319176186E-063
  -3.69638369655410       4.409386424378327E-062
  -2.81567521320710       3.211422874187001E-054
  -5.06521859915215       3.958517797046893E-051
  -5.06521859542000       2.557645729423171E-060
  -5.04837310332027       2.951514051975477E-041
  -5.00731977648147       2.598546835986433E-064
  -4.95482642678337       5.109029747997507E-053
  -4.95482642296231       1.087203221919053E-060
  -4.91286087396674       1.585319698061396E-071
  -4.91286087396563       2.548034281817437E-056
  -4.82574309118007       4.455427317244765E-041
  -4.11885794733354       8.097373878518879E-044
  -4.09549304458140       1.330688854864031E-058
  -4.09549303911069       9.587246527252689E-062
  -3.77288318514842       9.197952312039723E-043
  -3.69638372222892       1.934609008494486E-061
  -3.69638370105904       4.174004042244115E-058
  -2.81567521740302       6.401832131276796E-049
  -5.06521856520838       2.265470464818531E-059
  -5.06521856502331       1.263398530068063E-058
  -5.04837306941673       2.610213130149998E-049
  -5.00731974942602       7.770013980982390E-060
  -4.95482639406589       2.091285678008908E-058
  -4.95482639383734       1.483899151867752E-058
  -4.91286084682912       2.006663867335370E-068
  -4.91286084682911       2.163935843409333E-068
  -4.82574306111235       3.410539625295521E-049
  -4.11885792281286       6.150527307001693E-052
  -4.09549300846516       6.054066545542828E-067
  -4.09549300751292       4.249514283114991E-063
  -3.77288313561804       6.754486132538343E-051
  -3.69638369925616       6.700182275595764E-066
  -3.69638369550290       4.577504165782834E-071
  -2.81567519518485       5.821719516760490E-057
  -1.19165553482347       6.248334114232731E-049
  -1.19052363291886       7.804956678097884E-044
  -1.17455005252012       1.854283250189364E-004
  -1.16055982550035       3.783818864547812E-045
  -1.14760870420837       7.786041085889954E-045
  -1.09548946052841       2.056186100366109E-005
  -1.09239239404761       2.645997025025670E-042
  -1.07589834344333       2.837921420657083E-045
 -0.977457700839132       8.251390502602338E-005
 -0.278372768934368       3.536942787376994E-080
 -0.263751808973204       4.184162189275809E-065
 -0.248827612705632       1.302615739040946E-073
  8.494110604925709E-002  3.300670700084834E-077
  0.116778012253704       3.113966427855975E-064
  0.158202016694275       4.005693167623758E-074
   1.02276241927964       1.030568357033131E-012
  -1.19402337928250       4.181806724086095E-044
  -1.19306202128509       6.581858262863268E-044
  -1.17784943790810       2.209638691891217E-004
  -1.15747805570572       9.897451306418841E-048
  -1.14194306922743       3.593533113905482E-044
  -1.09644653424835       2.007188130735802E-046
  -1.08977766314553       1.345843350624304E-005
  -1.07568224974893       1.437899401566793E-046
 -0.979868086822854       1.253827353643227E-004
 -0.279498573305261       6.130178279691572E-087
 -0.261855170610687       1.041414287567393E-080
 -0.249624725911090       1.385639492829078E-093
  8.277113599867647E-002  1.646244690540889E-085
  0.121475994740152       3.567550946833066E-080
  0.155703434874169       1.144651553773756E-092
   1.02276248341151       1.440502116082973E-012
  -1.18188246696044       5.630570899407516E-044
  -1.17621548872895       3.659295095007899E-048
  -1.17621243205051       2.954117786101726E-044
  -1.16377393436342       3.811269700021182E-012
  -1.16377393397381       8.820468769808175E-028
  -1.11172501929906       1.197477063103364E-012
  -1.08027326710143       5.821943660757428E-053
  -1.08027175346188       1.093384093508658E-044
 -0.971994882713929       7.362653423409379E-013
 -0.271787708176404       6.343385892802538E-080
 -0.271786255628548       6.207168694697568E-080
 -0.247303540872188       4.381761513117721E-088
  9.838812687009835E-002  1.678353255577537E-079
  9.839124471476879E-002  1.720430119405775E-079
  0.163076167740172       1.113721926398810E-086
   1.02276509671049       1.093631984436590E-020
  -1.18188245692997       1.442949916811618E-044
  -1.17621489642878       1.060338086493631E-044
  -1.17621300557677       1.978573826990349E-049
  -1.16377392462489       1.458412049753140E-012
  -1.16377392447725       9.692060375313537E-028
  -1.11172500942220       4.582310337041489E-013
  -1.08027296901351       3.504876734840487E-045
  -1.08027203267278       2.275552814489223E-048
 -0.971994873901991       2.817329621308510E-013
 -0.271787416624932       1.490779038323812E-081
 -0.271786518063330       2.255094606671731E-081
 -0.247303528254356       5.594922912825309E-099
  9.838873042092899E-002  3.568309511876004E-084
  9.839065922196255E-002  6.312183677805604E-084
  0.163076182827737       5.033009844372278E-096
   1.02276510952422       4.187229487135467E-021
  -1.18188243776267       6.716486657159858E-046
  -1.17621418357680       3.387961634430116E-047
  -1.17621367055273       1.973883978801993E-044
  -1.16377390634738       1.073632227663711E-013
  -1.16377390633643       5.917920156349001E-028
  -1.11172498654176       3.373170384132232E-014
  -1.08027260368713       7.631118796737079E-047
  -1.08027234964616       7.248168429022987E-045
 -0.971994849257179       2.074050028203151E-014
 -0.271787059550888       1.991056898513406E-086
 -0.271786815763029       1.729729500942603E-086
 -0.247303507313859       2.063328293978844E-095
  9.838944783193426E-002  3.644038155725960E-087
  9.838997112483838E-002  3.031674946982104E-087
  0.163076229253029       1.509699424641965E-093
   1.02276513804037       3.081235830613986E-022
   7.06502463520145       3.086295749680882E-059
   7.06502464239452       3.612666816562886E-058
   7.06502466553510       1.365439823853518E-057
   7.14395749181097       3.603275363756595E-030
   7.14395749474387       9.147759312250732E-045
   7.14395752313148       7.545450198301827E-045
   7.14395754522765       1.022488147549452E-045
   7.14395755025772       8.488925173059355E-029
   7.25615779417625       1.577760815049354E-003
   8.00381434582438       4.036098409661071E-075
   8.00381435903584       1.696147186091447E-068
   8.00381437407989       3.481354789221811E-082
   8.38668249021367       5.820573165416256E-075
   8.38668253359625       2.129995482506510E-066
   8.38668254598998       1.252165607118938E-079
   9.29342584019709       8.915608619723558E-008
   18.2349855196020       1.700680492699615E-051
   18.2349855200411       4.291611094974526E-049
   18.2371619839503       1.913142600745298E-025
   18.3096560730854       5.358121863180050E-059
   18.3297736508881       1.064234315283067E-051
   18.3297736512465       1.586378059415320E-050
   18.4080986037827       6.312006788584185E-042
   18.4080986037828       1.226602180287983E-047
   18.4941143478884       1.913909845644519E-025
   19.1785650334093       3.572129697327343E-055
   19.2335154479122       6.696435575446022E-066
   19.2335154490885       4.589437612505310E-062
   19.5379882621645       1.547948566773255E-053
   19.6360333415061       3.515052590718199E-064
   19.6360333450994       3.818271472508023E-069
   20.5268728772003       7.693366564876566E-033
   18.2349855525912       6.441058532457293E-055
   18.2349855562698       3.655118335768845E-063
   18.2371620151111       9.317906849780233E-047
   18.3096561139943       5.386819305577890E-070
   18.3297736838296       2.434761743430622E-057
   18.3297736874910       7.423048169425441E-067
   18.4080986445011       5.643580915162942E-062
   18.4080986445021       5.305518945740610E-072
   18.4941143857795       1.421366207423188E-046
   19.1785650753809       9.163148213961441E-051
   19.2335154801326       2.357990962310958E-063
   19.2335154864386       9.120336610946154E-066
   19.5379882799340       5.360327069729537E-048
   19.6360333803975       6.507537332107880E-064
   19.6360334054006       3.256371576257177E-064
   20.5268729186142       5.391059463378097E-055
   18.2349855604242       5.691656284790043E-051
   18.2349855645382       6.747939698459871E-060
   18.2371620239878       1.053970077382543E-043
   18.3096561214505       2.412012528294854E-063
   18.3297736917288       3.730614237606162E-053
   18.3297736957458       4.685673643087535E-062
   18.4080986520506       4.850042952549707E-067
   18.4080986520516       1.153098963891744E-058
   18.4941143930565       1.647056630290391E-043
   19.1785650831439       1.038858815927138E-047
   19.2335154870928       1.534285036401310E-060
   19.2335154922258       1.358799016515260E-065
   19.5379882851139       6.081084874096951E-045
   19.6360333924634       2.083250202624862E-064
   19.6360334138703       3.590052273045565E-058
   20.5268729278620       7.121527859149050E-051
   22.7273915624184       4.523257012577081E-046
   22.7607349044296       9.096563682107015E-044
   22.7607374619861       2.531021033630890E-045
   22.7652010799075       1.977949425114422E-012
   22.7652010800845       7.305463472138106E-026
   22.8214685962743       7.700435610804899E-013
   22.8538535797853       5.084611713794453E-042
   22.8538557084910       9.869795310958327E-043
   22.9786151441574       2.798468013516265E-013
   23.6668689214896       2.363205063922920E-079
   23.6668707500240       2.351181287883367E-079
   23.7121071466805       7.184991793236131E-091
   24.0544522126290       2.532122643691211E-076
   24.0544550704370       2.624957304714621E-076
   24.1312145081699       1.275040037596860E-088
   25.0047596258745       1.749408840797103E-020
   22.7273915577773       3.149592983674749E-047
   22.7607130774903       5.689688095107440E-042
   22.7607592886629       3.699382754385539E-043
   22.7652010444681       6.457431505940605E-010
   22.7652011019005       6.997720931378101E-029
   22.8214686478416       2.513954024023731E-010
   22.8538354072852       6.966169854877599E-042
   22.8538738697525       2.335919516068672E-042
   22.9786151310416       9.136321454381158E-011
   23.6668533187273       1.292929290563663E-079
   23.6668863574541       8.794576621546199E-079
   23.7121071399676       8.326449571217446E-098
   24.0544278286265       1.087952653992459E-081
   24.0544794635447       4.018182714656736E-081
   24.1312145036598       2.470662626055161E-094
   25.0047596276786       5.708027174798930E-018
   22.7273915647217       3.533699996153841E-047
   22.7607356477439       6.660278569924791E-042
   22.7607367348695       7.390571718614850E-043
   22.7652010825478       3.573727621446800E-013
   22.7652010825796       1.123565780598188E-027
   22.8214686035249       1.391319113190097E-013
   22.8538541998016       4.981843983172233E-043
   22.8538551046377       1.188195069197415E-042
   22.9786151529600       5.056242547197838E-014
   23.6668694556237       2.694048821313054E-082
   23.6668702328675       3.163530803294319E-082
   23.7121071462674       3.313803276488539E-094
   24.0544530303750       7.847893945687321E-085
   24.0544542450978       9.063623763832437E-085
   24.1312145416888       1.231494759151757E-090
   25.0047596366273       3.159725012894044E-021
   22.7268533882748       4.976247286237900E-050
   22.7533493456257       1.527010412496548E-044
   22.7618158638646       5.100881832114009E-005
   22.7672289085009       1.050805041559447E-042
   22.7679281933540       6.328145375086982E-046
   22.8261759540650       1.669110589741592E-005
   22.8470873555972       4.507905278781170E-045
   22.8593320060656       1.043508660296897E-045
   22.9772957930407       9.347322079053483E-006
   23.6619002264272       4.596572858984445E-072
   23.6723601077941       4.616791893501592E-063
   23.7115825750982       8.837591678229503E-077
   24.0467571368540       1.377024293383786E-071
   24.0631207650412       8.003414886491699E-063
   24.1302526940414       1.967801203085979E-077
   25.0047601032056       5.640703378559508E-013
   22.7258744291803       7.015783660719437E-048
   22.7319058078915       8.110173970541807E-044
   22.7395821655912       2.118382509229712E-004
   22.7849272945994       6.226010941488081E-051
   22.7947194617875       7.698781386148376E-045
   22.8155115648033       1.099499285446429E-044
   22.8655801673813       9.432208509815986E-007
   22.8688445588399       3.916823430859221E-045
   22.9601307971009       1.845791799948169E-004
   23.6513164354165       9.430429048138744E-083
   23.6923414058345       8.522362638291521E-070
   23.7021206777871       8.853955061946950E-081
   24.0308318938353       1.389210434390218E-079
   24.0961614123047       1.328304809356524E-065
   24.1132056107218       1.027306762890800E-072
   25.0047571977156       6.470131077409350E-012
   32.6777724341906       5.447578718205316E-059
   32.6777724360050       2.304081200117370E-062
   32.6777724502404       6.857419905671010E-057
   32.7641074424187       6.590597586030468E-031
   32.7641074474493       3.546374862286966E-046
   32.7641074510890       3.419508190513168E-046
   32.7641074693317       2.723814774232631E-043
   32.7641074694946       6.356367316187557E-031
   32.8769488355744       1.014839922119510E-003
   33.6241836240398       2.415287863865843E-085
   33.6241836287638       1.041721876886037E-072
   33.6241836404732       4.618374458976751E-080
   34.0154206032853       1.437167007946973E-085
   34.0154206215697       1.782164974730371E-077
   34.0154206391823       3.245975316302994E-073
   34.9302836433532       1.572364180936854E-007
   61.8763179963507       1.562645219952389E-053
   61.8763180006023       2.460918556860561E-062
   61.8839332513181       9.159781920083029E-047
   61.9552429508942       7.394454690113561E-064
   61.9674292557201       9.581997466809159E-055
   61.9674292599923       3.944950485119154E-065
   62.0594131192823       1.187951003325377E-066
   62.0594131192834       1.279257763016658E-061
   62.1466520427009       1.426689079098013E-046
   62.8346121426362       1.279377270187369E-052
   62.9035953298671       1.702253408792615E-058
   62.9035953348397       1.411460062821537E-064
   63.2086021132961       5.597430906811339E-048
   63.3105277338888       2.426789980416699E-064
   63.3105277555280       6.023600428187887E-058
   64.2226737876986       1.487233438547775E-053
   61.8763180100451       9.803203399799685E-054
   61.8763180138132       6.659179919136213E-063
   61.8839332636507       4.226101338505497E-046
   61.9552429651964       2.068727059880112E-063
   61.9674292695584       1.550857387609052E-054
   61.9674292732801       1.501895416492676E-061
   62.0594131335956       3.286970218249971E-061
   62.0594131335966       1.203029236148633E-065
   62.1466520571447       6.577768221932004E-046
   62.8346121508515       5.698386960381354E-052
   62.9035953395454       3.979124820182814E-060
   62.9035953457647       4.273833252235401E-061
   63.2086021281629       2.583142316631942E-047
   63.3105277417347       7.568121217008075E-061
   63.3105277668008       1.036434130341462E-058
   64.2226737968369       6.107374494734511E-053
   61.8763180203110       4.013104877146156E-056
   61.8763180207970       1.017229654968170E-056
   61.8839332760531       2.238781841759472E-049
   61.9552429672206       4.505712828681465E-060
   61.9674292796366       1.100873897969875E-057
   61.9674292801888       4.934916724848891E-060
   62.0594131356639       1.594648422894075E-064
   62.0594131356639       6.132623537715628E-073
   62.1466520620161       6.203850636884938E-049
   62.8346121487038       5.148055021403752E-055
   62.9035953473871       7.328695059728113E-063
   62.9035953486366       5.448830471276956E-059
   63.2086021537511       2.018975237333907E-050
   63.3105277453986       2.652414520091055E-059
   63.3105277488247       1.992709802771422E-061
   64.2226737979028       3.465392878169344E-055
   72.3664933187969       5.961912620972873E-050
   72.4068216629644       2.765902011039767E-046
   72.4223269077685       3.569189377784845E-041
   72.4232414492733       2.465020879089581E-005
   72.4287916409779       3.394594690485659E-043
   72.4897228755719       7.641152058314525E-006
   72.5017183367984       5.237941663074150E-046
   72.5180523143038       2.220772111107530E-044
   72.6411788497075       4.846593337476707E-006
   73.3386412757172       9.931535878056133E-100
   73.3520548438616       1.493245714921663E-092
   73.3986655586904       3.983205160227820E-090
   73.7396013529334       4.281096737118226E-097
   73.7580270038843       1.262460305046683E-089
   73.8246713404009       1.005013297352633E-085
   74.7292837159303       6.625831504281764E-013
   72.3732717792473       3.465508681423084E-050
   72.3840095191846       1.564862016270734E-045
   72.4019916378172       8.911141802191086E-005
   72.4367127003630       1.453526476597351E-050
   72.4491519239367       5.697712278505261E-044
   72.4702557157829       1.711782861391605E-044
   72.5272856321118       5.329361307805446E-007
   72.5308064623274       6.212669630756908E-047
   72.6248709487878       7.590480355936894E-005
   73.3270936541939       8.012027478168342E-057
   73.3746002862739       4.772105079098535E-071
   73.3876468676872       8.672504929704183E-074
   73.7240116485436       1.333533055014447E-052
   73.7897589328295       1.771695134464753E-064
   73.8085538864139       2.985407209909776E-064
   74.7292812789500       6.248778017724510E-012
   72.3661311349800       7.306459149026686E-044
   72.4147653940435       1.828249104617135E-042
   72.4149614049464       7.045545956645388E-042
   72.4272143175594       5.155954004066104E-009
   72.4272152673629       2.650928497007634E-032
   72.4841746380456       1.969803659988224E-009
   72.5104648609427       7.207217310425382E-040
   72.5106701449145       4.608680809066355E-040
   72.6427558638131       7.525637665733641E-010
   73.3448733889070       3.058652096808129E-082
   73.3450425029992       3.613449999911913E-082
   73.3994505159125       5.831385317352963E-088
   73.7481195939972       1.879175118741156E-080
   73.7483517747784       2.213134538949208E-080
   73.8258276242216       5.188029625119802E-083
   74.7292847551299       1.075111194929630E-016
   72.3661310848933       1.415188222939426E-047
   72.4148610907408       7.055310536373513E-042
   72.4148657959327       2.470498378159436E-042
   72.4272150227033       2.971168887733117E-012
   72.4272150232496       5.462031955528488E-026
   72.4841736880308       1.135129585195007E-012
   72.5105651449227       5.004933515265167E-040
   72.5105700727099       6.457733646776481E-040
   72.6427561113477       4.337018833887316E-013
   73.3449558516654       3.536146627728300E-084
   73.3449599112017       7.330857063966163E-084
   73.3994506431099       1.444190190979222E-091
   73.7482328167529       4.787049082182024E-082
   73.7482383902558       3.486884314619753E-082
   73.8258277834102       1.860927307723906E-085
   74.7292847528122       6.149260664202576E-020
   72.3661311264685       1.044893651059835E-042
   72.4147819464386       5.701506033113662E-048
   72.4149448864002       3.936604953880521E-046
   72.4272145425203       3.562957871609249E-009
   72.4272151988633       1.972477631873870E-029
   72.4841743479606       1.361223994480731E-009
   72.5104822148225       1.889943207273273E-046
   72.5106528632538       1.070048563351667E-044
   72.6427559434998       5.200380227120983E-010
   73.3448876345822       2.401941623285445E-085
   73.3450282157582       2.405384434385691E-085
   73.3994505615482       4.572878272643036E-089
   73.7481391670576       2.295571670140870E-083
   73.7483321742640       2.283882900408722E-083
   73.8258276571237       8.816070895844036E-086
   74.7292847539740       7.431658875003803E-017
   74.3738556148482       8.038312701501085E-059
   74.3738556553838       4.654115332426320E-056
   74.3738558818677       5.269749356467450E-056
   74.4674334610624       1.100967799712020E-025
   74.4674335496962       5.839513999685906E-046
   74.4674336040811       1.065434202611717E-045
   74.4674339178929       9.830402646745338E-041
   74.4674339200501       4.550735641441719E-029
   74.5812229414324       5.523137709654590E-004
   75.3334565930337       3.681220064504416E-087
   75.3334568149962       1.329988761223913E-076
   75.3334568446904       1.420212440065116E-071
   75.7318327857587       4.149184246367899E-085
   75.7318331008776       1.986370874824204E-075
   75.7318331774612       1.719334580233592E-070
   76.6588405349711       2.457749007087422E-007
   143.362911119650       8.280861412614706E-057
   143.362911123893       1.568983352082147E-056
   143.362911144520       3.235350153652960E-057
   143.463909540679       4.811050568738635E-032
   143.463909546770       4.275636286127615E-046
   143.463909552687       3.047801669127920E-044
   143.463909575886       1.067794917577264E-041
   143.463909576217       2.672458569389724E-031
   143.578713332790       2.281216482037306E-004
   144.336498536386       3.800861877566791E-081
   144.336498547593       1.726023008018030E-066
   144.336498561750       1.091610256464755E-074
   144.742645352042       3.692121838793968E-078
   144.742645377449       1.341268079433166E-069
   144.742645392803       1.979224777438300E-064
   145.683044216994       2.586301846003170E-007
   160.052846295815       4.664037121406407E-053
   160.052846299630       6.886858695768772E-060
   160.089951664731       1.302581663119713E-046
   160.120650493320       1.501391519444828E-061
   160.151233754746       9.066277433392873E-055
   160.151233758512       2.952025841676169E-060
   160.232537758478       1.528231195408239E-061
   160.232537758479       2.087743724765365E-063
   160.322565825843       1.918914910273430E-046
   161.026010510560       3.520055194434050E-055
   161.090012243991       2.024990098257163E-060
   161.090012250153       2.733900276813804E-059
   161.417144053450       5.931277211502859E-048
   161.502250504301       3.744629010289040E-059
   161.502250529399       3.150330391568864E-059
   162.431696118654       1.910354109061750E-053
   160.052846301603       1.613646994862608E-056
   160.052846306165       1.041921973325257E-063
   160.089951672209       3.248877993256259E-048
   160.120650498260       4.065090647985401E-062
   160.151233760537       2.588657944756211E-058
   160.151233765015       7.886548517233351E-063
   160.232537763454       4.344781435710105E-063
   160.232537763455       2.106857286660059E-062
   160.322565830664       4.570441598708063E-048
   161.026010517510       1.176235640586622E-056
   161.090012249427       1.138049430140497E-055
   161.090012254092       1.114674955167687E-062
   161.417144056434       1.145594752991627E-049
   161.502250513587       1.458882410141783E-062
   161.502250535423       3.969616018669367E-054
   162.431696125184       3.058607961013442E-053
   160.052846307792       2.514199380257663E-056
   160.052846308545       1.706782182074152E-056
   160.089951679191       8.615191700326796E-047
   160.120650496805       1.920456961361873E-060
   160.151233766673       3.914191830193431E-056
   160.151233767393       2.154600105476320E-056
   160.232537762053       5.437989314801887E-065
   160.232537762053       3.582382001916622E-065
   160.322565832359       8.846661884581843E-047
   161.026010513524       6.008037371933339E-053
   161.090012256208       2.818994870519738E-057
   161.090012257691       1.618967001503538E-051
   161.417144082586       9.722327946643850E-047
   161.502250511478       1.286085691303713E-051
   161.502250514691       1.205733578438715E-056
   162.431696124685       6.636881085129883E-047
   187.186902798188       1.389187645357827E-054
   187.209434835503       3.475352481973590E-049
   187.244285187451       2.225695541203762E-048
   187.256020140352       1.062688737351189E-005
   187.278483842084       3.962561567077330E-045
   187.310143636112       1.944268344978884E-045
   187.343790359985       4.110609692301784E-007
   187.351062352859       3.689689702248092E-045
   187.453747611114       6.862088806233321E-006
   188.171750767621       2.551477291768104E-087
   188.205152265923       4.816532523881838E-098
   188.228849317282       5.764802157824025E-092
   188.583092172491       8.309585307208807E-087
   188.625459734741       9.564621474824886E-093
   188.655954511511       4.275790843650020E-091
   189.591159072853       6.535412565074700E-013
   187.181487333480       7.540670806427419E-045
   187.229643755972       4.717731187782513E-046
   187.229667401192       8.277857201220126E-046
   187.269907424905       1.258045007613815E-011
   187.269907438509       2.989561055449600E-028
   187.322128573233       3.490678480117124E-012
   187.334790887600       5.610123058066135E-046
   187.334818144046       2.331414717909253E-043
   187.461522031402       2.819536537456091E-012
   188.185395445434       6.343374887301807E-090
   188.185417904021       6.389554766568304E-090
   188.234943422093       4.814698681409087E-095
   188.600311024905       4.653697492501263E-086
   188.600339467992       4.715037811106514E-086
   188.663853814219       6.695185619001329E-094
   189.591160694016       3.482650824950275E-019
   187.181487380492       3.830047612200413E-047
   187.229600377754       2.403342783594989E-047
   187.229710733484       1.079913849679719E-045
   187.269907217788       2.740263076611103E-010
   187.269907514077       4.777228123199719E-030
   187.322128861921       7.603247492904278E-011
   187.334740875621       8.574962312331541E-043
   187.334868085502       1.437389375716265E-041
   187.461521952979       6.141594524275059E-011
   188.185354293722       1.307166942816130E-082
   188.185459111261       3.884646412462995E-081
   188.234943369952       3.280982805893274E-096
   188.600258905995       5.297348197697872E-079
   188.600391654076       2.275025369165309E-079
   188.663853751721       6.495333480298930E-093
   189.591160696045       7.588359371855177E-018
   187.181487330039       9.249661058749970E-046
   187.229650604585       2.471059788025413E-051
   187.229660562652       1.019790484321578E-046
   187.269907431582       2.231312864155641E-012
   187.269907433995       2.039795879569531E-030
   187.322128565389       6.191185065766064E-013
   187.334798781860       1.650128858947532E-041
   187.334810260779       5.390661710699140E-043
   187.461522039012       5.000820226495811E-013
   188.185401950432       4.201068685752312E-084
   188.185411408756       3.592918677269944E-084
   188.234943420766       4.380052854209601E-091
   188.600319246644       5.113829676228570E-081
   188.600331225306       4.363344113358596E-081
   188.663853845453       2.982214787062427E-090
   189.591160698796       6.179342599302047E-020
   187.184096009553       8.095415239150405E-051
   187.215775537554       1.530668499932297E-049
   187.240829341868       1.694504982194547E-047
   187.261255654037       7.685395588463161E-006
   187.274099135649       3.851021823731359E-044
   187.318188696884       1.795166061746320E-045
   187.334929132547       8.734916599623094E-007
   187.347326739346       6.206096173167429E-047
   187.457374184065       3.379170055094155E-006
   188.174935851655       2.162999119748702E-091
   188.198836045021       2.563110571590766E-097
   188.231983300230       1.911539949913059E-087
   188.587100410591       2.938993175381100E-088
   188.617392067216       3.663970615842493E-093
   188.660013909387       1.223838339030024E-085
   189.591160088822       3.654585906253477E-013
   257.168074867287       1.474744801596687E-058
   257.168074869599       2.670777587465208E-056
   257.168074873647       1.239939170617576E-060
   257.276136872936       1.951156555685915E-032
   257.276136874358       3.206512683311053E-043
   257.276136875922       1.664601611687620E-046
   257.276136881466       1.151486941151003E-040
   257.276136881561       2.190826030797386E-033
   257.391579196681       7.290700397121071E-005
   258.151039390214       2.944487564500754E-065
   258.151039393167       3.045265896797855E-075
   258.151039397870       5.697257362711579E-070
   258.564116351647       1.000751086781478E-073
   258.564116353322       1.518946558661438E-066
   258.564116376212       2.717792507061002E-065
   259.513120579383       1.612180350566125E-007
   392.221258005920       8.609866055305369E-055
   392.221258007584       9.178186634576528E-057
   392.266077304920       7.840388922398767E-059
   392.300046335336       1.047898348212824E-047
   392.332889102356       9.625481615679723E-055
   392.332889103967       7.674387717185142E-055
   392.385299116777       6.187255049189802E-059
   392.385299116778       7.463859808862237E-059
   392.478224542769       1.565143544986244E-047
   393.173453412801       6.916027700332454E-053
   393.216987216484       1.034665235742741E-057
   393.216987216805       4.971567111877486E-054
   393.575874113081       2.565429723115684E-049
   393.629569613769       3.925923657331458E-060
   393.629569615916       4.336267149061285E-054
   394.534456283384       2.255798067880402E-054
   392.221258003781       1.398432249433337E-053
   392.221258007670       1.020685118093799E-056
   392.266077307256       8.132969107286420E-058
   392.300046332816       2.341788452742845E-044
   392.332889100249       1.716425924680510E-053
   392.332889104052       8.783648122048846E-055
   392.385299119078       1.295020286275047E-058
   392.385299119079       7.492926442577359E-058
   392.478224543228       3.176057333162320E-044
   393.173453418619       1.396051322798060E-049
   393.216987215469       2.562046171833504E-051
   393.216987218712       1.407908164141738E-055
   393.575874099507       6.153388788420093E-046
   393.629569614846       2.477951176365024E-056
   393.629569631586       8.052165541244071E-052
   394.534456285171       4.613608640713232E-052
   392.221258003966       2.343817386005986E-054
   392.221258007807       1.785041105165042E-060
   392.266077309999       3.894871923886716E-060
   392.300046331218       9.107928675129431E-046
   392.332889100473       4.063549865390408E-054
   392.332889104256       1.986229657211494E-059
   392.385299121768       1.147190197220255E-060
   392.385299121770       9.419001031740403E-066
   392.478224545224       1.232658950633530E-045
   393.173453417849       5.471754052567435E-051
   393.216987213931       8.154012861129411E-056
   393.216987219988       1.047212592483593E-055
   393.575874097964       2.362818835844548E-047
   393.629569612320       4.265957396534964E-056
   393.629569637333       4.759985872712507E-055
   394.534456285516       3.461549224746771E-053
   449.666702242975       2.007487939585022E-056
   449.666702251142       5.432274651434726E-056
   449.666702258360       3.639564005625246E-056
   449.780708676312       2.783705241666389E-034
   449.780708677277       9.742884538899264E-047
   449.780708687305       5.400715850488052E-045
   449.780708694790       9.881479952943013E-045
   449.780708696603       5.657461853702246E-032
   449.896226489618       1.875181722034994E-005
   450.649558845860       3.857118516306621E-063
   450.649558847933       5.982022353829118E-076
   450.649558863948       7.555809140418278E-073
   451.069712281888       1.291037153837585E-074
   451.069712295556       2.290050275743114E-066
   451.069712306806       6.812658200804088E-062
   452.019823117040       5.542488828073890E-008
   467.323835688436       2.757239106863036E-052
   467.345849957088       9.312297554004395E-052
   467.361995235085       3.425741649527599E-054
   467.427950244560       2.156383360883646E-007
   467.434019578407       1.219516383452153E-044
   467.460441257001       6.838134159347928E-045
   467.475856739873       8.971628003480900E-009
   467.478998335613       1.350620866846315E-046
   467.583513025931       1.366849194049974E-007
   468.290996097418       1.069726717703843E-092
   468.306823649727       8.029353513038076E-099
   468.328871147188       9.158469836284022E-082
   468.708181887822       2.180727880468824E-090
   468.727056695338       1.594383910809120E-097
   468.753445153266       8.866114959292334E-083
   469.663841289163       3.639329836621225E-015
   467.321886123081       1.856715799398953E-045
   467.354884424746       1.290664518860720E-045
   467.354916106334       3.867422736696510E-046
   467.431609644046       1.204796172570565E-012
   467.431609669909       2.005919580304319E-032
   467.470764820167       1.344626853056612E-013
   467.470903916977       4.683516845868899E-036
   467.470940249386       2.509721884792602E-036
   467.584945581128       5.344537849661725E-013
   468.297903509108       1.032974358481893E-085
   468.297934533146       6.693689991838070E-086
   468.330853210040       3.385009824652548E-089
   468.716411985124       5.243830149666138E-085
   468.716448975084       5.990575143214560E-085
   468.755822856628       5.379145779269318E-090
   469.663841546659       1.510478348747899E-020
   467.321886162314       9.621064672934393E-046
   467.354861773093       6.266319771120559E-045
   467.354938719872       2.510400964773754E-045
   467.431609564892       7.106842638819869E-012
   467.431609717455       2.737707260606542E-030
   467.470764930208       7.931551714538187E-013
   467.470877938843       1.005342420783912E-038
   467.470966181321       2.682496632931150E-039
   467.584945551567       3.152659478666388E-012
   468.297881360285       1.293320100829888E-087
   468.297956710027       1.294448642502342E-087
   468.330853179868       3.550552487459468E-095
   468.716385594140       4.139175752209691E-082
   468.716475433667       4.121117105183019E-082
   468.755822788733       1.080506788988290E-090
   469.663841546005       8.910413536806173E-020
   467.321888874504       6.502062120983124E-047
   467.354587857744       1.959342660198346E-045
   467.355209915590       4.039493567224051E-046
   467.431603109255       4.641531777717122E-010
   467.431613078252       1.612575588046612E-032
   467.470563695998       1.319115618965655E-036
   467.470773597317       5.173224559367658E-011
   467.471277073441       1.413624317240108E-037
   467.584943341699       2.060406312649293E-010
   468.297615842664       2.220136451707132E-088
   468.298224990602       4.643500298133141E-086
   468.330850419777       2.441388119068363E-097
   468.716069024844       9.703270753541379E-086
   468.716795312216       5.130327637754350E-083
   468.755819481565       2.070714458982717E-093
   469.663841546481       5.823498287091991E-018
   467.325888914571       4.956784852370125E-053
   467.341640847191       3.337531649775699E-051
   467.364147124102       1.178950962056147E-052
   467.425527538028       3.252002556152291E-007
   467.436544439227       6.260511434819575E-047
   467.455494928817       1.244003874829977E-046
   467.479448570302       4.088227246455932E-009
   467.481424504798       5.105107871507787E-047
   467.582344400143       2.564454359201629E-007
   468.288906289841       6.625109032516958E-090
   468.310995208407       3.934845928238384E-101
   468.326789636952       5.459865511205114E-095
   468.705694118002       7.653240472660948E-089
   468.732041044184       2.060657620131520E-104
   468.750949034634       3.568825640212199E-095
   469.663841261242       6.487866331905478E-015
   778.183573519882       3.333332346131947E-056
   778.183573523827       8.279048581752550E-056
   778.183573524616       4.575657565573300E-054
   778.302692355054       3.426797672818570E-035
   778.302692355086       8.225174514832642E-043
   778.302692358971       1.256856339686327E-048
   778.302692359721       2.415878082472550E-046
   778.302692360799       4.595499946619460E-035
   778.415879952605       4.406997520671636E-006
   779.136720188176       1.291757807747143E-070
   779.136720192701       9.324974629274991E-080
   779.136720194230       3.527898134538238E-073
   779.558840514025       1.329785568853735E-073
   779.558840517230       4.092701968495675E-080
   779.558840539266       6.723723981913256E-071
   780.478010165142       5.208931602917364E-009
   1958.82505745968       7.790098041913755E-055
   1958.82505746353       1.159009839950377E-060
   1958.82505746443       1.062702294000735E-059
   1958.94839297799       3.392370988979171E-036
   1958.94839297803       1.271729650980664E-043
   1958.94839298183       1.251509557825257E-048
   1958.94839298269       3.776324141440101E-047
   1958.94839298371       2.667692274838963E-036
   1959.05428931924       4.644725948871445E-007
   1959.69107530008       1.022935115076220E-064
   1959.69107530456       6.064098801392850E-074
   1959.69107530619       2.061138998768076E-067
   1960.11314006740       7.115871181249141E-068
   1960.11314007049       2.182871123007825E-074
   1960.11314009252       3.184488386413658E-065
   1960.94745408999       9.740542927637691E-010
