                  1360
  -30.1984462945830       1.295913576766079E-048
  -30.1984462757843       4.275387953033585E-053
  -30.1984462754027       6.430580834708757E-054
  -30.1071691784626       6.087984247698696E-018
  -30.1071691775570       7.277007953217913E-025
  -30.1071691688394       3.922158585778187E-030
  -30.1071691620276       7.090346213991058E-029
  -30.1071691604868       3.849161164696247E-018
  -29.9963744919416       2.483499382661736E-018
  -29.2735290704589       6.072069538631642E-079
  -29.2735290702090       3.390543554273130E-080
  -29.2735290603754       1.763883617547949E-077
  -28.8826041084159       1.092301470058173E-079
  -28.8826041049502       6.193546474345995E-078
  -28.8826040757786       3.402830469147143E-076
  -27.9933622539270       3.182376408502655E-023
  -30.0522339325812       3.418770528578055E-053
  -30.0227900083148       2.133927364881162E-046
  -30.0227900081107       8.261994190167195E-046
  -29.9399420083565       4.273859759364116E-052
  -29.9399420083565       6.059120593276485E-053
  -29.9380806613856       3.176351824906880E-054
  -29.9080536142400       2.549348656463317E-046
  -29.9080536141467       1.157587363797860E-045
  -29.8293105531950       3.033471487243748E-061
  -29.1541163123099       3.366692670752499E-058
  -29.1541163117264       3.596865972398863E-060
  -29.0991109425146       4.092541960928956E-037
  -28.7300188487510       1.834291355101785E-056
  -28.7300188446564       1.453716918594719E-055
  -28.7236918879256       2.244668718532598E-037
  -27.8526303537879       2.008235060938125E-062
  -30.0522339297017       6.320059244282177E-066
  -30.0227900089057       2.165497705066470E-038
  -30.0227900056893       8.789676001530895E-051
  -29.9399420068779       7.475140022623623E-053
  -29.9399420068769       1.210518117448423E-060
  -29.9380806615150       7.261361490337650E-052
  -29.9080536046628       3.028289607121416E-038
  -29.9080536013176       1.648282016253953E-054
  -29.8293105523837       2.113489634557142E-059
  -29.1541163261341       1.603083445867380E-059
  -29.1541163193688       1.779299637764039E-056
  -29.0991109350055       4.432494690004695E-036
  -28.7300188488095       1.788933230103646E-056
  -28.7300188241254       1.772939184239323E-056
  -28.7236919003867       2.482993762757676E-036
  -27.8526303517024       5.788053512792490E-067
  -30.0522339096955       7.968571209784924E-061
  -30.0227899904360       2.898170364379869E-035
  -30.0227899874219       7.944792792314224E-047
  -29.9399419861893       6.523638405752321E-054
  -29.9399419861883       6.141111454658331E-045
  -29.9380806434845       5.423159877108108E-044
  -29.9080535912538       3.415701345105161E-035
  -29.9080535880015       3.037688354259030E-047
  -29.8293105331249       1.322026983617528E-051
  -29.1541163070628       5.986677135335168E-058
  -29.1541163008821       1.757056673705265E-058
  -29.0991109209412       1.934326186688289E-037
  -28.7300188254193       6.777497106366831E-055
  -28.7300188048294       8.269786391033715E-056
  -28.7236918881132       3.769351920073747E-038
  -27.8526303336413       1.332566758927182E-058
  -29.3360241654530       1.002914101516717E-031
  -29.3357728408861       7.092994279656969E-033
  -29.3048665950857       1.068925331451934E-027
  -29.2623168824118       4.853041350267624E-004
  -29.2589676311494       4.107123329152736E-024
  -29.2452258363419       2.100104486283255E-008
  -29.2392536682887       2.171490856265796E-030
  -29.2356550104071       1.597777029592617E-029
  -29.1421282161841       7.378063092789066E-010
  -28.4525983121440       4.010622309834528E-078
  -28.4337136154811       8.182644797348734E-083
  -28.4266839226854       8.999553244684335E-080
  -28.0527069736231       4.532388720592306E-077
  -28.0490246109276       4.547969610953823E-078
  -28.0379848557468       7.761273082855612E-076
  -27.1734151748152       1.694622701788022E-017
  -29.3366755027919       6.091671097785743E-027
  -29.3366754925864       1.449694813924850E-027
  -29.3014884499088       7.018088350039323E-033
  -29.2620577621224       8.229798297445043E-008
  -29.2620577621221       6.818501186153543E-008
  -29.2455267681252       2.289801332917050E-016
  -29.2368210027158       2.523638244346175E-027
  -29.2368209284940       3.569261998089973E-025
  -29.1420860262638       4.325339140767538E-018
  -28.4533484579090       8.376358252726185E-087
  -28.4298135198755       6.072542015923880E-076
  -28.4298133845342       2.512085267888376E-075
  -28.0511069992568       1.971403355433877E-078
  -28.0511069244185       6.560867432861371E-078
  -28.0375222098620       4.800891547438191E-081
  -27.1734150432296       6.167884407850941E-026
  -29.3366754967289       7.187995710351150E-027
  -29.3366754902667       1.392288511125649E-028
  -29.3014884460377       2.231666687674704E-032
  -29.2620577578036       8.223997416757528E-010
  -29.2620577578022       2.706099947325525E-011
  -29.2455267641742       6.723021009376683E-017
  -29.2368209819915       2.898338904598982E-026
  -29.2368209413781       6.002905086980585E-025
  -29.1420860220553       1.270006850968103E-018
  -28.4533484563413       1.921748133383749E-084
  -28.4298134892172       9.695778515482040E-079
  -28.4298134153910       4.052434670597973E-078
  -28.0511069778329       8.920764674446526E-075
  -28.0511069340805       1.578773183344071E-075
  -28.0375222105470       1.159717376495300E-080
  -27.1734150400929       1.810892612969641E-026
  -29.3366754776863       2.480072556946348E-032
  -29.3366754724849       1.198136324266673E-034
  -29.3014884338944       4.216936093503246E-032
  -29.2620577444159       3.385776524377691E-005
  -29.2620577444155       7.475954096540038E-009
  -29.2455267443223       2.174884341574617E-021
  -29.2368209640089       4.235210544040921E-032
  -29.2368209233360       3.178503406919934E-030
  -29.1420860049827       4.117483753407233E-023
  -28.4533484513867       2.384359862994932E-083
  -28.4298134762012       2.655787733155258E-077
  -28.4298134020038       1.667745334404959E-077
  -28.0511069696533       5.236987587663460E-077
  -28.0511069307336       8.082717427510380E-077
  -28.0375221686074       6.371531664600183E-080
  -27.1734150214811       5.871120064017659E-031
  -29.3334566373426       3.692381318870458E-029
  -29.3308195778323       1.980623911803119E-031
  -29.3168900274747       4.426661408724859E-033
  -29.2631440423202       7.789527094463158E-006
  -29.2484424569497       6.654011716838137E-030
  -29.2442528330919       4.971601880999499E-007
  -29.2430680442732       1.449906899174260E-024
  -29.2378602267176       1.371453619033111E-029
  -29.1422725922212       6.293538680768693E-009
  -28.4487505413956       1.101431240187421E-084
  -28.4405552555764       4.705841487099045E-090
  -28.4237574289277       6.829623014706051E-081
  -28.0541333181006       3.533835172890205E-078
  -28.0451803766606       2.134173646144411E-075
  -28.0403324141812       1.639307213309923E-078
  -27.1734147117948       7.753401606239485E-017
  -28.4271266619337       2.367732485310575E-050
  -28.4271266432013       2.983108122495563E-051
  -28.4271266302149       5.310364508668907E-048
  -28.3594048446932       1.099069854929999E-016
  -28.3594048366111       9.741470032043767E-030
  -28.3594048334250       4.337382779229421E-025
  -28.3594048062599       5.241189582825403E-027
  -28.3594048061708       1.155652895915111E-016
  -28.2479282655286       9.338201993904741E-017
  -27.4828278490253       5.713662188165927E-076
  -27.4828278207034       1.218248130934483E-078
  -27.4828278042724       1.197386252972869E-080
  -27.1244011827906       8.453469665695269E-077
  -27.1244011469236       1.840802560075582E-077
  -27.1244011289327       2.219727387333090E-072
  -26.2284612499534       1.631353956590073E-021
  -28.3732554442458       1.192345282957521E-058
  -28.3652722932859       1.447640385553637E-034
  -28.3652722892965       1.398604212034027E-046
  -28.2812165046540       1.715846511353015E-042
  -28.2755811005701       5.560324874954675E-051
  -28.2755811005691       1.973911620962253E-043
  -28.1915174082776       2.188452695256468E-034
  -28.1915174049300       2.019233109218571E-047
  -28.1682738260122       2.735532958241780E-048
  -27.4680761008869       2.174585503756809E-056
  -27.4680760955419       1.064084397729258E-057
  -27.3887359671746       4.602775854476117E-036
  -27.0640325120844       6.185087300526753E-054
  -27.0640324912595       7.097806787395062E-055
  -27.0513257930767       7.301525728522901E-037
  -26.1857975489537       7.954093099418104E-057
  -28.3732553358111       7.651384348740944E-065
  -28.3652721847014       2.573857499845122E-039
  -28.3652721809120       6.986342097869252E-052
  -28.2812163993771       2.174462293154256E-049
  -28.2755809916622       2.389570113463041E-050
  -28.2755809916612       4.746126608489373E-059
  -28.1915173111369       4.293427172523961E-039
  -28.1915173077475       8.992957743646325E-052
  -28.1682737187536       3.507195221933782E-055
  -27.4680759991929       1.720501083984212E-063
  -27.4680759929276       1.894785310680355E-057
  -27.3887358738930       3.091882221631636E-035
  -27.0640324098361       1.157612834740324E-055
  -27.0640323850348       9.230649170417595E-056
  -27.0513256868435       5.994906315639410E-035
  -26.1857974448211       1.804010563896268E-061
  -28.3732553125879       3.012777092958613E-051
  -28.3652721562810       1.406600862743418E-044
  -28.3652721560812       5.647582928221161E-045
  -28.2812163629024       2.137214046912051E-054
  -28.2755809703483       2.429450757762489E-049
  -28.2755809703483       2.052552069171587E-053
  -28.1915172513628       3.886989269108067E-045
  -28.1915172513208       2.780593087082834E-044
  -28.1682736910775       9.916165348058707E-059
  -27.4680759721500       6.273730759748592E-059
  -27.4680759712301       2.569039797721425E-059
  -27.3887358409982       2.773340383223936E-036
  -27.0640323899091       1.222314966197531E-055
  -27.0640323859331       9.899711578796541E-055
  -27.0513256334495       5.408686021434065E-036
  -26.1857974291238       1.518344152626352E-066
  -26.9054390042463       4.964618392620089E-030
  -26.8850647009376       1.242500180298657E-026
  -26.8828726123817       1.967963237091665E-030
  -26.8516322846263       2.220324854452286E-005
  -26.8233465252039       3.779651135435281E-006
  -26.8174295024528       1.309918551931808E-024
  -26.7896981680981       8.759274364075489E-032
  -26.7759636859535       2.800396139053413E-030
  -26.7235817937426       1.002273279447819E-007
  -25.9874218972161       4.923829832861809E-081
  -25.9703258436188       2.755134789573605E-083
  -25.9384337887810       2.916359079562842E-077
  -25.6345379026485       6.305247199373934E-078
  -25.6237373691442       1.005182581431755E-078
  -25.6154732284813       2.972289480978041E-078
  -24.7500212100903       1.232429154556166E-015
  -26.9074531016184       1.443984318567501E-032
  -26.9074513360864       7.131216617620245E-031
  -26.8493641991956       1.634686828873783E-011
  -26.8493641988995       1.164394271583794E-004
  -26.8261882393823       4.433905667792886E-018
  -26.8183719288887       5.905091302375309E-029
  -26.7869149286691       1.369849715394911E-030
  -26.7869116905918       5.314024641552213E-032
  -26.7230080381902       1.495938312965473E-019
  -25.9974937805091       2.888105416635113E-080
  -25.9490018431755       5.466095046436228E-077
  -25.9489997174276       8.375324174089580E-077
  -25.6320995855156       2.766023582744099E-075
  -25.6320989322997       1.812030056728883E-075
  -25.6102356493486       2.507912343414817E-077
  -24.7500210613180       2.297581439356267E-027
  -26.9074526397489       1.079308357306388E-027
  -26.9074517045598       1.637092036523667E-025
  -26.8493641475663       7.864059633098983E-013
  -26.8493641474842       1.841482424580539E-009
  -26.8261881940361       3.899400196577239E-014
  -26.8183718781841       2.650993837098287E-028
  -26.7869141209698       3.414192569888206E-025
  -26.7869124057561       7.827673131549849E-027
  -26.7230079906097       1.306514017262051E-015
  -25.9974937291725       2.748384878618485E-083
  -25.9490013018153       3.798857587147780E-079
  -25.9490001757787       6.492536800195971E-081
  -25.6320993761355       1.677489010487573E-075
  -25.6320990295667       1.349704788075722E-074
  -25.6102356295274       3.653447398378925E-081
  -24.7500210212970       2.005039666448272E-023
  -26.9074521870171       3.117157410979943E-027
  -26.9074521580190       4.479275387318866E-026
  -26.8493641481218       3.251989236449118E-009
  -26.8493641481206       7.398832545234323E-011
  -26.8261881942738       3.733161353313801E-017
  -26.8183718787569       1.875042107469477E-031
  -26.7869132901978       1.260177653358723E-025
  -26.7869132372547       1.425478503353576E-026
  -26.7230079913092       1.254837622565047E-018
  -25.9974937340277       3.862350596037797E-085
  -25.9490007613133       2.016197636486042E-073
  -25.9490007258718       1.158964638191900E-073
  -25.6320992196991       4.121928134753011E-077
  -25.6320991931445       1.378055678199201E-074
  -25.6102356278175       1.264135436954047E-080
  -24.7500210244123       1.929630940422604E-026
  -26.9105684941184       2.336676880901992E-030
  -26.9002022048504       1.613839050562366E-031
  -26.8582612777757       9.949097889921976E-025
  -26.8499021408359       1.701766603791535E-003
  -26.8255255651885       2.011873090218117E-007
  -26.8102223743117       7.184965651823622E-027
  -26.7982047079488       3.059571813260019E-030
  -26.7790065037169       4.760043205803035E-030
  -26.7231319542599       8.265440392105181E-009
  -25.9959054057792       1.948749609255174E-077
  -25.9562911633730       2.425327933262841E-082
  -25.9434478554741       3.939783618554801E-080
  -25.6336097212079       8.688024223014224E-077
  -25.6295983250584       4.206724132439965E-077
  -25.6110754202573       2.631763955397820E-077
  -24.7500208109948       2.555742853501182E-016
  -24.9599948066945       1.160239311742041E-052
  -24.9599948023011       3.574976550591521E-050
  -24.9599947907865       1.211158381222582E-047
  -24.8971097409754       1.150786206275377E-017
  -24.8971097339114       4.242839134927829E-031
  -24.8971097114652       6.840576814140408E-033
  -24.8971096755234       8.536394063936436E-026
  -24.8971096729579       1.675787494518127E-016
  -24.7855220414874       5.804009869494515E-017
  -24.0171420539851       3.585539244658393E-078
  -24.0171420363702       1.594533921055086E-081
  -24.0171420335190       5.605600243458863E-080
  -23.6610930557271       1.123833040889490E-075
  -23.6610930340284       3.498891576561431E-080
  -23.6610930132543       3.856718388336866E-079
  -22.7633449540832       1.823808667877846E-021
  -24.7069458361582       1.792369938700538E-045
  -24.7069458360579       8.352302316697037E-045
  -24.6924548524449       2.275927435456381E-052
  -24.6399981963248       9.500258808472183E-055
  -24.5991869374122       7.628668951664204E-051
  -24.5991869374122       4.430869387940941E-049
  -24.5458199277791       3.781769253491875E-046
  -24.5458199277617       1.974262302933552E-044
  -24.5020318284912       6.958440074878269E-058
  -23.7873989868356       1.646937360215868E-057
  -23.7873989861573       1.425334414866949E-058
  -23.7354017522897       2.001594202129463E-036
  -23.4010551483112       1.384431952879626E-035
  -23.3879339518368       2.128771880452629E-055
  -23.3879339478294       2.890195119154339E-054
  -22.5105889071768       1.198084708929850E-056
  -24.7069457776085       6.326698264008638E-037
  -24.7069457744550       3.769967950978364E-049
  -24.6924547874279       1.177431315075577E-062
  -24.6399981321122       1.107212563465442E-048
  -24.5991868731545       1.370767973828497E-049
  -24.5991868731534       1.968045648299854E-058
  -24.5458198515665       9.678162561426811E-037
  -24.5458198481547       1.125350531218308E-050
  -24.5020317652350       1.714758013129162E-051
  -23.7873989239821       2.961133473739466E-058
  -23.7873989171999       4.880538305974166E-055
  -23.7354016683663       2.007774647373784E-035
  -23.4010550910212       1.523105609975725E-034
  -23.3879338833737       1.688179183816766E-055
  -23.3879338586689       4.087775886192667E-055
  -22.5105888315884       7.212186714099173E-059
  -24.7069456454994       2.269310663751299E-034
  -24.7069456424443       1.916810208999781E-046
  -24.6924546538906       5.870570565270756E-059
  -24.6399980014119       2.092229508919533E-042
  -24.5991867402364       3.901045657835567E-051
  -24.5991867402353       2.708602943326110E-043
  -24.5458197206865       3.329456458167204E-034
  -24.5458197172889       2.295741132346219E-047
  -24.5020316333126       3.260401031925320E-045
  -23.7873988032776       3.765986723098055E-057
  -23.7873987971749       1.963878894106752E-057
  -23.7354015522030       5.370485418326253E-036
  -23.4010549650933       2.631815387575204E-036
  -23.3879337513007       1.171433397056240E-053
  -23.3879337306025       9.259951742427339E-055
  -22.5105887069952       1.298310926137335E-052
  -22.3997580674717       5.487006955201488E-030
  -22.3904429757370       2.730270713916945E-030
  -22.3683293718004       4.446756726617989E-026
  -22.3608343125764       6.914849733898246E-006
  -22.3108479869009       5.315372890573078E-006
  -22.3089788957974       5.538961807733824E-025
  -22.2877626172391       5.332131621825150E-031
  -22.2783018010283       6.337266261018491E-030
  -22.2153177487616       3.594838929774871E-007
  -21.4686549929186       1.870488393791873E-081
  -21.4622880081179       9.984833036645826E-084
  -21.4388586838930       2.161315892999924E-078
  -21.1317851231471       4.872587822560978E-074
  -21.1076042061630       1.462028883197179E-076
  -21.1010915001005       9.340187197297095E-076
  -20.2320723429481       4.424004131825923E-015
  -22.4012264807029       5.503596692184939E-030
  -22.3934352945720       1.165037818542766E-030
  -22.3571144376583       2.352795322103563E-023
  -22.3548310167734       2.814371720838568E-003
  -22.3212925038936       1.002394744959555E-025
  -22.3193814376935       1.662302527551205E-007
  -22.2840744042964       8.610135760081402E-031
  -22.2764289464907       1.022161070149083E-029
  -22.2127870425715       3.250419685670575E-009
  -21.4782321758509       6.975424962911642E-078
  -21.4475058990958       9.999985858741325E-082
  -21.4433738871204       2.303956733119436E-078
  -21.1270673827603       2.732920736221398E-075
  -21.1227896392455       2.477737967614571E-077
  -21.0913118399891       8.603704765456901E-078
  -20.2320717013795       2.181651982394538E-016
  -22.3978370006712       3.548607602073473E-026
  -22.3978365757119       1.525768329960003E-025
  -22.3544084927818       2.762591699897579E-009
  -22.3544084927754       1.175476834177757E-008
  -22.3240037657538       6.881963217402279E-031
  -22.3199404852430       2.075438222216950E-014
  -22.2797417100840       1.408280257970734E-025
  -22.2797412930343       4.155316956510625E-028
  -22.2126489442770       1.221938955776515E-015
  -21.4785484166907       9.364997786245976E-080
  -21.4452614558217       6.289706375967887E-078
  -21.4452612319426       2.290264931332502E-079
  -21.1251093000065       1.806337978111697E-078
  -21.1251090673946       1.184060093915218E-077
  -21.0909881493919       6.108220073503185E-078
  -20.2320711581036       2.409453100848569E-023
  -22.3978373324977       1.420370251402735E-025
  -22.3978362230994       5.072402900199351E-028
  -22.3544084825494       3.850262416071108E-010
  -22.3544084824978       1.826504322198666E-009
  -22.3240037554416       2.908525230186593E-029
  -22.3199404745895       1.430714446520672E-013
  -22.2797420355989       3.303422334177802E-027
  -22.2797409468920       1.341249423080910E-025
  -22.2126489341357       8.422452399610177E-015
  -21.4785484053779       3.918527515816985E-087
  -21.4452616234047       6.741206627946109E-074
  -21.4452610391387       1.412777444996745E-074
  -21.1251094774768       1.900066239405528E-074
  -21.1251088720610       4.442482545765926E-075
  -21.0909881341809       2.188221569370945E-083
  -20.2320711463609       1.662117858667603E-022
  -22.3978373602537       2.106360229728886E-032
  -22.3978360570919       5.757471238490855E-035
  -22.3544084185200       6.416545166368498E-012
  -22.3544084184502       1.877998152264185E-004
  -22.3240036898969       5.983215815992576E-029
  -22.3199404049577       6.234633471554022E-018
  -22.2797420607294       8.747581733243338E-031
  -22.2797407818621       1.621877946442257E-032
  -22.2126488654713       3.684324921197139E-019
  -21.4785483396869       2.242852078059345E-081
  -21.4452615995158       1.469687251771326E-077
  -21.4452609132363       2.231493561856327E-077
  -21.1251094695457       7.922405269050894E-077
  -21.1251087589611       5.168898186381700E-077
  -21.0909880427442       5.005380256433081E-080
  -20.2320710723378       7.280939702170155E-027
  -18.9917071589966       3.674843853069030E-045
  -18.9917071135889       4.984292094051903E-053
  -18.9917071134485       1.520698477836909E-051
  -18.9264664580792       6.432712274563984E-016
  -18.9264664524516       8.505475001459994E-025
  -18.9264664171511       3.441109490083322E-030
  -18.9264663811732       5.194004074177941E-030
  -18.9264663757715       5.154205279139570E-018
  -18.8148135984328       1.503956794892338E-016
  -18.0532962114917       1.506950880096459E-075
  -18.0532962070226       8.619026394475008E-074
  -18.0532961741321       6.198876149420058E-072
  -17.6903344788485       2.277858804748839E-073
  -17.6903344353274       1.874391935342121E-074
  -17.6903343836956       7.594873253997192E-070
  -16.7910434935205       7.785756249168087E-021
  -17.8335182015967       1.742797156010426E-034
  -17.8335181979461       1.561067229397516E-048
  -17.7967920623495       1.172628362457203E-059
  -17.7918143306436       7.212532803614935E-043
  -17.7043335312276       1.984941693902154E-052
  -17.7043335312266       1.035965579974071E-043
  -17.6978579385558       2.329298092637613E-034
  -17.6978579349583       1.194866068610480E-049
  -17.6137347925080       6.841269469864980E-045
  -16.8902735869708       4.416625487815854E-059
  -16.8902735813898       3.471935802443992E-056
  -16.8750193203912       3.901344930766754E-036
  -16.5374557138910       3.317527326470025E-036
  -16.4919509103505       2.809239734445644E-054
  -16.4919508893787       3.479725203270859E-055
  -15.6142651124188       2.036362710796422E-051
  -17.8335181584894       1.256897357338876E-037
  -17.8335181549068       1.439560731361148E-052
  -17.7967920182057       4.636283488352372E-064
  -17.7918142879311       4.364473478928587E-048
  -17.7043334878183       5.947304070922490E-049
  -17.7043334878172       1.491959404751095E-057
  -17.6978578929757       1.734681442722657E-037
  -17.6978578894873       1.139226408067059E-051
  -17.6137347490671       4.205847034742158E-050
  -16.8902735530354       4.556266142465678E-057
  -16.8902735466174       5.514288125573648E-055
  -16.8750192885466       8.240944357202100E-036
  -16.5374556676813       3.053168529832475E-034
  -16.4919508744539       3.024753109035003E-056
  -16.4919508496074       4.928328954870392E-056
  -15.6142650751366       1.529598147699384E-056
  -17.8335181224265       3.390319078222517E-045
  -17.8335181223608       1.798384158812471E-045
  -17.7967919900104       3.155518933674042E-053
  -17.7918142491355       1.915334338454494E-056
  -17.7043334594179       3.699042349527563E-051
  -17.7043334594179       3.860592976829860E-052
  -17.6978578526935       5.494532513991327E-045
  -17.6978578525848       2.417396190247263E-045
  -17.6137347176623       9.117342597309990E-058
  -16.8902735186460       4.952550640791786E-057
  -16.8902735178109       4.495707747204056E-058
  -16.8750192614723       7.799481882157069E-037
  -16.5374556160933       2.759281962100427E-035
  -16.4919508454205       6.034445730605025E-056
  -16.4919508415450       7.632368467183963E-055
  -15.6142650489123       1.444981294018688E-064
  -14.5363292671541       3.833467689323445E-030
  -14.5363286855134       4.360200781699733E-032
  -14.5097484741514       8.420940313627094E-013
  -14.5097484741173       2.114819669234684E-004
  -14.5028504503062       3.192517627500545E-028
  -14.4649012639763       2.470379118675075E-018
  -14.4313455698505       5.603745110961750E-032
  -14.4313454892383       3.314721498161610E-030
  -14.3446201236961       1.810939526770290E-019
  -13.6156352214128       6.213403542700902E-083
  -13.6117027114354       2.854637815862353E-077
  -13.6117026833098       5.252382482251280E-077
  -13.2656423997964       9.380593845633766E-076
  -13.2656419268660       1.441475662885175E-075
  -13.2167852109616       8.465400093542150E-080
  -12.3587513036114       5.688575964135288E-027
  -14.5363294841999       1.550736212273059E-027
  -14.5363283373959       1.578087098256253E-025
  -14.5097484035486       5.558579038824179E-011
  -14.5097484034148       5.176793828441960E-009
  -14.5028503778840       7.637998416877009E-028
  -14.4649011984026       3.030327007132039E-013
  -14.4313455429610       9.706601793444441E-026
  -14.4313453839896       2.312512911281290E-026
  -14.3446200585513       2.224983030502726E-014
  -13.6156351486911       3.951527796117915E-082
  -13.6117026597913       4.859676483615693E-077
  -13.6117026039893       3.154249140964314E-075
  -13.2656425549508       4.204172964481570E-074
  -13.2656416221953       1.081690663207756E-073
  -13.2167851670782       9.597987661362848E-080
  -12.3587512416033       6.991368087689473E-022
  -14.5363294735117       3.699480199977413E-025
  -14.5363283103348       6.945411424828398E-027
  -14.5097483847901       4.912316661106983E-011
  -14.5097483846546       2.803243308553882E-009
  -14.5028503586599       9.643373405960894E-029
  -14.4649011799899       3.082564293549545E-013
  -14.4313455250148       3.241353432288004E-027
  -14.4313453637897       4.045850230986509E-025
  -14.3446200392873       2.263229796335873E-014
  -13.6156351257117       1.595845549055969E-077
  -13.6117026374292       5.103730084761053E-074
  -13.6117025809094       2.550046454810208E-074
  -13.2656425411032       2.859732096868129E-074
  -13.2656415951340       8.275220910037115E-075
  -13.2167851517364       7.747662375880145E-078
  -12.3587512226273       7.115018628376340E-022
  -14.5484811391532       9.704884146491116E-025
  -14.5384051988933       6.706945148804630E-029
  -14.5207833371906       1.869745108256853E-003
  -14.5131964099983       4.702986551782979E-031
  -14.4666845486277       2.070296210905881E-029
  -14.4479120835872       1.398492934819285E-005
  -14.4410543516004       1.712541787803238E-030
  -14.4401194708931       1.369034437883427E-024
  -14.3505700790909       1.970006454637414E-005
  -13.6141783007870       1.977867345642501E-077
  -13.6131300287052       3.973304966740958E-073
  -13.6120279818500       4.130702977806947E-074
  -13.2776340344593       1.480321250477969E-075
  -13.2443862215097       2.479225113439828E-075
  -13.2257467732408       1.685278401580985E-075
  -12.3587511394032       8.159641268925061E-013
  -14.5444265168426       6.376964571896941E-025
  -14.5256575158284       9.421137972101820E-030
  -14.5229105721283       7.693495115912264E-030
  -14.5134332118024       1.531535508575651E-003
  -14.4881323157080       7.714280544141197E-030
  -14.4596634472819       2.888028808993664E-005
  -14.4345463489899       6.817018415780512E-030
  -14.4322665527409       4.109385493330458E-025
  -14.3461688808032       6.355072452452755E-006
  -13.6153100014293       2.843786383838311E-075
  -13.6123265722487       1.220545904029969E-077
  -13.6114831783992       3.205602990262648E-071
  -13.2724835169479       1.572519630456146E-077
  -13.2568376978892       6.377809133508431E-074
  -13.2186610679637       8.280708060400833E-076
  -12.3587502251285       2.324143095493321E-013
  -9.05101926162265       4.138600639409416E-050
  -9.05101923441443       3.123656311721074E-053
  -9.05101922116293       3.215010112781686E-045
  -8.97974343263318       4.871092930874228E-016
  -8.97974343175236       7.242707116432528E-029
  -8.97974338477291       2.688786669427697E-025
  -8.97974337089672       2.668127329748255E-030
  -8.97974335898148       8.813267084043086E-017
  -8.86790308954219       3.731302867361503E-016
  -8.11452902495239       9.866911521139807E-073
  -8.11452900032087       2.877915796505142E-077
  -8.11452897502640       2.952090276637052E-076
  -7.74160479405076       2.913176104268342E-074
  -7.74160476065174       2.966289410898313E-068
  -7.74160473449579       1.982210388288268E-072
  -6.83953302525514       3.538812695708576E-020
  -5.06521859512936       8.249325386111644E-037
  -5.06521859158136       2.513654458647183E-050
  -5.04837309993577       5.077232367244081E-046
  -5.00731977224600       2.292326550706851E-063
  -4.95482642315599       1.052295816013461E-036
  -4.95482641956387       3.825205918987724E-050
  -4.91286086952252       9.295468480611408E-047
  -4.91286086952142       1.331291010578765E-056
  -4.82574308643763       1.649410872635670E-047
  -4.11885793969993       1.486469513987783E-036
  -4.09549303663054       2.955570747257847E-059
  -4.09549303020949       1.795741097072429E-053
  -3.77288317814848       4.969765010359676E-034
  -3.69638372146942       3.767952457339521E-053
  -3.69638369655410       4.956663756472705E-056
  -2.81567521320710       2.733826750883170E-054
  -5.06521859915215       1.447606019740506E-033
  -5.06521859542000       5.610122420142918E-046
  -5.04837310332027       1.364840285253896E-040
  -5.00731977648147       2.102879678275825E-058
  -4.95482642678337       1.892113365346186E-033
  -4.95482642296231       1.045581389206142E-045
  -4.91286087396674       6.296719317883109E-055
  -4.91286087396563       2.590492802909127E-041
  -4.82574309118007       4.399337818719109E-042
  -4.11885794733354       4.204510566748237E-035
  -4.09549304458140       3.295095607412113E-058
  -4.09549303911069       6.247301441633000E-056
  -3.77288318514842       5.567961658613815E-036
  -3.69638372222892       2.110024174284467E-051
  -3.69638370105904       5.950893559204989E-055
  -2.81567521740302       5.387520767183808E-049
  -5.06521856520838       2.141294445097837E-043
  -5.06521856502331       7.900884689755577E-044
  -5.04837306941673       4.004715574874162E-053
  -5.00731974942602       1.646297915911291E-051
  -4.95482639406589       2.650038675968011E-043
  -4.95482639383734       9.520061337962607E-044
  -4.91286084682912       1.308318418118471E-050
  -4.91286084682911       6.147813519456073E-051
  -4.82574306111235       1.117323335209076E-054
  -4.11885792281286       1.523536515138456E-037
  -4.09549300846516       1.950999034857066E-057
  -4.09549300751292       4.281393546167029E-059
  -3.77288313561804       4.512235807711310E-035
  -3.69638369925616       7.637131923765923E-056
  -3.69638369550290       7.891206651050831E-056
  -2.81567519518485       1.625527163154151E-061
  -1.19165553482347       1.439183264994015E-031
  -1.19052363291886       1.504787796787627E-024
  -1.17455005252012       1.441083152156716E-003
  -1.16055982550035       1.134375876007396E-030
  -1.14760870420837       1.370983579119844E-029
  -1.09548946052841       3.334720954842637E-005
  -1.09239239404761       3.690215118757475E-024
  -1.07589834344333       3.646053805947942E-030
 -0.977457700839132       1.848403198609692E-005
 -0.278372768934368       9.347749911255964E-064
 -0.263751808973204       3.364283396350459E-056
 -0.248827612705632       3.638952534496009E-062
  8.494110604925709E-002  6.257865094775195E-062
  0.116778012253704       3.562808235326739E-056
  0.158202016694275       1.711567860251494E-063
   1.02276241927964       1.123525321580313E-012
  -1.19402337928250       1.755680987828131E-029
  -1.19306202128509       1.282544339683948E-024
  -1.17784943790810       1.477721395110713E-003
  -1.15747805570572       4.022020340218889E-032
  -1.14194306922743       4.418365573073595E-029
  -1.09644653424835       6.417968456289242E-028
  -1.08977766314553       2.822322719813273E-005
  -1.07568224974893       4.461813461056281E-031
 -0.979868086822854       2.565066504328791E-005
 -0.279498573305261       1.144735907980621E-075
 -0.261855170610687       1.431249145311762E-075
 -0.249624725911090       2.249644023678452E-083
  8.277113599867647E-002  1.648787064230733E-076
  0.121475994740152       1.416222350077402E-073
  0.155703434874169       1.075689042481199E-076
   1.02276248341151       1.556105760416266E-012
  -1.18188246696044       2.462317869471814E-028
  -1.17621548872895       1.922749657861290E-026
  -1.17621243205051       7.633170772657483E-025
  -1.16377393436342       1.836480186417645E-009
  -1.16377393397381       1.028721841283875E-010
  -1.11172501929906       2.430246990332895E-012
  -1.08027326710143       6.756594236209567E-032
  -1.08027175346188       2.953230277854154E-025
 -0.971994882713929       1.780814423451088E-013
 -0.271787708176404       8.020108758645525E-076
 -0.271786255628548       2.199699809876134E-075
 -0.247303540872188       7.310013040296646E-081
  9.838812687009835E-002  3.103210930549094E-074
  9.839124471476879E-002  1.729116197780024E-073
  0.163076167740172       2.833566752786910E-077
   1.02276509671049       9.270158129063714E-021
  -1.18188245692997       6.841010385026928E-029
  -1.17621489642878       3.928528230069560E-025
  -1.17621300557677       3.427695789410471E-027
  -1.16377392462489       5.310389225628041E-009
  -1.16377392447725       2.215903676062907E-010
  -1.11172500942220       9.405158173388052E-013
  -1.08027296901351       2.331187353310855E-025
  -1.08027203267278       2.059437270632302E-026
 -0.971994873901991       6.891607087421993E-014
 -0.271787416624932       8.591951732629622E-074
 -0.271786518063330       4.974208863240662E-074
 -0.247303528254356       1.678439867336855E-084
  9.838873042092899E-002  3.727454253690515E-075
  9.839065922196255E-002  1.854574220802572E-075
  0.163076182827737       1.299200506705187E-079
   1.02276510952422       3.589560011689940E-021
  -1.18188243776267       9.410008224328644E-029
  -1.17621418357680       1.905479406476885E-030
  -1.17621367055273       7.929380607194811E-031
  -1.16377390634738       1.810803366252807E-004
  -1.16377390633643       4.945971345585892E-010
  -1.11172498654176       2.192236932591589E-018
  -1.08027260368713       1.127798651353970E-030
  -1.08027234964616       2.972681393764893E-031
 -0.971994849257179       1.604153762011477E-019
 -0.271787059550888       1.032021436664482E-076
 -0.271786815763029       1.634239204964167E-076
 -0.247303507313859       4.549066308688289E-083
  9.838944783193426E-002  4.838609497533897E-077
  9.838997112483838E-002  7.423368457222492E-077
  0.163076229253029       8.978228187763633E-080
   1.02276513804037       8.347823238686048E-027
   7.06502463520145       1.461417104654242E-053
   7.06502464239452       3.684786140417698E-045
   7.06502466553510       5.569035754238544E-050
   7.14395749181097       3.669242677429847E-017
   7.14395749474387       2.354710031445000E-030
   7.14395752313148       9.741225357178220E-026
   7.14395754522765       7.790163726975843E-031
   7.14395755025772       4.741325640516037E-016
   7.25615779417625       1.932347908978392E-016
   8.00381434582438       1.018239366366020E-072
   8.00381435903584       1.198535318534806E-068
   8.00381437407989       1.905588315131659E-074
   8.38668249021367       4.592843622490872E-070
   8.38668253359625       5.061076531786160E-065
   8.38668254598998       1.360814378889814E-070
   9.29342584019709       3.051354839700193E-020
   18.2349855196020       7.561473387199865E-038
   18.2349855200411       7.397512856991113E-037
   18.2371619839503       2.429339905329194E-029
   18.3096560730854       2.066725733750879E-051
   18.3297736508881       9.560087017554563E-037
   18.3297736512465       9.312480279240199E-036
   18.4080986037827       4.640538995853614E-025
   18.4080986037828       1.039380861932799E-028
   18.4941143478884       7.583320663756324E-031
   19.1785650334093       1.456006253422605E-038
   19.2335154479122       1.251083848522133E-057
   19.2335154490885       5.926639377012745E-059
   19.5379882621645       5.322320802967177E-035
   19.6360333415061       3.695953796122069E-055
   19.6360333450994       6.037403425257193E-055
   20.5268728772003       1.306434436196913E-037
   18.2349855525912       5.682581501932403E-038
   18.2349855562698       2.365784122824127E-051
   18.2371620151111       3.742114959865967E-046
   18.3096561139943       3.218738748761281E-064
   18.3297736838296       6.561890486752142E-038
   18.3297736874910       2.708310401500230E-052
   18.4080986445011       6.461039669771602E-047
   18.4080986445021       2.851469482209245E-056
   18.4941143857795       1.781162058992319E-047
   19.1785650753809       1.613724790051401E-037
   19.2335154801326       3.193858835566665E-057
   19.2335154864386       2.280801409778067E-058
   19.5379882799340       5.914027105565120E-034
   19.6360333803975       9.768650978177629E-055
   19.6360334054006       7.942668537071450E-056
   20.5268729186142       2.895370913217455E-055
   18.2349855604242       7.429837846882521E-034
   18.2349855645382       1.788781554308009E-047
   18.2371620239878       4.185324535906611E-043
   18.3096561214505       3.805350128435045E-058
   18.3297736917288       9.392409856586505E-034
   18.3297736957458       2.934762070626947E-047
   18.4080986520506       8.277181131829755E-051
   18.4080986520516       8.763849640343594E-044
   18.4941143930565       2.040835911644786E-044
   19.1785650831439       1.751752735919736E-035
   19.2335154870928       2.220650809182788E-058
   19.2335154922258       2.334126684670564E-056
   19.5379882851139       1.403580740374723E-035
   19.6360333924634       3.296107983391936E-053
   19.6360334138703       1.819248477573964E-054
   20.5268729278620       3.781858994971340E-051
   22.7273915624184       2.873803731947120E-030
   22.7607349044296       5.729810030470115E-024
   22.7607374619861       6.139025344530030E-025
   22.7652010799075       5.658580750412491E-009
   22.7652010800845       3.186246735126995E-010
   22.8214685962743       1.207310710419362E-012
   22.8538535797853       8.276650126644847E-024
   22.8538557084910       2.821571153205490E-024
   22.9786151441574       8.346334162786958E-014
   23.6668689214896       4.790892245793225E-075
   23.6668707500240       2.417515836026683E-075
   23.7121071466805       1.450534115365725E-083
   24.0544522126290       2.150620271881597E-071
   24.0544550704370       1.003270354849965E-072
   24.1312145081699       4.741070460295064E-079
   25.0047596258745       5.733570936271998E-021
   22.7273915577773       1.997209438276092E-031
   22.7607130774903       4.697195524642840E-023
   22.7607592886629       2.835726415177899E-023
   22.7652010444681       1.244426405505572E-009
   22.7652011019005       5.852560298278095E-013
   22.8214686478416       3.986065892901016E-010
   22.8538354072852       4.047662291160116E-023
   22.8538738697525       2.291645488488357E-024
   22.9786151310416       2.755674012758941E-011
   23.6668533187273       1.915564166599781E-072
   23.6668863574541       2.736926735236531E-071
   23.7121071399676       7.720675039395604E-085
   24.0544278286265       2.591576560316203E-075
   24.0544794635447       1.496929329569528E-074
   24.1312145036598       2.649971687685214E-078
   25.0047596276786       1.891909317523340E-018
   22.7273915647217       2.119567821601052E-030
   22.7607356477439       6.643804381383459E-026
   22.7607367348695       2.263740415742544E-026
   22.7652010825478       1.242179097558141E-004
   22.7652010825796       2.930964752806155E-010
   22.8214686035249       6.885792990764880E-018
   22.8538541998016       2.409759878332336E-026
   22.8538551046377       1.063199037528696E-026
   22.9786151529600       4.774881882186434E-019
   23.6668694556237       5.129859792852388E-077
   23.6668702328675       1.601339424620796E-076
   23.7121071462674       6.216541922482853E-085
   24.0544530303750       6.786035662486629E-075
   24.0544542450978       4.423460002085339E-075
   24.1312145416888       6.111092019107890E-078
   25.0047596366273       3.282293909909446E-026
   22.7268533882748       4.947425221026133E-033
   22.7533493456257       5.532972889496973E-025
   22.7618158638646       7.764666081113812E-004
   22.7672289085009       5.591639444266280E-028
   22.7679281933540       7.821409310851323E-031
   22.8261759540650       1.972303432113340E-005
   22.8470873555972       2.795533253402832E-025
   22.8593320060656       1.095483892791891E-030
   22.9772957930407       2.946761676398063E-006
   23.6619002264272       6.853062446264396E-062
   23.6723601077941       1.191001787254409E-055
   23.7115825750982       5.896031419918036E-065
   24.0467571368540       2.725994221808945E-063
   24.0631207650412       1.091988604760940E-055
   24.1302526940414       4.092624156478284E-062
   25.0047601032056       2.239546509357395E-013
   22.7258744291803       1.688992972887575E-031
   22.7319058078915       5.793196987563001E-025
   22.7395821655912       1.060301400992175E-003
   22.7849272945994       3.895792696368633E-035
   22.7947194617875       7.611432227525191E-030
   22.8155115648033       1.852537108110742E-025
   22.8655801673813       6.088843416350068E-006
   22.8688445588399       2.337722101091910E-030
   22.9601307971009       3.061005493738457E-005
   23.6513164354165       1.006496109239547E-065
   23.6923414058345       8.438967491252961E-060
   23.7021206777871       4.204011925940927E-068
   24.0308318938353       1.941868879471713E-061
   24.0961614123047       2.192176847245919E-055
   24.1132056107218       8.821721775526985E-064
   25.0047571977156       2.408904900725988E-012
   32.6777724341906       7.786159657645172E-052
   32.6777724360050       9.967353968525803E-049
   32.6777724502404       9.675531192515149E-052
   32.7641074424187       2.001753422813180E-017
   32.7641074474493       1.029988041166838E-031
   32.7641074510890       4.376413949361843E-027
   32.7641074693317       7.828071195051359E-028
   32.7641074694946       4.926172499568531E-017
   32.8769488355744       2.291517117393839E-017
   33.6241836240398       3.960980269094120E-076
   33.6241836287638       7.422209385795148E-071
   33.6241836404732       2.706746592152967E-075
   34.0154206032853       1.414144086274470E-073
   34.0154206215697       2.454923443321548E-071
   34.0154206391823       1.921177645496080E-068
   34.9302836433532       6.641927279022139E-021
   61.8763179963507       9.191053107287150E-036
   61.8763180006023       3.633547069441005E-048
   61.8839332513181       3.581721050325052E-046
   61.9552429508942       1.341979375735778E-059
   61.9674292557201       1.159261541657439E-035
   61.9674292599923       2.347508196052170E-047
   62.0594131192823       6.600378351581443E-052
   62.0594131192834       7.462719261703696E-047
   62.1466520427009       1.776144261972659E-047
   62.8346121426362       2.369244504896289E-037
   62.9035953298671       1.222446404240043E-056
   62.9035953348397       1.467759384797535E-055
   63.2086021132961       7.910870605215490E-036
   63.3105277338888       5.994340457355730E-053
   63.3105277555280       4.396604427867403E-054
   64.2226737876986       3.530260724251214E-054
   61.8763180100451       1.548608075071619E-035
   61.8763180138132       2.186830687325576E-049
   61.8839332636507       1.671180331741083E-045
   61.9552429651964       6.301699906481440E-057
   61.9674292695584       1.790319214250385E-035
   61.9674292732801       2.007441333176436E-046
   62.0594131335956       3.317923087009470E-046
   62.0594131335966       4.594259836971109E-051
   62.1466520571447       8.281409228565812E-047
   62.8346121508515       3.494563197613013E-039
   62.9035953395454       4.913949032485595E-055
   62.9035953457647       6.718671051807832E-054
   63.2086021281629       4.954758577586614E-034
   63.3105277417347       2.301698199596918E-054
   63.3105277668008       7.800106065989717E-053
   64.2226737968369       1.466084601298464E-053
   61.8763180203110       1.115105669661405E-042
   61.8763180207970       4.256038168087182E-042
   61.8839332760531       2.775203726854169E-053
   61.9552429672206       8.594418618566959E-052
   61.9674292796366       1.297700215896281E-042
   61.9674292801888       4.986294892581116E-042
   62.0594131356639       5.723557751654971E-048
   62.0594131356639       1.839923774121901E-049
   62.1466520620161       2.448410458246095E-054
   62.8346121487038       2.531508205000384E-040
   62.9035953473871       1.782580182234147E-055
   62.9035953486366       2.170200182332641E-057
   63.2086021537511       4.790033555316113E-035
   63.3105277453986       8.214952940410415E-055
   63.3105277488247       7.853108313170906E-052
   64.2226737979028       2.607681836920583E-060
   72.3664933187969       1.834007249676872E-029
   72.4068216629644       2.508849905835908E-031
   72.4223269077685       5.397138815191414E-029
   72.4232414492733       7.241960326602284E-004
   72.4287916409779       6.691985324366602E-024
   72.4897228755719       1.971530766345843E-006
   72.5017183367984       1.034625493216568E-030
   72.5180523143038       1.011494871559443E-029
   72.6411788497075       7.884078494766165E-009
   73.3386412757172       1.564954264643948E-083
   73.3520548438616       4.013741714492999E-080
   73.3986655586904       2.031377904171961E-078
   73.7396013529334       1.038632629272978E-080
   73.7580270038843       1.186465299402739E-078
   73.8246713404009       4.341917836312315E-076
   74.7292837159303       4.165370751864827E-015
   72.3732717792473       1.529851818228898E-032
   72.3840095191846       1.978851429466995E-030
   72.4019916378172       8.664751570168017E-007
   72.4367127003630       2.053974695133249E-030
   72.4491519239367       1.023008016621078E-029
   72.4702557157829       1.557733686534582E-029
   72.5272856321118       1.350829950595061E-005
   72.5308064623274       1.223281369132460E-026
   72.6248709487878       3.025755536810976E-006
   73.3270936541939       4.838699632938182E-060
   73.3746002862739       2.084458698961556E-070
   73.3876468676872       1.611757867975270E-071
   73.7240116485436       6.854615447630766E-056
   73.7897589328295       3.630909861483028E-066
   73.8085538864139       4.700072805843102E-065
   74.7292812789500       4.705081870713827E-014
   72.3661311349800       1.362560279246159E-026
   72.4147653940435       1.179144663022742E-024
   72.4149614049464       4.351932413512905E-025
   72.4272143175594       5.282816746203351E-005
   72.4272152673629       7.672271556081704E-015
   72.4841746380456       5.376539353038854E-015
   72.5104648609427       5.133387017622168E-024
   72.5106701449145       1.749134385289030E-024
   72.6427558638131       1.837584999105513E-015
   73.3448733889070       1.287446232624462E-077
   73.3450425029992       1.052318923577793E-079
   73.3994505159125       1.922282249432750E-084
   73.7481195939972       3.559082760638508E-073
   73.7483517747784       2.159426678570500E-073
   73.8258276242216       2.045361135491798E-075
   74.7292847551299       1.438406987980070E-022
   72.3661310848933       6.903002985394444E-031
   72.4148610907408       2.491456813063795E-023
   72.4148657959327       1.001319578991673E-023
   72.4272150227033       1.840692166158837E-007
   72.4272150232496       5.601627019375058E-011
   72.4841736880308       1.872069368346125E-012
   72.5105651449227       1.075909495117834E-022
   72.5105700727099       4.195581229734821E-023
   72.6427561113477       1.300905377663215E-013
   73.3449558516654       7.801650955496312E-077
   73.3449599112017       1.248545964595519E-077
   73.3994506431099       2.308102551595577E-081
   73.7482328167529       4.237100046780532E-074
   73.7482383902558       7.639667894803132E-074
   73.8258277834102       8.641360410810578E-074
   74.7292847528122       7.273482525129724E-021
   72.3661311264685       6.093023734561894E-027
   72.4147819464386       9.879235398210002E-027
   72.4149448864002       1.025828484613498E-026
   72.4272145425203       3.582183555754293E-010
   72.4272151988633       4.969874810761814E-014
   72.4841743479606       2.232880424228924E-009
   72.5104822148225       1.696904535088033E-026
   72.5106528632538       3.763551912607902E-026
   72.6427559434998       1.551449679746785E-010
   73.3448876345822       1.823628149250090E-077
   73.3450282157582       7.649170083637592E-079
   73.3994505615482       5.329091909516577E-078
   73.7481391670576       2.046231791946570E-073
   73.7483321742640       1.927652437504624E-073
   73.8258276571237       1.376708948372422E-076
   74.7292847539740       8.742828832247917E-018
   74.3738556148482       2.229777923319261E-044
   74.3738556553838       1.318958297503702E-047
   74.3738558818677       8.983468256190722E-049
   74.4674334610624       1.125735463316226E-014
   74.4674335496962       7.704290703969210E-027
   74.4674336040811       1.557368710651691E-030
   74.4674339178929       2.908588209363823E-026
   74.4674339200501       2.698343190614424E-017
   74.5812229414324       2.553028733344757E-015
   75.3334565930337       4.089362064560349E-077
   75.3334568149962       1.199855714087960E-073
   75.3334568446904       2.301828813886280E-070
   75.7318327857587       2.175050648455343E-073
   75.7318331008776       2.337866137274616E-070
   75.7318331774612       4.007390008035770E-067
   76.6588405349711       1.133597690163852E-018
   143.362911119650       1.261312476162310E-051
   143.362911123893       3.277574612573702E-046
   143.362911144520       8.127851793332484E-052
   143.463909540679       8.394001924554489E-019
   143.463909546770       8.786105022368430E-031
   143.463909552687       4.042162674605368E-025
   143.463909575886       3.467945444709377E-027
   143.463909576217       1.192680802323071E-017
   143.578713332790       8.832616133339469E-018
   144.336498536386       1.547203573527406E-075
   144.336498547593       2.873261822967264E-069
   144.336498561750       4.082783868005129E-074
   144.742645352042       1.039267220117979E-070
   144.742645377449       3.096423320255350E-068
   144.742645392803       6.878832764420601E-065
   145.683044216994       6.646255938857850E-021
   160.052846295815       2.436248751607571E-034
   160.052846299630       1.313104771645384E-044
   160.089951664731       6.276436661770875E-046
   160.120650493320       2.683283992317833E-056
   160.151233754746       2.835639546554143E-034
   160.151233758512       3.387550347445063E-045
   160.232537758478       1.452096369403442E-046
   160.232537758479       2.207993272076419E-048
   160.322565825843       2.045632250234183E-047
   161.026010510560       4.410389241387700E-043
   161.090012243991       4.865473111936499E-054
   161.090012250153       3.036317486739996E-053
   161.417144053450       2.710189825901202E-034
   161.502250504301       3.724250782414555E-055
   161.502250529399       5.905626011585641E-053
   162.431696118654       2.256130001146675E-054
   160.052846301603       4.787440890784578E-038
   160.052846306165       2.195284023164065E-048
   160.089951672209       1.544928296502349E-047
   160.120650498260       1.641321341757212E-057
   160.151233760537       5.887219361005740E-038
   160.151233765015       1.634259634535860E-047
   160.232537763454       4.228655880527993E-048
   160.232537763455       9.943704829841391E-048
   160.322565830664       4.808357383162113E-049
   161.026010517510       8.805278705008846E-040
   161.090012249427       2.716781672183755E-054
   161.090012254092       1.836369515119401E-054
   161.417144056434       3.518393295424270E-036
   161.502250513587       1.017095322643714E-051
   161.502250535423       4.038041958231224E-051
   162.431696125184       3.564845749649609E-054
   160.052846307792       3.953125991926697E-045
   160.052846308545       4.256506809863490E-041
   160.089951679191       1.796730138535650E-050
   160.120650496805       1.986231446724299E-054
   160.151233766673       4.918520467598798E-045
   160.151233767393       4.976695966452780E-041
   160.232537762053       1.106363473891991E-048
   160.232537762053       1.051773535150676E-048
   160.322565832359       4.081858224290993E-052
   161.026010513524       3.108407192414015E-043
   161.090012256208       1.622114487027440E-055
   161.090012257691       2.370427690565458E-055
   161.417144082586       2.136847586435242E-035
   161.502250511478       1.805553685568189E-051
   161.502250514691       9.835508489928510E-052
   162.431696124685       3.392508565271917E-052
   187.186902798188       2.143784653729946E-035
   187.209434835503       8.893648650468216E-034
   187.244285187451       1.106259487958239E-029
   187.256020140352       1.511188967657148E-006
   187.278483842084       3.304789549799917E-030
   187.310143636112       4.975683472598038E-031
   187.343790359985       4.296771427664722E-006
   187.351062352859       7.939643793921089E-026
   187.453747611114       5.462211249327458E-007
   188.171750767621       1.014918427391880E-079
   188.205152265923       1.466790729101754E-088
   188.228849317282       8.502169406404907E-081
   188.583092172491       1.063364898501671E-077
   188.625459734741       2.359929613648613E-078
   188.655954511511       7.943323915690113E-079
   189.591159072853       8.051535669408879E-015
   187.181487333480       5.395753512942038E-029
   187.229643755972       3.041420458849560E-027
   187.229667401192       5.321679874725321E-027
   187.269907424905       5.396116034948626E-011
   187.269907438509       5.298159374233634E-013
   187.322128573233       8.268440814545717E-012
   187.334790887600       6.484775832118828E-026
   187.334818144046       3.920132183612617E-026
   187.461522031402       6.115256525028482E-013
   188.185395445434       2.537477986595831E-080
   188.185417904021       1.653091373661582E-080
   188.234943422093       2.231000540324937E-082
   188.600311024905       1.821852639745383E-075
   188.600339467992       1.381416042616541E-077
   188.663853814219       5.853336500821348E-082
   189.591160694016       1.884184982836805E-020
   187.181487380492       1.445925609982526E-030
   187.229600377754       2.110064596155324E-027
   187.229710733484       2.873141418265427E-027
   187.269907217788       2.155810075012971E-009
   187.269907514077       1.257514001361976E-014
   187.322128861921       1.820119251388169E-010
   187.334740875621       1.050709869048521E-024
   187.334868085502       1.518891575304745E-024
   187.461521952979       1.346193693433069E-011
   188.185354293722       2.561769956618958E-078
   188.185459111261       2.353127823114696E-078
   188.234943369952       7.664423318112979E-085
   188.600258905995       8.836491534899519E-076
   188.600391654076       2.998192294330732E-076
   188.663853751721       1.560550790588164E-078
   189.591160696045       4.149096606876620E-019
   187.181487330039       3.418480728169660E-029
   187.229650604585       1.470010901596246E-035
   187.229660562652       7.257006179068823E-030
   187.269907431582       9.073929775175814E-006
   187.269907433995       7.229130687724184E-013
   187.322128565389       4.340689586721568E-017
   187.334798781860       2.380062178035264E-027
   187.334810260779       8.785738911538157E-027
   187.461522039012       3.110955693046632E-018
   188.185401950432       4.015732021243965E-079
   188.185411408756       4.209629579118580E-080
   188.234943420766       1.272038381248411E-083
   188.600319246644       8.681848142799917E-075
   188.600331225306       1.334658809137928E-074
   188.663853845453       8.201677805774643E-079
   189.591160698796       9.484915619013270E-026
   187.184096009553       4.326957482617297E-031
   187.215775537554       5.225613910282643E-035
   187.240829341868       1.915720662860706E-032
   187.261255654037       1.085499179588992E-004
   187.274099135649       6.256273897470694E-025
   187.318188696884       3.148805489681789E-031
   187.334929132547       9.082049398851519E-007
   187.347326739346       1.346965302563170E-031
   187.457374184065       2.235691830635192E-008
   188.174935851655       1.043929616884087E-079
   188.198836045021       1.672714923570536E-085
   188.231983300230       6.747163204511497E-078
   188.587100410591       8.812282272070853E-080
   188.617392067216       9.383705688834229E-080
   188.660013909387       5.186591439253500E-076
   189.591160088822       3.925873977770806E-015
   257.168074867287       4.669741316428211E-048
   257.168074869599       1.177529402172895E-052
   257.168074873647       9.126629522124157E-055
   257.276136872936       1.086776377175515E-017
   257.276136874358       4.222818699614784E-024
   257.276136875922       1.034322360826778E-030
   257.276136881466       5.340974142350616E-026
   257.276136881561       4.392934758034587E-018
   257.391579196681       9.860444695414901E-020
   258.151039390214       1.419867308209528E-067
   258.151039393167       1.595082051595189E-071
   258.151039397870       1.059376573083353E-070
   258.564116351647       5.467145057156621E-068
   258.564116353322       3.219636872062853E-066
   258.564116376212       8.115241509609972E-065
   259.513120579383       1.628554770740044E-022
   392.221258005920       3.432357831484624E-037
   392.221258007584       8.834125468886002E-040
   392.266077304920       3.765907570734658E-051
   392.300046335336       3.897974621341864E-048
   392.332889102356       3.860812339360959E-037
   392.332889103967       9.653682045672258E-040
   392.385299116777       9.087736787738762E-043
   392.385299116778       3.540829265686819E-043
   392.478224542769       4.684569013595534E-050
   393.173453412801       1.115247007310167E-039
   393.216987216484       4.368065656426381E-054
   393.216987216805       3.929665870666399E-049
   393.575874113081       3.328867797235230E-036
   393.629569613769       7.370326463634302E-053
   393.629569615916       1.346538972593699E-049
   394.534456283384       1.587972581457246E-056
   392.221258003781       1.326631149451268E-035
   392.221258007670       8.991971091089045E-040
   392.266077307256       1.392669529314307E-050
   392.300046332816       1.036115386988009E-043
   392.332889100249       1.450012511831593E-035
   392.332889104052       9.848870133508020E-040
   392.385299119078       3.279742671389083E-043
   392.385299119079       4.509660469201441E-043
   392.478224543228       1.130692613382994E-045
   393.173453418619       2.696410542370924E-037
   393.216987215469       2.614203897670380E-049
   393.216987218712       2.749632228335858E-052
   393.575874099507       1.851070446763792E-037
   393.629569614846       3.190962008477634E-051
   393.629569631586       7.470564933738017E-050
   394.534456285171       3.862996085445399E-053
   392.221258003966       6.150879610518158E-036
   392.221258007807       1.938531712374008E-044
   392.266077309999       7.406707922605977E-055
   392.300046331218       6.705462946085123E-045
   392.332889100473       7.361986281158389E-036
   392.332889104256       1.874261179514029E-044
   392.385299121768       9.939054039173416E-046
   392.385299121770       1.162022900426229E-049
   392.478224545224       7.302101844409760E-047
   393.173453417849       1.338213889934447E-040
   393.216987213931       2.978931730423417E-053
   393.216987219988       8.925534837666338E-052
   393.575874097964       4.072611276832716E-035
   393.629569612320       1.330882039187242E-052
   393.629569637333       5.375997328285443E-052
   394.534456285516       4.822839506089703E-054
   449.666702242975       4.543652438858848E-053
   449.666702251142       4.844851212145299E-047
   449.666702258360       2.814414249222067E-053
   449.780708676312       4.119759805573513E-020
   449.780708677277       3.306520293015102E-032
   449.780708687305       7.051362393800639E-026
   449.780708694790       1.866308807437933E-030
   449.780708696603       2.174359194262675E-018
   449.896226489618       2.571350367948430E-019
   450.649558845860       5.170352569735588E-068
   450.649558847933       2.058082600059626E-073
   450.649558863948       1.142002587628454E-073
   451.069712281888       2.585968762665632E-069
   451.069712295556       5.356229458946137E-067
   451.069712306806       5.389439460104557E-064
   452.019823117040       4.068935319020980E-022
   467.323835688436       8.895611370050088E-033
   467.345849957088       2.399000875031827E-036
   467.361995235085       5.990427119608042E-040
   467.427950244560       6.553507223070399E-006
   467.434019578407       1.817906421273005E-025
   467.460441257001       2.467444625266685E-030
   467.475856739873       1.382163455108666E-008
   467.478998335613       5.862451595344870E-033
   467.583513025931       7.468773415816739E-010
   468.290996097418       1.384063002892999E-081
   468.306823649727       5.564265022307320E-087
   468.328871147188       6.514855936704998E-077
   468.708181887822       2.114066567789533E-080
   468.727056695338       2.361044660909020E-082
   468.753445153266       9.524225266721763E-077
   469.663841289163       4.228387091201902E-017
   467.321886123081       7.179911353710875E-029
   467.354884424746       1.458052873571814E-028
   467.354916106334       4.981346102229734E-028
   467.431609644046       4.971296979160660E-007
   467.431609669909       5.595991439049690E-015
   467.470764820167       4.114619650534520E-018
   467.470903916977       2.625305459941493E-025
   467.470940249386       7.232752767270470E-025
   467.584945581128       1.926809780275414E-019
   468.297903509108       4.953756734615013E-081
   468.297934533146       4.395136300450793E-080
   468.330853210040       6.097524447121946E-081
   468.716411985124       1.268206109994629E-077
   468.716448975084       2.591522231381340E-077
   468.755822856628       1.851435586628137E-078
   469.663841546659       2.969159562544909E-027
   467.321886162314       1.054952130107832E-028
   467.354861773093       1.910917047754240E-026
   467.354938719872       1.841270856296047E-026
   467.431609564892       1.438628775922050E-011
   467.431609717455       3.025635640750037E-015
   467.470764930208       3.901282053062150E-012
   467.470877938843       4.429346545064263E-025
   467.470966181321       3.104012380107265E-024
   467.584945551567       2.534157561520954E-013
   468.297881360285       1.673688141811684E-080
   468.297956710027       4.121482683342542E-082
   468.330853179868       2.010695557361647E-083
   468.716385594140       9.376489128530148E-075
   468.716475433667       1.067872938583473E-074
   468.755822788733       1.573384970526396E-079
   469.663841546005       4.389344841788874E-021
   467.321888874504       1.708942552107489E-029
   467.354587857744       7.137007225569338E-026
   467.355209915590       4.982104482960652E-028
   467.431603109255       1.175314123007476E-009
   467.431613078252       2.365896089463779E-017
   467.470563695998       2.863001935974548E-023
   467.470773597317       2.562653839750438E-010
   467.471277073441       5.430827684194306E-024
   467.584943341699       1.664231151027138E-011
   468.297615842664       1.292732192969692E-078
   468.298224990602       1.687632768561131E-077
   468.330850419777       1.614765959773447E-085
   468.716069024844       6.529388421043386E-081
   468.716795312216       7.513230040365958E-076
   468.755819481565       1.240987362106008E-078
   469.663841546481       2.881633340246014E-019
   467.325888914571       3.239717892910965E-037
   467.341640847191       1.666099936778272E-036
   467.364147124102       5.662426976000546E-033
   467.425527538028       1.386334641349216E-007
   467.436544439227       4.732630391699894E-032
   467.455494928817       3.916486338368719E-032
   467.479448570302       9.941908173596685E-008
   467.481424504798       2.132068129021275E-027
   467.582344400143       7.209970670490656E-009
   468.288906289841       3.864470261959360E-081
   468.310995208407       2.368295021210112E-087
   468.326789636952       1.787966506231197E-084
   468.705694118002       1.303145687088093E-078
   468.732041044184       4.627712526874546E-084
   468.750949034634       2.282347676819549E-082
   469.663841261242       8.233013484072519E-017
   778.183573519882       1.145806844110769E-053
   778.183573523827       1.025648653415161E-055
   778.183573524616       2.761455924169202E-054
   778.302692355054       1.152119821568518E-018
   778.302692355086       1.112207363579602E-023
   778.302692358971       4.216944788017692E-034
   778.302692359721       3.223530992367164E-032
   778.302692360799       5.918721801389257E-021
   778.415879952605       9.722233644887764E-023
   779.136720188176       8.237032330379248E-071
   779.136720192701       2.441032045291816E-074
   779.136720194230       7.107800196210885E-073
   779.558840514025       2.164241418137043E-070
   779.558840517230       7.527698508204507E-072
   779.558840539266       2.753266311950096E-068
   780.478010165142       7.678998644665300E-025
   1958.82505745968       1.827789877195117E-053
   1958.82505746353       1.602342133451904E-056
   1958.82505746443       1.382902007601272E-055
   1958.94839297799       6.852468378855277E-020
   1958.94839297803       7.228149071960934E-025
   1958.94839298183       5.641170771711204E-034
   1958.94839298269       8.366065475046173E-033
   1958.94839298371       8.182960120934356E-022
   1959.05428931924       1.802068713351568E-023
   1959.69107530008       1.054203492415785E-067
   1959.69107530456       2.830947753539093E-071
   1959.69107530619       7.831664619414524E-070
   1960.11314006740       8.765386651571276E-068
   1960.11314007049       3.040204164866353E-069
   1960.11314009252       1.047854297399561E-065
   1960.94745408999       4.822674968881592E-028
