           0  0.168778063487013264387458072804587      
           1   1.18222248338901999092776902897769      
           2   593.152071554212003748638974900727      
           3   229990.497413270911661617001870426      
           4   227427450.153991037840321203013295      
           5   355017712831.208937049280444087307      
           6   649085125660088.425340846905506181      
           7   1244176633858360624.07532314853171      
           8   2420437025413919432805.04494213417      
           9   4732391122448635758184301.77290874      
          10   9269366162229540129058001938.48426      
          11   18168241215197512102271001545205.7      
          12  3.561956387079662471057624524864442E+0034
          13  6.984066561519301973753379360872642E+0037
          14  1.369447842367921366394871288623929E+0041
          15  2.685279499239537517991271132810507E+0044
          16  5.265458960703651737483457582561787E+0047
          17  1.032485745539153195921051764780556E+0051
          18  2.024567879670093248526565553069476E+0054
          19  3.969911333825621924682681504653510E+0057
          20  7.784475495238409955881313319625336E+0060
          21  1.526433707321550767817211925925731E+0064
          22  2.993136799162576860948926923717034E+0067
          23  5.869149950462251705434854040984085E+0070
          24  1.150863620966559103314456893702385E+0074
          25  2.256693279512574804387031789645058E+0077
          26  4.425081005067466771643399021825932E+0080
          27  8.677006664888483327154106797656426E+0083
          28  1.701447891062553601924431817756980E+0087
          29  3.336317631502586364500531547085567E+0090
          30  6.542084424392868329834537221433805E+0093
