                  1600
  -19.3557459902813       1.871138231426659E-039
  -19.3185845381851       8.645109908693344E-005
  -19.3025603722993       1.246310549669542E-035
  -19.2928841349197       5.778705485223775E-037
  -19.2523377608750       2.142959216439149E-036
  -19.2488881265009       6.995430927950182E-008
  -19.2256752656205       6.541103178907654E-005
  -19.1999626902525       1.971895309629256E-007
  -19.1102444804330       1.115195182547563E-004
  -18.6650585979692       1.204227333600546E-035
  -18.6117874768715       3.531235091683053E-004
  -18.5587342416835       3.857697773422802E-007
  -18.3954566317154       4.906006779178393E-039
  -18.3557066138221       2.670631116903948E-005
  -18.2723064458843       3.827612147890927E-008
  -17.6745715002036       3.867420115362894E-005
  -19.2992909882712       9.705311152079629E-036
  -19.2457784204483       2.365862776196457E-008
  -19.2238172516915       7.551188341302282E-033
  -19.2214629399037       2.268962539652340E-033
  -19.1671812715151       6.639113748476021E-005
  -19.1556852352735       1.596541248572566E-008
  -19.1272557544119       2.332568015524159E-033
  -19.0873177051161       1.086212547289558E-006
  -19.0157928675728       1.764433907771899E-008
  -18.6163980622886       7.078391822004958E-036
  -18.5715417731765       1.724244866705460E-011
  -18.4568696321706       7.538816949938396E-004
  -18.3270722543430       1.660169732279655E-035
  -18.2936511571705       9.538302246162883E-009
  -18.1856651617929       2.821951533004645E-006
  -17.6060829156576       2.583760776026743E-008
  -19.0177888310932       1.883661406662955E-035
  -18.9693765567917       4.541995516993598E-007
  -18.9556661054723       5.430293580433129E-034
  -18.9414484293687       6.828409269546091E-034
  -18.8874373635071       1.593116301183843E-005
  -18.8749040097209       7.654286329389193E-005
  -18.8733022635824       1.303084858177096E-033
  -18.8450671435440       3.720366015001540E-005
  -18.7586953565904       1.768877662901813E-007
  -18.3448107032373       1.087528390758112E-035
  -18.2850109059145       9.156879609260077E-007
  -18.2022475913674       2.494218485287449E-004
  -18.0557662814882       1.595083580762617E-035
  -18.0258262249719       6.805914775868490E-009
  -17.9277815186263       3.826800070553710E-006
  -17.3402533475398       3.179441534748413E-008
  -18.9733659159658       2.132257589486140E-037
  -18.9456049551856       1.164832178383867E-004
  -18.9227952914435       7.573206671964330E-035
  -18.9172531274198       2.458870546121423E-035
  -18.8769619454751       5.529081231458313E-035
  -18.8667046266783       3.821507859136235E-006
  -18.8536479802284       4.403175298931910E-005
  -18.8282661012252       5.400497795646034E-008
  -18.7489255284885       4.351070394754989E-006
  -18.3028418316023       2.979548892983830E-034
  -18.2548597168187       3.736679848839884E-004
  -18.1905365728628       3.159231413605423E-006
  -18.0339076882256       1.361830699315301E-036
  -17.9918968213800       5.792286303500041E-006
  -17.9173003567444       4.224247547221834E-008
  -17.3236856312420       1.635818570721911E-005
  -18.9224844014188       6.050330033047182E-037
  -18.8888027310152       2.149716190158548E-005
  -18.8466875539280       2.622535012676064E-033
  -18.8036744959198       5.009867419941208E-034
  -18.8015597215228       2.590214201096127E-007
  -18.7957148671493       2.751703177389854E-033
  -18.7842409330478       3.136753824531815E-005
  -18.6839371355401       1.094966059670343E-011
  -18.6302804507508       6.518811468319421E-007
  -18.2340153884148       1.338586161693145E-033
  -18.1396617690585       1.133139662573758E-003
  -18.1070434219776       2.744495990528390E-006
  -17.9610617054653       1.010618720462277E-034
  -17.9221551897023       7.571718373706859E-005
  -17.8045607958257       7.573271512770373E-009
  -17.2186220402683       4.002240154174693E-006
  -18.9721693598169       8.837814895922005E-005
  -18.9175656720906       1.672508809696338E-046
  -18.8980448223936       4.489054260725917E-008
  -18.8463291813552       5.273142399449511E-036
  -18.8265754691015       2.619964889217884E-042
  -18.7848775123620       1.204066101146796E-035
  -18.7828780601910       9.128103948589795E-005
  -18.7008183692032       1.413384317421010E-007
  -18.6655039803795       5.932146344931330E-041
  -18.2340424509761       1.499294974124478E-034
  -18.1914712335465       1.712545939500979E-003
  -18.1456556865736       1.915833779268063E-034
  -17.9755164430708       2.245476399958967E-036
  -17.9635162446028       3.390084760046911E-004
  -17.8450869094100       1.016586202362444E-035
  -17.2660477869055       1.825414363739838E-038
  -18.7737798121085       3.834445289005507E-037
  -18.7169619762757       1.212607163709877E-008
  -18.6953821813505       1.629623167486331E-033
  -18.6720282737609       1.736220997306961E-033
  -18.6331136456236       2.224754998732677E-005
  -18.6222889268043       4.616189273335511E-007
  -18.5613368653327       1.037719659018623E-035
  -18.5278413023479       1.064342240958122E-004
  -18.4502655595811       5.709867996853701E-008
  -18.0599381519906       2.482061467493959E-036
  -18.0281586725275       9.002016886401364E-008
  -17.8740035817511       1.032066189321844E-003
  -17.7853748317067       1.634493160573846E-039
  -17.7720091940356       6.931296730599262E-008
  -17.6165747063923       1.635702796968358E-005
  -17.0370228529989       2.173352768562627E-009
  -18.6318635334572       7.043996370370990E-040
  -18.5864474278140       8.912076043738693E-005
  -18.5625500070929       6.294852587389871E-039
  -18.5602228456378       2.224917423730683E-037
  -18.5136437801811       3.051350649762821E-005
  -18.5100057651561       1.445919967168280E-006
  -18.5099477580217       3.581329311822729E-031
  -18.4685552502704       1.763634974627487E-007
  -18.3675191657724       7.975735166683324E-005
  -17.9533434397034       1.071510578202631E-035
  -17.8979014195916       4.144889987202856E-006
  -17.8363959155009       7.075839366638218E-008
  -17.6725876697530       1.733290373324238E-037
  -17.6506869007984       2.162130988183601E-007
  -17.5425868341427       1.936712094413832E-009
  -16.9582244353635       5.532560139021078E-006
  -18.5445544346935       4.345412828312003E-009
  -18.5055018244241       1.768392764742850E-034
  -18.4769444837731       9.912327730080224E-007
  -18.4682569108605       1.585067867565179E-005
  -18.4512437009798       7.129791435586764E-033
  -18.4449585823303       1.369977830066434E-004
  -18.4143024321821       6.015007217900968E-036
  -18.3814250612334       2.737023749146586E-034
  -18.3119412950611       1.939940946768662E-039
  -17.8688599797056       2.483355468467027E-007
  -17.8457610435937       1.396424153437594E-036
  -17.7694870948012       1.734162284289456E-034
  -17.5978831275170       4.274593956232055E-009
  -17.5520452542649       4.399591362425771E-038
  -17.4838892013563       2.367627235067471E-037
  -16.8937451458994       3.952988825065056E-038
  -18.3710771905513       2.536288221630856E-008
  -18.3553536201247       8.630867711510235E-038
  -18.3285790897202       1.558064502056749E-004
  -18.3253079018524       4.353957403332537E-006
  -18.2810152815386       7.118480231739537E-032
  -18.2766813574878       1.817042817044750E-007
  -18.2554089170862       2.853333746182439E-035
  -18.2231404732712       5.647020240867058E-034
  -18.1299054320761       4.251218756896566E-038
  -17.7084988905192       1.359346165085848E-005
  -17.6673731535363       2.287952387825833E-036
  -17.6155969379183       1.121616573635568E-036
  -17.4383992305711       8.600255183623782E-008
  -17.3967099850090       4.479484647401924E-038
  -17.3045836533708       2.368659478717565E-038
  -16.7190031406889       6.868349358666817E-040
  -18.3900654273238       3.112083641820474E-005
  -18.3728716313694       5.315419691400419E-039
  -18.3499465418603       3.888401955881574E-037
  -18.3035891234735       1.879972595107960E-037
  -18.2743217951952       3.248870358078672E-036
  -18.2594019856680       2.418256742222346E-004
  -18.2461090322652       1.416946735543001E-006
  -18.2074701320152       1.590952799596016E-008
  -18.0930065772293       3.723633764571567E-004
  -17.6576626643298       6.208637603109657E-036
  -17.5988172657548       9.746171804401873E-005
  -17.5252624826607       1.849372286493780E-007
  -17.4355378290917       7.930560998515862E-038
  -17.3927334572743       5.763196468837782E-005
  -17.2575615718919       5.004124574045382E-008
  -16.6685785397528       5.503047596084974E-005
  -18.0820208921867       3.219299648981955E-037
  -18.0257136647529       4.599982148382408E-037
  -18.0095604850783       4.580036883796877E-010
  -17.9979995868088       7.349772856030682E-033
  -17.9898575111381       2.906275663718083E-007
  -17.9586108829431       3.891735043942494E-035
  -17.9444990778029       6.856140208693266E-008
  -17.9238019430861       1.582062172581765E-007
  -17.8369044513752       2.267569659109213E-008
  -17.4097263518221       1.393022804233296E-037
  -17.3775272019925       8.183604042666271E-009
  -17.3177634386648       2.386560473362952E-006
  -17.1030420963144       1.548474761378086E-037
  -17.0781806752945       5.406969359163417E-009
  -17.0002711918562       2.057641938646795E-009
  -16.4006874089493       6.381069531317970E-009
  -17.9711703987807       4.048789719091174E-035
  -17.9227718124548       1.098436684405120E-006
  -17.9190029546887       2.103002107980516E-033
  -17.8982633177933       1.165613655452229E-033
  -17.8507614129151       5.517628072180002E-005
  -17.8388310805279       8.267774781073428E-005
  -17.8362520050036       1.061692837205159E-030
  -17.8071309546448       6.699958424388690E-005
  -17.7322170717837       4.879399139664090E-007
  -17.3009722003871       2.392671884191784E-037
  -17.2427291432126       1.533167115913916E-006
  -17.1680457188766       3.050607422713787E-004
  -17.0146395801286       2.112643136840402E-034
  -16.9814911775769       1.733935196935118E-007
  -16.9014758877663       2.013688335260573E-005
  -16.3114263010474       2.144421443744837E-008
  -17.8898538695606       9.360475993370625E-042
  -17.8626490238253       1.879763326900379E-004
  -17.8449099333612       1.169771007757697E-034
  -17.8387791622143       1.597999726002346E-035
  -17.8081629115994       1.026237157314736E-033
  -17.7986511247145       2.567080794506824E-006
  -17.7804481314995       5.255193587220824E-005
  -17.7594769315380       4.789190247187543E-007
  -17.6841261941143       2.219608222106688E-006
  -17.2223779342619       2.458812014740463E-035
  -17.1818737665197       3.774523489901274E-004
  -17.1269048411680       2.379984710678005E-006
  -16.9563796063746       2.699535383790245E-037
  -16.9153938624102       1.411331722960724E-007
  -16.8518580692955       1.350968455087265E-007
  -16.2549791491830       2.560355839372922E-005
  -17.7025071438734       6.592401457577652E-039
  -17.6592293179113       9.262027784105419E-005
  -17.6501828714569       1.280714258302724E-034
  -17.6424836942756       2.181322386151451E-035
  -17.6126719234946       1.752177893466517E-009
  -17.6018815263937       9.390838491751069E-036
  -17.5818723996099       1.823169400777461E-005
  -17.5567425286467       7.829240793602414E-008
  -17.4683763591624       1.576836062560683E-006
  -17.0353949314341       3.464526912412338E-037
  -16.9996828346096       1.565760108790623E-004
  -16.9456123934412       4.370619060410830E-008
  -16.7510576814003       2.849391951490654E-038
  -16.7170994253919       1.470199337251620E-006
  -16.6382060121163       1.483170885356383E-009
  -16.0456670167741       5.238498259668531E-006
  -17.5015233718894       1.429657881748706E-037
  -17.4507028913966       5.351307632215848E-008
  -17.4397804798340       1.026492701035570E-033
  -17.4263206082638       2.934957071739418E-032
  -17.3976575460024       1.362893306168546E-005
  -17.3866887653185       1.036598678951963E-032
  -17.3575901545472       7.387673190281313E-008
  -17.3330686582369       1.376331567120973E-005
  -17.2472948824913       1.106755632564758E-009
  -16.8318834352392       1.776861501112889E-039
  -16.7916097423180       1.508387938721635E-008
  -16.7269436985287       1.514493689453397E-004
  -16.5369000784331       3.517633837234727E-035
  -16.4953281586022       8.548607871372784E-010
  -16.4159384352804       7.285750082952366E-006
  -15.8229047922902       5.958060636806455E-009
  -17.2217874581753       1.356068783813708E-035
  -17.2003083119675       5.182531515235571E-004
  -17.1963848910008       6.465592630921879E-005
  -17.1872792988908       2.396010490582541E-005
  -17.1487272448380       1.814067509780178E-032
  -17.1308470803879       3.450115976230352E-035
  -17.1236052655077       6.666525142104469E-008
  -17.0790385748263       1.169098158054220E-033
  -17.0085995068867       1.040031988105795E-036
  -16.5416498106225       4.490584114774218E-005
  -16.5046340888569       8.022250028836211E-035
  -16.4815030357560       4.823680888640803E-034
  -16.3137441607247       6.645553480998365E-006
  -16.2705302458620       1.214458522895941E-037
  -16.1885212262996       1.592982071119983E-036
  -15.6101758390093       4.880258947875006E-038
  -17.2456395681191       1.990990587260591E-007
  -17.2199322757711       3.104484786066773E-037
  -17.1495827404360       7.198684568078197E-004
  -17.1453203097896       3.453822496212054E-005
  -17.1421523658797       1.494443792897432E-033
  -17.1095060181471       7.632822626092527E-036
  -17.0967361178934       8.580388876568331E-007
  -17.0464210614998       7.178454632039365E-034
  -17.0004126400431       6.128514338030730E-037
  -16.5217498259306       1.671876951067146E-033
  -16.5133872068979       1.937191224468318E-007
  -16.4103106290710       4.305709491830274E-033
  -16.3083892851281       6.610308132213619E-008
  -16.2571919052964       6.143109330413109E-036
  -16.1782783198294       1.391473665688950E-035
  -15.5966355375717       1.471699043499981E-036
  -17.1850574370669       1.476914946282146E-039
  -17.1425875105751       2.231855986923347E-005
  -17.1339243190148       2.116958298583095E-037
  -17.0937404908446       6.118835414965721E-038
  -17.0659390201078       4.047164689167324E-004
  -17.0546274562655       1.722465600431247E-034
  -17.0410627475084       2.118850418020797E-006
  -17.0181255721492       6.609265354816296E-008
  -16.9519119367591       1.102059278162570E-004
  -16.5088105226186       4.416924926130247E-037
  -16.4241988419845       1.098473950916145E-004
  -16.3725903791479       1.041478116679562E-007
  -16.2383107780497       4.711366842165984E-036
  -16.2061817663192       9.900083935289851E-006
  -16.1283906848055       2.245345192937883E-010
  -15.5431710396472       2.562835932714686E-007
  -16.5807651812968       5.487456675518089E-041
  -16.5388648644324       5.919820016140255E-037
  -16.5330842596554       5.278716591938282E-005
  -16.5103420249839       7.523725655115869E-035
  -16.4957400218018       2.525052646361653E-010
  -16.4859637265316       2.888578167278468E-035
  -16.4475151267447       5.575886589586684E-006
  -16.4312831905937       1.192166821778163E-007
  -16.3579815559021       1.588031427197287E-005
  -15.9220676114416       4.933162539840929E-039
  -15.8808712066201       9.512251723934249E-005
  -15.8368323350647       1.067664318524410E-007
  -15.6280161624017       2.129829431289229E-039
  -15.5827788176432       1.881560363273110E-006
  -15.5260299449813       3.515225673928706E-009
  -14.9276144232339       9.749448877785481E-007
  -16.6485303297577       1.868047733529958E-005
  -16.6305720565324       2.861054281151958E-038
  -16.6088358029489       4.678974559225679E-006
  -16.6066440030510       2.537225071677859E-004
  -16.5775261910208       1.149681729060164E-006
  -16.5716723430481       2.719419242651676E-032
  -16.5426844066933       3.205728657241571E-036
  -16.5265542790206       1.069883611845762E-035
  -16.4477897148827       3.889219331169544E-037
  -15.9887587252270       6.968579871325960E-005
  -15.9549053069688       8.576967042416150E-037
  -15.9124446320169       1.585077775709981E-035
  -15.7249786882245       6.585952360766131E-006
  -15.6840840838553       6.484309138254705E-038
  -15.6166213040872       8.646245405822378E-038
  -15.0206054150416       1.162820916667374E-037
  -16.5650959438792       1.448685239944009E-037
  -16.5222536450924       8.110826057681594E-035
  -16.5079018584900       1.161391584481496E-007
  -16.4906773192463       8.130321562197770E-035
  -16.4733317604059       2.468010420060533E-006
  -16.4579534426523       4.723432590567706E-033
  -16.4366910673425       2.031564995463997E-007
  -16.4174960744430       1.537555269647316E-004
  -16.3516333502827       2.487657091785683E-007
  -15.9017494030582       2.268424250775518E-039
  -15.8598995642151       7.398503735318878E-008
  -15.8039500118847       1.106350940447871E-004
  -15.6093896788815       5.497724853830941E-035
  -15.5735737288326       1.197821718743596E-008
  -15.5176603207533       2.053923934439862E-006
  -14.9168224032092       1.628987747081420E-010
  -16.4073354774034       1.628705323650018E-010
  -16.3625919349786       7.576451731719377E-008
  -16.3481382859504       8.198546922164394E-038
  -16.3378375955408       1.029135498005770E-007
  -16.3275225275442       5.846188341426912E-033
  -16.3057990518674       4.595264237234269E-005
  -16.2866695923202       5.834979255163467E-036
  -16.2615353547409       3.322836064907175E-035
  -16.1860337082245       1.450161073572141E-039
  -15.7485960700776       5.471135547530908E-009
  -15.7159241482806       8.840002397835751E-036
  -15.6692802745330       5.840388115042155E-034
  -15.4490702734882       3.670763447700618E-011
  -15.4119354240689       4.493297604476403E-039
  -15.3586371327993       2.518807931952522E-037
  -14.7631635794840       6.383672148798586E-041
  -16.3915871804912       4.178443218071911E-035
  -16.3414685608331       2.185827685583221E-006
  -16.3381684278782       4.303076873411595E-034
  -16.3172800601132       6.850620925183307E-034
  -16.2785773310374       1.896743638929060E-007
  -16.2673809314408       1.386412405685768E-033
  -16.2570366718557       1.839420319958663E-005
  -16.2467613283817       3.981095775005474E-004
  -16.1593923275261       4.817432564600310E-007
  -15.7237686818501       4.833686253382679E-037
  -15.6628186848882       8.342398102807549E-008
  -15.6020385888943       8.303607936575557E-005
  -15.4412849601625       1.709256565051498E-034
  -15.4114908532173       2.045705386699065E-008
  -15.3374274807511       5.321915683058043E-007
  -14.7532642308690       4.246727705336000E-009
  -16.6157636050880       1.123497318256981E-003
  -16.5985342403156       3.889919577831623E-037
  -16.5428835667987       1.895397826675863E-033
  -16.4980730134750       1.109632449876767E-035
  -16.4903781505853       8.105163298816971E-005
  -16.4688545922443       1.386924701907760E-006
  -16.4052367400804       3.287791988094111E-008
  -16.3944088348870       2.462325514134835E-034
  -16.2958496053035       7.102658576230259E-005
  -15.8461768364925       6.914995932437802E-033
  -15.8312924547857       1.443770525218497E-004
  -15.7592150816900       5.872115400857282E-008
  -15.6673845393472       2.955778213164006E-035
  -15.6452064805837       3.946898169552828E-008
  -15.4872773637734       2.479355118382504E-009
  -14.9239077523807       5.211382594337681E-009
  -16.0225506710457       7.854438623892103E-034
  -15.9821675002240       5.522528819922413E-034
  -15.9682546778456       6.515313176900075E-009
  -15.9510067002620       1.293473900754786E-031
  -15.9149048209970       1.298535453018238E-004
  -15.9085882927540       1.314695231544396E-007
  -15.9034654454161       4.430359040821212E-032
  -15.8820735753260       1.322432724752014E-004
  -15.8137483627020       6.914324262063640E-007
  -15.3571145782071       1.745781423385565E-038
  -15.3062301956826       3.925495255811770E-007
  -15.2463977779372       7.199601750998266E-005
  -15.0720887957271       6.335617114778242E-035
  -15.0461202329396       2.043820332934220E-008
  -14.9818121258112       2.808711301239249E-005
  -14.3857931838559       1.289990807362892E-008
  -15.6894159756411       1.967163968967548E-039
  -15.6518650974368       7.046830687781689E-037
  -15.6207513888033       4.833446561587976E-009
  -15.6136456441163       1.427329033869046E-005
  -15.6087310647255       3.126885536082353E-034
  -15.5847083668541       8.287561828796638E-039
  -15.5683890027895       1.370038887993703E-005
  -15.5546616524843       1.267473036114233E-007
  -15.4817705006561       1.420911078726369E-006
  -15.0266124564914       3.340618054366293E-038
  -14.9995448582709       8.618650341326760E-006
  -14.9587233478436       1.331507257962940E-010
  -14.7178167315111       2.714709264826379E-038
  -14.6939078142496       5.285591791879416E-007
  -14.6441740162316       1.936708453054850E-010
  -14.0362457351546       5.912549765592998E-008
  -15.8261612006101       1.017793381647191E-007
  -15.8139872923583       5.982962504726993E-035
  -15.7953512210126       2.824556246065763E-004
  -15.7847347884646       2.508393526656680E-008
  -15.7475336771687       8.097841680584500E-033
  -15.7430315507690       1.634010720131598E-005
  -15.7316041042297       3.530682232524783E-033
  -15.6957353786867       6.864906357704324E-034
  -15.6095414945239       1.361743510029372E-036
  -15.1669953863749       9.561814266550462E-005
  -15.1347013804104       1.012255024228948E-033
  -15.0870479652324       1.897853297717737E-034
  -14.9064469245948       2.775242666365599E-006
  -14.8642972798686       9.377589442329737E-038
  -14.7903179851571       8.666160604594615E-037
  -14.2032874068582       2.898201400585627E-036
  -15.6815767267985       7.737812575659645E-007
  -15.6485670964239       3.445387067521876E-006
  -15.6267580472170       9.297945021549286E-035
  -15.6110753770251       2.582987206568455E-005
  -15.6099963366338       1.417122789329373E-030
  -15.5888775613520       1.170389410519949E-005
  -15.5544309769758       1.387005591021050E-035
  -15.5424035876546       4.097939177385841E-037
  -15.4732839932685       8.023130136634042E-037
  -15.0240942340816       3.127363132555492E-006
  -14.9870003508749       6.887162132215573E-035
  -14.9508293140610       7.024840873480097E-034
  -14.7258905869248       1.578034422705484E-007
  -14.6837804539948       1.586567759698375E-037
  -14.6408261516762       4.987901070119558E-037
  -14.0320728309874       3.661171408894011E-039
  -15.6009398013761       3.522063642223542E-008
  -15.5816373233318       2.180905064700664E-039
  -15.5596846563581       4.134910997769074E-006
  -15.5571914749499       3.488885610782818E-004
  -15.5206367742015       8.001021270797755E-032
  -15.5076701198190       2.908378462016737E-007
  -15.4890095182120       2.491946405700376E-036
  -15.4595733684763       4.441824579781652E-034
  -15.3693881732064       3.530209922156815E-039
  -14.9353013338604       1.225404025735969E-004
  -14.9019056119489       3.981865333412454E-036
  -14.8535251067814       5.995338265872184E-035
  -14.6669870757365       4.962251277712719E-006
  -14.6276593779679       3.685151685285206E-038
  -14.5412430034639       3.022867996999942E-037
  -13.9521656105370       1.281753975481319E-038
  -15.5523770898905       2.483691439527745E-037
  -15.5163009745761       6.772741463145089E-035
  -15.5073694985503       1.377577836377302E-006
  -15.4897169841507       6.094229078497660E-035
  -15.4617822915293       6.422182645692779E-033
  -15.4580200369885       3.453193964257463E-006
  -15.4408063078800       1.012436416522933E-004
  -15.4209200850631       6.119339125654362E-012
  -15.3486760709193       8.963012572845326E-005
  -14.8908448415516       4.457476351653447E-036
  -14.8388625801295       1.584367699971244E-004
  -14.7994736222076       5.174769979825416E-007
  -14.6077482876558       1.638186670314125E-036
  -14.5687853673192       7.409759897300015E-007
  -14.5194095952825       3.373338399381516E-007
  -13.9210297115761       7.202932157674648E-005
  -15.5410113688132       1.118969466918618E-035
  -15.4873321003350       4.918434837703274E-008
  -15.4787865790857       2.170020176997770E-035
  -15.4709365948399       1.008377763648774E-033
  -15.4264772370189       1.363399704381133E-006
  -15.4140946061740       4.602700179284827E-007
  -15.4048436763907       8.321387562119470E-033
  -15.3757098197698       1.573167286610585E-004
  -15.2977319996475       2.901315244362321E-007
  -14.8662860402596       7.431624007262533E-036
  -14.8251529087807       1.176841885921916E-007
  -14.7398757105774       5.875866858573997E-004
  -14.5805929979070       1.254878211919981E-037
  -14.5553699846001       1.064096376713128E-008
  -14.4652926125959       7.830080932611993E-005
  -13.8748310218208       1.602753516293156E-007
  -15.5139501011612       2.641489442371795E-008
  -15.5023165438326       6.325365635693818E-036
  -15.4529785508442       1.308020401897838E-008
  -15.4267542372293       2.366964419323305E-004
  -15.4054849300351       3.015037582284237E-004
  -15.3969482912336       7.834099829719695E-031
  -15.3812334280039       6.574130333651262E-034
  -15.3499467168804       3.847692987038159E-034
  -15.2525863857671       4.911207836359540E-036
  -14.8161262032012       2.025816774543551E-007
  -14.7928217538075       3.141226579520873E-033
  -14.7064626959488       1.199875496205140E-035
  -14.5748977163990       1.045579603641128E-008
  -14.5342791396913       4.586717248687672E-038
  -14.4247293765101       4.296996088875815E-038
  -13.8361510856776       2.505464181145925E-036
  -15.4869905152643       1.342049996194980E-038
  -15.4563517629591       5.794164490589625E-006
  -15.4260488969799       3.644331013908033E-037
  -15.4146093602034       2.036063562798196E-033
  -15.3754586068179       3.540381879231172E-004
  -15.3684297060665       1.558720852901376E-034
  -15.3495222344107       4.198753547817168E-006
  -15.3383916383528       1.949243820770645E-006
  -15.2339490671327       1.627041418414537E-004
  -14.8042501998233       5.840532919268332E-034
  -14.7484237260106       2.653625939963460E-004
  -14.6749552854985       1.931517867646970E-006
  -14.5407001284826       7.663313061931201E-037
  -14.5222589612845       4.443675176742542E-005
  -14.4058493095558       1.810431881741927E-007
  -13.8176504798674       2.303705523619008E-006
  -15.1498822838098       9.974854021153745E-036
  -15.1078620489930       1.105960681601839E-034
  -15.0858897958796       2.107014062510830E-009
  -15.0743229145407       2.538158115819500E-031
  -15.0683875078749       9.475830641636908E-007
  -15.0467087755577       1.415127348517228E-034
  -15.0259418229855       1.587659012615542E-006
  -15.0142969972902       9.797639970906839E-005
  -14.9352623796138       5.096623900540655E-007
  -14.4826603837850       7.851260898424917E-038
  -14.4478640630160       5.552181563079239E-008
  -14.4024161295634       4.157972666337244E-007
  -14.1842770376118       7.140796024430039E-038
  -14.1608234672511       8.345962053648455E-009
  -14.0946506079413       6.805310612585999E-006
  -13.4875325720461       2.696361486837162E-008
  -14.9668594826616       3.110812489052997E-036
  -14.9259294192947       8.940739246545138E-005
  -14.9203769033487       8.064450312714670E-034
  -14.9006906568514       4.784933644670320E-036
  -14.8748552725583       8.688531002834174E-006
  -14.8628370085592       1.571068452882434E-034
  -14.8460754028346       6.126811158353249E-005
  -14.8200187732503       1.712619957576102E-005
  -14.7331466625909       3.331532511483963E-004
  -14.2781391858743       3.466817050921243E-037
  -14.2382856881543       1.044230711150596E-004
  -14.1766327418456       2.362472135140781E-005
  -14.0107732662768       1.943592563938652E-035
  -13.9761484087792       4.629306894339492E-007
  -13.9054009925379       2.828853757696232E-005
  -13.2978126368692       2.208411449974717E-004
  -14.8803483107850       7.624540484942778E-037
  -14.8268272305142       1.007027150935480E-034
  -14.8201204557485       7.896726988797677E-006
  -14.8031354312972       1.571314016609879E-032
  -14.7865336619386       1.324260014499941E-008
  -14.7573020783506       2.348968435621949E-032
  -14.7523768186074       3.173291333020887E-005
  -14.7260905616095       1.921432697229076E-005
  -14.6393819527152       1.439615681492736E-005
  -14.2074840320415       1.273746124404676E-038
  -14.1734837854923       2.889177642352076E-005
  -14.1034870849895       3.519932527934241E-004
  -13.9139043265695       3.433535516469720E-034
  -13.8855339115335       6.170435158653118E-006
  -13.8155039271307       7.407728739115756E-005
  -13.2143311931427       1.753553021600975E-005
  -14.6141401084089       9.004664311486783E-038
  -14.5620932970423       4.247882713147379E-005
  -14.5604555096141       1.676476967585205E-034
  -14.5497444288769       1.801207454769994E-035
  -14.5226419206556       2.220830824987238E-008
  -14.5058881090171       3.277028235761703E-035
  -14.4936086407698       8.310838137953618E-006
  -14.4609354960175       8.190799473089542E-007
  -14.3743098763616       1.272179649859787E-004
  -13.9465819884413       8.318185859681312E-037
  -13.9108206364280       6.558118469161742E-005
  -13.8557231755979       1.283737783937931E-007
  -13.6559185389697       7.602999559566550E-038
  -13.6188099852894       9.332700798769253E-006
  -13.5492003441182       2.495694383559386E-008
  -12.9602449705357       2.389457631723347E-005
  -14.4729240046822       1.114651716554624E-036
  -14.4293085420134       2.163491624549950E-033
  -14.4243511288602       2.072479201315747E-007
  -14.4004853249002       5.597896370016223E-032
  -14.3863144108415       4.618337035909444E-006
  -14.3753866663735       3.505147831386979E-033
  -14.3362355440798       6.143053631021526E-008
  -14.3190278097096       5.147568368474971E-005
  -14.2453852876376       4.460048033000185E-007
  -13.8117876684285       7.570305345212115E-038
  -13.7705829556168       1.528524712689638E-007
  -13.7249064719704       5.359469353407473E-005
  -13.5171688900363       7.174889312578153E-035
  -13.4704010806969       1.628242799382440E-008
  -13.4131295477202       3.547595347376273E-005
  -12.8146566109219       8.407044572322031E-008
  -14.3087373220968       3.924832424153521E-037
  -14.2882486141097       1.927068091469710E-004
  -14.2293839745146       1.777105441770872E-034
  -14.1940690587897       4.492661109017443E-004
  -14.1830662486102       6.454024703667185E-033
  -14.1738945143275       2.325764181952089E-006
  -14.1575647725479       2.457894301251589E-032
  -14.0786270727234       1.921850462916742E-008
  -13.9644932090620       2.537735965593187E-004
  -13.5442714451798       5.124340075846168E-035
  -13.4873542349681       2.446194992859106E-004
  -13.3936535846853       1.177730324327396E-008
  -13.3269189113127       9.393629612510125E-004
  -13.3121190032806       5.322231184140104E-035
  -13.1152514374662       3.300408873354660E-007
  -12.4998395987474       4.773279850212997E-004
  -9.33230426461281       1.256925022682754E-037
  -9.31414728377953       5.892327111853974E-035
  -9.28691177782114       3.094929803949550E-010
  -9.25459988401020       2.702429555985811E-007
  -9.25282215416877       2.434106763736180E-035
  -9.24693783013417       1.166291156762396E-036
  -9.22640081531860       7.629352389827172E-007
  -9.21544358685649       2.688566741729743E-008
  -9.15306155901938       2.554901117238316E-006
  -8.67807930208334       2.008176068542973E-036
  -8.65442516618116       1.531613873542221E-006
  -8.63334503554480       2.218284048594060E-008
  -8.36747430201537       1.055463666277108E-036
  -8.34193981777544       1.838594751583449E-008
  -8.31959172550474       2.525555633598560E-009
  -7.70015996328305       2.758020980244489E-006
  -9.23046696532623       2.286599832367820E-036
  -9.21243573406163       8.851137428841685E-035
  -9.18460411423942       2.710229354700564E-008
  -9.15389563297715       7.640017658362208E-009
  -9.15055436163614       1.241163690143784E-033
  -9.14556642130031       1.275466581620365E-036
  -9.12202770418222       6.355028693907460E-009
  -9.11143700148561       3.027825790299925E-008
  -9.04936572551050       3.584346662354910E-009
  -8.57661457046051       1.009393719706318E-036
  -8.55196657263815       2.350295209364895E-009
  -8.53122311754973       1.684324632357509E-006
  -8.26611429322916       6.626347943114619E-037
  -8.23819985963159       6.950454475002354E-010
  -8.21553619699192       6.455853601146238E-009
  -7.59646015960471       8.934792692890664E-009
  -5.96781995496275       2.023088269072399E-009
  -5.95985714929585       3.685276239065756E-009
  -5.94309250749152       2.388566457165327E-035
  -5.89660320549437       2.633923495716977E-008
  -5.88416904889366       9.061183469611846E-035
  -5.88316204958991       4.868806277778366E-009
  -5.88140711964343       4.554317558154082E-036
  -5.86809060238828       8.553657595378542E-037
  -5.80333357537692       5.006419650149342E-042
  -5.31323135385485       4.517672870710257E-011
  -5.29909263802561       8.096078986112123E-038
  -5.29041812835861       2.648257068053073E-038
  -4.99915175342228       4.663374871356276E-011
  -4.98368355815169       6.056674873339515E-040
  -4.97320285536514       5.606302917266814E-041
  -4.34127696040017       1.821277168102639E-043
  -5.89791316376643       5.052702966872943E-039
  -5.89054503086779       9.293386184896064E-038
  -5.87947515422320       5.022986083771424E-012
  -5.82593850992020       2.045349258927463E-037
  -5.81940229292297       2.376073744660994E-007
  -5.81190788886355       7.775918372297679E-037
  -5.81121976116342       1.330763533399804E-010
  -5.80285311523185       1.968166898502498E-009
  -5.73620618829068       1.426680869944617E-008
  -5.24153430845297       1.560924776181751E-039
  -5.23317839242378       1.531935353990008E-011
  -5.22526779699573       3.726418258882966E-010
  -4.92667051094104       1.933956941655775E-037
  -4.91810115264936       9.254113600578142E-008
  -4.90835275778509       6.985143443267309E-008
  -4.27402904662192       1.104533487033820E-009
  -5.88215085606327       5.352852192240280E-009
  -5.87952187669741       6.086068884717105E-009
  -5.86021602517515       3.287392545524961E-034
  -5.81291992565939       5.559336452554172E-009
  -5.80082976331467       1.206316935001635E-007
  -5.80010695226424       2.673318853678810E-034
  -5.79851354010999       9.923515169262396E-037
  -5.78520771545851       4.364645742326052E-035
  -5.72080242244880       2.081994288624659E-038
  -5.23032912949536       2.124740483747122E-006
  -5.21407109823143       1.041266665647048E-035
  -5.20975060457398       1.019221877611332E-036
  -4.91631429115191       6.438393996487032E-008
  -4.89729219594237       1.634438883208305E-038
  -4.89350327229284       4.941669115986335E-038
  -4.25844779904667       4.982498344034014E-041
  -5.79985509794050       2.175533472468767E-036
  -5.79547730346152       3.739009347590103E-035
  -5.78341218399576       3.816717221856327E-009
  -5.72628987878383       4.341768453322011E-038
  -5.72461236991479       3.913070559528348E-010
  -5.71881688864711       6.711437954977950E-036
  -5.71107826166073       7.018724534027347E-010
  -5.70873684689040       2.907032306677673E-009
  -5.64070535811409       6.672652226799518E-011
  -5.14498258669911       3.339961331287409E-038
  -5.13686825800394       1.174355495557425E-010
  -5.12987111070285       1.316291033781454E-008
  -4.82956377154192       8.767298118890938E-040
  -4.82030128978993       6.311387551643696E-010
  -4.81440085916066       1.432603732272460E-008
  -4.17788591619075       5.683421574086357E-011
  -5.45260009330863       3.186458059453975E-035
  -5.44269103646977       7.396380834151942E-034
  -5.42823927796060       6.162537317820243E-007
  -5.38344126126810       3.844119626625984E-033
  -5.37482267993793       6.028276973404903E-009
  -5.36898695673015       1.845547905131416E-006
  -5.36738963961304       5.205940251226629E-033
  -5.35696157234942       4.924077990540057E-006
  -5.29189306404611       1.306591270584209E-007
  -4.79756277990392       1.216451961293577E-034
  -4.78587184646259       3.978939886312614E-006
  -4.77576600172751       7.536125290362558E-006
  -4.48654965547652       1.456599734680228E-038
  -4.47792449700520       3.407776089032367E-006
  -4.46470519073566       2.896867361567484E-006
  -3.83500242635086       1.046416313076519E-009
  -5.30937313524379       3.352723566780169E-034
  -5.30345389253032       1.313538146103355E-033
  -5.28718602986113       1.547516032616398E-009
  -5.24007277889487       2.665824544092776E-034
  -5.23481948097347       3.966930137326161E-007
  -5.23052889735517       2.142857137094027E-036
  -5.22581588595686       6.751681482693992E-006
  -5.21755936833932       7.840654252336940E-007
  -5.15245050251021       1.926780158791421E-006
  -4.65689594528608       3.530044533062291E-034
  -4.64455388169479       1.405192427479972E-005
  -4.63651215376987       1.408664940978423E-006
  -4.34606345976775       6.774043744667479E-035
  -4.33490530977309       3.813236509391361E-006
  -4.32718175154377       1.301764320773531E-006
  -3.69480800454041       4.981168429252440E-007
  -3.56754054368014       8.513787587935241E-009
  -3.56146608486662       1.109502565925563E-009
  -3.54867914000237       5.245215660266083E-034
  -3.49275081788880       2.435503650802471E-008
  -3.48710302228638       7.227280588661141E-036
  -3.48545831123739       2.498976024398127E-007
  -3.47740072925710       7.396146591770743E-036
  -3.47024031795797       2.794616579016165E-035
  -3.40445110979736       1.438787199186667E-039
  -2.91240443282890       7.501039524072077E-007
  -2.90267198131867       9.154165855285353E-037
  -2.89507698972158       3.689913765969208E-037
  -2.59651122966016       8.747136100439021E-008
  -2.58390412578131       1.074971241608431E-038
  -2.57541059875679       5.006659990712892E-038
  -1.94127974409754       1.531098613436056E-041
  -3.52185639089969       2.832237452390213E-037
  -3.51524509205523       3.484238556227851E-036
  -3.50323166957151       1.813672626768779E-011
  -3.44602288157855       1.802204299456656E-037
  -3.44320562246732       1.166228164904610E-007
  -3.44035161105321       1.741238383860422E-035
  -3.43071913075550       2.923074908987470E-008
  -3.42558530364040       2.396011873830844E-009
  -3.35928936480122       6.727934839360334E-010
  -2.86636844599311       1.214010419918956E-036
  -2.85765902682047       2.018132324277928E-007
  -2.84936657863088       8.988358028237462E-009
  -2.55041026149620       2.417018682408102E-037
  -2.53978856407215       4.019753014527326E-009
  -2.53071818320329       6.640537832203760E-010
  -1.89663897790727       2.547945783360791E-011
  -3.41588097714914       1.843488020098578E-015
  -3.41239250316730       1.130032985740448E-012
  -3.39810809044885       1.253612077897804E-035
  -3.34630248521169       3.383138422500248E-007
  -3.33442287047036       1.250876565113631E-039
  -3.32991585386188       9.188361976278451E-015
  -3.32807543905484       1.956633590443772E-039
  -3.31985743558133       2.097084967985449E-036
  -3.25302405853653       1.427939217786924E-040
  -2.76207856441738       1.495078318517806E-010
  -2.74859128807561       2.968248829459276E-035
  -2.74749346245115       3.309037925684110E-036
  -2.44674007024457       5.125850843179346E-011
  -2.42995524744232       3.665492382083192E-039
  -2.42764328643880       6.303162194182324E-040
  -1.79107028602920       5.100327390090586E-043
  -3.41141626230061       5.118496849766706E-035
  -3.39711345229529       2.604480563781610E-034
  -3.38958782267656       3.092945749538679E-009
  -3.33863269109971       1.813646378344090E-035
  -3.32520659446920       3.941411761598580E-010
  -3.32321943857495       2.419770732155017E-009
  -3.31738110774273       2.166561008401033E-035
  -3.30789459660230       2.303038881279825E-009
  -3.24157334303134       2.002886501621963E-009
  -2.75138252810455       1.013599802321268E-036
  -2.74564202152870       8.395865734736272E-009
  -2.73189099357450       1.049054902470185E-008
  -2.43574286978710       2.086572623518530E-038
  -2.42877164259725       2.114081554024076E-010
  -2.41034704538231       8.460598173551824E-010
  -1.78055779776289       1.186692199719391E-009
  -3.40306929056555       2.208021520163575E-037
  -3.39246956479898       2.073267288656806E-037
  -3.38379402621830       1.541405557693162E-011
  -3.33231554874527       7.749638079472282E-042
  -3.32277637815144       2.559236934131609E-009
  -3.31450434220937       3.670387856738723E-009
  -3.31149569605734       3.136884856599402E-036
  -3.30415507620306       2.053124301668776E-008
  -3.23742246261275       2.353444910884121E-007
  -2.74511678125801       1.718017837895266E-037
  -2.73800354009270       6.516713203110980E-010
  -2.72848595005575       3.040421477418670E-009
  -2.43040992220085       1.230509384751672E-037
  -2.42274680544880       7.181882488231858E-009
  -2.40974325511921       1.708341803173062E-008
  -1.77772881843166       3.883747691218293E-007
  -3.36037720529140       5.274734661274402E-009
  -3.35707482109192       4.442073938691074E-008
  -3.34049442036204       1.353296698485092E-037
  -3.29287960091388       8.837402148870690E-010
  -3.27961435155782       4.392967464460245E-038
  -3.27703832101550       1.321362819217848E-008
  -3.27579636605472       1.611532349258010E-036
  -3.26423828713528       1.394473785140600E-036
  -3.19907045626758       9.017833111654935E-041
  -2.70824540977221       6.755207939919009E-006
  -2.69283072082045       1.547937105481073E-037
  -2.69114884784325       1.600548326828788E-035
  -2.39522265416312       8.325408618074774E-007
  -2.37721082665866       1.912992245044275E-037
  -2.37383418769945       2.097328605291983E-038
  -1.73949873993073       1.115562593531534E-040
  -3.25611921415555       2.521447033704823E-009
  -3.25049615429432       1.496039049985252E-008
  -3.23496209243364       1.515380719302087E-033
  -3.18351084176793       5.581893799103469E-009
  -3.17522853900374       1.054463243711158E-038
  -3.17502554360462       4.751585924471495E-012
  -3.16850011989822       5.401679907532536E-038
  -3.15803194947620       9.053539592889205E-037
  -3.09368983538178       6.466501094997093E-040
  -2.60262940657486       3.820099442207538E-012
  -2.59013719791199       3.965218045138974E-041
  -2.58299212025540       5.682073718829877E-037
  -2.28833449811867       1.483936003159261E-011
  -2.27309143252187       1.517966767797232E-041
  -2.26582773607403       4.867423030501174E-041
  -1.63266241971402       1.228595025374728E-042
  -3.07035913996182       1.859512154889725E-036
  -3.05658486695876       3.627618288441871E-037
  -3.04626420609832       3.446501546875491E-009
  -2.99866759784907       5.059333182933582E-035
  -2.98846210528814       2.989269673851276E-007
  -2.98403099141005       5.890131683972283E-007
  -2.98085553677442       1.684246639891557E-033
  -2.96976150255062       8.330836074552882E-008
  -2.90442590447320       1.047393086683021E-006
  -2.41129526676147       1.355843194404586E-034
  -2.40348532893855       4.676849642429211E-007
  -2.38950640511189       1.271284438526948E-007
  -2.09881673816048       4.234875876092915E-035
  -2.09233860055219       9.547090414403428E-007
  -2.07415483102897       6.470667931142643E-007
  -1.44540058939400       2.661551442928075E-006
  -2.99889868861435       2.676329315226883E-035
  -2.99155040010897       1.557146534829340E-034
  -2.98077617072138       3.994637729313358E-009
  -2.92782969143786       3.971782434742390E-035
  -2.92013125870313       2.298598363925253E-009
  -2.91310132782269       1.357327197754563E-032
  -2.91245740641373       7.991526712493731E-007
  -2.90346446422759       1.555581037180033E-006
  -2.83716926091671       1.294746325480061E-009
  -2.34279030338793       2.104298231593059E-037
  -2.33455154579644       1.296216494075652E-008
  -2.32658061904285       1.685882998981451E-008
  -2.02924263725024       3.597186405625707E-037
  -2.02021824511973       1.949710086467625E-007
  -2.01034789714249       2.118481408302011E-007
  -1.37726150016198       2.329105874437413E-008
  -2.57420351511153       2.044061469632632E-035
  -2.56893674057153       3.901131966013361E-033
  -2.55425874039753       1.105230300930112E-007
  -2.50103995071006       4.503675980127013E-034
  -2.49589033174291       1.303114948261443E-009
  -2.49522797412842       1.626914256930280E-033
  -2.48624397827573       5.338779266924224E-008
  -2.47874101147701       4.118601026340432E-006
  -2.41352929263275       1.571820637434088E-008
  -1.92048704855837       5.240314397476039E-038
  -1.90917283911099       1.460461850031680E-008
  -1.90190831140955       2.601434462126437E-007
  -1.60721347074210       1.359081251245475E-039
  -1.59340692739136       4.419690031699891E-008
  -1.58627417664948       1.519657025302523E-006
 -0.952977757542694       7.400663352384532E-009
   3.16569225462556       2.091679534582747E-034
   3.19387470239072       3.109869595709671E-030
   3.19414102006212       1.147935277631174E-008
   3.24018383549523       1.057555988481742E-034
   3.25284824050074       6.144322041233224E-007
   3.26237607611167       4.347896889662355E-008
   3.27355115364704       4.374875011514251E-034
   3.28050619755735       5.325039144298740E-007
   3.35056454838816       2.002655427647632E-007
   3.83224800297580       1.842333067763268E-007
   3.83363195760770       1.498411833807557E-033
   3.85985027762801       1.562839729772236E-007
   4.14865751779676       8.272058156951038E-008
   4.14949699981181       2.741006922898439E-034
   4.18470817411299       1.131086217028074E-007
   4.80702468285440       2.649902632888580E-009
   3.17481862116525       1.325372310938616E-035
   3.19783368743002       1.394560461265470E-033
   3.20062572189145       3.199004403544196E-010
   3.24901728373548       7.304781097111045E-037
   3.26236556674929       2.699381468850847E-007
   3.26873386801006       6.053299778461973E-007
   3.27735172626360       8.760169584716358E-035
   3.28602774426690       7.946424603159682E-007
   3.35420679151164       1.375479085464634E-006
   3.83976484632300       5.301371130825937E-033
   3.84066831026904       2.173960031713384E-007
   3.86357169849261       1.246514190907249E-007
   4.15554550770663       2.788645034190538E-035
   4.15783579395329       1.106361369583799E-007
   4.18731583108758       1.437647292203448E-008
   4.81226383850318       1.808694572478940E-006
   31.0871274542593       1.282898396124836E-034
   31.1035610465166       1.603411544363763E-009
   31.1287558097508       7.347793368333950E-035
   31.1632707425844       2.149452362899402E-034
   31.1636848217015       4.157361223572951E-007
   31.1753043346012       9.078111682896271E-008
   31.2114404406285       2.057792598882416E-036
   31.2191701682106       1.439408151784581E-007
   31.2801720245345       1.177223657544056E-007
   31.7437131798348       4.909388354089339E-008
   31.7704174197978       8.781247446904665E-036
   31.7843463972280       1.785627603596365E-008
   32.0630732766452       5.531302259435745E-008
   32.0891461773172       5.311212227579849E-037
   32.1138708940015       4.113708945160106E-008
   32.7379007875950       1.221653518227731E-009
   31.1073033987329       2.364900545313980E-034
   31.1215743146976       8.499559938620787E-011
   31.1445339959797       3.863895241364407E-035
   31.1832433695614       3.148728585338444E-033
   31.1848561423627       1.689584266983080E-007
   31.1939634059338       2.609011228197395E-008
   31.2273496896986       1.430570428641758E-035
   31.2354967371490       3.166014580521471E-007
   31.2959538403100       5.051147986273752E-007
   31.7634443179254       2.310400135131208E-008
   31.7880904194903       1.609250718946932E-034
   31.8000476286572       3.090192568998720E-008
   32.0839140320308       4.531199960496579E-008
   32.1068496670750       6.156205854242846E-036
   32.1287268211066       2.012136243547515E-008
   32.7552010179896       5.336766074576113E-007
   41.3340057098579       4.460911927080825E-011
   41.3343847060136       2.380758567453330E-032
   41.3607666149686       9.908189846196067E-013
   41.3975816024577       1.862428527467566E-039
   41.4088372273343       1.059831339322983E-008
   41.4165982014790       7.366493829757232E-037
   41.4439230552684       9.038914298320419E-010
   41.4508814190397       6.416865727155553E-039
   41.5118202289446       2.947051618090188E-042
   41.9853661620228       3.602264431970372E-037
   42.0108378359747       6.616750925929307E-038
   42.0132463143675       1.085735993069485E-010
   42.3085850628791       3.602197933159217E-041
   42.3329163375853       1.863896789368559E-012
   42.3378363671212       2.866197212851786E-041
   42.9751318864537       1.894642034424546E-043
   41.3738688029659       8.571561973053139E-014
   41.3766511942054       4.112895537955143E-036
   41.4013131613770       7.588752779238393E-039
   41.4371369566489       1.869671601803092E-009
   41.4513742609290       3.292780778435747E-037
   41.4579197214517       4.440316349636979E-010
   41.4848128625567       1.481648353752379E-036
   41.4905451796470       2.449442612834659E-009
   41.5532798690365       9.013571687900173E-010
   42.0263447086712       2.833164953358508E-010
   42.0496414776263       2.717806220320702E-009
   42.0552576475648       8.036539775931661E-040
   42.3501895995461       1.059941848375243E-009
   42.3750428318911       3.425705752045341E-036
   42.3760954414419       8.969552529692215E-009
   43.0153208064223       1.655443756386958E-010
   41.3902346602997       8.325868468995369E-034
   41.3912056531391       6.591490398834199E-012
   41.4153097705681       1.328208336490857E-009
   41.4539160322962       8.818763497939888E-039
   41.4657785633940       1.816803384479923E-009
   41.4744487711891       7.852797512276599E-037
   41.4987056736067       1.774478863502193E-008
   41.5049062473341       7.647510569390674E-038
   41.5670691985771       1.678397985142154E-039
   42.0423626873148       1.695088452567689E-036
   42.0653504888916       7.412244974724089E-036
   42.0690222363749       1.588677009621845E-007
   42.3664609921578       5.781345641358346E-038
   42.3887160115652       8.039628545307536E-009
   42.3915584588431       1.919622776121423E-037
   43.0307735935807       4.133637081805293E-042
   41.4548883016836       2.860099076774228E-010
   41.4596565191808       1.782955574232775E-033
   41.4805543281552       3.179817042076114E-036
   41.5194661499454       1.666189960116704E-011
   41.5342453737751       6.085957533729696E-037
   41.5408460527144       1.182920731676139E-009
   41.5641616113694       4.455507324381143E-036
   41.5692655372524       5.773267515912042E-011
   41.6337374457410       5.169653953496676E-012
   42.1092047130803       6.601188382776119E-009
   42.1288879513321       4.168447814382083E-010
   42.1364348658932       1.244820651285320E-037
   42.4338562484029       8.308086075114629E-013
   42.4545877846539       5.199211045284273E-012
   42.4563412642323       8.546422783023061E-038
   43.0965208530599       4.249295479384133E-012
   41.7633293576592       1.223637293885493E-008
   41.7645520228401       1.971802330897867E-031
   41.7924501065453       5.070658386553995E-035
   41.8245825148576       3.283626483096053E-008
   41.8388960321819       4.745188827153006E-036
   41.8449218931042       4.628606964532995E-007
   41.8752507084153       4.776316764640820E-036
   41.8817868782443       6.906764330518320E-008
   41.9430255162235       1.072235970497360E-008
   42.4136916593663       7.007733823009046E-007
   42.4402481361218       7.603488539335790E-008
   42.4443350809316       7.734687685410223E-037
   42.7356591156860       4.069026826868852E-007
   42.7636918191339       1.252656021771338E-036
   42.7664405136029       7.561079262602962E-008
   43.4032597952043       2.453598624025048E-010
   41.8717944802214       4.187442388648430E-010
   41.8747428646600       3.072842396655930E-033
   41.8991740357302       5.466465142736685E-035
   41.9344997138773       2.750401492525201E-007
   41.9489389164575       2.606967614361142E-039
   41.9549095012643       6.318246878356722E-009
   41.9819523069843       5.029246215604801E-033
   41.9880430284347       2.005270264230459E-007
   42.0506765814759       3.073385732614116E-007
   42.5237540793206       1.356391494926801E-007
   42.5470818086593       9.775236186899654E-007
   42.5527898761405       2.456345628078584E-033
   42.8464346108513       8.081953379453409E-008
   42.8721688075796       8.012607759722237E-034
   42.8725341934504       3.889394185998939E-007
   43.5117546331358       3.136461503126727E-008
   58.9464656344907       4.820187395168053E-034
   58.9509939300652       7.880579226698966E-012
   58.9727708751216       2.925661432340347E-010
   59.0132408625847       4.591808247647103E-038
   59.0267740518143       4.225302715375311E-010
   59.0342028660792       4.332169460385758E-036
   59.0568727424840       1.556770013089781E-008
   59.0625317888182       1.743562992366860E-035
   59.1263385799228       6.721303967070254E-038
   59.6008136047012       1.173700789312010E-035
   59.6213260310185       2.297663495944736E-035
   59.6286073460491       3.718664346682539E-008
   59.9270196581395       1.906230608788545E-038
   59.9486180365430       4.557395886222683E-035
   59.9489720482897       4.992455680606970E-009
   60.5900109614057       2.150667658241284E-041
   58.9608523146208       5.848504047951665E-013
   58.9669454902503       1.168113996063022E-035
   58.9865443301134       1.294368755106474E-037
   59.0280771276912       2.885173523388823E-009
   59.0425953007817       1.640067738357053E-038
   59.0495526066249       2.365432555620287E-010
   59.0705961446924       2.927085686433080E-036
   59.0758661547992       1.304100515995432E-009
   59.1408642814396       4.476101096256761E-010
   59.6162899389337       8.857431391309804E-011
   59.6346124295172       5.103937183621556E-009
   59.6434906241411       1.453243850388471E-036
   59.9426196568423       4.275588502927015E-011
   59.9613907069551       1.767918775853766E-010
   59.9638999478732       3.637201079202805E-036
   60.6043555614763       4.564229535329222E-010
   59.0132149741390       3.900719032290168E-035
   59.0174628199117       2.975994712488237E-011
   59.0396099281699       8.831820077188855E-013
   59.0785606600569       5.291686093367912E-040
   59.0928704664292       1.881844372455023E-008
   59.1028513895191       1.678495124692762E-035
   59.1241950790930       4.101971283217257E-011
   59.1286134929342       2.843255286692722E-039
   59.1930356908845       1.209360117178317E-040
   59.6671103976772       6.906052120376784E-035
   59.6879585344919       7.680687464767833E-037
   59.6949496131871       1.400385680488238E-010
   59.9942458277672       1.733259369867476E-039
   60.0145758130895       1.062164809790521E-040
   60.0152421008052       1.415853803280836E-011
   60.6560201915555       2.975637122816934E-042
   59.0079544533410       3.065563423414212E-037
   59.0137650685343       1.520820745322548E-011
   59.0520812248472       1.111120572745396E-039
   59.0726630321434       7.476003892265270E-013
   59.0846195102734       5.402456474595751E-036
   59.0900078546170       9.176331493277699E-011
   59.1357904439157       5.444378517758389E-037
   59.1444115829843       1.258570386884920E-010
   59.2013149425188       1.674585438175028E-010
   59.6585444433751       1.690738400667969E-009
   59.6983747031086       2.837448979358231E-036
   59.7015624125534       1.663726059641561E-009
   59.9801007558438       1.007276043368137E-010
   60.0183502110562       2.863162640355057E-036
   60.0319400576757       1.945758089264974E-010
   60.6610952885541       1.955238062023169E-010
   59.0145511983348       5.733798927035100E-034
   59.0190278140584       4.343155062502192E-011
   59.0581690112369       3.568905514499431E-036
   59.0776142856484       1.328766884050124E-009
   59.0909203182878       3.404409129774373E-038
   59.0956215999224       8.431517556878967E-010
   59.1418711235001       5.366161427792989E-035
   59.1502592006283       4.421381516615854E-009
   59.2072408465669       1.614317976877388E-008
   59.6639074045619       3.700524123353952E-009
   59.7047331395085       1.847415330059012E-034
   59.7067297552279       1.826311068671405E-008
   59.9855255402268       9.722541000157436E-010
   60.0246183823958       1.358462337415346E-035
   60.0361769446203       2.539741852610924E-009
   60.6661598394217       1.364516991272186E-008
   59.0475716161139       6.778703053783085E-036
   59.0513542877771       1.637853597286937E-011
   59.0746786380716       3.012693159218869E-009
   59.1118657826896       1.900367021033382E-041
   59.1264833522295       4.418410855019136E-011
   59.1364229846495       3.237248355032588E-037
   59.1588570624980       1.651878704074263E-009
   59.1635768920891       5.085950268774123E-038
   59.2274362663629       2.362138282354907E-039
   59.7005000563011       8.741233623699646E-038
   59.7224939240027       8.697888191189450E-035
   59.7290591571269       5.609756101382364E-007
   60.0266982386098       4.027287940509824E-040
   60.0489926686028       1.205614290637139E-033
   60.0491296361109       7.639208584838169E-008
   60.6893274401394       3.885545813777216E-041
   59.0904535566399       1.738754471606660E-032
   59.0955513889541       3.655533983569843E-010
   59.1163978554851       1.302469943747019E-011
   59.1564643271879       6.616835269719021E-040
   59.1708509980308       7.070897782534417E-010
   59.1792965824625       1.249659518317403E-037
   59.2004164504499       3.518367022420573E-011
   59.2054794500172       5.075490454062105E-039
   59.2700295347093       2.070191279164558E-043
   59.7447764653505       2.596405371391346E-038
   59.7644480298544       1.876821385217358E-038
   59.7722786718833       3.682252630722554E-010
   60.0709832222859       5.970694004901293E-040
   60.0908074920092       4.218380363127371E-040
   60.0924931733508       7.105784277373459E-011
   60.7328744162300       1.996209547506449E-042
   59.1662300950720       1.411936487371825E-033
   59.1728619965256       7.792047834436071E-010
   59.2145303811293       3.168620760475672E-035
   59.2284468553146       6.510865844412455E-008
   59.2425050646869       8.989157811766169E-035
   59.2470865266393       1.663589168224338E-008
   59.2977235740772       2.345940211117225E-034
   59.3066725484641       4.962650064393757E-008
   59.3628251697479       4.037294380757292E-008
   59.8157516831141       5.381771133342457E-008
   59.8589776848511       9.797683955034335E-034
   59.8629369704660       9.951352104365658E-008
   60.1352154867468       4.165194396664778E-008
   60.1785981276495       8.340683538148523E-035
   60.1929620164030       1.093608597710068E-007
   60.8201588642815       2.485262472172823E-007
   59.1944170399904       1.209682483243413E-033
   59.1981377446180       4.966106478987795E-010
   59.2375394468978       9.781961877269149E-036
   59.2570285072380       5.668134596566050E-008
   59.2706396563574       9.462267339617977E-035
   59.2742037604957       8.268200318738077E-008
   59.3210003687610       2.067875399100682E-037
   59.3295876651879       2.511233112792240E-008
   59.3865116202515       3.117821485521403E-009
   59.8432172413456       6.545241768230892E-009
   59.8843337943137       9.143844669909193E-036
   59.8855594687531       2.676036961788333E-010
   60.1643216970094       3.406625547150626E-008
   60.2041358830275       2.426461891174224E-038
   60.2148159974511       7.530582456906420E-009
   60.8450209258147       7.271602956372515E-009
   59.4051011529922       4.240846499915504E-009
   59.4118270897107       4.874670289198585E-034
   59.4311559722587       1.343620821161440E-037
   59.4713519450485       9.872504915698030E-014
   59.4869967386045       1.015258855722285E-033
   59.4945489938455       3.048248727912429E-007
   59.5150793951325       2.153501955385453E-036
   59.5196790318525       2.538546707090546E-010
   59.5853795220494       3.556297539640034E-010
   60.0603360378971       6.392941573249595E-008
   60.0784098002698       6.545683331893408E-010
   60.0879272436190       1.982773484799524E-037
   60.3865356284631       1.300280391547924E-007
   60.4043341585402       3.202737523706415E-010
   60.4080922611987       5.856375760564237E-038
   61.0475991691475       6.802589659345396E-010
   91.6180338159192       1.160625958739103E-034
   91.6382285499471       1.472950116810057E-007
   91.6714840172754       6.354019752411244E-013
   91.6966673230831       1.668672847193868E-035
   91.7488337363972       2.661321819659602E-013
   91.7775992476237       1.358200491985770E-036
   91.8412103010226       4.066844304160350E-009
   91.8664771035092       9.035507413003954E-036
   91.9570818658926       1.328214245201200E-007
   92.2887269198368       1.390412457745218E-008
   92.3958037997625       8.050567870376764E-036
   92.4466962191752       1.584032785059365E-009
   92.5844895639622       1.645177854142963E-008
   92.7108371812504       5.210740024194442E-036
   92.7770680722236       1.449695696234102E-008
   93.3882304069713       1.156852519003844E-008
   91.6218922312541       1.323469935969300E-035
   91.6437695590883       4.820001354969110E-008
   91.6732745894903       1.566709743993555E-011
   91.7004882815572       3.895135213058695E-035
   91.7503394344553       3.040162540043738E-008
   91.7776926145831       3.746344808865370E-036
   91.8431378302121       1.756476289799707E-007
   91.8663271164907       4.225835140977577E-036
   91.9551413418782       1.144381380529123E-007
   92.2911826871179       9.476881459352009E-009
   92.3967927231674       3.524430870533362E-036
   92.4458140998747       2.796918481659551E-009
   92.5878741208445       2.917296832858092E-008
   92.7120189328433       1.706957260414889E-036
   92.7758236515828       1.255918131650672E-010
   93.3876372047940       1.460174681292222E-007
   233.370582968569       1.962533904447475E-008
   233.383317806822       1.457083594009439E-036
   233.451853048531       1.208233127654116E-010
   233.464761594111       6.314408032155224E-033
   233.533891966080       8.599365532331549E-009
   233.604680359674       3.196610722893778E-036
   233.653899811126       5.523392727293210E-008
   233.696989956751       4.296898971770912E-035
   233.802350760092       4.067193454474258E-008
   234.066767684699       4.360302429517507E-009
   234.220288360029       3.935019391864772E-036
   234.286333733124       4.133522355413329E-010
   234.349767424722       9.624931559221617E-009
   234.531847521139       1.663800270360851E-035
   234.611694333568       1.180672753109725E-009
   235.232075561974       4.287962811118457E-008
   233.372830222771       5.517537245669177E-008
   233.384210697718       9.612641147826612E-038
   233.450767420632       5.766374271247371E-011
   233.465670891292       5.537971619952387E-034
   233.532469024441       8.428551672467391E-010
   233.602509740796       6.791717908568179E-037
   233.653581211964       1.420564433302780E-008
   233.694471128800       1.064750908634077E-034
   233.797874932295       5.536558107377109E-008
   234.065790646313       5.658026128114925E-009
   234.218459547229       1.339101165854468E-036
   234.282720294574       2.405022699493889E-010
   234.349566523175       7.616107192956651E-009
   234.530284485603       9.537383361977369E-039
   234.608034696093       5.231436969688122E-009
   235.228101105805       1.120833301690942E-008
   275.475682138423       3.372603888212787E-034
   275.481657959090       1.123407256649307E-012
   275.524060266436       2.871555496961503E-014
   275.538060884712       8.721748822572539E-039
   275.560399023965       8.858057761483405E-010
   275.560540116187       3.781508797377982E-033
   275.609050280409       1.068936936397379E-010
   275.615667557073       4.304586720378426E-038
   275.675849557598       9.610885536778354E-040
   276.126631577442       6.133397187586537E-037
   276.167976399220       3.470987361711667E-036
   276.176598222892       4.521616301725837E-011
   276.452986534627       1.688928282238077E-041
   276.497984338840       4.526736702628961E-016
   276.499569024387       1.424554202673139E-041
   277.135600099811       1.275740037518484E-042
   275.502459937095       1.466897063893612E-013
   275.511668647202       1.286619061853362E-036
   275.548410937844       4.530841590507448E-038
   275.566610493467       3.493121920121091E-010
   275.590154013970       3.036583650746177E-035
   275.590775879888       1.308355016552372E-010
   275.633591265211       3.554529824689382E-035
   275.638453103582       3.066783972555032E-010
   275.701845074089       1.259389382341949E-010
   276.155900948583       4.616659728897531E-011
   276.191545089149       4.416228613684458E-010
   276.203424242973       4.789418893501413E-037
   276.483624521636       1.617858931345041E-010
   276.522236517386       9.934016615078238E-010
   276.524908748143       2.532787228274283E-035
   277.161507822434       2.849021590043973E-011
   275.510951060071       1.421847863666397E-035
   275.518368585379       3.665804523949104E-013
   275.558032182998       1.079292651110439E-010
   275.574412695241       1.893963643795605E-039
   275.596994652109       3.429215610330694E-010
   275.597439632316       2.249283845793898E-034
   275.643100417313       1.567161768001371E-009
   275.648913486357       7.171400838360067E-038
   275.710540809094       4.487955700476736E-040
   276.163000930274       2.719012364779070E-035
   276.201885938418       2.011143637606732E-034
   276.211813636195       1.934965630379480E-008
   276.490296739623       2.842237094979990E-041
   276.532593976012       7.113166410304044E-037
   276.533230211375       8.837810479254699E-010
   277.170568753339       2.129365162149958E-042
   275.553966495561       4.213691676213973E-012
   275.564782207147       1.491134054141576E-034
   275.598414123170       4.519953719001168E-037
   275.619197865971       1.765136435567032E-014
   275.643136894009       1.099112719526477E-036
   275.644237280724       9.702243436108036E-011
   275.683689836851       2.390892035236057E-038
   275.687542310275       1.107316053379819E-011
   275.752827316632       6.902212981948288E-013
   276.208764660231       8.591705832190995E-010
   276.241512209173       8.768351105462065E-011
   276.254897737734       6.223342921527446E-037
   276.537441039543       6.551511424275274E-013
   276.571308676362       1.993102679800686E-012
   276.576427645011       6.173697632340424E-037
   277.212814869885       5.887832722541114E-013
   275.767069985310       8.341787394514220E-010
   275.775525974220       7.491677243051316E-032
   275.814213125107       3.468025363805155E-034
   275.830366255103       6.712418934456012E-009
   275.854006015097       1.009413005796294E-032
   275.854266111743       4.544159596005409E-008
   275.899250858165       9.855423979060771E-036
   275.904605154531       8.124744788844040E-009
   275.967087473322       1.427916300624149E-009
   276.419554458521       9.133639827986872E-008
   276.457158085188       9.092761221205413E-009
   276.468285312348       2.883529179124753E-034
   276.746655154980       4.518012096866582E-008
   276.788020901036       8.558768360100140E-009
   276.789710089577       1.998257789900088E-036
   277.426169147569       5.772712032286267E-011
   275.839612155133       1.116482606359207E-010
   275.849256160021       2.013306009164123E-033
   275.885725249198       1.148949001736576E-035
   275.903862750749       3.143158458872093E-008
   275.927659305016       1.474392221277209E-034
   275.928050752754       1.514942836685290E-011
   275.970799438923       3.817569872444594E-035
   275.975485766131       1.529835030966697E-008
   276.039272082942       4.223610374039195E-008
   276.493051359935       1.912772655283696E-008
   276.528694068151       1.215014866357854E-007
   276.540886256131       4.274524200395213E-035
   276.820873250797       1.070837554886809E-008
   276.858804666882       4.501830325754836E-008
   276.862332527853       7.434953852931875E-036
   277.498656124229       2.937823422545680E-009
   359.187602950578       1.585307163062804E-036
   359.195960049628       5.237122507976523E-014
   359.234882333796       1.499160434076785E-011
   359.252089143425       8.654811216680360E-038
   359.275006897172       1.033106435313834E-010
   359.275073854031       5.106146529467133E-034
   359.320179937231       1.349810594241581E-009
   359.325828826311       1.390180011567188E-039
   359.387969588349       1.053348412244529E-041
   359.840373673882       2.824132346285259E-037
   359.878229794110       6.027728381746836E-036
   359.889240720873       2.838621067326360E-009
   360.168081742428       3.506585094320700E-040
   360.209699450908       1.054929735631342E-037
   360.210851634751       3.790875988316681E-010
   360.847892786007       7.542261735292173E-045
   359.194408508261       1.702906356959974E-013
   359.205457143059       4.671785874626334E-037
   359.239024973237       5.617226941796594E-044
   359.260427914639       1.114497165118755E-010
   359.284238345503       2.821180253903187E-036
   359.285292963497       5.323908202920578E-011
   359.324487164527       7.010601534569818E-036
   359.328502325415       9.135944430892238E-011
   359.393704551953       3.179973413101350E-011
   359.849502223150       1.010645260384873E-011
   359.881967471474       2.966288722576941E-010
   359.895696817597       2.258384104848264E-037
   360.178444505057       7.691853966113329E-012
   360.212507182161       2.015600434384793E-011
   360.217392943758       1.095549403233044E-035
   360.853854461443       5.709870646231652E-011
   359.217028432146       3.254997218413629E-034
   359.229373740865       9.608805151776832E-012
   359.260018229118       6.546020807736604E-014
   359.283223291536       4.531891993379185E-041
   359.307886461533       1.642786515611914E-009
   359.310934204846       1.420491404395044E-035
   359.345748498042       6.538202912157734E-011
   359.348227334011       1.081316614342111E-038
   359.415570543445       2.474340157116242E-041
   359.873241184505       5.346392271703973E-035
   359.902880355122       3.629678001702106E-036
   359.917851951131       1.115756766573818E-010
   360.203590627289       5.307708820800830E-042
   360.232304856143       5.975353473920910E-042
   360.239562968474       1.185530225119426E-011
   360.875783377096       1.566311587289195E-045
   359.210417304874       9.086220822653511E-034
   359.215578625233       3.337617558536372E-012
   359.263317420570       6.054807119738677E-014
   359.278715847781       3.326399741835106E-036
   359.290218313382       9.165716334456632E-037
   359.293896767480       1.987416811237350E-011
   359.363917690351       1.429641940039140E-037
   359.372841829362       3.361370886473023E-011
   359.427411591857       3.495042380917059E-011
   359.857039553440       8.441032916763634E-011
   359.921748001233       5.684453915662092E-034
   359.924317074636       2.485225852340803E-010
   360.178688440890       1.734197980647243E-012
   360.242713453708       9.450720998000548E-036
   360.258618758962       3.637928430917297E-011
   360.883619877984       3.688775767047511E-011
   359.212074327610       6.609378277672784E-034
   359.219229710757       1.576860207024555E-011
   359.262804525833       6.691287547967864E-011
   359.286255836462       1.849335376863387E-036
   359.291961045915       2.586075181707261E-035
   359.296987867930       2.676042747935496E-010
   359.371523913662       9.034610893838294E-036
   359.380174224155       5.706747927933278E-010
   359.434808671161       1.331646482600642E-009
   359.858730193756       5.324007848305986E-010
   359.927513538373       5.532685228291935E-034
   359.932267355563       2.118962002107131E-009
   360.179443554789       1.515098646146805E-010
   360.248278621662       7.750002918605190E-037
   360.266154868917       3.080642194695748E-010
   360.889909072877       1.065788173570969E-009
   359.236746054243       1.306333591744193E-034
   359.245725393358       1.610352800477007E-013
   359.283591830661       2.321843526504220E-010
   359.301028044604       2.257965121980665E-042
   359.324617958934       1.764399694912698E-011
   359.325461229493       4.198828016743665E-039
   359.368950595207       2.399031070423181E-010
   359.374030758433       2.100217393244886E-038
   359.436950818124       1.274330155625352E-040
   359.889789245216       2.377479379552046E-035
   359.926570771152       9.437710064861369E-036
   359.938216272318       5.271989933206494E-008
   360.217891988549       5.520380960112127E-038
   360.257677109527       1.819459176616517E-036
   360.259830192265       7.084982520133724E-009
   360.896443320087       9.717947049813081E-044
   359.253734780872       7.954960264248936E-034
   359.259993489050       3.822191202237138E-011
   359.304044744324       1.480202474629205E-011
   359.316381999491       1.633785232237677E-040
   359.338587899862       5.175916179714437E-035
   359.339210543015       1.277224631136599E-010
   359.389192198869       1.668412066815453E-011
   359.395884101423       3.787684283923095E-039
   359.455901010851       1.093369473579832E-041
   359.904279006535       9.267531826513833E-036
   359.947614738674       2.340690246204578E-038
   359.956354742791       3.509133643390634E-010
   360.231105270693       4.822060914366723E-041
   360.277863207952       5.769913340312116E-011
   360.279189230262       4.435155634706711E-038
   360.915215026588       1.098125047850915E-043
   359.263839125051       9.133970493879236E-033
   359.289508282392       4.872082711487447E-010
   359.297659137257       1.131129236687906E-008
   359.344162360089       1.556746838572264E-034
   359.366533715517       2.295396057420738E-010
   359.380492383209       4.320342580861552E-034
   359.466722598924       1.566761486321900E-009
   359.466840359991       7.885569765205748E-035
   359.535962910605       1.708976836642545E-009
   359.916728480132       8.410993417659227E-009
   360.009096492149       5.339975158940862E-033
   360.032193555366       8.891886084044240E-009
   360.227917971742       3.649258246605396E-009
   360.328270423007       1.392438431352383E-033
   360.367438684180       9.826927205667048E-009
   360.979939048321       1.927763075289897E-008
   359.271648922397       7.519085102248572E-035
   359.294470144255       1.129909998784230E-010
   359.307698779431       1.248201697431617E-008
   359.351961201621       2.890881751105677E-034
   359.371400577422       9.507967188548232E-010
   359.382898423227       7.753179460987578E-037
   359.469063745121       2.027983910845198E-037
   359.470885053763       6.995007544695295E-010
   359.536609423071       1.217585198509616E-009
   359.923231690147       2.323353192436598E-009
   360.013280241884       1.705167180513005E-036
   360.033720746519       3.355160773630367E-011
   360.235837293981       2.974622360435104E-009
   360.332659504224       4.804466389823202E-035
   360.368283880830       1.187834380374529E-010
   360.982718626222       3.107151819686381E-009
   359.397128230226       3.144379296281906E-010
   359.410585799452       8.555611474746465E-033
   359.439790761369       6.941451241310568E-036
   359.463787620676       9.522954175381697E-011
   359.489010445086       9.919767525459873E-037
   359.491735497213       2.737663611213968E-008
   359.525476596245       1.464466344727430E-035
   359.527469530729       3.367586105781314E-010
   359.595965967378       2.574440015811600E-012
   360.054059817843       8.068676491172192E-009
   360.082230461715       1.842627475138488E-010
   360.098343154112       1.176400158260730E-036
   360.384458474865       1.226153576176848E-008
   360.411399307128       2.518530033720777E-010
   360.420078136701       4.163602101665875E-036
   361.055867544807       9.121196580599504E-011
   555.530448644981       6.991412126205507E-035
   555.545056126860       3.712370697126465E-009
   555.574332199289       2.872529286841368E-011
   555.612014300059       1.113228602534847E-033
   555.653778983915       4.243114933336372E-009
   555.692650512005       1.230071652132783E-035
   555.764654392724       2.648674622975060E-008
   555.781121288405       1.662027650570800E-035
   555.863439151270       1.597505615567243E-008
   556.193062609666       1.310851509026874E-009
   556.312546140405       4.721154846324085E-035
   556.353865991362       4.739733329512623E-010
   556.494444453749       3.575896858437424E-009
   556.629336072596       5.828857603241116E-034
   556.687323699205       1.487194033516399E-011
   557.297035590058       2.473712020189710E-008
   555.536724345707       7.446638139052594E-035
   555.552753150481       2.464968526776554E-008
   555.578576230339       1.913266467904435E-012
   555.618317000792       3.929953317214238E-034
   555.657822109488       1.302160746741326E-010
   555.695643597439       1.133711277950771E-037
   555.769355830047       3.330960514293548E-010
   555.783890930150       2.430321149714062E-033
   555.864536768556       2.075283108740151E-008
   556.197999166496       2.245085132452456E-009
   556.316463467470       3.150943506218210E-035
   556.355948300940       3.610029028605259E-010
   556.500269745303       2.488289216147873E-009
   556.633425863100       5.062754507140417E-036
   556.688923996969       1.768413609824299E-009
   557.299532617061       1.705014743699748E-009
