                  1600
  -19.3557459902813       1.819456879776840E-039
  -19.3185845381851       1.498113878210571E-039
  -19.3025603722993       4.538905645552848E-039
  -19.2928841349197       1.547458591844351E-038
  -19.2523377608750       7.930405620072405E-041
  -19.2488881265009       1.629064844902236E-038
  -19.2256752656205       8.918483147504080E-039
  -19.1999626902525       7.536681541949919E-042
  -19.1102444804330       3.844676186153843E-042
  -18.6650585979692       3.489716252067656E-040
  -18.6117874768715       8.994826866623302E-040
  -18.5587342416835       1.386602137486108E-041
  -18.3954566317154       2.018654052400758E-042
  -18.3557066138220       3.231204771205322E-044
  -18.2723064458843       3.890859640629960E-045
  -17.6745715002036       1.686887031918695E-043
  -19.2992909882712       9.607312020284507E-036
  -19.2457784204483       9.789740676492243E-044
  -19.2238172516915       6.799471389090947E-035
  -19.2214629399037       4.601302122729651E-037
  -19.1671812715151       2.223261740533228E-035
  -19.1556852352735       2.318779858592374E-042
  -19.1272557544119       3.279084699897509E-038
  -19.0873177051161       1.457748009813709E-038
  -19.0157928675728       2.733371775879759E-045
  -18.6163980622886       6.094507022116018E-039
  -18.5715417731765       8.415099085329032E-046
  -18.4568696321706       3.138481831461885E-038
  -18.3270722543430       2.509631664544167E-040
  -18.2936511571705       3.396355594044753E-047
  -18.1856651617929       7.708658081606453E-043
  -17.6060829156576       2.069670791865928E-045
  -19.0177888310932       1.678066200520141E-035
  -18.9693765567917       2.535252952957372E-039
  -18.9556661054723       4.642972006126749E-036
  -18.9414484293687       6.812550928950337E-035
  -18.8874373635071       4.034009058134788E-036
  -18.8749040097209       3.667762701856291E-035
  -18.8733022635824       7.285736349834638E-037
  -18.8450671435440       6.147768093860181E-036
  -18.7586953565904       1.307696885404485E-041
  -18.3448107032373       2.911821281267695E-039
  -18.2850109059145       6.889236520201579E-041
  -18.2022475913674       4.189928888953539E-040
  -18.0557662814882       2.921770536580384E-041
  -18.0258262249719       4.045223600340135E-045
  -17.9277815186263       1.437744367265268E-044
  -17.3402533475398       4.802650694241704E-047
  -18.9733659159658       2.096685318823214E-037
  -18.9456049551856       8.711286037150744E-038
  -18.9227952914435       8.070960287421586E-037
  -18.9172531274198       1.098142944906161E-037
  -18.8769619454751       5.262787087361900E-038
  -18.8667046266783       1.161657491213940E-037
  -18.8536479802284       1.921526475860707E-037
  -18.8282661012252       6.947171914072761E-041
  -18.7489255284885       3.332185454169976E-042
  -18.3028418316023       8.495601554191698E-038
  -18.2548597168187       1.585481153336020E-037
  -18.1905365728628       1.471608409511296E-040
  -18.0339076882256       4.393865463923887E-040
  -17.9918968213800       1.366179231319531E-043
  -17.9173003567444       1.483474558354813E-045
  -17.3236856312420       1.698261830493948E-043
  -18.9224844014188       3.101898457917895E-037
  -18.8888027310152       1.466375033438776E-039
  -18.8466875539280       2.616256451574800E-036
  -18.8036744959198       2.369195853353595E-034
  -18.8015597215228       1.254399803930248E-034
  -18.7957148671493       3.603496503334947E-035
  -18.7842409330478       1.179440488861902E-036
  -18.6839371355401       1.024659124688369E-042
  -18.6302804507508       1.547680451036551E-041
  -18.2340153884148       3.498144589771427E-037
  -18.1396617690585       1.059857657701657E-036
  -18.1070434219776       4.280736738715016E-040
  -17.9610617054653       5.770645003931441E-039
  -17.9221551897023       2.198830680682771E-043
  -17.8045607958257       2.343252122698742E-046
  -17.2186220402683       1.085639337727783E-047
  -18.9721693598169       3.510109424270473E-005
  -18.9175656720906       7.205589024385410E-087
  -18.8980448223936       2.142240809431489E-013
  -18.8463291813552       4.841643658533530E-067
  -18.8265754691015       7.984943346393285E-080
  -18.7848775123620       9.945527909744745E-067
  -18.7828780601910       5.502252650060242E-005
  -18.7008183692032       2.885527415876758E-013
  -18.6655039803795       3.874557334930495E-079
  -18.2340424509761       2.498161977200615E-072
  -18.1914712335465       7.139612540628906E-008
  -18.1456556865736       6.442318244647195E-068
  -17.9755164430708       6.139260856880998E-074
  -17.9635162446028       1.933098684852495E-010
  -17.8450869094100       5.839354097203266E-072
  -17.2660477869055       5.235873998755428E-076
  -18.7737798121085       3.825879452851516E-037
  -18.7169619762757       4.205217014635453E-044
  -18.6953821813505       1.704062191343477E-036
  -18.6720282737609       6.240863925128180E-038
  -18.6331136456236       1.629092793040212E-037
  -18.6222889268043       6.444885323714257E-041
  -18.5613368653327       1.437954324348464E-039
  -18.5278413023479       3.413120887746141E-038
  -18.4502655595811       2.139196224580325E-044
  -18.0599381519906       2.503851217297115E-039
  -18.0281586725275       2.421899148231715E-041
  -17.8740035817511       2.859173568701755E-038
  -17.7853748317067       8.085414183298903E-045
  -17.7720091940356       8.710727154663923E-044
  -17.6165747063923       6.488309151021795E-042
  -17.0370228529989       1.791469941616001E-047
  -18.6318635334572       5.704740554610816E-040
  -18.5864474278140       1.030168161893891E-038
  -18.5625500070929       1.625415372419496E-041
  -18.5602228456378       4.169640616730896E-038
  -18.5136437801811       1.352902754410137E-036
  -18.5100057651561       2.362587375129882E-035
  -18.5099477580217       1.272132516541365E-035
  -18.4685552502704       4.710746527074557E-039
  -18.3675191657724       1.984240308458059E-041
  -17.9533434397034       8.328962837544352E-040
  -17.8979014195916       1.783391724055198E-039
  -17.8363959155009       3.925601296871251E-042
  -17.6725876697530       4.402261598412750E-042
  -17.6506869007984       1.135291640161664E-044
  -17.5425868341427       5.120262614575708E-046
  -16.9582244353635       8.645069940370955E-046
  -18.5445544346935       4.050420491986440E-009
  -18.5055018244241       1.788860658017721E-068
  -18.4769444837731       6.395640690333603E-008
  -18.4682569108605       1.203087828768156E-008
  -18.4512437009798       2.484506153175747E-066
  -18.4449585823303       1.228995863657058E-008
  -18.4143024321821       1.438272602229607E-071
  -18.3814250612334       2.097369344361366E-068
  -18.3119412950611       1.621938370012094E-077
  -17.8688599797056       6.027107061913932E-010
  -17.8457610435937       5.938283245106349E-071
  -17.7694870948012       3.210651801740718E-068
  -17.5978831275170       3.766205493707224E-013
  -17.5520452542649       8.724272978594971E-078
  -17.4838892013563       3.948135940409575E-074
  -16.8937451458994       2.322077763092007E-073
  -18.3710771905513       2.531186333900551E-008
  -18.3553536201247       7.120390214438774E-072
  -18.3285790897202       2.228214194463378E-007
  -18.3253079018524       2.904257291559630E-010
  -18.2810152815386       6.573704961373214E-063
  -18.2766813574878       1.218278460419574E-012
  -18.2554089170862       1.022248565701526E-069
  -18.2231404732712       2.074791835739832E-067
  -18.1299054320761       3.283203435711903E-076
  -17.7084988905192       6.348129574504847E-009
  -17.6673731535363       3.337166000270147E-072
  -17.6155969379183       8.460872070056940E-075
  -17.4383992305711       3.528912581342087E-012
  -17.3967099850090       3.427151521401268E-076
  -17.3045836533708       5.678674938128697E-075
  -16.7190031406889       1.887872326742184E-082
  -18.3900654273238       6.354626735330031E-040
  -18.3728716313694       5.239700704400458E-039
  -18.3499465418603       5.267586830981303E-039
  -18.3035891234735       9.926848666437971E-042
  -18.2743217951952       3.949246147442006E-041
  -18.2594019856680       5.293978279391785E-038
  -18.2461090322652       2.995904495282188E-038
  -18.2074701320152       1.998216766259003E-041
  -18.0930065772293       4.579780387481279E-041
  -17.6576626643298       1.176208237773806E-039
  -17.5988172657548       8.416869554704009E-039
  -17.5252624826607       4.250117228217733E-043
  -17.4355378290917       3.519829893319530E-041
  -17.3927334572743       3.783279080287659E-043
  -17.2575615718919       4.942591861393174E-044
  -16.6685785397528       2.169297286188908E-044
  -18.0820208921867       3.191745279720052E-037
  -18.0257136647529       2.616208069108865E-041
  -18.0095604850783       2.499376759247675E-043
  -17.9979995868088       5.192513062725348E-035
  -17.9898575111381       4.407212441395507E-035
  -17.9586108829431       6.898137562869691E-041
  -17.9444990778029       2.991537803439174E-042
  -17.9238019430861       8.341455827792325E-040
  -17.8369044513752       2.540274567055154E-045
  -17.4097263518221       1.990876422542930E-040
  -17.3775272019925       1.408716438814495E-044
  -17.3177634386648       7.529917641168338E-041
  -17.1030420963144       9.954951880736783E-043
  -17.0781806752945       2.336949711269422E-047
  -17.0002711918562       1.958552482017421E-048
  -16.4006874089493       5.105842970827618E-047
  -17.9711703987807       3.607680016106777E-035
  -17.9227718124548       1.258378705000659E-037
  -17.9190029546887       2.231265719136880E-035
  -17.8982633177933       1.122569476954001E-034
  -17.8507614129151       6.550681867396136E-035
  -17.8388310805279       5.359256123965141E-034
  -17.8362520050036       3.691822043875645E-034
  -17.8071309546448       5.314347714995958E-036
  -17.7322170717836       4.721013499547451E-041
  -17.3009722003871       4.017031453909611E-040
  -17.2427291432126       5.885134836995391E-043
  -17.1680457188766       1.114288950681564E-041
  -17.0146395801286       1.022232772304034E-039
  -16.9814911775769       1.551960328356310E-044
  -16.9014758877663       4.304936331403977E-042
  -16.3114263010474       2.548509040485057E-045
  -17.8898538695606       9.306994360958518E-042
  -17.8626490238253       9.276906904132409E-038
  -17.8449099333612       3.031751163609043E-037
  -17.8387791622143       1.333501246232309E-038
  -17.8081629115994       8.339364978455765E-037
  -17.7986511247145       3.788260939906644E-036
  -17.7804481314995       6.245625241830963E-037
  -17.7594769315380       2.024756202858245E-039
  -17.6841261941143       1.158608536228997E-042
  -17.2223779342619       2.903599627840943E-038
  -17.1818737665197       5.543168928808020E-038
  -17.1269048411680       2.335458992738738E-040
  -16.9563796063746       7.931746440166176E-041
  -16.9153938624102       4.859358087737057E-046
  -16.8518580692955       6.130982062801268E-043
  -16.2549791491830       1.561270324847963E-045
  -17.7025071438734       6.562896385110098E-039
  -17.6592293179113       5.043836377984782E-039
  -17.6501828714569       3.580620439833703E-038
  -17.6424836942756       5.577698248697731E-038
  -17.6126719234946       1.268104811904550E-039
  -17.6018815263937       1.507477647909722E-041
  -17.5818723996099       3.857492641102410E-040
  -17.5567425286467       2.125082125142637E-042
  -17.4683763591624       1.235920691740248E-043
  -17.0353949314341       5.574521859376627E-040
  -16.9996828346096       1.248789287040033E-038
  -16.9456123934412       1.175855800255452E-043
  -16.7510576814003       8.086192866785795E-043
  -16.7170994253919       4.258658733087866E-044
  -16.6382060121163       7.021391706627968E-047
  -16.0456670167741       6.747615759199028E-045
  -17.5015233718894       1.427143638535667E-037
  -17.4507028913966       1.698806664986541E-044
  -17.4397804798340       7.334464702009080E-041
  -17.4263206082638       3.385670462840614E-036
  -17.3976575460024       1.519419728056361E-036
  -17.3866887653185       7.535730313971930E-039
  -17.3575901545472       3.412882007239926E-044
  -17.3330686582369       1.639450164847127E-039
  -17.2472948824913       2.194099319349653E-048
  -16.8318834352392       2.917494275590241E-042
  -16.7916097423180       8.156382345814948E-044
  -16.7269436985287       5.208037940845732E-038
  -16.5369000784331       1.894136919062257E-041
  -16.4953281586022       2.352769162319850E-048
  -16.4159384352804       5.036056483937395E-044
  -15.8229047922902       2.575325527173314E-045
  -17.2217874581753       2.140631887299699E-070
  -17.2003083119675       5.051586890907449E-005
  -17.1963848910008       8.556821893674178E-007
  -17.1872792988908       2.125709284312079E-005
  -17.1487272448380       3.772392781064995E-063
  -17.1308470803879       4.429036092898016E-067
  -17.1236052655077       1.564304602081166E-011
  -17.0790385748263       4.481139912509444E-068
  -17.0085995068867       7.868954637162580E-075
  -16.5416498106225       7.596572673127850E-008
  -16.5046340888569       1.118272855305717E-067
  -16.4815030357560       1.054747500071218E-067
  -16.3137441607247       1.189357567641729E-009
  -16.2705302458620       2.384148118638388E-074
  -16.1885212262996       1.025143449023040E-072
  -15.6101758390093       1.359511800383507E-076
  -17.2456395681191       1.163165566573549E-007
  -17.2199322757711       1.361686288298866E-069
  -17.1495827404360       1.542012154591726E-005
  -17.1453203097896       1.357528012883993E-005
  -17.1421523658797       8.412333507476303E-060
  -17.1095060181471       4.111553396244905E-067
  -17.0967361178934       1.593836971067525E-011
  -17.0464210614998       1.514880521639975E-063
  -17.0004126400431       9.481270197867834E-070
  -16.5217498259306       4.764671905056089E-066
  -16.5133872068979       2.466167563763553E-010
  -16.4103106290710       2.787057916543991E-066
  -16.3083892851281       1.468944211746367E-012
  -16.2571919052964       2.120132816899183E-073
  -16.1782783198294       5.858887086573366E-072
  -15.5966355375717       2.327736397347428E-073
  -17.1850574370669       9.469819704421883E-040
  -17.1425875105751       2.132688451964949E-042
  -17.1339243190148       3.509882726189598E-041
  -17.0937404908446       2.185280601687008E-038
  -17.0659390201078       1.097558964479575E-039
  -17.0546274562655       1.952566717598817E-038
  -17.0410627475084       1.411298881076666E-037
  -17.0181255721492       2.743347582813248E-038
  -16.9519119367591       1.405599326825028E-041
  -16.5088105226186       6.136616381392040E-040
  -16.4241988419845       1.132398176982148E-039
  -16.3725903791479       1.076639953178238E-040
  -16.2383107780497       1.087372283134793E-041
  -16.2061817663192       1.548770277838176E-043
  -16.1283906848055       2.045150696757622E-046
  -15.5431710396472       3.592222581391802E-046
  -16.5807651812968       5.466640289383457E-041
  -16.5388648644324       1.102826521933018E-040
  -16.5330842596554       1.929362857933279E-041
  -16.5103420249839       1.829123762287785E-040
  -16.4957400218018       8.810507787866151E-044
  -16.4859637265316       9.241677063261916E-042
  -16.4475151267447       1.647652570394504E-044
  -16.4312831905937       7.712564421801805E-044
  -16.3579815559021       2.310301026283891E-046
  -15.9220676114416       1.769170857977084E-041
  -15.8808712066201       3.844917999801517E-044
  -15.8368323350647       2.344418303632047E-042
  -15.6280161624017       3.859788791925597E-044
  -15.5827788176432       1.721008996498688E-045
  -15.5260299449813       8.581924209780758E-049
  -14.9276144232339       7.789751814328248E-044
  -16.6485303297577       1.829480720589020E-005
  -16.6305720565324       4.419037571728551E-073
  -16.6088358029489       9.543406882372335E-009
  -16.6066440030510       4.169201528438379E-006
  -16.5775261910208       8.523182339709928E-012
  -16.5716723430481       1.106465939807459E-062
  -16.5426844066933       3.736329580991787E-071
  -16.5265542790206       1.127443552075244E-070
  -16.4477897148827       3.258068752558563E-076
  -15.9887587252270       1.508599607525067E-007
  -15.9549053069688       2.027409004818618E-074
  -15.9124446320169       1.107112200370021E-069
  -15.7249786882245       1.043462645597760E-011
  -15.6840840838553       2.203941424309080E-080
  -15.6166213040872       3.525606600399205E-078
  -15.0206054150416       3.198608984234840E-076
  -16.5650959438792       1.429648134479117E-037
  -16.5222536450924       3.514663663121339E-038
  -16.5079018584900       1.139445127734195E-040
  -16.4906773192463       8.124350213599920E-037
  -16.4733317604059       8.521001448467179E-036
  -16.4579534426523       1.934746616166502E-039
  -16.4366910673425       7.097244115392546E-041
  -16.4174960744430       2.017980835239429E-036
  -16.3516333502827       5.914970616425118E-043
  -15.9017494030582       6.136875445827132E-042
  -15.8598995642151       1.029564051666272E-042
  -15.8039500118847       1.024883211203613E-038
  -15.6093896788815       5.058498333222614E-040
  -15.5735737288326       2.202272504441900E-046
  -15.5176603207533       5.693699490039663E-043
  -14.9168224032092       7.643477733773817E-049
  -16.4073354774034       1.610743790804204E-010
  -16.3625919349786       1.640299942729730E-011
  -16.3481382859504       1.537565559971884E-071
  -16.3378375955408       1.798152803924163E-010
  -16.3275225275442       4.991004623412496E-062
  -16.3057990518674       2.013625054161720E-011
  -16.2866695923202       2.235259260669265E-071
  -16.2615353547409       4.707671977281148E-069
  -16.1860337082245       8.332064806633439E-077
  -15.7485960700776       4.919562085563174E-011
  -15.7159241482806       1.297062139663747E-070
  -15.6692802745330       1.873913086261879E-067
  -15.4490702734882       2.645612288641213E-015
  -15.4119354240689       5.717835530824687E-077
  -15.3586371327993       5.281208233298453E-074
  -14.7631635794840       5.001548169317611E-079
  -16.3915871804912       3.347568169868467E-035
  -16.3414685608331       3.531346600193126E-037
  -16.3381684278782       5.412865973867125E-037
  -16.3172800601132       1.321086371189203E-034
  -16.2785773310374       4.132355134541704E-037
  -16.2673809314408       1.785929821500699E-036
  -16.2570366718557       1.195111660487340E-034
  -16.2467613283817       3.104487426260828E-034
  -16.1593923275261       1.923688722236203E-040
  -15.7237686818501       1.660074133587549E-039
  -15.6628186848882       1.604366649578870E-040
  -15.6020385888943       1.227581362245302E-039
  -15.4412849601625       4.390735216553926E-039
  -15.4114908532174       3.728202230707245E-045
  -15.3374274807511       1.117163905669384E-042
  -14.7532642308690       1.118191843325504E-045
  -16.6157636050880       2.004232913790779E-037
  -16.5985342403156       7.498969868851180E-038
  -16.5428835667987       7.756663920010624E-037
  -16.4980730134750       8.948385611577581E-036
  -16.4903781505853       4.249744285246673E-035
  -16.4688545922443       7.668173065330168E-036
  -16.4052367400804       7.117663737858902E-039
  -16.3944088348870       4.887404480317507E-039
  -16.2958496053035       2.005272447313457E-040
  -15.8461768364925       1.676290999394535E-036
  -15.8312924547857       1.587795450861002E-036
  -15.7592150816900       1.585224172235180E-040
  -15.6673845393472       3.577979397214083E-039
  -15.6452064805837       1.022986259001317E-043
  -15.4872773637734       2.348707869429986E-044
  -14.9239077523807       1.660735638847341E-045
  -16.0225506710457       6.998978940954251E-034
  -15.9821675002240       2.869477569220124E-037
  -15.9682546778456       6.024936969707121E-041
  -15.9510067002620       1.358440641380959E-032
  -15.9149048209970       1.636375159975485E-032
  -15.9085882927540       1.200199218285465E-037
  -15.9034654454161       1.510848159200813E-036
  -15.8820735753260       1.479267782577677E-033
  -15.8137483627020       5.675192050609285E-041
  -15.3571145782071       5.809003212719475E-041
  -15.3062301956826       7.311226498845267E-041
  -15.2463977779372       1.187640319224198E-037
  -15.0720887957271       6.592180364894376E-040
  -15.0461202329396       1.839904769680290E-047
  -14.9818121258112       2.829052237289060E-041
  -14.3857931838559       1.102145634591765E-046
  -15.6894159756411       1.935082299943457E-039
  -15.6518650974368       5.948556490913913E-040
  -15.6207513888033       1.069144220443550E-036
  -15.6136456441163       7.888409197828666E-036
  -15.6087310647255       2.914842323482360E-036
  -15.5847083668541       2.181505474257257E-043
  -15.5683890027895       1.197251761404051E-038
  -15.5546616524843       2.869847868149434E-039
  -15.4817705006562       1.158941242584234E-042
  -15.0266124564914       2.039618112935233E-040
  -14.9995448582709       4.163986919534926E-041
  -14.9587233478436       5.864740154877693E-046
  -14.7178167315111       2.914799443529495E-043
  -14.6939078142496       8.258096564034110E-046
  -14.6441740162316       5.243801889979934E-049
  -14.0362457351546       4.463039342134371E-045
  -15.8261612006101       9.662336008166216E-008
  -15.8139872923583       1.342249299706476E-066
  -15.7953512210126       6.891954609184391E-006
  -15.7847347884646       3.535609212673054E-010
  -15.7475336771687       3.916910609124511E-061
  -15.7430315507690       1.292075135151808E-007
  -15.7316041042297       1.177585811571821E-063
  -15.6957353786866       7.534850251345473E-066
  -15.6095414945239       3.143267772396359E-072
  -15.1669953863749       4.031312033584457E-007
  -15.1347013804104       6.761403437471787E-066
  -15.0870479652324       2.793709622596331E-069
  -14.9064469245948       1.102115692022608E-010
  -14.8642972798686       1.571604786637855E-077
  -14.7903179851571       2.782823990087619E-073
  -14.2032874068582       2.725567294295941E-075
  -15.6815767267985       7.411425855329742E-007
  -15.6485670964239       1.233235091409210E-007
  -15.6267580472170       1.081479830459054E-065
  -15.6110753770251       1.440009584666569E-009
  -15.6099963366338       1.585132279730683E-059
  -15.5888775613520       1.162392044528392E-008
  -15.5544309769758       3.904775842097889E-067
  -15.5424035876547       1.345981778155364E-069
  -15.4732839932685       2.991569775982618E-071
  -15.0240942340816       1.664809582508343E-008
  -14.9870003508749       1.653083301720807E-067
  -14.9508293140610       1.076741024688269E-067
  -14.7258905869248       2.313714035168374E-012
  -14.6837804539948       5.420008612311536E-076
  -14.6408261516762       1.998929309178496E-074
  -14.0320728309874       4.314149744750289E-078
  -15.6009398013761       3.447340081166568E-008
  -15.5816373233318       3.189590366451537E-075
  -15.5596846563581       3.800974348303088E-009
  -15.5571914749499       6.544424159068185E-006
  -15.5206367742015       1.260162760786508E-061
  -15.5076701198190       7.684247862147037E-012
  -15.4890095182120       8.735839515939353E-071
  -15.4595733684763       1.598540546566117E-066
  -15.3693881732064       1.350961155532064E-077
  -14.9353013338604       1.851682962929096E-007
  -14.9019056119489       3.897199100914116E-071
  -14.8535251067814       1.843230710240168E-068
  -14.6669870757365       5.879070668620897E-012
  -14.6276593779679       1.450528778297657E-076
  -14.5412430034639       1.662069015813079E-077
  -13.9521656105370       9.655674513242381E-078
  -15.5523770898905       2.273904439493769E-037
  -15.5163009745761       7.429948345359318E-037
  -15.5073694985503       3.712857800593292E-038
  -15.4897169841507       4.143254006474528E-036
  -15.4617822915293       3.317226141170343E-037
  -15.4580200369885       3.304365855066078E-035
  -15.4408063078800       2.118021316089567E-035
  -15.4209200850631       4.267176818280623E-044
  -15.3486760709193       1.882405037315705E-039
  -14.8908448415516       2.361072534619180E-038
  -14.8388625801295       6.382433875114627E-039
  -14.7994736222076       2.802142044557876E-042
  -14.6077482876558       2.627425161306877E-040
  -14.5687853673192       1.875399204170982E-043
  -14.5194095952825       1.506763980101497E-042
  -13.9210297115760       4.469011174899110E-042
  -15.5410113688132       1.084158111996019E-035
  -15.4873321003350       1.938024631382640E-040
  -15.4787865790857       6.920466968255628E-038
  -15.4709365948399       2.724456068963537E-035
  -15.4264772370189       2.336939752691370E-036
  -15.4140946061740       1.076140689563755E-038
  -15.4048436763907       1.730057306756061E-037
  -15.3757098197698       1.798829280391733E-035
  -15.2977319996475       3.784023962443159E-042
  -14.8662860402596       6.534183605943666E-039
  -14.8251529087807       2.888602084201939E-041
  -14.7398757105774       4.784247325042088E-039
  -14.5805929979070       3.547383529980606E-043
  -14.5553699846001       1.983639214292556E-047
  -14.4652926125959       9.394669567231867E-042
  -13.8748310218208       6.858250250502324E-044
  -15.5139501011612       2.086132004344167E-008
  -15.5023165438326       3.271420742089971E-069
  -15.4529785508442       2.746369941587764E-009
  -15.4267542372293       2.032077033297753E-009
  -15.4054849300351       1.242208381749084E-008
  -15.3969482912336       8.131583304473060E-060
  -15.3812334280039       2.350894048325289E-066
  -15.3499467168804       7.474935815785357E-065
  -15.2525863857671       8.342103727757973E-072
  -14.8161262032012       2.412083394239333E-011
  -14.7928217538075       4.806280952112946E-068
  -14.7064626959488       1.386448929797477E-068
  -14.5748977163990       1.164264611731191E-012
  -14.5342791396913       8.075174414533872E-076
  -14.4247293765101       2.627618012995659E-074
  -13.8361510856776       8.327856083828454E-073
  -15.4869905152643       1.037378019202112E-038
  -15.4563517629591       1.909206144465117E-040
  -15.4260488969799       8.264903898070984E-038
  -15.4146093602034       1.022648160787461E-037
  -15.3754586068179       3.032395022889267E-039
  -15.3684297060665       1.459146845021677E-038
  -15.3495222344107       3.409811743247292E-037
  -15.3383916383528       8.664455890161961E-038
  -15.2339490671327       4.226101810035392E-041
  -14.8042501998233       1.141725001081581E-038
  -14.7484237260106       1.959975175806870E-039
  -14.6749552854985       8.076561594322598E-040
  -14.5407001284826       5.249070041330851E-041
  -14.5222589612845       4.317112508332116E-041
  -14.4058493095558       4.525093334557935E-044
  -13.8176504798674       2.109279925586660E-044
  -15.1498822838098       9.771431497717587E-036
  -15.1078620489930       7.590708527026466E-039
  -15.0858897958796       6.247517880458911E-041
  -15.0743229145407       4.621947417001956E-033
  -15.0683875078749       4.550892226492243E-033
  -15.0467087755577       2.944785393220666E-039
  -15.0259418229855       2.253670492750294E-039
  -15.0142969972902       6.751449323398998E-036
  -14.9352623796138       5.058954861928074E-043
  -14.4826603837850       1.637489884218393E-040
  -14.4478640630160       3.914017646596745E-044
  -14.4024161295634       1.304868230032435E-040
  -14.1842770376118       6.257059114447566E-043
  -14.1608234672511       3.007461466308082E-046
  -14.0946506079413       5.847012194740987E-045
  -13.4875325720462       1.318190144324312E-047
  -14.9668594826616       2.940684911421856E-036
  -14.9259294192947       4.634223157916451E-035
  -14.9203769033487       3.943894922558561E-035
  -14.9006906568514       1.690829406563102E-038
  -14.8748552725583       3.042042002269121E-035
  -14.8628370085592       3.324511048512141E-038
  -14.8460754028346       2.178016497658531E-035
  -14.8200187732503       1.321839588092832E-038
  -14.7331466625909       3.350781078941167E-038
  -14.2781391858743       6.974317941917303E-040
  -14.2382856881543       1.991266759230065E-038
  -14.1766327418456       1.718835326318950E-038
  -14.0107732662768       5.323534093862820E-040
  -13.9761484087792       7.820227064413674E-043
  -13.9054009925379       1.863931046911940E-042
  -13.2978126368692       3.634725162472437E-042
  -14.8803483107850       7.147929702243264E-037
  -14.8268272305142       5.848971049730804E-036
  -14.8201204557485       1.237800897175909E-036
  -14.8031354312972       4.769563115128058E-037
  -14.7865336619386       4.343416660530787E-040
  -14.7573020783506       3.935724199397697E-037
  -14.7523768186074       2.437926510520641E-037
  -14.7260905616095       4.896929200939115E-042
  -14.6393819527152       3.445524827413410E-041
  -14.2074840320415       5.572662706572412E-041
  -14.1734837854923       2.104752478356955E-039
  -14.1034870849895       2.827447385649887E-040
  -13.9139043265695       2.383963729308233E-039
  -13.8855339115335       1.253051004778334E-042
  -13.8155039271307       2.582558727061572E-041
  -13.2143311931427       5.711835083531895E-043
  -14.6141401084089       8.889283528063578E-038
  -14.5620932970423       2.209892378046861E-036
  -14.5604555096141       3.454728736263971E-037
  -14.5497444288769       7.924583100238167E-038
  -14.5226419206556       3.085575914364461E-037
  -14.5058881090171       4.769264878627704E-041
  -14.4936086407698       9.087415484592077E-039
  -14.4609354960175       2.546898539591604E-041
  -14.3743098763616       2.990507287813371E-044
  -13.9465819884413       5.246642767503585E-039
  -13.9108206364280       3.111372528135255E-039
  -13.8557231755979       1.646302864283672E-041
  -13.6559185389697       3.277598990890350E-042
  -13.6188099852894       3.952034436275620E-044
  -13.5492003441182       2.806622156336345E-044
  -12.9602449705357       4.533262818096454E-042
  -14.4729240046822       1.109018354813681E-036
  -14.4293085420134       1.556063038451080E-036
  -14.4243511288602       1.506036698505477E-040
  -14.4004853249002       1.993812472096532E-035
  -14.3863144108415       2.252748654890294E-035
  -14.3753866663735       6.724374783739930E-039
  -14.3362355440798       2.116736178771434E-042
  -14.3190278097096       3.939797296233553E-038
  -14.2453852876376       2.631532362005714E-043
  -13.8117876684285       3.003493765732718E-040
  -13.7705829556168       4.051821922673160E-040
  -13.7249064719704       1.550368777831030E-039
  -13.5171688900363       6.548383212391768E-040
  -13.4704010806969       1.459504321750358E-046
  -13.4131295477202       4.253919880444372E-042
  -12.8146566109219       2.229498305036289E-044
  -14.3087373220968       1.916611335608379E-037
  -14.2882486141097       3.902019345873418E-036
  -14.2293839745146       9.009654758418970E-035
  -14.1940690587897       3.042740444235321E-034
  -14.1830662486102       5.274496106809694E-037
  -14.1738945143275       7.647076208319949E-035
  -14.1575647725479       2.452189048244232E-036
  -14.0786270727233       5.240092180726616E-038
  -13.9644932090620       9.643337601894700E-039
  -13.5442714451798       1.606505099726620E-037
  -13.4873542349681       7.039908454575151E-038
  -13.3936535846853       6.827374529261198E-042
  -13.3269189113127       5.332781758358592E-038
  -13.3121190032806       7.286993368140185E-038
  -13.1152514374662       3.282108120833510E-042
  -12.4998395987474       3.111793192698948E-041
  -9.33230426461281       1.229136269213153E-037
  -9.31414728377953       2.240922245507489E-037
  -9.28691177782114       1.263871783628447E-038
  -9.25459988401019       1.316354914954210E-037
  -9.25282215416877       1.112092144386062E-037
  -9.24693783013417       3.664348233329265E-040
  -9.22640081531860       6.630869423090560E-040
  -9.21544358685649       2.345940888139801E-039
  -9.15306155901937       3.407572473537293E-041
  -8.67807930208334       2.692540323200049E-038
  -8.65442516618116       6.991777575868677E-039
  -8.63334503554480       2.812196063652967E-041
  -8.36747430201537       1.533672943098222E-041
  -8.34193981777543       1.210564895622498E-045
  -8.31959172550474       6.005661684222875E-046
  -7.70015996328305       2.469332626333594E-043
  -9.23046696532623       2.243509420948235E-036
  -9.21243573406164       3.204004543376691E-037
  -9.18460411423942       6.578248588748110E-036
  -9.15389563297714       1.542609291049394E-039
  -9.15055436163614       3.108042342280161E-036
  -9.14556642130031       3.137728999475774E-040
  -9.12202770418221       1.276483854234826E-042
  -9.11143700148561       1.051095911605983E-038
  -9.04936572551050       1.535957643583776E-044
  -8.57661457046051       1.257916046250920E-038
  -8.55196657263814       6.799193208303526E-044
  -8.53122311754973       1.312389387445386E-038
  -8.26611429322916       8.378485253341270E-042
  -8.23819985963160       1.481607503260956E-047
  -8.21553619699192       6.856141533867901E-045
  -7.59646015960470       2.195987588034457E-045
  -5.96781995496275       1.233551394976765E-009
  -5.95985714929585       1.351646684861240E-009
  -5.94309250749151       5.308252900883762E-064
  -5.89660320549437       1.196306800403226E-011
  -5.88416904889366       5.049137750890969E-063
  -5.88316204958991       1.663727041794342E-011
  -5.88140711964343       1.808656636928821E-065
  -5.86809060238827       1.675888747822341E-066
  -5.80333357537692       1.744878705484921E-075
  -5.31323135385485       8.859243252784791E-013
  -5.29909263802561       7.380879756991108E-071
  -5.29041812835860       6.035406354340454E-070
  -4.99915175342228       5.713679654920450E-016
  -4.98368355815169       7.001875543036630E-075
  -4.97320285536514       3.137808850020797E-075
  -4.34127696040016       2.770072533749238E-078
  -5.89791316376643       2.746523707402351E-039
  -5.89054503086779       4.021094910723899E-038
  -5.87947515422320       3.394958179932640E-038
  -5.82593850992020       1.008378048609002E-040
  -5.81940229292296       3.267515027798260E-038
  -5.81190788886355       3.750694910239886E-039
  -5.81121976116341       1.409319452980236E-038
  -5.80285311523186       6.386742218003464E-040
  -5.73620618829068       1.233025344878383E-042
  -5.24153430845296       2.874817568779837E-041
  -5.23317839242378       1.440305417274921E-041
  -5.22526779699573       2.734690628796893E-043
  -4.92667051094104       1.413321181255475E-042
  -4.91810115264936       2.904059823251517E-042
  -4.90835275778509       1.774260721844586E-043
  -4.27402904662190       1.634953212632853E-048
  -5.88215085606327       3.256398948288085E-009
  -5.87952187669741       2.244853224491937E-009
  -5.86021602517516       2.926944281211320E-062
  -5.81291992565939       4.267525610949883E-013
  -5.80082976331467       4.095642847273547E-010
  -5.80010695226424       2.120564175622953E-063
  -5.79851354011000       2.625299058213915E-068
  -5.78520771545852       3.980857809332162E-065
  -5.72080242244881       5.022190721275383E-073
  -5.23032912949535       4.104259981496093E-008
  -5.21407109823144       2.446920772113300E-066
  -5.20975060457398       6.094287393688911E-069
  -4.91631429115191       7.770161381360070E-013
  -4.89729219594236       8.837100160695560E-074
  -4.89350327229284       5.349417820935136E-073
  -4.25844779904668       7.421438575654135E-078
  -5.79985509794050       2.008763257171277E-036
  -5.79547730346152       1.849682828477584E-036
  -5.78341218399576       4.075003803155719E-038
  -5.72628987878383       7.566248465113053E-042
  -5.72461236991480       1.574182197795052E-041
  -5.71881688864710       4.374698822449799E-038
  -5.71107826166073       3.673295872728020E-040
  -5.70873684689040       2.319483506341050E-039
  -5.64070535811410       1.674674783524702E-046
  -5.14498258669911       6.841785477199759E-040
  -5.13686825800395       6.175261882321117E-042
  -5.12987111070286       3.834350989570900E-040
  -4.82956377154192       8.882937895698359E-045
  -4.82030128978993       2.134057550830793E-046
  -4.81440085916068       1.581334503794152E-044
  -4.17788591619075       3.178052304815153E-049
  -5.45260009330863       1.526995652974693E-035
  -5.44269103646977       3.645030636835363E-034
  -5.42823927796060       3.949611427289004E-034
  -5.38344126126810       3.854541522027016E-036
  -5.37482267993792       3.533973829978760E-041
  -5.36898695673016       1.835184683813943E-034
  -5.36738963961305       3.477238477743639E-035
  -5.35696157234942       2.430085415521475E-035
  -5.29189306404610       1.535008399627105E-040
  -4.79756277990391       2.466380976653375E-036
  -4.78587184646259       3.254396341345485E-036
  -4.77576600172752       6.441301061301222E-038
  -4.48654965547652       2.173148720435145E-043
  -4.47792449700520       2.445807572920821E-042
  -4.46470519073566       1.236176110163183E-042
  -3.83500242635086       5.124438128010643E-047
  -5.30937313524379       2.408968002934685E-034
  -5.30345389253031       3.286410557574285E-034
  -5.28718602986114       7.082328487802040E-037
  -5.24007277889487       3.047041695970879E-037
  -5.23481948097347       3.008514237954835E-039
  -5.23052889735517       1.739111877152120E-038
  -5.22581588595687       1.452112174199082E-036
  -5.21755936833932       1.509816653509497E-037
  -5.15245050251023       1.733332902248283E-040
  -4.65689594528608       7.771773344783066E-036
  -4.64455388169479       7.792220246052425E-036
  -4.63651215376987       5.529737027835753E-038
  -4.34606345976774       1.287259258260805E-039
  -4.33490530977310       1.790111750328362E-041
  -4.32718175154377       1.249791950724867E-041
  -3.69480800454041       2.298436021779227E-044
  -3.56754054368014       7.412169861119517E-009
  -3.56146608486662       1.153054289833650E-010
  -3.54867914000237       3.804923145050961E-061
  -3.49275081788881       8.353776808302381E-012
  -3.48710302228636       7.563426674088375E-067
  -3.48545831123738       8.589691542557930E-010
  -3.47740072925709       6.187882564314000E-067
  -3.47024031795797       7.570945867609525E-066
  -3.40445110979735       6.723937905637126E-075
  -2.91240443282891       1.626044014983751E-008
  -2.90267198131868       7.584021046352194E-069
  -2.89507698972159       1.899700380756151E-070
  -2.59651122966016       7.870523481748685E-013
  -2.58390412578131       1.353613186468944E-074
  -2.57541059875679       1.426282876131263E-073
  -1.94127974409755       9.440557837828400E-082
  -3.52185639089969       2.579361886986609E-037
  -3.51524509205523       2.142703680253679E-037
  -3.50323166957151       1.053549494997367E-038
  -3.44602288157855       1.107943597127974E-040
  -3.44320562246732       2.638933517072392E-038
  -3.44035161105321       8.239526765871448E-038
  -3.43071913075550       4.817688978302239E-039
  -3.42558530364040       1.221446885717214E-039
  -3.35928936480122       6.430065121900882E-045
  -2.86636844599311       2.723142884501224E-038
  -2.85765902682047       1.533205088179036E-038
  -2.84936657863088       4.268431107083314E-040
  -2.55041026149620       2.407013363610444E-042
  -2.53978856407215       1.177810098334074E-044
  -2.53071818320329       1.243623910405710E-045
  -1.89663897790727       1.684478892774508E-049
  -3.41588097714913       3.095608505845699E-017
  -3.41239250316730       1.087666367909957E-012
  -3.39810809044885       1.630272814694951E-063
  -3.34630248521169       1.360820465550517E-013
  -3.33442287047039       2.302277551696220E-071
  -3.32991585386188       1.894497599555120E-017
  -3.32807543905485       9.034884976831601E-071
  -3.31985743558134       1.920892076717990E-066
  -3.25302405853653       8.718744026695460E-078
  -2.76207856441738       2.785520430234373E-012
  -2.74859128807561       9.624180122053888E-068
  -2.74749346245114       7.140018509881602E-069
  -2.44674007024457       2.996594393789460E-016
  -2.42995524744231       9.667643806328599E-075
  -2.42764328643880       1.201288686146774E-077
  -1.79107028602920       2.298736864834814E-080
  -3.41141626230061       2.259031149093129E-035
  -3.39711345229529       1.399092355305485E-034
  -3.38958782267656       4.592093971403663E-035
  -3.33863269109971       7.056584785317967E-039
  -3.32520659446920       3.796741961454382E-041
  -3.32321943857498       1.153717508770821E-038
  -3.31738110774273       4.319908863824509E-038
  -3.30789459660229       7.436060947328606E-039
  -3.24157334303135       1.303474084610106E-042
  -2.75138252810455       1.933821238223882E-038
  -2.74564202152869       1.090146219557809E-038
  -2.73189099357449       7.707563575205758E-040
  -2.43574286978710       7.964791817950644E-044
  -2.42877164259725       2.352335820514097E-044
  -2.41034704538231       9.716209842772776E-045
  -1.78055779776287       1.103853281220396E-048
  -3.40306929056555       5.437891709192164E-038
  -3.39246956479898       1.518049877798766E-037
  -3.38379402621830       1.841875114181564E-038
  -3.33231554874527       1.490574133234686E-045
  -3.32277637815145       4.548346607429840E-041
  -3.31450434220937       5.220407377048920E-039
  -3.31149569605734       9.130218575979677E-039
  -3.30415507620306       2.225222309239446E-039
  -3.23742246261273       1.126954445055302E-041
  -2.74511678125801       3.162897648528031E-039
  -2.73800354009270       5.600511269285846E-040
  -2.72848595005575       1.111605043021440E-039
  -2.43040992220086       7.363720251651857E-043
  -2.42274680544880       1.241239739846746E-043
  -2.40974325511920       1.506466208527050E-044
  -1.77772881843165       1.520592395644724E-044
  -3.36037720529140       4.922351286428358E-010
  -3.35707482109192       3.931259951590949E-008
  -3.34049442036204       2.624484460829851E-066
  -3.29287960091388       2.756622791670014E-015
  -3.27961435155781       3.164351976209943E-070
  -3.27703832101549       2.795005009236841E-011
  -3.27579636605471       4.106651789560414E-067
  -3.26423828713527       2.521527178105538E-067
  -3.19907045626758       1.294583493132436E-075
  -2.70824540977221       1.320388306312752E-007
  -2.69283072082044       1.077956950847043E-070
  -2.69114884784324       2.453061701071243E-067
  -2.39522265416313       8.724797364455710E-012
  -2.37721082665866       6.073415831190664E-073
  -2.37383418769945       2.736371152251750E-076
  -1.73949873993073       5.609513326266994E-079
  -3.25611921415555       2.085760566604111E-009
  -3.25049615429432       2.195806323569537E-009
  -3.23496209243364       1.486800890631659E-060
  -3.18351084176793       1.517709442858327E-012
  -3.17522853900374       1.403867489511481E-068
  -3.17502554360462       1.620298919016567E-014
  -3.16850011989822       1.071306948785918E-072
  -3.15803194947620       1.744199207573902E-071
  -3.09368983538178       1.050375027381708E-075
  -2.60262940657486       8.527627130977867E-014
  -2.59013719791199       4.767944788409699E-076
  -2.58299212025540       1.179412528066099E-068
  -2.28833449811867       1.870101860159246E-016
  -2.27309143252187       4.423584900444174E-078
  -2.26582773607403       7.996939140698426E-077
  -1.63266241971402       3.183692663699994E-081
  -3.07035913996182       1.062052551735041E-036
  -3.05658486695876       1.461863359210338E-037
  -3.04626420609833       1.027056350412689E-036
  -2.99866759784907       6.828561577238783E-038
  -2.98846210528815       4.292408825837706E-039
  -2.98403099141005       2.297746441267193E-036
  -2.98085553677442       6.940600480833580E-036
  -2.96976150255064       9.769654396383155E-038
  -2.90442590447318       1.684624581878608E-039
  -2.41129526676147       2.764831989632893E-036
  -2.40348532893855       2.192865591611764E-036
  -2.38950640511189       1.503461861194698E-038
  -2.09881673816047       4.267626494099135E-040
  -2.09233860055222       8.646687097750889E-041
  -2.07415483102897       8.969611035618389E-042
  -1.44540058939400       4.842396051974733E-044
  -2.99889868861435       1.328251209405748E-035
  -2.99155040010897       7.479142149166032E-035
  -2.98077617072138       3.178940663751395E-035
  -2.92782969143786       1.551295776786691E-038
  -2.92013125870313       2.058463848652976E-041
  -2.91310132782269       4.755396045950819E-035
  -2.91245740641373       3.285858584774632E-035
  -2.90346446422759       4.319915928044088E-037
  -2.83716926091671       1.131537458061184E-043
  -2.34279030338793       4.102121116057272E-039
  -2.33455154579644       1.784850369423175E-038
  -2.32658061904285       4.953719794953861E-039
  -2.02924263725024       1.901078590457583E-042
  -2.02021824511973       3.129353559072155E-043
  -2.01034789714249       2.065580493759139E-043
  -1.37726150016198       1.860025208660089E-045
  -2.57420351511153       1.941916674547132E-035
  -2.56893674057153       9.064020773929695E-035
  -2.55425874039754       4.126511427712102E-035
  -2.50103995071006       4.504088040158406E-038
  -2.49589033174290       1.376109227602396E-039
  -2.49522797412842       7.787548181127407E-036
  -2.48624397827571       1.347749302439782E-039
  -2.47874101147703       1.457542307996708E-036
  -2.41352929263274       8.849701019450443E-044
  -1.92048704855837       1.144436257791497E-039
  -1.90917283911100       4.840103360539241E-041
  -1.90190831140956       8.223419531908784E-041
  -1.60721347074209       1.678125893621542E-044
  -1.59340692739134       2.268041698037485E-044
  -1.58627417664949       1.073260327909471E-041
 -0.952977757542666       2.292338055729335E-047
   3.16569225462556       1.040766741164145E-034
   3.19387470239072       1.496144715689075E-030
   3.19414102006210       1.472439722377038E-030
   3.24018383549523       5.414539327340545E-038
   3.25284824050075       2.470300984810684E-037
   3.26237607611167       2.114551456742775E-040
   3.27355115364704       4.284100262553042E-037
   3.28050619755734       7.947888072046697E-037
   3.35056454838815       4.945293377048323E-040
   3.83224800297580       3.122895462450368E-035
   3.83363195760769       2.972612187367803E-035
   3.85985027762800       8.386628069116699E-039
   4.14865751779677       8.136734447593179E-040
   4.14949699981181       1.290709027003214E-039
   4.18470817411298       1.533081762695744E-042
   4.80702468285441       1.112836373388293E-048
   3.17481862116525       6.230309237792059E-036
   3.19783368743002       7.089768646940292E-034
   3.20062572189144       5.921921015043302E-034
   3.24901728373548       3.493087185299663E-040
   3.26236556674930       3.791639418337103E-037
   3.26873386801006       5.148070906564497E-038
   3.27735172626361       9.066036673947706E-038
   3.28602774426689       2.756469984839489E-037
   3.35420679151165       2.636978285279897E-039
   3.83976484632300       1.061071889169461E-034
   3.84066831026903       1.116346107850533E-034
   3.86357169849261       6.428477787785101E-038
   4.15554550770663       1.241813625044658E-040
   4.15783579395327       2.548289248227560E-040
   4.18731583108756       1.149985607459061E-043
   4.81226383850318       3.046210600429432E-047
   31.0871274542593       4.299612310593258E-035
   31.1035610465166       1.523294995457988E-034
   31.1287558097508       4.688817549737003E-035
   31.1632707425844       1.841980165340131E-038
   31.1636848217015       3.646197970671794E-037
   31.1753043346012       8.475661690416774E-038
   31.2114404406286       9.577279496962633E-040
   31.2191701682106       2.178235689458733E-040
   31.2801720245345       3.465784587939105E-042
   31.7437131798348       4.263291224136928E-040
   31.7704174197978       2.298367589215694E-037
   31.7843463972280       2.351503504759748E-037
   32.0630732766452       5.261820964174621E-044
   32.0891461773172       7.389427196414582E-043
   32.1138708940015       7.976621292370954E-045
   32.7379007875951       1.701801421946744E-047
   31.1073033987329       6.703813378380234E-035
   31.1215743146976       1.764896427154372E-034
   31.1445339959797       2.666971105507451E-035
   31.1832433695614       2.765866415259726E-037
   31.1848561423627       2.498999286815837E-036
   31.1939634059339       4.663289016124712E-037
   31.2273496896986       6.476698547170935E-039
   31.2354967371490       2.269071270923358E-037
   31.2959538403100       3.188016942933114E-039
   31.7634443179254       2.317358484134690E-037
   31.7880904194903       4.145117432119750E-036
   31.8000476286572       2.318416576687389E-036
   32.0839140320308       2.164113830986214E-045
   32.1068496670750       8.368050054432372E-042
   32.1287268211066       1.896678541779965E-043
   32.7552010179896       1.820176008311695E-045
   41.3340057098579       5.709624700908450E-012
   41.3343847060136       1.737123514754785E-054
   41.3607666149686       8.338534769354899E-013
   41.3975816024577       1.193268664772695E-071
   41.4088372273343       5.506443194696556E-013
   41.4165982014789       1.902268000950458E-067
   41.4439230552684       7.205618122660492E-013
   41.4508814190397       7.354078269914327E-071
   41.5118202289446       7.801018339371198E-077
   41.9853661620228       2.903891286864151E-067
   42.0108378359747       1.956162322573222E-066
   42.0132463143675       3.211282694059486E-012
   42.3085850628791       5.473869156636251E-076
   42.3329163375853       2.791071610714616E-018
   42.3378363671211       6.437007553260092E-076
   42.9751318864538       8.103692309568975E-080
   41.3738688029659       2.744027549965050E-037
   41.3766511942054       3.638770669689283E-037
   41.4013131613770       6.688013836508111E-039
   41.4371369566489       2.325135694492708E-041
   41.4513742609289       1.233752000043905E-041
   41.4579197214518       1.247369413106834E-039
   41.4848128625567       1.364700217644289E-039
   41.4905451796470       2.545434507956034E-041
   41.5532798690365       6.640988726718545E-044
   42.0263447086712       4.852827811254590E-040
   42.0496414776263       6.298386252496288E-040
   42.0552576475648       2.351598439586828E-041
   42.3501895995461       4.208403267127916E-044
   42.3750428318911       4.233267410943536E-042
   42.3760954414418       5.457315641788320E-042
   43.0153208064223       6.765936385089341E-052
   41.3902346602997       5.265569817093745E-057
   41.3912056531391       4.494712626760767E-013
   41.4153097705681       1.197385248270275E-009
   41.4539160322962       1.866004818912375E-070
   41.4657785633940       7.226606628789781E-014
   41.4744487711891       5.279726754241996E-067
   41.4987056736067       1.450974977122841E-011
   41.5049062473341       6.369884007589223E-072
   41.5670691985771       6.734728025958065E-074
   42.0423626873148       1.014910411966293E-066
   42.0653504888915       3.274697594711039E-066
   42.0690222363749       4.678228976282804E-009
   42.3664609921578       8.071570816345706E-073
   42.3887160115652       1.198486129786071E-014
   42.3915584588431       6.998475838361494E-072
   43.0307735935807       1.323973925202488E-078
   41.4548883016836       3.945381059864325E-035
   41.4596565191808       6.360585781080590E-035
   41.4805543281552       2.968537889656885E-036
   41.5194661499455       1.136368599262690E-042
   41.5342453737751       1.581257050495797E-041
   41.5408460527144       1.398124342141605E-039
   41.5641616113694       4.482794257582655E-039
   41.5692655372524       3.697950366246102E-042
   41.6337374457409       1.311715496032258E-045
   42.1092047130803       2.058103584999709E-039
   42.1288879513321       1.096780461184000E-038
   42.1364348658932       3.701564262910696E-039
   42.4338562484029       3.521203286664896E-048
   42.4545877846539       1.633712732036462E-045
   42.4563412642323       1.155616589166297E-043
   43.0965208530599       1.690719851502221E-049
   41.7633293576592       2.210378120432516E-032
   41.7645520228401       2.405614878579617E-032
   41.7924501065453       4.291881295720128E-035
   41.8245825148576       4.042919213395917E-042
   41.8388960321819       2.847382988164615E-040
   41.8449218931042       2.153805691733165E-038
   41.8752507084153       4.850038132730743E-039
   41.8817868782443       8.586978509759623E-039
   41.9430255162234       1.632085258469727E-042
   42.4136916593663       3.342852372948991E-037
   42.4402481361218       1.539571383050139E-037
   42.4443350809316       2.358412868771007E-038
   42.7356591156859       3.695549614550418E-043
   42.7636918191339       1.833443172591064E-042
   42.7664405136029       1.100089710556164E-042
   43.4032597952043       2.023408796373597E-048
   41.8717944802213       1.067753883187666E-034
   41.8747428646600       2.408286607711407E-034
   41.8991740357302       4.863321819321016E-035
   41.9344997138773       9.304059318589138E-039
   41.9489389164575       1.685476585661249E-043
   41.9549095012643       6.658182780135554E-041
   41.9819523069843       5.416454383587808E-036
   41.9880430284347       1.870361142999807E-037
   42.0506765814758       3.055786680232735E-040
   42.5237540793206       2.126377086123209E-037
   42.5470818086593       6.756334699431575E-035
   42.5527898761405       7.570113027338950E-035
   42.8464346108513       1.023046018075359E-043
   42.8721688075796       1.351427024906070E-039
   42.8725341934504       8.364068407518211E-039
   43.5117546331358       8.198633423177617E-046
   58.9464656344907       5.447931118785779E-060
   58.9509939300652       4.790963843825860E-013
   58.9727708751216       2.656921392005509E-010
   59.0132408625847       5.661030524744681E-070
   59.0267740518143       6.902916211134460E-015
   59.0342028660792       8.521253254691712E-067
   59.0568727424840       8.556720237394127E-012
   59.0625317888182       9.234809574815045E-066
   59.1263385799228       3.278734681763789E-071
   59.6008136047012       1.388780121228271E-065
   59.6213260310185       1.054369527571582E-063
   59.6286073460491       1.133997625199627E-009
   59.9270196581395       7.547090807427972E-074
   59.9486180365430       3.564949968860035E-067
   59.9489720482897       4.301322889287295E-015
   60.5900109614057       1.558804118566329E-078
   58.9608523146208       1.286577095890875E-037
   58.9669454902503       4.302642917061305E-037
   58.9865443301134       1.205490136054775E-037
   59.0280771276912       9.431057310734298E-042
   59.0425953007817       1.736739933277582E-043
   59.0495526066249       8.056164900505826E-042
   59.0705961446924       1.877182584237886E-039
   59.0758661547992       3.895313227121446E-040
   59.1408642814396       9.483327567519609E-044
   59.6162899389337       1.397155981380649E-040
   59.6346124295172       4.522092523094769E-038
   59.6434906241411       4.531022666233529E-038
   59.9426196568423       2.947508215783891E-047
   59.9613907069551       1.987062798838500E-044
   59.9638999478732       3.356435836914226E-042
   60.6043555614763       6.481070298127027E-048
   59.0132149741391       1.702492608855152E-063
   59.0174628199117       2.074946502844985E-017
   59.0396099281699       8.566128728888019E-013
   59.0785606600569       6.363632862075008E-073
   59.0928704664293       2.936978349179496E-015
   59.1028513895191       4.099071500647195E-066
   59.1241950790930       2.071141412878898E-014
   59.1286134929342       2.092099782064812E-072
   59.1930356908846       4.167961357270796E-076
   59.6671103976772       8.147821876186193E-066
   59.6879585344919       4.514527872260180E-068
   59.6949496131870       4.141905106205545E-012
   59.9942458277672       7.050693730911871E-076
   60.0145758130895       9.508693638441717E-076
   60.0152421008052       1.081808628768458E-017
   60.6560201915555       1.715382870356399E-077
   59.0079544533410       7.352262569306672E-038
   59.0137650685343       9.363243891772975E-038
   59.0520812248472       8.115686368813772E-040
   59.0726630321434       3.250031305027937E-044
   59.0846195102734       1.181451611571281E-040
   59.0900078546171       6.706617129937380E-045
   59.1357904439157       1.964910167008688E-040
   59.1444115829844       1.773119162411491E-041
   59.2013149425188       6.383723389161098E-044
   59.6585444433751       4.388286073207436E-040
   59.6983747031086       8.335568317896647E-038
   59.7015624125534       7.296982921568929E-038
   59.9801007558439       4.389747445695376E-046
   60.0183502110562       2.128183645514577E-042
   60.0319400576758       5.277448757711874E-045
   60.6610952885541       6.673093418047109E-051
   59.0145511983348       1.118490113698871E-034
   59.0190278140584       1.469757545440562E-034
   59.0581690112369       2.766671323889234E-036
   59.0776142856484       6.738996083037636E-039
   59.0909203182879       7.846646007979865E-043
   59.0956215999224       1.883222473604327E-038
   59.1418711235001       2.230588855920515E-038
   59.1502592006284       7.977704279878079E-041
   59.2072408465669       1.279353779758898E-041
   59.6639074045619       1.514522306241209E-038
   59.7047331395084       5.408387385023895E-036
   59.7067297552279       4.802118058933231E-036
   59.9855255402267       3.042291336437340E-044
   60.0246183823958       1.069717076459987E-041
   60.0361769446203       4.107894668928730E-044
   60.6661598394218       9.327585378716092E-047
   59.0475716161140       7.611969826239900E-061
   59.0513542877771       2.803952074870639E-013
   59.0746786380716       2.867757417822039E-009
   59.1118657826897       6.795846114598934E-077
   59.1264833522295       1.284123696101352E-016
   59.1364229846494       1.581506049593095E-067
   59.1588570624980       8.836292959729584E-013
   59.1635768920891       7.227920797542704E-070
   59.2274362663629       2.669304459552302E-073
   59.7005000563012       1.591951959865640E-069
   59.7224939240027       1.625174312698304E-063
   59.7290591571268       1.708165886028516E-008
   60.0266982386099       4.429969365393120E-078
   60.0489926686029       1.794532523350904E-065
   60.0491296361109       7.229296167334380E-014
   60.6893274401394       1.407287289576350E-079
   59.0904535566399       7.386137099552902E-057
   59.0955513889541       5.429070543566393E-012
   59.1163978554851       1.241606824110227E-011
   59.1564643271879       2.101678317265228E-071
   59.1708509980308       5.709613158693079E-015
   59.1792965824625       4.356060721381033E-068
   59.2004164504499       2.106670159098456E-014
   59.2054794500172       3.669910487227078E-070
   59.2700295347093       1.403556548561573E-077
   59.7447764653505       4.533022097892230E-068
   59.7644480298544       7.609935883695783E-068
   59.7722786718833       1.151422119225516E-011
   60.0709832222859       6.368638596286888E-075
   60.0908074920092       2.908780150922834E-075
   60.0924931733508       7.182712375116003E-017
   60.7328744162300       2.882091008499447E-079
   59.1662300950721       3.633850286607903E-034
   59.1728619965256       5.113661911141788E-034
   59.2145303811293       2.254243320365255E-035
   59.2284468553145       1.017165174384427E-036
   59.2425050646869       1.278611306564520E-039
   59.2470865266392       2.116637246580335E-037
   59.2977235740772       1.081673120882806E-037
   59.3066725484640       1.821931219597341E-039
   59.3628251697479       5.335190722001450E-043
   59.8157516831141       2.422037837785018E-038
   59.8589776848511       3.010833949459077E-035
   59.8629369704660       2.799096879628282E-035
   60.1352154867468       5.407764212181264E-043
   60.1785981276495       7.607312323763153E-041
   60.1929620164030       1.002307350076682E-042
   60.8201588642816       2.217597144116461E-046
   59.1944170399904       2.446817326459868E-034
   59.1981377446180       3.126602226648338E-034
   59.2375394468978       7.504805328938434E-036
   59.2570285072380       3.557963092169872E-038
   59.2706396563574       3.119405688497892E-039
   59.2742037604957       2.211531552835927E-037
   59.3210003687610       9.131940465259375E-041
   59.3295876651879       4.947552215574237E-040
   59.3865116202515       6.597174706099428E-045
   59.8432172413456       5.492994922529631E-040
   59.8843337943137       2.747420362729923E-037
   59.8855594687531       2.970823581626446E-037
   60.1643216970094       2.971453060505523E-044
   60.2041358830275       1.862711449628343E-044
   60.2148159974511       2.583605443504414E-044
   60.8450209258147       3.279276553453286E-048
   59.4051011529922       2.479714376109367E-037
   59.4118270897107       7.780220844326513E-038
   59.4311559722587       1.299909249938547E-037
   59.4713519450485       3.213564112029979E-046
   59.4869967386045       7.499205063406032E-040
   59.4945489938456       2.106648910857391E-038
   59.5150793951325       1.499534855164218E-039
   59.5196790318525       5.294307818994724E-042
   59.5853795220493       4.102720123815335E-046
   60.0603360378970       3.625310204554757E-039
   60.0784098002698       5.802575701591775E-040
   60.0879272436190       6.280424303798704E-039
   60.3865356284631       7.068397584606592E-045
   60.4043341585403       3.286584595666969E-045
   60.4080922611988       6.166731527082300E-044
   61.0475991691475       1.196732398362029E-047
   91.6180338159192       4.062425299842939E-035
   91.6382285499471       5.494868140828859E-035
   91.6714840172754       5.947203012404162E-038
   91.6966673230831       1.821625326265316E-038
   91.7488337363973       1.533429469572154E-040
   91.7775992476237       8.489395812481318E-037
   91.8412103010226       2.352167411771170E-040
   91.8664771035092       1.474386420584812E-040
   91.9570818658927       9.724393032803667E-040
   92.2887269198368       4.912120141547864E-039
   92.3958037997625       1.918049510695938E-037
   92.4466962191752       2.076515094633674E-037
   92.5844895639623       2.354705164206152E-042
   92.7108371812504       1.729409191917838E-042
   92.7770680722235       1.758786517768186E-043
   93.3882304069714       1.214308003012246E-047
   91.6218922312541       4.171046457836904E-036
   91.6437695590883       3.661851027629530E-036
   91.6732745894903       4.202883788465934E-037
   91.7004882815572       4.125489052615270E-038
   91.7503394344553       1.503674959577642E-036
   91.7776926145831       2.476843386545546E-036
   91.8431378302121       1.251982793262823E-039
   91.8663271164907       6.726254153851496E-041
   91.9551413418782       1.003270493135569E-040
   92.2911826871179       8.048436426960126E-040
   92.3967927231674       7.975354338431429E-038
   92.4458140998747       4.237198182857251E-038
   92.5878741208445       5.343937768854354E-043
   92.7120189328433       4.890257905075083E-043
   92.7758236515828       7.912894157998403E-047
   93.3876372047940       4.136878969588816E-047
   233.370582968569       2.809214970995891E-037
   233.383317806822       4.843966400075656E-037
   233.451853048531       3.251227119589523E-037
   233.464761594111       1.972176371498329E-036
   233.533891966080       3.506560664123486E-037
   233.604680359674       2.065918744979282E-036
   233.653899811126       3.196122330481804E-040
   233.696989956751       1.394419350185528E-041
   233.802350760092       4.539793933384163E-041
   234.066767684699       1.230232375647539E-039
   234.220288360029       8.248055272574962E-038
   234.286333733124       4.460702577289103E-038
   234.349767424722       1.997272851799582E-042
   234.531847521139       9.995616707421249E-043
   234.611694333569       2.371987851149531E-045
   235.232075561974       8.023544096180892E-047
   233.372830222771       9.251064207050886E-037
   233.384210697718       2.875316683076395E-038
   233.450767420632       7.911804228954910E-037
   233.465670891292       1.643468970248714E-037
   233.532469024441       2.722769624476428E-038
   233.602509740796       4.625352303739920E-037
   233.653581211965       6.041629130219068E-041
   233.694471128801       4.130770901374022E-041
   233.797874932295       4.960237327241345E-041
   234.065790646313       1.289967588437219E-039
   234.218459547229       2.618767555306999E-038
   234.282720294574       2.087816984858465E-038
   234.349566523175       9.368796079385278E-043
   234.530284485603       5.435449795780878E-046
   234.608034696093       8.307963060912737E-045
   235.228101105805       2.410820402087248E-048
   275.475682138423       2.329896650325814E-056
   275.481657959090       1.788880168544474E-013
   275.524060266436       2.317480851762733E-014
   275.538060884712       2.058579044606464E-067
   275.560399023965       4.018538274526888E-015
   275.560540116187       6.221220616488548E-061
   275.609050280409       7.437098746903465E-015
   275.615667557073       4.458785880239742E-069
   275.675849557598       1.039345525489302E-072
   276.126631577442       9.115462049520640E-065
   276.167976399220       9.458691383362332E-063
   276.176598222892       1.521141680830781E-012
   276.452986534627       9.992644116220297E-076
   276.497984338840       5.334794663051790E-023
   276.499569024387       4.049960876790684E-076
   277.135600099811       1.345473730438411E-086
   275.502459937095       5.274182893548909E-038
   275.511668647202       1.413558004380069E-037
   275.548410937844       3.880172597462274E-038
   275.566610493467       8.452136070691803E-042
   275.590154013970       1.262257336904480E-040
   275.590775879888       1.873798055287218E-041
   275.633591265211       2.817123765220817E-039
   275.638453103582       8.443709898271193E-041
   275.701845074089       3.401174885796483E-044
   276.155900948583       2.982627484154731E-040
   276.191545089149       1.326059856471061E-038
   276.203424242973       1.612081625692975E-038
   276.483624521636       3.665645463853346E-046
   276.522236517385       8.254866580175630E-044
   276.524908748143       2.751918695998491E-042
   277.161507822434       1.136941983623787E-050
   275.510951060071       1.119386807882495E-058
   275.518368585379       4.133029713143242E-014
   275.558032182998       9.214743812476561E-011
   275.574412695241       2.752420338102691E-071
   275.596994652109       1.794673558542116E-015
   275.597439632316       7.523017756422019E-064
   275.643100417313       1.124995831091516E-013
   275.648913486357       1.252653640184130E-069
   275.710540809094       7.119084530247080E-074
   276.163000930274       8.689625218029019E-064
   276.201885938418       5.853809183930253E-062
   276.211813636195       6.463009410684110E-010
   276.490296739623       1.433638595674747E-076
   276.532593976012       7.944343407492331E-071
   276.533230211375       1.039028104610340E-016
   277.170568753339       1.452153033839743E-083
   275.553966495561       5.618929496796318E-036
   275.564782207147       9.290459991588519E-036
   275.598414123170       4.085897697169559E-037
   275.619197865971       2.895454276807409E-045
   275.643136894009       4.404959662857604E-042
   275.644237280725       3.305741332467701E-040
   275.683689836851       2.008630113903378E-042
   275.687542310275       2.012172893088156E-043
   275.752827316632       2.616960394057449E-047
   276.208764660231       1.411889436697112E-038
   276.241512209173       2.001159756850129E-039
   276.254897737734       2.093433804965610E-038
   276.537441039543       1.871745411748392E-048
   276.571308676362       2.471091552233383E-048
   276.576427645011       6.947164828241752E-044
   277.212814869885       2.058873829603223E-052
   275.767069985310       6.449956850388906E-033
   275.775525974220       9.354138405801307E-033
   275.814213125107       2.916673358358386E-034
   275.830366255103       1.249786316936579E-038
   275.854006015097       4.778756603947741E-038
   275.854266111743       9.707309050500218E-037
   275.899250858165       8.076698714560306E-040
   275.904605154531       4.558838013558125E-040
   275.967087473322       3.198348215899598E-043
   276.419554458521       3.691380994899367E-036
   276.457158085188       1.990412508311202E-036
   276.468285312348       9.813897342052181E-036
   276.746655154980       8.162683988865209E-043
   276.788020901036       1.693525925762970E-043
   276.789710089577       2.442219667656410E-043
   277.426169147569       2.156262269548677E-051
   275.839612155133       1.011134343718968E-034
   275.849256160021       1.744112002916914E-034
   275.885725249198       1.010305209692254E-035
   275.903862750749       3.697776149342885E-039
   275.927659305016       8.204967352344433E-040
   275.928050752754       1.859784193138204E-040
   275.970799438923       3.245648054592154E-039
   275.975485766131       6.670797878700854E-040
   276.039272082942       4.700141766127879E-043
   276.493051359935       1.217814848992414E-037
   276.528694068151       2.474859700406153E-036
   276.540886256131       1.451206819754530E-036
   276.820873250797       2.372937455439053E-044
   276.858804666882       5.543333232868265E-043
   276.862332527853       9.296022263747229E-043
   277.498656124229       2.799136059378543E-051
   359.187602950578       4.404253025479946E-060
   359.195960049628       6.959263631509164E-015
   359.234882333796       1.248998246046824E-011
   359.252089143425       1.265496918100462E-068
   359.275006897172       3.040315024853776E-016
   359.275073854031       2.219848402661923E-063
   359.320179937232       5.826751006671113E-014
   359.325828826310       4.045085967184735E-071
   359.387969588349       7.260533234589488E-076
   359.840373673882       5.574409605881584E-066
   359.878229794110       5.920307637643783E-064
   359.889240720873       9.633901732768378E-011
   360.168081742429       1.080392520414510E-075
   360.209699450908       1.318988481348656E-072
   360.210851634751       2.498857636298706E-017
   360.847892786007       4.838895436661066E-084
   359.194408508261       3.012868913988521E-038
   359.205457143059       3.845692118372562E-038
   359.239024973237       4.962468495486374E-044
   359.260427914638       2.169530831312312E-042
   359.284238345503       6.163621484195507E-042
   359.285292963496       7.961411518702897E-042
   359.324487164526       3.412000330284552E-040
   359.328502325416       2.166802894502969E-041
   359.393704551953       9.998837527754608E-046
   359.849502223150       1.852392445306953E-042
   359.881967471474       8.572441000565958E-039
   359.895696817597       7.722974140784201E-039
   360.178444505057       7.640988673745883E-048
   360.212507182162       4.400985394279133E-046
   360.217392943758       7.562289800483781E-043
   360.853854461443       9.757719569546721E-050
   359.217028432146       1.813705682747972E-058
   359.229373740865       1.605370091255170E-013
   359.260018229118       6.215471630896399E-014
   359.283223291536       1.539597878371565E-072
   359.307886461533       1.109122651197262E-015
   359.310934204846       9.246949622296676E-066
   359.345748498042       3.137338872683671E-015
   359.348227334011       1.683120859114903E-071
   359.415570543445       1.033883594541934E-078
   359.873241184505       5.769136664535472E-064
   359.902880355122       4.877221595485555E-065
   359.917851951131       3.764585140087567E-012
   360.203590627289       1.493005953890154E-078
   360.232304856142       1.096200932766676E-079
   360.239562968474       7.546360459242430E-019
   360.875783377096       5.751717156393342E-086
   359.210417304874       2.396886467214701E-034
   359.215578625233       2.910294320819417E-034
   359.263317420570       2.496494209474969E-041
   359.278715847781       2.339012649853397E-036
   359.290218313382       3.805549759682191E-041
   359.293896767480       1.119956451810031E-038
   359.363917690351       3.990449543501305E-042
   359.372841829362       1.838508709042788E-042
   359.427411591857       1.477760551610882E-043
   359.857039553440       8.588714384048446E-039
   359.921748001233       1.874194528228561E-035
   359.924317074636       1.905302863682121E-035
   360.178688440890       1.101331988214885E-046
   360.242713453708       5.791849031828302E-043
   360.258618758962       1.006730502272948E-046
   360.883619877984       2.354239904296867E-050
   359.212074327610       1.597689125692324E-034
   359.219229710757       2.041664009462113E-034
   359.262804525833       5.170813020626622E-039
   359.286255836462       1.342028411749520E-036
   359.291961045915       1.054707501191138E-038
   359.296987867930       1.442959854188801E-037
   359.371523913662       2.422115072564189E-040
   359.380174224155       1.817680816285795E-041
   359.434808671161       2.574308342681456E-042
   359.858730193756       1.682806557803825E-038
   359.927513538373       1.778935211488516E-035
   359.932267355563       1.629331567843040E-035
   360.179443554789       2.415959742386589E-045
   360.248278621662       4.747552375876497E-044
   360.266154868917       5.071089012296979E-046
   360.889909072877       2.658754867199646E-050
   359.236746054243       1.762692945523395E-059
   359.245725393358       1.808934630587020E-014
   359.283591830661       1.981903059112812E-010
   359.301028044603       2.268403164114126E-074
   359.324617958934       4.156696818806675E-017
   359.325461229492       3.523495316683635E-070
   359.368950595207       1.056768687135544E-014
   359.374030758433       1.109975014500018E-070
   359.436950818125       1.189732539526566E-075
   359.889789245215       3.400263013825755E-065
   359.926570771152       7.053973412642996E-066
   359.938216272318       1.794146529488058E-009
   360.217891988549       1.024393823268377E-073
   360.257677109526       3.506764872251729E-071
   360.259830192265       4.843840417934843E-016
   360.896443320088       3.233664308640687E-082
   359.253734780872       1.234828990279295E-057
   359.259993489049       5.397933249190989E-012
   359.304044744324       1.221125745052945E-011
   359.316381999491       5.736108845581902E-070
   359.338587899862       3.462487522751108E-064
   359.339210543015       4.289180004098416E-016
   359.389192198869       6.799073694879058E-016
   359.395884101424       4.624108675242248E-071
   359.455901010852       8.638290666222814E-076
   359.904279006535       5.349101200752222E-065
   359.947614738674       2.379665632510078E-067
   359.956354742791       1.184598455053667E-011
   360.231105270693       3.888551517528744E-077
   360.277863207951       4.002198785736573E-018
   360.279189230262       2.484090803768440E-072
   360.915215026588       1.955281016430888E-082
   359.263839125051       2.945963094091613E-033
   359.289508282392       7.656717209493977E-033
   359.297659137257       2.519308177788268E-034
   359.344162360089       3.438859003584657E-038
   359.366533715517       1.980700825273799E-036
   359.380492383209       2.792065027011915E-034
   359.466722598924       6.246375594244424E-039
   359.466840359991       1.187939097690895E-039
   359.535962910604       9.174930748535693E-041
   359.916728480132       1.873332234290360E-036
   360.009096492149       1.654093487419100E-034
   360.032193555366       1.166750550735101E-034
   360.227917971742       2.689449258816351E-042
   360.328270423007       8.368288302834495E-041
   360.367438684180       6.752897566571340E-043
   360.979939048321       2.141178451299981E-046
   359.271648922397       2.142727074941930E-035
   359.294470144255       5.200558681631782E-035
   359.307698779431       2.235782793515135E-036
   359.351961201621       6.567154088456201E-038
   359.371400577422       3.816268743027376E-037
   359.382898423227       5.307986621101445E-037
   359.469063745121       3.153852748712230E-042
   359.470885053763       2.362768475702733E-042
   359.536609423071       1.278212224514619E-042
   359.923231690147       9.122568780175699E-039
   360.013280241884       5.143604500256951E-038
   360.033720746519       1.642454428448800E-038
   360.235837293981       2.992579855611877E-044
   360.332659504224       2.731133487184567E-042
   360.368283880830       1.514449106581967E-046
   360.982718626222       7.879312201211324E-050
   359.397128230226       2.740946402418419E-035
   359.410585799452       6.166410925383941E-035
   359.439790761369       6.652528854914673E-036
   359.463787620676       7.284042466337823E-044
   359.489010445086       4.380115096993803E-043
   359.491735497213       7.320297169748766E-040
   359.525476596245       7.906385405798143E-040
   359.527469530729       1.058700058724352E-040
   359.595965967378       8.098842141254097E-047
   360.054059817843       2.279475156345251E-038
   360.082230461715       5.830769302623037E-039
   360.098343154112       4.042206986733862E-038
   360.384458474865       3.700513019881541E-045
   360.411399307128       1.284964623562899E-045
   360.420078136701       2.981965507446324E-043
   361.055867544807       6.524553456411779E-049
   555.530448644981       2.337329426399675E-035
   555.545056126861       1.401056273530454E-036
   555.574332199288       2.728201963868404E-035
   555.612014300059       7.589476599979798E-038
   555.653778983915       6.797658542347941E-037
   555.692650512005       7.848380661246142E-036
   555.764654392724       5.691078820785416E-040
   555.781121288405       3.470449025015636E-041
   555.863439151270       5.622356371772493E-041
   556.193062609666       1.189636305287007E-038
   556.312546140405       1.301768233527476E-036
   556.353865991362       8.031556543611930E-037
   556.494444453750       3.776504075946147E-043
   556.629336072596       1.164109384831044E-041
   556.687323699205       1.043827335471427E-046
   557.297035590057       6.866150753784455E-047
   555.536724345707       2.230536058204349E-035
   555.552753150480       1.419493623115981E-035
   555.578576230339       3.091429245064332E-036
   555.618317000791       2.555201674859608E-038
   555.657822109487       2.811906489466293E-038
   555.695643597439       7.640908246492702E-038
   555.769355830047       7.703872545153514E-042
   555.783890930150       5.425298919655790E-039
   555.864536768557       9.334012043839010E-041
   556.197999166496       2.502403716063093E-038
   556.316463467470       8.325810925200914E-037
   556.355948300941       8.799966606024932E-037
   556.500269745303       2.934733667284680E-043
   556.633425863100       1.281396935411583E-043
   556.688923996969       1.088546101343935E-044
   557.299532617061       1.179198516393483E-048
