                  1600
  -19.3557459902813       6.073435349413620E-072
  -19.3185845381851       9.204987435590490E-010
  -19.3025603722993       1.870554927892166E-069
  -19.2928841349197       4.865632529126574E-068
  -19.2523377608750       4.123467550306496E-066
  -19.2488881265009       1.565587816716526E-010
  -19.2256752656205       7.819818258337418E-008
  -19.1999626902525       1.960938052849284E-007
  -19.1102444804330       2.553869250528243E-008
  -18.6650585979692       2.209335894242141E-069
  -18.6117874768715       2.140955352769902E-011
  -18.5587342416835       4.406440422074182E-010
  -18.3954566317154       2.387536115890047E-073
  -18.3557066138220       3.759995053727194E-011
  -18.2723064458843       2.831777344751903E-011
  -17.6745715002036       4.527253986193672E-013
  -19.2992909882712       1.357326005103601E-067
  -19.2457784204483       2.677309585149967E-015
  -19.2238172516915       1.258762435076418E-061
  -19.2214629399037       5.485514415021504E-063
  -19.1671812715151       2.694987577586809E-005
  -19.1556852352735       2.684723417564711E-011
  -19.1272557544119       1.921688598722026E-061
  -19.0873177051161       6.430599436349835E-007
  -19.0157928675728       2.391041285505757E-013
  -18.6163980622886       1.662763949405077E-068
  -18.5715417731765       4.122131432237052E-017
  -18.4568696321706       1.975588157724625E-008
  -18.3270722543430       9.175704340443713E-069
  -18.2936511571705       9.064502417160048E-014
  -18.1856651617929       9.043762307194059E-010
  -17.6060829156576       1.736492023562500E-016
  -19.0177888310932       7.884596717539490E-067
  -18.9693765567917       2.030563269325212E-011
  -18.9556661054723       4.756696808165947E-064
  -18.9414484293687       7.764040916537747E-064
  -18.8874373635071       8.346199184546763E-007
  -18.8749040097209       2.400011797056932E-005
  -18.8733022635824       6.075932940599324E-063
  -18.8450671435440       2.354749982735414E-005
  -18.7586953565904       1.332056524906784E-010
  -18.3448107032373       2.504735843407212E-068
  -18.2850109059145       2.454491161174663E-012
  -18.2022475913674       4.362749487537412E-009
  -18.0557662814882       1.017027685557363E-068
  -18.0258262249719       1.706970989476261E-013
  -17.9277815186263       1.077127253025618E-009
  -17.3402533475398       1.060192424138026E-017
  -18.9733659159658       7.107982628867033E-070
  -18.9456049551856       8.778772661380283E-010
  -18.9227952914435       6.080508964219238E-066
  -18.9172531274198       3.950723109066821E-065
  -18.8769619454751       2.804407153077795E-065
  -18.8667046266783       4.487185607607723E-007
  -18.8536479802284       6.606236286345594E-007
  -18.8282661012252       4.672793560557254E-008
  -18.7489255284885       1.491181872820264E-009
  -18.3028418316023       6.757583666102185E-068
  -18.2548597168187       3.148360276704659E-009
  -18.1905365728628       2.177250171044593E-009
  -18.0339076882256       1.150093699540665E-070
  -17.9918968213800       3.689307965483543E-010
  -17.9173003567444       5.126025393167280E-011
  -17.3236856312420       2.220646831398528E-013
  -18.9224844014188       1.153430946450159E-067
  -18.8888027310152       2.051345575629930E-011
  -18.8466875539280       3.756153418316132E-064
  -18.8036744959198       3.037535717672832E-061
  -18.8015597215228       1.358820513876863E-007
  -18.7957148671493       1.530797649625807E-061
  -18.7842409330478       3.982449567699991E-007
  -18.6839371355401       5.063235513409852E-012
  -18.6302804507508       1.377360271406165E-011
  -18.2340153884148       1.524319476256520E-065
  -18.1396617690585       1.503713036597603E-010
  -18.1070434219776       7.247124740065323E-011
  -17.9610617054653       4.888761411982248E-067
  -17.9221551897023       1.645322686390276E-010
  -17.8045607958257       1.856198883227181E-012
  -17.2186220402683       4.533578205241057E-014
  -18.9721693598169       6.555036177401381E-036
  -18.9175656720906       1.907021562699151E-052
  -18.8980448223936       5.540009894717709E-039
  -18.8463291813552       6.780004771764175E-039
  -18.8265754691015       1.870760120546316E-046
  -18.7848775123620       1.202242074312836E-035
  -18.7828780601910       3.029336279551224E-035
  -18.7008183692032       1.488722304814779E-038
  -18.6655039803795       1.489923097712549E-045
  -18.2340424509761       4.854882167936771E-041
  -18.1914712335465       8.036034210378947E-040
  -18.1456556865736       1.118094721562014E-038
  -17.9755164430708       3.199388640312117E-042
  -17.9635162446028       6.682369893581840E-038
  -17.8450869094100       7.254024006634945E-040
  -17.2660477869055       2.105394057455837E-047
  -18.7737798121085       1.048908014886943E-071
  -18.7169619762757       3.809686358030223E-015
  -18.6953821813505       4.644121737087635E-063
  -18.6720282737609       7.514911749879057E-064
  -18.6331136456236       1.043135296758814E-005
  -18.6222889268043       8.814128459024166E-009
  -18.5613368653327       3.735090372725543E-067
  -18.5278413023479       5.441427515384023E-005
  -18.4502655595811       7.705734387913252E-013
  -18.0599381519906       1.534380410785962E-070
  -18.0281586725275       1.251203903038382E-015
  -17.8740035817511       5.798822240832036E-012
  -17.7853748317067       6.084291155713055E-073
  -17.7720091940356       8.134997757630486E-014
  -17.6165747063923       1.254000027065255E-008
  -17.0370228529989       1.726149711006250E-017
  -18.6318635334572       3.170564379851857E-071
  -18.5864474278140       1.627400402650287E-010
  -18.5625500070929       1.186873575518314E-070
  -18.5602228456378       1.898005237851353E-067
  -18.5136437801811       1.089314958881407E-007
  -18.5100057651561       2.711186921300301E-007
  -18.5099477580217       2.016155297775523E-056
  -18.4685552502704       1.426003419067114E-007
  -18.3675191657724       1.663028979043773E-010
  -17.9533434397034       1.642637672069811E-070
  -17.8979014195916       5.567218507564035E-015
  -17.8363959155009       9.086075968879952E-012
  -17.6725876697530       1.546240962408997E-070
  -17.6506869007984       6.589607613823567E-014
  -17.5425868341427       4.495546626174203E-013
  -16.9582244353635       7.994142269630452E-014
  -18.5445544346935       3.044413680505910E-041
  -18.5055018244241       2.984875049520998E-039
  -18.4769444837731       4.575304694210361E-038
  -18.4682569108605       4.635618734347303E-036
  -18.4512437009798       1.142253640842297E-033
  -18.4449585823303       1.893292060840215E-034
  -18.4143024321821       4.392556400675648E-039
  -18.3814250612334       2.443013393449619E-034
  -18.3119412950611       3.852162427041227E-042
  -17.8688599797056       1.715551299655584E-041
  -17.8457610435937       3.157200254653345E-042
  -17.7694870948012       1.239618598564331E-038
  -17.5978831275170       5.925247255064952E-042
  -17.5520452542649       8.587755930994344E-044
  -17.4838892013563       2.666738752510712E-040
  -16.8937451458994       2.347407572637706E-046
  -18.3710771905513       6.026906413237762E-041
  -18.3553536201247       4.472214908929968E-043
  -18.3285790897202       1.103415913334340E-033
  -18.3253079018524       1.021454143659491E-037
  -18.2810152815386       2.913958783945772E-033
  -18.2766813574878       3.497832470272587E-036
  -18.2554089170862       9.728735019578023E-039
  -18.2231404732712       5.477820684099923E-034
  -18.1299054320761       1.750133545838076E-043
  -17.7084988905192       2.619961166432992E-039
  -17.6673731535363       1.160756802052306E-043
  -17.6155969379183       3.813735307414872E-041
  -17.4383992305711       1.076736505947766E-041
  -17.3967099850090       2.681513843470775E-043
  -17.3045836533708       1.089577552804443E-041
  -16.7190031406889       3.831474521325618E-051
  -18.3900654273238       4.129545540032265E-011
  -18.3728716313694       7.911229889473822E-072
  -18.3499465418603       1.215777268886192E-067
  -18.3035891234735       1.418300718839057E-067
  -18.2743217951952       4.273315944568302E-066
  -18.2594019856680       2.275955765223444E-008
  -18.2461090322652       2.530754834527834E-007
  -18.2074701320152       1.305130398668951E-008
  -18.0930065772293       1.073493315432345E-008
  -17.6576626643298       6.247874673819238E-069
  -17.5988172657548       2.917858004640029E-010
  -17.5252624826607       1.566512396682004E-010
  -17.4355378290917       7.289929280301512E-072
  -17.3927334572743       5.098984048003517E-011
  -17.2575615718919       3.675464325954354E-012
  -16.6685785397528       6.172919455005027E-014
  -18.0820208921867       1.297466605163016E-071
  -18.0257136647529       2.065837990935185E-068
  -18.0095604850783       1.399609899785919E-015
  -17.9979995868088       9.674051149124651E-061
  -17.9898575111381       2.036086223238729E-009
  -17.9586108829431       6.035818279906870E-065
  -17.9444990778029       6.879374181285185E-012
  -17.9238019430861       1.569006711713225E-007
  -17.8369044513752       2.421852744908083E-012
  -17.4097263518221       6.068676106126049E-073
  -17.3775272019925       1.992188409323462E-015
  -17.3177634386648       5.942582353239372E-011
  -17.1030420963144       8.728390132315242E-073
  -17.0781806752945       1.586616693242335E-014
  -17.0002711918562       2.074260353823475E-012
  -16.4006874089493       3.587337948349334E-019
  -17.9711703987807       2.642381190390840E-066
  -17.9227718124548       2.394185620482284E-010
  -17.9190029546887       7.063574068588227E-063
  -17.8982633177933       1.725007763971083E-063
  -17.8507614129151       7.501892293247138E-006
  -17.8388310805279       2.026983293711461E-005
  -17.8362520050036       3.776106853841468E-057
  -17.8071309546448       4.112424021475958E-005
  -17.7322170717836       1.646116608539662E-009
  -17.3009722003871       7.863988652161808E-071
  -17.2427291432126       3.399163585280405E-012
  -17.1680457188766       1.084576952224156E-008
  -17.0146395801286       6.303926745358168E-067
  -16.9814911775769       8.586565107621131E-012
  -16.9014758877663       2.806340621344320E-008
  -16.3114263010474       1.575979367470047E-015
  -17.8898538695606       2.102388545816925E-074
  -17.8626490238253       1.551405139070493E-008
  -17.8449099333612       3.470797627767386E-065
  -17.8387791622143       7.632764036767255E-065
  -17.8081629115994       7.843389143305691E-062
  -17.7986511247145       2.148431188938880E-007
  -17.7804481314995       3.243769580634584E-008
  -17.7594769315380       4.362756019599105E-007
  -17.6841261941143       3.913725470734315E-009
  -17.2223779342619       2.836505163778362E-072
  -17.1818737665197       5.652982481788401E-009
  -17.1269048411680       1.505613738683667E-009
  -16.9563796063746       9.106427389108655E-071
  -16.9153938624102       2.079255913583111E-011
  -16.8518580692955       2.825247045357317E-010
  -16.2549791491830       3.942404221521336E-012
  -17.7025071438734       1.281653459807195E-072
  -17.6592293179113       2.242660848031148E-009
  -17.6501828714569       4.093695480455466E-066
  -17.6424836942756       2.548398884630389E-068
  -17.6126719234946       1.645560093873464E-012
  -17.6018815263937       2.427938149901738E-065
  -17.5818723996099       2.656333585099634E-008
  -17.5567425286467       7.796185401056304E-008
  -17.4683763591624       7.269886689415564E-010
  -17.0353949314341       1.503317047716287E-072
  -16.9996828346096       2.252185086058483E-014
  -16.9456123934412       3.184888914010818E-012
  -16.7510576814003       3.556598134890321E-072
  -16.7170994253919       2.030846532309743E-012
  -16.6382060121163       1.878262200141518E-012
  -16.0456670167741       7.468040418555906E-014
  -17.5015233718894       1.448586738802631E-071
  -17.4507028913966       1.109141121719321E-014
  -17.4397804798340       6.745707465157774E-065
  -17.4263206082638       6.033352617825720E-061
  -17.3976575460024       2.661639054224619E-007
  -17.3866887653185       1.228365500763958E-061
  -17.3575901545472       2.508866359191614E-011
  -17.3330686582369       1.347722475991111E-005
  -17.2472948824913       2.268850699129107E-015
  -16.8318834352392       2.530552857319365E-077
  -16.7916097423180       2.981303576602857E-015
  -16.7269436985287       2.712277716685363E-011
  -16.5369000784331       8.619717573155415E-070
  -16.4953281586022       1.304155517475118E-014
  -16.4159384352804       6.554712218936705E-009
  -15.8229047922902       1.868195736677876E-018
  -17.2217874581753       2.226222621408830E-040
  -17.2003083119675       3.289913073763996E-034
  -17.1963848910008       1.198180000173305E-033
  -17.1872792988908       3.772069339867286E-036
  -17.1487272448380       5.287588396745640E-033
  -17.1308470803879       3.086773221093869E-037
  -17.1236052655077       4.713822053908619E-036
  -17.0790385748263       7.798282549435034E-034
  -17.0085995068867       4.335865509424266E-040
  -16.5416498106225       2.659825375247204E-038
  -16.5046340888569       7.907573749024132E-041
  -16.4815030357560       1.511784138617433E-037
  -16.3137441607247       1.106825535338006E-038
  -16.2705302458620       7.597990031327502E-044
  -16.1885212262996       2.198630789513148E-039
  -15.6101758390093       5.874041912171675E-048
  -17.2456395681191       8.870800054313289E-038
  -17.2199322757711       5.732090165287012E-043
  -17.1495827404360       1.959511329144016E-031
  -17.1453203097896       1.867903817796652E-031
  -17.1421523658797       6.208376039452882E-034
  -17.1095060181471       1.148161418853781E-038
  -17.0967361178934       5.806095076642097E-038
  -17.0464210614998       4.784062920583787E-034
  -17.0004126400431       4.933833415357059E-040
  -16.5217498259306       1.826329583062963E-039
  -16.5133872068979       7.652189644981926E-039
  -16.4103106290710       6.039254869424943E-038
  -16.3083892851281       6.500085880627687E-041
  -16.2571919052964       4.487602760140875E-041
  -16.1782783198294       8.601666821119302E-039
  -15.5966355375717       2.002663427541598E-044
  -17.1850574370669       7.654708422055207E-071
  -17.1425875105751       8.603695390721636E-011
  -17.1339243190148       3.324559880249899E-068
  -17.0937404908446       1.044182034239351E-068
  -17.0659390201078       2.834067574457990E-008
  -17.0546274562655       3.901027801825218E-063
  -17.0410627475084       2.025607660980656E-006
  -17.0181255721492       2.795673666051545E-009
  -16.9519119367591       1.067676021928619E-008
  -16.5088105226186       1.100977669920833E-070
  -16.4241988419845       3.144266032595675E-013
  -16.3725903791479       1.248251469872458E-011
  -16.2383107780497       2.272976987193176E-072
  -16.2061817663192       1.405285332264551E-011
  -16.1283906848055       3.177036140499835E-013
  -15.5431710396472       1.112829085461702E-015
  -16.5807651812968       7.415808945141934E-077
  -16.5388648644324       1.295477692310356E-069
  -16.5330842596554       9.082166624366495E-010
  -16.5103420249839       8.283461750531545E-065
  -16.4957400218018       1.796690436336629E-012
  -16.4859637265316       9.329129483384594E-065
  -16.4475151267447       1.008045978950166E-009
  -16.4312831905937       1.180143107798089E-007
  -16.3579815559021       6.263506800858645E-009
  -15.9220676114416       3.559855247907548E-074
  -15.8808712066201       3.567244807198477E-011
  -15.8368323350647       4.126946967884543E-012
  -15.6280161624017       3.650804982651232E-073
  -15.5827788176432       1.313193605185674E-011
  -15.5260299449813       8.196443338963304E-012
  -14.9276144232339       2.160314177783330E-014
  -16.6485303297577       3.637110686891266E-038
  -16.6305720565324       8.457133936641704E-043
  -16.6088358029489       5.049903837392068E-037
  -16.6066440030510       3.822829039464076E-036
  -16.5775261910208       2.079937393061671E-038
  -16.5716723430481       2.563517424352153E-035
  -16.5426844066933       1.337552729837155E-039
  -16.5265542790206       2.614156522631155E-036
  -16.4477897148827       3.524142834121590E-042
  -15.9887587252270       2.399996491766371E-041
  -15.9549053069688       6.247842760112544E-044
  -15.9124446320169       4.355790776482778E-042
  -15.7249786882245       6.840039240688013E-040
  -15.6840840838553       1.330977328610873E-044
  -15.6166213040872       3.428957058373673E-041
  -15.0206054150416       2.631004100800605E-046
  -16.5650959438792       8.118856980429323E-070
  -16.5222536450924       2.171392672757131E-064
  -16.5079018584900       8.315253106512538E-012
  -16.4906773192463       3.651963426963219E-063
  -16.4733317604059       3.137449029965196E-007
  -16.4579534426523       2.993192035627608E-061
  -16.4366910673425       2.227274149809041E-011
  -16.4174960744430       1.337073188439768E-004
  -16.3516333502827       2.690606146383448E-010
  -15.9017494030582       1.162641749960178E-074
  -15.8598995642151       6.663578010046569E-014
  -15.8039500118847       4.667415659583996E-009
  -15.6093896788815       9.966101060312063E-068
  -15.5735737288326       1.875103725191448E-014
  -15.5176603207533       4.021692732253510E-009
  -14.9168224032092       2.550408950113758E-018
  -16.4073354774034       1.271434573929180E-045
  -16.3625919349786       1.379372525335515E-039
  -16.3481382859504       1.043397448720037E-042
  -16.3378375955408       1.538628660985649E-036
  -16.3275225275442       2.083934106526083E-035
  -16.3057990518674       4.927208725363123E-035
  -16.2866695923202       6.522847665787216E-041
  -16.2615353547409       3.287855285476642E-035
  -16.1860337082245       5.301951288829287E-043
  -15.7485960700776       1.222056114734833E-043
  -15.7159241482806       3.217536790490974E-042
  -15.6692802745330       1.135517238864946E-037
  -15.4490702734882       2.512086263815427E-044
  -15.4119354240689       3.292782356798640E-044
  -15.3586371327993       1.604752787789282E-039
  -14.7631635794840       4.413099589839139E-048
  -16.3915871804912       2.462532587534275E-067
  -16.3414685608331       1.382935133018418E-011
  -16.3381684278782       6.558624542988974E-065
  -16.3172800601132       1.201743471371894E-064
  -16.2785773310374       2.104088810436966E-010
  -16.2673809314408       5.483109978048332E-062
  -16.2570366718557       1.932345642681827E-006
  -16.2467613283817       3.544833296904888E-004
  -16.1593923275261       6.337266505109661E-013
  -15.7237686818501       2.460485591627936E-071
  -15.6628186848882       7.283122775233999E-014
  -15.6020385888943       1.815205991674906E-008
  -15.4412849601625       4.249199384832246E-068
  -15.4114908532174       1.984299773593089E-013
  -15.3374274807511       1.695292948763134E-009
  -14.7532642308690       2.838935072107998E-017
  -16.6157636050880       9.572360019865140E-011
  -16.5985342403156       1.386030229609757E-067
  -16.5428835667987       1.480572840593600E-067
  -16.4980730134750       3.002759345652964E-065
  -16.4903781505853       1.558416335554202E-007
  -16.4688545922443       5.951403021221996E-007
  -16.4052367400804       1.868192532883541E-008
  -16.3944088348870       6.546170653254624E-064
  -16.2958496053035       6.403305189159451E-009
  -15.8461768364925       2.416451690719413E-067
  -15.8312924547857       9.630810845565680E-010
  -15.7592150816900       1.132829630107686E-011
  -15.6673845393472       9.295934080741444E-068
  -15.6452064805837       9.218617495111130E-014
  -15.4872773637734       1.131052270517054E-012
  -14.9239077523807       6.207228696440619E-017
  -16.0225506710457       2.508307386381692E-064
  -15.9821675002240       1.263093495988871E-065
  -15.9682546778456       1.115314198406206E-013
  -15.9510067002620       2.183247816961445E-059
  -15.9149048209970       4.099030345445013E-005
  -15.9085882927540       4.155057425563010E-010
  -15.9034654454161       6.724108555611280E-060
  -15.8820735753260       8.976961114963336E-005
  -15.8137483627020       2.541540831050778E-010
  -15.3571145782071       5.992339691855829E-071
  -15.3062301956826       9.581376457614818E-015
  -15.2463977779372       3.319476374813328E-011
  -15.0720887957271       1.259977479130491E-067
  -15.0461202329396       2.507514982041712E-014
  -14.9818121258112       5.521117766063917E-008
  -14.3857931838559       3.060793209546990E-018
  -15.6894159756411       2.066666207008277E-071
  -15.6518650974368       1.006051295756619E-066
  -15.6207513888033       3.355680403018051E-011
  -15.6136456441163       9.535312126468162E-010
  -15.6087310647255       5.152766565774336E-062
  -15.5847083668541       1.934678244372042E-068
  -15.5683890027895       1.160571033715680E-008
  -15.5546616524843       1.251083915739795E-007
  -15.4817705006562       1.532485193625854E-009
  -15.0266124564914       7.416426519177536E-073
  -14.9995448582709       1.176590048227021E-012
  -14.9587233478436       6.379252595167829E-015
  -14.7178167315111       1.259907948633524E-071
  -14.6939078142496       3.102479024199031E-013
  -14.6441740162316       7.643884980555425E-013
  -14.0362457351546       5.879527757798816E-016
  -15.8261612006101       1.483146202862805E-041
  -15.8139872923583       1.088914692423000E-037
  -15.7953512210126       5.290591369261471E-035
  -15.7847347884646       1.466997850656724E-038
  -15.7475336771687       6.426633188400803E-035
  -15.7430315507690       4.982993417984896E-034
  -15.7316041042297       5.222657330503120E-034
  -15.6957353786866       5.552587501180473E-034
  -15.6095414945239       3.992277846041740E-038
  -15.1669953863749       1.382629876965468E-039
  -15.1347013804104       1.817318719519734E-038
  -15.0870479652324       4.487397106636774E-039
  -14.9064469245948       2.644239155859852E-039
  -14.8642972798686       2.223086025892964E-040
  -14.7903179851571       1.968347711133321E-039
  -14.2032874068582       1.240814541656494E-043
  -15.6815767267985       2.851126574111849E-038
  -15.6485670964239       1.972364734278227E-035
  -15.6267580472170       4.340839599484255E-037
  -15.6110753770251       3.668345962536188E-032
  -15.6099963366338       3.860707366823736E-032
  -15.5888775613520       1.039545540470659E-034
  -15.5544309769758       3.968306139268395E-036
  -15.5424035876547       3.976855392280351E-037
  -15.4732839932685       2.179489822681277E-038
  -15.0240942340816       5.415446279952240E-042
  -14.9870003508749       1.400824763453124E-039
  -14.9508293140610       9.292649262567326E-039
  -14.7258905869248       5.614128931023590E-041
  -14.6837804539948       2.230575405540860E-040
  -14.6408261516762       1.235854174411741E-039
  -14.0320728309874       2.910909233111855E-045
  -15.6009398013761       9.376410204149921E-041
  -15.5816373233318       2.963866922417226E-044
  -15.5596846563581       5.009204439736773E-035
  -15.5571914749499       3.697706798338861E-034
  -15.5206367742015       2.551437257422896E-033
  -15.5076701198190       1.021277553072332E-035
  -15.4890095182120       8.543621848618278E-040
  -15.4595733684763       4.294302118617347E-034
  -15.3693881732064       8.086710845946454E-043
  -14.9353013338604       6.013203867748003E-039
  -14.9019056119489       2.411360996486816E-044
  -14.8535251067814       4.960314811310430E-041
  -14.6669870757365       3.592822597901239E-040
  -14.6276593779679       7.044903343760763E-045
  -14.5412430034639       2.226949287883239E-040
  -13.9521656105370       8.608978833103258E-051
  -15.5523770898905       1.129794468802228E-069
  -15.5163009745761       6.525263361442015E-066
  -15.5073694985503       7.099891390661446E-010
  -15.4897169841507       2.581271082453467E-065
  -15.4617822915293       1.082074821410784E-061
  -15.4580200369885       3.343461580953047E-008
  -15.4408063078800       9.558924505176980E-007
  -15.4209200850631       5.909357485139637E-012
  -15.3486760709193       7.662720483690161E-007
  -14.8908448415516       5.615170516105984E-070
  -14.8388625801295       2.021504637414993E-010
  -14.7994736222076       3.623466174971698E-010
  -14.6077482876558       1.515678872586540E-069
  -14.5687853673192       7.755692950258467E-011
  -14.5194095952825       1.794455023449255E-009
  -13.9210297115760       2.541372763710921E-011
  -15.5410113688132       5.109938636898562E-068
  -15.4873321003350       1.035561217276584E-011
  -15.4787865790857       1.458011464368384E-066
  -15.4709365948399       1.051928466909707E-062
  -15.4264772370189       4.043143418546111E-007
  -15.4140946061740       8.393641905169844E-010
  -15.4048436763907       7.148374276461804E-061
  -15.3757098197698       1.100143613971262E-004
  -15.2977319996475       4.583533367342337E-010
  -14.8662860402596       7.528435137836335E-069
  -14.8251529087807       5.020373659493742E-013
  -14.7398757105774       7.332737713553043E-010
  -14.5805929979070       7.285282057410077E-073
  -14.5553699846001       5.389840334182233E-013
  -14.4652926125959       3.629244409907417E-008
  -13.8748310218208       1.015591913586248E-014
  -15.5139501011612       5.278759175848576E-039
  -15.5023165438326       1.430187594881774E-043
  -15.4529785508442       6.877770099480386E-038
  -15.4267542372293       3.726665141236134E-033
  -15.4054849300351       8.969805975105672E-032
  -15.3969482912336       6.903085527170089E-032
  -15.3812334280039       1.007845319639483E-037
  -15.3499467168804       3.461133568855416E-034
  -15.2525863857671       1.017515694105026E-039
  -14.8161262032012       2.214696688242649E-040
  -14.7928217538075       3.882709791693978E-039
  -14.7064626959488       4.011649757241732E-039
  -14.5748977163990       1.149839303609376E-041
  -14.5342791396913       1.574809862761947E-043
  -14.4247293765101       1.855045718692027E-042
  -13.8361510856776       2.662897948084182E-044
  -15.4869905152643       4.554356561878576E-070
  -15.4563517629591       1.150335746992702E-012
  -15.4260488969799       5.863574619228124E-068
  -15.4146093602034       1.672845513739712E-063
  -15.3754586068179       7.480725293547551E-008
  -15.3684297060665       6.422628247514406E-067
  -15.3495222344107       1.900657418033984E-006
  -15.3383916383528       1.066262573582978E-006
  -15.2339490671327       1.300381335084595E-009
  -14.8042501998233       1.752146461317695E-068
  -14.7484237260106       2.167341506631448E-010
  -14.6749552854985       1.424641694033178E-010
  -14.5407001284826       3.795136166082092E-071
  -14.5222589612845       1.111059093401979E-010
  -14.4058493095558       3.287689900082238E-012
  -13.8176504798674       2.952207422684137E-014
  -15.1498822838098       4.386619417132543E-068
  -15.1078620489930       2.110738366746649E-065
  -15.0858897958796       2.467010462852928E-016
  -15.0743229145407       2.002428209228769E-058
  -15.0683875078749       3.135897008726737E-009
  -15.0467087755577       5.941149413569128E-065
  -15.0259418229855       5.049318127850367E-012
  -15.0142969972902       9.754643266746792E-005
  -14.9352623796138       3.856802115716311E-011
  -14.4826603837850       1.318947043818950E-071
  -14.4478640630160       1.180131925370102E-014
  -14.4024161295634       3.085984945259175E-012
  -14.1842770376118       8.662973113932450E-072
  -14.1608234672511       1.266819764095488E-013
  -14.0946506079413       6.650900213073309E-009
  -13.4875325720462       4.652940639816717E-016
  -14.9668594826616       4.272111420050798E-069
  -14.9259294192947       5.219753235522100E-007
  -14.9203769033487       5.778757208623715E-065
  -14.9006906568514       1.188578393030401E-064
  -14.8748552725583       8.763467272012741E-007
  -14.8628370085592       5.959928769334292E-064
  -14.8460754028346       8.544382667334160E-006
  -14.8200187732503       1.143451003564441E-005
  -14.7331466625909       2.713745782119217E-005
  -14.2781391858743       2.175840020909941E-072
  -14.2382856881543       3.533366239828195E-008
  -14.1766327418456       1.555915024759356E-009
  -14.0107732662768       8.617262926230838E-068
  -13.9761484087792       1.545048576128349E-009
  -13.9054009925379       2.757766237540279E-008
  -13.2978126368692       1.238301615364720E-009
  -14.8803483107850       1.090744996229195E-070
  -14.8268272305142       3.024049874949113E-065
  -14.8201204557485       1.320862744300303E-007
  -14.8031354312972       7.141289537809709E-060
  -14.7865336619386       1.920176730601101E-009
  -14.7573020783506       2.701367563191852E-060
  -14.7523768186074       2.266884487861559E-006
  -14.7260905616095       1.303854371200643E-005
  -14.6393819527152       1.176567493338367E-006
  -14.2074840320415       3.694087178485631E-073
  -14.1734837854923       8.289388098323912E-009
  -14.1034870849895       3.520170732516227E-011
  -13.9139043265695       1.054053818283039E-066
  -13.8855339115335       2.916394718371110E-008
  -13.8155039271307       1.106994102722347E-007
  -13.2143311931427       2.944383230062105E-010
  -14.6141401084089       6.550928487998709E-071
  -14.5620932970423       7.031333584478201E-009
  -14.5604555096141       2.273693542543409E-067
  -14.5497444288769       9.228267784154007E-066
  -14.5226419206556       7.213687704079758E-013
  -14.5058881090171       3.282290209344750E-065
  -14.4936086407698       3.300958324487939E-008
  -14.4609354960175       8.097741752864811E-007
  -14.3743098763616       3.163301605501091E-007
  -13.9465819884413       3.178132029061940E-071
  -13.9108206364280       1.953798786804308E-012
  -13.8557231755979       2.230160195336898E-011
  -13.6559185389697       4.466359230725996E-071
  -13.6188099852894       2.405833105111163E-010
  -13.5492003441182       1.124330155818018E-010
  -12.9602449705357       5.681014031903502E-012
  -14.4729240046822       2.717576488942139E-070
  -14.4293085420134       3.722713706972427E-063
  -14.4243511288602       4.245152315346806E-012
  -14.4004853249002       3.923920106541358E-060
  -14.3863144108415       3.833676943998371E-008
  -14.3753866663735       3.317221569654620E-062
  -14.3362355440798       5.847748173944411E-010
  -14.3190278097096       5.038527788991084E-005
  -14.2453852876376       3.821214591424149E-010
  -13.8117876684285       2.155221254317276E-075
  -13.7705829556168       1.504377158348436E-013
  -13.7249064719704       9.630390445436484E-010
  -13.5171688900363       7.807241078453230E-068
  -13.4704010806969       1.576404051151575E-012
  -13.4131295477202       8.405966572973838E-008
  -12.8146566109219       1.287659027152804E-014
  -14.3087373220968       1.110498098819843E-066
  -14.2882486141097       7.816274409298868E-009
  -14.2293839745146       6.636574646662911E-063
  -14.1940690587897       6.194374955472785E-008
  -14.1830662486102       2.386537155323746E-061
  -14.1738945143275       1.332189624772906E-006
  -14.1575647725479       1.031062910449152E-060
  -14.0786270727233       8.027105082766278E-009
  -13.9644932090620       7.019138608714477E-008
  -13.5442714451798       2.423453853660402E-066
  -13.4873542349681       4.316854785077582E-010
  -13.3936535846853       3.054613381526598E-011
  -13.3269189113127       7.102562142729886E-008
  -13.3121190032806       1.200325085994054E-067
  -13.1152514374662       2.112488726656463E-009
  -12.4998395987474       4.321225332326948E-010
  -9.33230426461281       1.443536078737690E-068
  -9.31414728377953       9.116913751131766E-064
  -9.28691177782114       2.646736358165419E-012
  -9.25459988401019       6.340936557128481E-011
  -9.25282215416877       2.534829771028394E-063
  -9.24693783013417       2.923528009645435E-065
  -9.22640081531860       5.996549824851454E-010
  -9.21544358685649       2.635786214752513E-008
  -9.15306155901937       4.344548934035299E-009
  -8.67807930208334       1.226915006338757E-071
  -8.65442516618116       1.683946777874122E-013
  -8.63334503554480       1.514786053275652E-012
  -8.36747430201537       7.211570332041748E-070
  -8.34193981777543       2.347696289847650E-014
  -8.31959172550474       2.093318820348679E-011
  -7.70015996328305       8.486468337902849E-013
  -9.23046696532623       6.218340090600443E-067
  -9.21243573406164       1.164250884146083E-063
  -9.18460411423942       2.233945912255313E-010
  -9.15389563297714       1.465988623732747E-012
  -9.15055436163614       1.226057428398053E-060
  -9.14556642130031       7.365600519031747E-065
  -9.12202770418221       3.650717671629657E-012
  -9.11143700148561       2.972463558381428E-008
  -9.04936572551050       5.906200742631914E-012
  -8.57661457046051       8.877726566274022E-072
  -8.55196657263814       2.479163907402838E-016
  -8.53122311754973       8.641871044876488E-011
  -8.26611429322916       4.979577452882463E-070
  -8.23819985963160       2.469143323173448E-016
  -8.21553619699192       4.890743985869990E-011
  -7.59646015960470       2.469916549769985E-015
  -5.96781995496275       1.883613117536863E-038
  -5.95985714929585       6.744251252637226E-038
  -5.94309250749151       1.932937263652616E-037
  -5.89660320549437       1.762585170023928E-036
  -5.88416904889366       2.116361251209974E-036
  -5.88316204958991       1.663502484062503E-036
  -5.88140711964343       2.124818598416337E-037
  -5.86809060238827       7.586625425692807E-037
  -5.80333357537692       4.494305745648837E-043
  -5.31323135385485       8.303803157681916E-047
  -5.29909263802561       5.650245119242334E-043
  -5.29041812835860       9.730606653156870E-043
  -4.99915175342228       9.722492221541459E-043
  -4.98368355815169       1.375705421329512E-042
  -4.97320285536514       1.676906344421489E-042
  -4.34127696040016       4.902824576253468E-050
  -5.89791316376643       6.625313921875165E-067
  -5.89054503086779       5.383794338625506E-065
  -5.87947515422320       4.554934003515423E-014
  -5.82593850992020       5.832406950871573E-067
  -5.81940229292296       9.719737702963816E-011
  -5.81190788886355       8.474049933609737E-063
  -5.81121976116341       5.031848037755703E-011
  -5.80285311523186       1.163407941036643E-009
  -5.73620618829068       1.481715878496033E-010
  -5.24153430845296       1.788381544956279E-073
  -5.23317839242378       1.066453079319762E-016
  -5.22526779699573       1.086362122313973E-014
  -4.92667051094104       1.022365309606049E-068
  -4.91810115264936       3.769367170566777E-010
  -4.90835275778509       4.748426011160544E-010
  -4.27402904662190       7.289957801358031E-019
  -5.88215085606327       1.165508073190737E-038
  -5.87952187669741       8.837075642405168E-039
  -5.86021602517516       2.833793592281249E-036
  -5.81291992565939       1.909040595312190E-038
  -5.80082976331467       1.041978159130144E-034
  -5.80010695226424       2.879143780327124E-036
  -5.79851354011000       1.681643573451656E-039
  -5.78520771545852       4.219486714773575E-035
  -5.72080242244881       1.834438421361702E-041
  -5.23032912949535       1.706669212678183E-040
  -5.21407109823144       8.743876614091895E-041
  -5.20975060457398       3.633336621152214E-041
  -4.91631429115191       7.500906077899474E-039
  -4.89729219594236       8.557399149796393E-041
  -4.89350327229284       3.918280738150074E-040
  -4.25844779904668       1.559201811724935E-046
  -5.79985509794050       5.826024534717024E-066
  -5.79547730346152       1.947869065495994E-063
  -5.78341218399576       2.569347323725559E-011
  -5.72628987878383       4.400315997425347E-067
  -5.72461236991480       2.692817855014647E-012
  -5.71881688864710       1.928657127786197E-063
  -5.71107826166073       1.912569258273483E-010
  -5.70873684689040       2.038598077631127E-009
  -5.64070535811410       1.813292758352811E-014
  -5.14498258669911       6.179247528255172E-072
  -5.13686825800395       3.623367742248976E-016
  -5.12987111070286       6.024552015171723E-013
  -4.82956377154192       1.308417241518851E-074
  -4.82030128978993       8.159118831524964E-013
  -4.81440085916068       1.577310610419286E-010
  -4.17788591619075       1.992398555445567E-016
  -5.45260009330863       1.479087410357346E-065
  -5.44269103646977       1.155746312152887E-062
  -5.42823927796060       1.049623693242768E-008
  -5.38344126126810       8.229125518374880E-061
  -5.37482267993792       2.419458956127304E-011
  -5.36898695673016       4.592442828278468E-007
  -5.36738963961305       5.162575409839911E-060
  -5.35696157234942       3.434200846194744E-006
  -5.29189306404610       2.626306690333564E-009
  -4.79756277990391       2.861027080938157E-068
  -4.78587184646259       8.196485176650500E-011
  -4.77576600172752       4.653023073906462E-010
  -4.48654965547652       4.371686593275222E-071
  -4.47792449700520       2.300616086527853E-008
  -4.46470519073566       1.665938249668195E-008
  -3.83500242635086       2.482394914036800E-016
  -5.30937313524379       4.662989127076941E-063
  -5.30345389253031       1.348793191337776E-061
  -5.28718602986114       1.723125832367187E-011
  -5.24007277889487       1.072333600328235E-063
  -5.23481948097347       5.437743600353720E-009
  -5.23052889735517       2.468650185059345E-064
  -5.22581588595687       7.514243626730091E-007
  -5.21755936833932       6.632602171076752E-007
  -5.15245050251023       7.868911486990129E-009
  -4.65689594528608       6.169665332117588E-068
  -4.64455388169479       2.618548320684657E-010
  -4.63651215376987       1.073235342762084E-010
  -4.34606345976774       9.011730631909815E-067
  -4.33490530977310       2.276215673961448E-008
  -4.32718175154377       1.013172183258733E-008
  -3.69480800454041       3.702218557611340E-012
  -3.56754054368014       1.262440043122526E-038
  -3.56146608486662       5.728764926558629E-038
  -3.54867914000237       1.550871004092020E-036
  -3.49275081788881       3.558344876251303E-038
  -3.48710302228636       2.859206052849989E-039
  -3.48545831123738       5.549284977152852E-035
  -3.47740072925709       4.880186278059982E-037
  -3.47024031795797       2.551074204548834E-035
  -3.40445110979735       4.446861753870850E-042
  -2.91240443282891       2.160069142341383E-041
  -2.90267198131868       8.633542089088500E-043
  -2.89507698972159       1.354252570135769E-041
  -2.59651122966016       9.876321676953362E-040
  -2.58390412578131       8.896108199016325E-042
  -2.57541059875679       6.071940541996497E-040
  -1.94127974409755       1.681078902820294E-047
  -3.52185639089969       6.857234785175122E-071
  -3.51524509205523       3.823201872310269E-065
  -3.50323166957151       4.643230198824303E-014
  -3.44602288157855       7.318029868253976E-066
  -3.44320562246732       5.847310830131611E-012
  -3.44035161105321       3.849568379853481E-063
  -3.43071913075550       3.076586244336025E-009
  -3.42558530364040       2.099925409874822E-009
  -3.35928936480122       1.641188077229802E-012
  -2.86636844599311       1.781302830895100E-070
  -2.85765902682047       1.071366203726044E-013
  -2.84936657863088       4.295759154764712E-013
  -2.55041026149620       4.463063296259045E-069
  -2.53978856407215       1.910827772686958E-012
  -2.53071818320329       8.466011498495635E-012
  -1.89663897790727       1.792262389272150E-017
  -3.41588097714913       4.759939735901623E-044
  -3.41239250316730       2.152105556002487E-042
  -3.39810809044885       8.996925307428515E-038
  -3.34630248521169       2.420987031104886E-036
  -3.33442287047039       4.476341568955013E-042
  -3.32991585386188       6.539371452766428E-042
  -3.32807543905485       1.135189037919500E-042
  -3.31985743558134       2.060707531958838E-036
  -3.25302405853653       1.332783374618815E-045
  -2.76207856441738       4.067603438964613E-045
  -2.74859128807561       6.186887172192294E-040
  -2.74749346245114       1.455663698836086E-041
  -2.44674007024457       3.822824643680507E-043
  -2.42995524744231       4.394589446426150E-041
  -2.42764328643880       2.624580231370895E-043
  -1.79107028602920       9.240038282240306E-048
  -3.41141626230061       3.405123818978022E-063
  -3.39711345229529       1.159836343685216E-061
  -3.38958782267656       1.909786994239758E-011
  -3.33863269109971       1.168097630129661E-062
  -3.32520659446920       3.274063958680026E-012
  -3.32321943857498       8.194741321188502E-010
  -3.31738110774273       1.730595687160523E-064
  -3.30789459660229       1.380125413038476E-009
  -3.24157334303135       7.309573892623926E-011
  -2.75138252810455       1.087382211538540E-069
  -2.74564202152869       9.210939166422394E-014
  -2.73189099357449       1.460975460581375E-013
  -2.43574286978710       2.843768688943638E-069
  -2.42877164259725       1.316608235824115E-012
  -2.41034704538231       4.101778030006770E-012
  -1.78055779776287       2.391066803442268E-015
  -3.40306929056555       5.389075499097205E-066
  -3.39246956479898       9.747340662430248E-066
  -3.38379402621830       1.500885690980474E-013
  -3.33231554874527       2.190394183135217E-070
  -3.32277637815145       5.106142726017306E-012
  -3.31450434220937       1.466294015987561E-009
  -3.31149569605734       3.511312950564293E-064
  -3.30415507620306       1.162546402507259E-008
  -3.23742246261273       2.694315885815675E-009
  -2.74511678125801       1.186559332244904E-070
  -2.73800354009270       1.659403127658780E-014
  -2.72848595005575       2.167052781735336E-014
  -2.43040992220086       2.271552678793940E-069
  -2.42274680544880       6.606256935421207E-011
  -2.40974325511920       3.162896300853784E-011
  -1.77772881843165       4.269099404033807E-012
  -3.36037720529140       5.421538541897718E-040
  -3.35707482109192       7.611541496742378E-040
  -3.34049442036204       1.450538115340022E-039
  -3.29287960091388       2.831288442157803E-038
  -3.27961435155781       2.236031519791560E-040
  -3.27703832101549       2.307355691913484E-036
  -3.27579636605471       3.531943276366215E-039
  -3.26423828713527       1.372264863382331E-036
  -3.19907045626758       2.604284953215905E-043
  -2.70824540977221       4.098250164784789E-040
  -2.69283072082044       2.571561889985405E-042
  -2.69114884784324       4.105819528005895E-040
  -2.39522265416313       7.452355307197164E-041
  -2.37721082665866       2.047216613761929E-039
  -2.37383418769945       5.421016715940194E-041
  -1.73949873993073       1.092967006875843E-046
  -3.25611921415555       6.066602960972835E-038
  -3.25049615429432       4.206941034186348E-036
  -3.23496209243364       6.823093142947482E-036
  -3.18351084176793       4.507657437912536E-037
  -3.17522853900374       9.222631927024394E-042
  -3.17502554360462       6.664631373855129E-043
  -3.16850011989822       1.721497136780189E-039
  -3.15803194947620       8.559508717764263E-037
  -3.09368983538178       2.626368646382080E-042
  -2.60262940657486       2.849430525219273E-047
  -2.59013719791199       8.201463079843992E-047
  -2.58299212025540       2.970088573109607E-041
  -2.28833449811867       1.096340386558941E-043
  -2.27309143252187       2.516819480756813E-044
  -2.26582773607403       5.620177125377297E-043
  -1.63266241971402       5.909115163404697E-049
  -3.07035913996182       1.531800719116660E-065
  -3.05658486695876       1.584437610184982E-065
  -3.04626420609833       2.892072266635485E-011
  -2.99866759784907       9.643470252761761E-063
  -2.98846210528815       1.041699306957943E-008
  -2.98403099141005       1.774011884170598E-007
  -2.98085553677442       4.109528970340167E-062
  -2.96976150255064       5.074214455133814E-008
  -2.90442590447318       3.572148824646039E-008
  -2.41129526676147       2.398933096053778E-067
  -2.40348532893855       8.270360528890855E-012
  -2.38950640511189       5.709940110886714E-012
  -2.09881673816047       2.583090063316990E-066
  -2.09233860055222       5.489159925299569E-009
  -2.07415483102897       4.250956257378416E-009
  -1.44540058939400       4.893776441415026E-012
  -2.99889868861435       3.881984596562925E-063
  -2.99155040010897       8.966453616226621E-062
  -2.98077617072138       3.767940213109992E-011
  -2.92782969143786       9.619688800740882E-064
  -2.92013125870313       1.948955827799573E-011
  -2.91310132782269       7.546654605789508E-059
  -2.91245740641373       2.483464666838695E-007
  -2.90346446422759       1.014406729976626E-006
  -2.83716926091671       9.761562034763928E-012
  -2.34279030338793       1.106643585130854E-070
  -2.33455154579644       2.261757169557596E-013
  -2.32658061904285       3.059516518641539E-013
  -2.02924263725024       3.221438796167682E-069
  -2.02021824511973       1.408300946855358E-009
  -2.01034789714249       9.346207533219113E-010
  -1.37726150016198       2.007204200497259E-013
  -2.57420351511153       1.065697699051710E-065
  -2.56893674057153       3.942304404272241E-061
  -2.55425874039754       4.022183198468496E-010
  -2.50103995071006       1.372912242934962E-062
  -2.49589033174290       5.325481386128615E-013
  -2.49522797412842       3.241392464291626E-061
  -2.48624397827571       7.218916970674306E-010
  -2.47874101147703       3.988746751312842E-006
  -2.41352929263274       1.295013826060591E-011
  -1.92048704855837       2.158677484744764E-072
  -1.90917283911100       2.675067589216796E-016
  -1.90190831140956       1.725703338264229E-011
  -1.60721347074209       1.965966340572820E-071
  -1.59340692739134       3.952637446192663E-012
  -1.58627417664949       1.972238212838667E-008
 -0.952977757542666       9.699929746352857E-015
   3.16569225462556       8.403273244848365E-063
   3.19387470239072       2.621213556669436E-054
   3.19414102006210       3.582998637079460E-011
   3.24018383549523       1.670461170915535E-062
   3.25284824050075       2.503618527661651E-007
   3.26237607611167       1.550395630498505E-009
   3.27355115364704       1.131798179795908E-061
   3.28050619755734       2.287456943477973E-007
   3.35056454838815       2.248304497924311E-008
   3.83224800297580       1.896867720738177E-012
   3.83363195760769       1.301579320954944E-064
   3.85985027762800       1.671290576821167E-012
   4.14865751779677       6.405377579391441E-010
   4.14949699981181       4.488700959285889E-063
   4.18470817411298       4.681909688363492E-010
   4.80702468285441       4.111597485902742E-014
   3.17481862116525       1.416893607692491E-063
   3.19783368743002       2.161643076076114E-059
   3.20062572189144       1.178357321538586E-012
   3.24901728373548       3.395534973402697E-065
   3.26236556674930       1.034120068696422E-007
   3.26873386801006       1.556253308039119E-008
   3.27735172626361       4.269447183739148E-064
   3.28602774426689       3.994117564710668E-007
   3.35420679151165       9.959282271719038E-008
   3.83976484632300       2.015660197390779E-063
   3.84066831026903       3.214496743059091E-012
   3.86357169849261       8.375009507602493E-013
   4.15554550770663       1.398190908141946E-064
   4.15783579395327       1.054129157736060E-009
   4.18731583108756       4.159467828985482E-011
   4.81226383850318       5.929773725265225E-011
   31.0871274542593       9.222206402398692E-063
   31.1035610465166       1.737135450605730E-012
   31.1287558097508       4.800988089703092E-063
   31.1632707425844       4.687260798148068E-062
   31.1636848217015       2.167856425225160E-007
   31.1753043346012       9.762917963959896E-009
   31.2114404406286       2.177121150291704E-065
   31.2191701682106       3.344227670132805E-008
   31.2801720245345       1.438249263577882E-008
   31.7437131798348       2.091670217897312E-013
   31.7704174197978       8.780196618596785E-069
   31.7843463972280       4.322096240555854E-014
   32.0630732766452       6.871954680863398E-010
   32.0891461773172       4.719406133003319E-071
   32.1138708940015       1.215395498089324E-010
   32.7379007875951       3.856626751957895E-014
   31.1073033987329       5.577566863924561E-061
   31.1215743146976       1.052332345790923E-013
   31.1445339959797       4.632844411931360E-062
   31.1832433695614       4.564345223141252E-059
   31.1848561423627       6.461107490328949E-008
   31.1939634059339       7.456009704568714E-009
   31.2273496896986       9.883732818042072E-066
   31.2354967371490       7.362459661377261E-008
   31.2959538403100       4.153482922077073E-008
   31.7634443179254       1.229619540091342E-013
   31.7880904194903       8.938148785674515E-069
   31.8000476286572       2.820473197707790E-014
   32.0839140320308       6.510228797467285E-010
   32.1068496670750       3.573998842631129E-067
   32.1287268211066       2.743454049992966E-011
   32.7552010179896       3.323998314404785E-011
   41.3340057098579       2.596255170248227E-035
   41.3343847060136       2.523927587847386E-035
   41.3607666149686       3.907663940458370E-041
   41.3975816024577       1.141045841194614E-040
   41.4088372273343       7.811290984742715E-037
   41.4165982014789       5.563991607425954E-037
   41.4439230552684       8.047173477584714E-040
   41.4508814190397       9.323651634149385E-040
   41.5118202289446       5.269473937770633E-044
   41.9853661620228       1.900556806018543E-042
   42.0108378359747       8.958836248787407E-044
   42.0132463143675       2.755782386359461E-043
   42.3085850628791       5.617989334549780E-043
   42.3329163375853       8.718783343301465E-045
   42.3378363671211       6.780846474797705E-044
   42.9751318864538       2.150850930304266E-047
   41.3738688029659       9.343309500660032E-017
   41.3766511942054       2.163133043397381E-061
   41.4013131613770       9.151479368487658E-067
   41.4371369566489       7.225206684501388E-011
   41.4513742609289       2.415578926752108E-064
   41.4579197214518       3.684466671709954E-010
   41.4848128625567       5.359453892164916E-065
   41.4905451796470       2.517858220591667E-010
   41.5532798690365       1.042811547487194E-011
   42.0263447086712       1.506360627684889E-015
   42.0496414776263       2.556404900110748E-015
   42.0552576475648       4.445468700798878E-073
   42.3501895995461       1.501754371334961E-011
   42.3750428318911       6.066460147997570E-067
   42.3760954414418       1.751354285963819E-011
   43.0153208064223       7.493017051426944E-017
   41.3902346602997       8.730408139480316E-037
   41.3912056531391       7.720162797654096E-037
   41.4153097705681       4.371792691457556E-038
   41.4539160322962       7.501438614769745E-041
   41.4657785633940       5.373290668057483E-038
   41.4744487711891       6.897009921411417E-037
   41.4987056736067       4.378046159402478E-037
   41.5049062473341       6.773530468242346E-039
   41.5670691985771       1.101039295559633E-041
   42.0423626873148       1.073827183890700E-041
   42.0653504888915       1.481669158935774E-042
   42.0690222363749       2.480649093634255E-041
   42.3664609921578       9.771210384876407E-040
   42.3887160115652       2.366445013284605E-040
   42.3915584588431       1.028459725633487E-040
   43.0307735935807       1.715643385142403E-045
   41.4548883016836       2.829270189053192E-013
   41.4596565191808       1.257307954421406E-059
   41.4805543281552       8.117642994300470E-065
   41.5194661499455       1.921457352025964E-014
   41.5342453737751       1.494246664199735E-064
   41.5408460527144       1.106095923820758E-009
   41.5641616113694       9.929112504092896E-064
   41.5692655372524       2.560421384993908E-012
   41.6337374457409       9.582279822909784E-015
   42.1092047130803       4.384036412613200E-014
   42.1288879513321       3.301701480541084E-017
   42.1364348658932       3.196461464558820E-073
   42.4338562484029       1.355448670378052E-014
   42.4545877846539       1.384609029638255E-015
   42.4563412642323       6.153876197963545E-071
   43.0965208530599       4.920292623543189E-017
   41.7633293576592       1.593440524842524E-011
   41.7645520228401       4.248301681913878E-057
   41.7924501065453       5.450975270318405E-064
   41.8245825148576       2.035983404031646E-009
   41.8388960321819       1.437122779106151E-064
   41.8449218931042       3.528104287471705E-007
   41.8752507084153       5.299689164603886E-066
   41.8817868782443       9.589426970905748E-009
   41.9430255162234       2.000399307973930E-010
   42.4136916593663       4.955561258754022E-012
   42.4402481361218       1.237725876849083E-013
   42.4443350809316       1.010357175794125E-074
   42.7356591156859       5.938925647640648E-009
   42.7636918191339       2.443934881224725E-068
   42.7664405136029       1.777676574985043E-010
   43.4032597952043       5.184117399881316E-016
   41.8717944802213       4.925121411992114E-013
   41.8747428646600       1.557504699700798E-059
   41.8991740357302       4.493486532455968E-064
   41.9344997138773       2.665405998120271E-009
   41.9489389164575       1.356223800520382E-066
   41.9549095012643       5.499992697290288E-009
   41.9819523069843       4.901610721255368E-062
   41.9880430284347       1.900004095542174E-008
   42.0506765814758       1.981565406521597E-009
   42.5237540793206       1.155657945743531E-012
   42.5470818086593       3.345127213620116E-013
   42.5527898761405       6.448743335286125E-068
   42.8464346108513       1.353170896488605E-009
   42.8721688075796       6.943304703526681E-063
   42.8725341934504       2.601941551875975E-010
   43.5117546331358       6.398344407157805E-013
   58.9464656344907       2.421249182463561E-037
   58.9509939300652       9.726445519067280E-040
   58.9727708751216       1.099264148179845E-041
   59.0132408625847       1.008702139384283E-039
   59.0267740518143       7.964653417621451E-039
   59.0342028660792       3.816737446170298E-036
   59.0568727424840       5.742321537834185E-038
   59.0625317888182       1.270684917889863E-036
   59.1263385799228       4.698895336954754E-040
   59.6008136047012       4.286321114460296E-041
   59.6213260310185       1.072241111734515E-041
   59.6286073460491       8.164717540139880E-042
   59.9270196581395       2.838259610250403E-040
   59.9486180365430       7.952108493672511E-038
   59.9489720482897       6.864321548595760E-038
   60.5900109614057       2.481732234924719E-051
   58.9608523146208       2.743364819124520E-016
   58.9669454902503       6.120371121819789E-062
   58.9865443301134       2.004529672427274E-066
   59.0280771276912       3.746626387822983E-011
   59.0425953007817       1.533269528008764E-066
   59.0495526066249       2.183827568825507E-010
   59.0705961446924       1.251361301548223E-064
   59.0758661547992       5.546659381340623E-011
   59.1408642814396       1.676330471082334E-012
   59.6162899389337       3.808670464932639E-016
   59.6346124295172       1.886950052767350E-015
   59.6434906241411       3.384288089485335E-071
   59.9426196568423       6.715833597253887E-013
   59.9613907069551       2.350889784957151E-013
   59.9638999478732       5.383370086951032E-067
   60.6043555614763       1.559564706110306E-016
   59.0132149741391       2.459534682098013E-038
   59.0174628199117       2.236245815271768E-038
   59.0396099281699       1.233752848390280E-043
   59.0785606600569       9.571199797336508E-043
   59.0928704664293       1.836829897572455E-035
   59.1028513895191       1.646390932343612E-035
   59.1241950790930       8.527862036033015E-039
   59.1286134929342       3.487499848413558E-044
   59.1930356908846       1.499372340549851E-044
   59.6671103976772       2.544313509592225E-040
   59.6879585344919       2.354178043175386E-044
   59.6949496131870       2.411335280671526E-045
   59.9942458277672       2.215015054915880E-041
   60.0145758130895       1.095597247083792E-044
   60.0152421008052       3.113040318741519E-043
   60.6560201915555       1.068416798690096E-046
   59.0079544533410       4.401181046996138E-066
   59.0137650685343       1.115452973780180E-014
   59.0520812248472       6.826580947448120E-073
   59.0726630321434       2.330455391390342E-013
   59.0846195102734       9.906021519986065E-063
   59.0900078546171       3.504954824850529E-011
   59.1357904439157       1.678958925235871E-065
   59.1444115829844       2.695355787463971E-011
   59.2013149425188       1.249782056839443E-011
   59.6585444433751       3.892095136605341E-015
   59.6983747031086       4.713603906905297E-069
   59.7015624125534       1.571171742939320E-015
   59.9801007558439       1.435354840628798E-012
   60.0183502110562       9.403321750840223E-069
   60.0319400576758       4.893050102857705E-013
   60.6610952885541       4.991336896161386E-015
   59.0145511983348       6.218398563581556E-060
   59.0190278140584       3.871056099642881E-014
   59.0581690112369       8.311713500516489E-064
   59.0776142856484       2.751084788903828E-010
   59.0909203182879       2.905398139238438E-065
   59.0956215999224       4.493573878985534E-010
   59.1418711235001       3.151206441797769E-064
   59.1502592006284       8.465649232235598E-010
   59.2072408465669       8.084007168563575E-010
   59.6639074045619       1.199989122163106E-014
   59.7047331395084       1.445306075785181E-067
   59.7067297552279       6.670024498749430E-015
   59.9855255402267       1.618881257153301E-011
   60.0246183823958       2.393670852709778E-066
   60.0361769446203       2.152521120833377E-012
   60.6661598394218       9.431208804120897E-013
   59.0475716161140       4.838184837207435E-039
   59.0513542877771       1.127363929013236E-037
   59.0746786380716       1.954879937191622E-038
   59.1118657826897       2.084664410182420E-043
   59.1264833522295       2.774921036681863E-038
   59.1364229846494       3.061644886274292E-037
   59.1588570624980       3.772552001340274E-037
   59.1635768920891       1.225440252834661E-039
   59.2274362663629       6.490195419518128E-042
   59.7005000563012       4.011797632967206E-043
   59.7224939240027       2.001456905234411E-041
   59.7290591571268       4.278784508942008E-041
   60.0266982386099       6.524662347306497E-042
   60.0489926686029       8.442419722653161E-037
   60.0491296361109       8.706932228323889E-037
   60.6893274401394       4.076284812012044E-047
   59.0904535566399       1.017361428943019E-035
   59.0955513889541       1.117144459977431E-035
   59.1163978554851       5.108166566892356E-040
   59.1564643271879       1.627539254288992E-044
   59.1708509980308       2.574874287958484E-038
   59.1792965824625       1.199779324967550E-037
   59.2004164504499       1.995420523664992E-040
   59.2054794500172       1.088669378539900E-040
   59.2700295347093       1.285888877742980E-046
   59.7447764653505       1.296117519590983E-043
   59.7644480298544       1.519285692854161E-046
   59.7722786718833       1.148567960604246E-043
   60.0709832222859       1.024139790823100E-041
   60.0908074920092       2.875397378693323E-044
   60.0924931733508       1.201297159853689E-041
   60.7328744162300       1.735762759425803E-047
   59.1662300950721       2.009117270935342E-060
   59.1728619965256       7.109239087173783E-013
   59.2145303811293       4.146738542912888E-063
   59.2284468553145       2.382515902070181E-008
   59.2425050646869       4.833837456648531E-062
   59.2470865266392       5.161411349762369E-009
   59.2977235740772       6.833433300474369E-063
   59.3066725484640       1.084507168936403E-008
   59.3628251697479       3.492375494556375E-009
   59.8157516831141       1.762877639150315E-013
   59.8589776848511       1.036045260080218E-065
   59.8629369704660       1.459822198278039E-013
   60.1352154867468       6.347491194877276E-010
   60.1785981276495       7.240558365908821E-070
   60.1929620164030       2.826270026380784E-010
   60.8201588642816       8.861092999129360E-012
   59.1944170399904       2.637092270788482E-060
   59.1981377446180       4.668816113642801E-013
   59.2375394468978       3.174607321814333E-064
   59.2570285072380       1.200715672236708E-008
   59.2706396563574       2.999186975213933E-062
   59.2742037604957       4.333761116250040E-008
   59.3210003687610       2.421768287679411E-066
   59.3295876651879       4.927985223146527E-009
   59.3865116202515       1.522305800464332E-010
   59.8432172413456       2.305654107574956E-014
   59.8843337943137       1.064162512829996E-067
   59.8855594687531       9.592242420416176E-017
   60.1643216970094       5.782526663582778E-010
   60.2041358830275       1.513964137360792E-071
   60.2148159974511       7.251207262193864E-012
   60.8450209258147       5.158282318975506E-013
   59.4051011529922       2.283534048255993E-012
   59.4118270897107       3.169403886147499E-062
   59.4311559722587       5.009311066727525E-069
   59.4713519450485       1.621261332876660E-016
   59.4869967386045       8.156479604189515E-061
   59.4945489938456       2.987251506202791E-007
   59.5150793951325       9.463946079431266E-065
   59.5196790318525       9.492667669921456E-014
   59.5853795220493       1.729781689091780E-014
   60.0603360378970       3.613691336418038E-013
   60.0784098002698       1.661526920801461E-017
   60.0879272436190       9.716142027474259E-075
   60.3865356284631       2.255389552251528E-009
   60.4043341585403       1.660210300138933E-014
   60.4080922611988       2.021109474995966E-071
   61.0475991691475       3.002006509072689E-015
   91.6180338159192       2.378748609172139E-062
   91.6382285499471       7.592443484715539E-008
   91.6714840172754       1.295017804028471E-016
   91.6966673230831       1.628272980481132E-065
   91.7488337363973       6.595930249060551E-015
   91.7775992476237       1.564943582778488E-065
   91.8412103010226       2.027163827278235E-010
   91.8664771035092       3.429235489520767E-068
   91.9570818658927       5.030635793638618E-008
   92.2887269198368       7.718415235038716E-016
   92.3958037997625       3.581353243483302E-068
   92.4466962191752       1.404667402301347E-016
   92.5844895639623       4.948039325967924E-010
   92.7108371812504       1.563191184462806E-065
   92.7770680722235       6.141541940071491E-012
   93.3882304069714       5.272199464112537E-012
   91.6218922312541       5.156475730700700E-064
   91.6437695590883       2.450706125553304E-008
   91.6732745894903       2.515276695343421E-015
   91.7004882815572       1.883024165786483E-063
   91.7503394344553       2.101659227841556E-009
   91.7776926145831       1.124289352462842E-065
   91.8431378302121       9.404860264792408E-009
   91.8663271164907       6.616534269070124E-067
   91.9551413418782       3.849192735626835E-008
   92.2911826871179       2.825064631396419E-016
   92.3967927231674       4.691166715044676E-069
   92.4458140998747       8.546230793894998E-016
   92.5878741208445       8.813408099087002E-010
   92.7120189328433       2.935489653687312E-068
   92.7758236515828       2.090404898778164E-013
   93.3876372047940       7.143040265435574E-011
   233.370582968569       9.615814321270157E-009
   233.383317806822       3.908068428945243E-065
   233.451853048531       3.517831800208831E-017
   233.464761594111       1.525932030429415E-060
   233.533891966080       2.835518079345349E-010
   233.604680359674       1.195090632718588E-066
   233.653899811126       1.644134693590402E-009
   233.696989956751       7.502848894032394E-066
   233.802350760092       1.642907416615694E-008
   234.066767684699       3.278517699049223E-015
   234.220288360029       2.919464554333662E-068
   234.286333733124       2.371905085530898E-016
   234.349767424722       3.791931947373793E-010
   234.531847521139       5.552449508225816E-067
   234.611694333569       3.936800289081851E-012
   235.232075561974       2.641703182572760E-011
   233.372830222771       2.656333620884708E-008
   233.384210697718       2.970534852570693E-066
   233.450767420632       6.226430992231325E-016
   233.465670891292       1.939705507740305E-061
   233.532469024441       6.817102237688027E-011
   233.602509740796       4.726375642567314E-067
   233.653581211965       4.527560145766887E-010
   233.694471128801       2.208318175703966E-064
   233.797874932295       1.998043128521529E-008
   234.065790646313       3.949315238782550E-015
   234.218459547229       1.521567671833435E-068
   234.282720294574       1.578044366469196E-016
   234.349566523175       2.899057272239206E-010
   234.530284485603       2.108856342996886E-071
   234.608034696093       3.272009535973318E-011
   235.228101105805       6.718621910495501E-012
   275.475682138423       2.930878500655407E-038
   275.481657959090       6.403658986606084E-038
   275.524060266436       2.539630423176286E-041
   275.538060884712       1.356269063964647E-039
   275.560399023965       2.286480075198247E-033
   275.560540116187       2.284003634026916E-033
   275.609050280409       1.441531235005702E-038
   275.615667557073       8.039959394410523E-039
   275.675849557598       3.024864002947974E-041
   276.126631577442       2.548450718979619E-043
   276.167976399220       4.463028209394081E-043
   276.176598222892       2.281863454967385E-041
   276.452986534627       2.749449432139663E-043
   276.497984338840       7.525160514017675E-045
   276.499569024387       3.554952837084744E-044
   277.135600099811       1.255888540722643E-047
   275.502459937095       1.238628100649359E-017
   275.511668647202       6.874468305177659E-064
   275.548410937844       4.202790078158902E-067
   275.566610493467       2.965240695576662E-011
   275.590154013970       6.175918216612793E-060
   275.590775879888       9.652038492723922E-011
   275.633591265211       1.308559433060762E-062
   275.638453103582       4.358254429236897E-011
   275.701845074089       2.140301380229080E-012
   276.155900948583       2.080359633151180E-017
   276.191545089149       4.285515401931373E-017
   276.203424242973       5.578822621778205E-071
   276.483624521636       2.593330998266063E-012
   276.522236517385       2.149769072345918E-012
   276.524908748143       4.010641399858033E-065
   277.161507822434       1.160039315460652E-016
   275.510951060071       1.352957566386267E-039
   275.518368585379       3.864011897359914E-039
   275.558032182998       1.664435728311397E-038
   275.574412695241       1.255836432229335E-040
   275.596994652109       1.735746007522880E-034
   275.597439632316       1.706218937444058E-034
   275.643100417313       1.174821296409915E-038
   275.648913486357       1.021262561441383E-038
   275.710540809094       6.772760568599699E-042
   276.163000930274       1.347944725267913E-041
   276.201885938418       6.704185027917962E-042
   276.211813636195       3.823239693903874E-041
   276.490296739623       4.684053014505077E-043
   276.532593976012       5.306092569698018E-040
   276.533230211375       3.793207527294424E-039
   277.170568753339       4.833343617557026E-047
   275.553966495561       3.508804129093509E-016
   275.564782207147       6.240251053835507E-061
   275.598414123170       2.581887762780003E-065
   275.619197865971       3.374885617955549E-016
   275.643136894009       4.433091312922481E-063
   275.644237280725       8.447592461996837E-011
   275.683689836851       8.185047941063314E-068
   275.687542310275       9.550847262006619E-013
   275.752827316632       3.698388647936406E-015
   276.208764660231       4.676903151049456E-016
   276.241512209173       1.386339056496908E-018
   276.254897737734       1.985713820305511E-069
   276.537441039543       1.180875751674926E-014
   276.571308676362       9.002178257031390E-016
   276.576427645011       2.191697357693770E-068
   277.212814869885       1.495513105163483E-017
   275.767069985310       7.642834102672820E-014
   275.775525974220       7.760365553663069E-058
   275.814213125107       6.863180231975963E-062
   275.830366255103       6.986429588995918E-010
   275.854006015097       1.580302079180201E-057
   275.854266111743       3.176349883281126E-008
   275.899250858165       2.442681136158656E-065
   275.904605154531       1.281327551166467E-009
   275.967087473322       2.948576361029639E-011
   276.419554458521       4.685076425637669E-014
   276.457158085188       1.114919705221536E-015
   276.468285312348       1.003961496927008E-066
   276.746655154980       7.304121893423281E-010
   276.788020901036       1.968809277471260E-011
   276.789710089577       3.736801038227726E-065
   277.426169147569       3.558400751998791E-016
   275.839612155133       1.013447030625362E-014
   275.849256160021       4.051662496492826E-060
   275.885725249198       4.223717682525532E-064
   275.903862750749       1.159902016983531E-009
   275.927659305016       5.696539085933919E-059
   275.928050752754       1.242179602822030E-011
   275.970799438923       2.016844064302905E-064
   275.975485766131       1.761428680766298E-009
   276.039272082942       3.826550222346974E-010
   276.493051359935       1.154903724999896E-014
   276.528694068151       3.394917632955702E-015
   276.540886256131       1.042764910341513E-068
   276.820873250797       1.948506364589534E-010
   276.858804666882       2.819127023252588E-011
   276.862332527853       9.460379112309236E-066
   277.498656124229       9.989594255331283E-014
   359.187602950578       4.879354579612075E-041
   359.195960049628       1.325897522978493E-040
   359.234882333796       7.702765434542329E-040
   359.252089143425       3.327770945486668E-039
   359.275006897172       3.711036048560712E-034
   359.275073854031       3.702726369328928E-034
   359.320179937232       2.527923730435476E-041
   359.325828826310       7.170694600031406E-040
   359.387969588349       2.362152290286669E-043
   359.840373673882       7.134053305730598E-044
   359.878229794110       3.954575208502263E-043
   359.889240720873       4.737365472949954E-041
   360.168081742429       5.599118093614126E-042
   360.209699450908       2.534645096524204E-040
   360.210851634751       4.054647660241234E-039
   360.847892786007       1.646059515918191E-049
   359.194408508261       7.307458117456141E-018
   359.205457143059       1.054499313879013E-064
   359.239024973237       2.896598003688170E-073
   359.260427914638       6.139085438388985E-012
   359.284238345503       1.018220529560965E-061
   359.285292963496       4.278326961553098E-011
   359.324487164526       8.841211798706915E-064
   359.328502325416       1.020739799683391E-011
   359.393704551953       3.555621327422370E-013
   359.849502223150       2.959216707745708E-018
   359.881967471474       1.452953983028549E-017
   359.895696817597       8.523647768898368E-071
   360.178444505057       1.262000195976017E-013
   360.212507182162       3.928015681843766E-014
   360.217392943758       7.153262339719403E-063
   360.853854461443       8.190729646460305E-017
   359.217028432146       1.538606927107294E-038
   359.229373740865       4.211834977653021E-038
   359.260018229118       1.212163161218354E-042
   359.283223291536       8.178470306844891E-044
   359.307886461533       1.371118803113730E-035
   359.310934204846       1.353946821638637E-035
   359.345748498042       6.281870075040342E-039
   359.348227334011       2.823544545396903E-040
   359.415570543445       2.191419643443121E-044
   359.873241184505       1.692645394964695E-041
   359.902880355122       2.490335688846581E-045
   359.917851951131       8.343482375608909E-044
   360.203590627289       9.604131560870469E-044
   360.232304856142       3.691490238105003E-046
   360.239562968474       1.970150441172241E-042
   360.875783377096       2.575044810693813E-051
   359.210417304874       1.559737015533120E-059
   359.215578625233       2.383610645695657E-016
   359.263317420570       2.680319173624331E-014
   359.278715847781       3.943779763326675E-064
   359.290218313382       1.595796408664666E-064
   359.293896767480       4.087995634700758E-012
   359.363917690351       8.581722020515239E-066
   359.372841829362       7.243513189751502E-012
   359.427411591857       4.066948724189150E-012
   359.857039553440       1.260602197469091E-017
   359.921748001233       8.885398755745602E-065
   359.924317074636       1.965571381611853E-017
   360.178688440890       3.064633760526993E-014
   360.242713453708       6.534847680004237E-066
   360.258618758962       7.121270438720866E-014
   360.883619877984       2.683382722216583E-015
   359.212074327610       2.164277052971282E-060
   359.219229710757       1.495056859091839E-015
   359.262804525833       2.779195818902345E-011
   359.286255836462       3.747339052656492E-064
   359.291961045915       6.439037208902720E-062
   359.296987867930       6.924257432985670E-011
   359.371523913662       8.665958334187104E-066
   359.380174224155       1.103566946569812E-010
   359.434808671161       1.481229416978687E-010
   359.858730193756       9.077936046186102E-017
   359.927513538373       2.061411063276198E-066
   359.932267355563       5.784260100996850E-017
   360.179443554789       3.122278781077421E-012
   360.248278621662       1.858183597068023E-065
   360.266154868917       1.300209038811396E-013
   360.889909072877       1.786352935003786E-013
   359.236746054243       6.533490920747491E-039
   359.245725393358       1.821501015728674E-041
   359.283591830661       4.718748394130648E-040
   359.301028044603       1.843775561243657E-043
   359.324617958934       9.550096616046546E-039
   359.325461229492       2.710506884543736E-039
   359.368950595207       2.270255753079762E-039
   359.374030758433       3.074964708647794E-039
   359.436950818125       2.331307405461398E-042
   359.889789245215       6.609299681341870E-042
   359.926570771152       5.690060582563574E-043
   359.938216272318       3.373802947323733E-043
   360.217891988549       8.937649683938218E-040
   360.257677109526       3.982091055502187E-039
   360.259830192265       1.113173614368738E-038
   360.896443320088       1.393775397860561E-048
   359.253734780872       4.348253605120648E-038
   359.259993489049       3.494514897579332E-038
   359.304044744324       2.157094430374166E-040
   359.316381999491       1.646889217533148E-039
   359.338587899862       3.460871367601601E-035
   359.339210543015       3.646729766740986E-035
   359.389192198869       7.142130079609083E-040
   359.395884101424       5.829781896951537E-040
   359.455901010852       2.491688719831317E-043
   359.904279006535       2.687078344341494E-042
   359.947614738674       6.219507667291231E-046
   359.956354742791       2.078709980601581E-043
   360.231105270693       8.727744949124875E-043
   360.277863207951       1.326860078136318E-038
   360.279189230262       3.814783518638069E-041
   360.915215026588       1.584732735874518E-047
   359.263839125051       3.013468189006587E-059
   359.289508282392       6.353582083877701E-013
   359.297659137257       5.828381191224086E-009
   359.344162360089       2.055222809229946E-063
   359.366533715517       1.368014626225613E-011
   359.380492383209       2.414968698223791E-061
   359.466722598924       1.773240763637677E-010
   359.466840359991       1.148787252532701E-060
   359.535962910604       4.892187580385602E-010
   359.916728480132       3.485872783286426E-016
   360.009096492149       1.613507016230631E-065
   360.032193555366       2.890464272363010E-016
   360.227917971742       8.674086297822472E-011
   360.328270423007       1.251325353263632E-063
   360.367438684180       3.467108263220632E-012
   360.979939048321       5.041205022788077E-012
   359.271648922397       9.030235713405621E-063
   359.294470144255       6.473580704429281E-014
   359.307698779431       6.120648116402998E-009
   359.351961201621       4.330513607035568E-062
   359.371400577422       1.216439198983234E-010
   359.382898423227       3.962226262157753E-065
   359.469063745121       3.914266548634237E-065
   359.470885053763       8.523298247758025E-011
   359.536609423071       2.849245899641095E-010
   359.923231690147       1.416059320616687E-016
   360.013280241884       5.881908470668559E-071
   360.033720746519       1.380099509462037E-019
   360.235837293981       7.419885317658616E-011
   360.332659504224       3.996265995018067E-066
   360.368283880830       5.264274134997914E-020
   360.982718626222       1.027162048054364E-012
   359.397128230226       1.414183005284973E-014
   359.410585799452       1.428156246387744E-059
   359.439790761369       2.206872176740891E-065
   359.463787620676       1.004464950214497E-014
   359.489010445086       6.987092209582587E-065
   359.491735497213       2.655071048133864E-008
   359.525476596245       7.068738297222079E-063
   359.527469530729       3.806203679931601E-012
   359.595965967378       5.345317171823206E-016
   360.054059817843       3.017646109626548E-015
   360.082230461715       5.534673430973351E-022
   360.098343154112       3.318805768606269E-071
   360.384458474865       2.267526912550469E-010
   360.411399307128       1.472297057191165E-015
   360.420078136701       2.299277256786856E-067
   361.055867544807       8.405215338430655E-016
   555.530448644981       1.849331650074602E-062
   555.545056126861       1.885940462704873E-009
   555.574332199288       3.783838660785561E-016
   555.612014300059       9.023571464736141E-063
   555.653778983915       1.640001605071990E-010
   555.692650512005       4.306041335079753E-065
   555.764654392724       1.557327475221741E-009
   555.781121288405       9.710000886430862E-066
   555.863439151270       5.811938619693669E-009
   556.193062609666       3.962976926152250E-018
   556.312546140405       3.509855065567769E-068
   556.353865991362       2.631190313693536E-019
   556.494444453750       1.078013470049573E-010
   556.629336072596       1.522888846878859E-064
   556.687323699205       1.666237898875005E-015
   557.297035590057       1.118824473343669E-011
   555.536724345707       3.090521518127368E-062
   555.552753150480       1.219089126044462E-008
   555.578576230339       1.763630938157198E-017
   555.618317000791       2.482350336295655E-061
   555.657822109487       1.188422955079542E-011
   555.695643597439       1.229360879986476E-066
   555.769355830047       2.089613773225754E-011
   555.783890930150       1.729018256000425E-062
   555.864536768557       6.625022459215269E-009
   556.197999166496       2.481193125056369E-018
   556.316463467470       1.269049292843123E-067
   556.355948300941       2.245209241304931E-018
   556.500269745303       7.640240873809154E-011
   556.633425863100       1.300049637046077E-065
   556.688923996969       1.724663620584600E-012
   557.299532617061       8.725597104228112E-013
