                  1600
  -19.3557459902813       3.099351505775147E-076
  -19.3185845381851       3.415175318583470E-012
  -19.3025603722993       2.639874901766879E-070
  -19.2928841349197       7.741768530686881E-072
  -19.2523377608750       7.212454797553259E-071
  -19.2488881265009       1.066119390948811E-015
  -19.2256752656205       2.109065208670507E-010
  -19.1999626902525       2.400546280000688E-016
  -19.1102444804330       4.813844938641531E-011
  -18.6650585979692       2.462904910469384E-070
  -18.6117874768715       2.394085377373849E-007
  -18.5587342416835       9.143183275128022E-013
  -18.3954566317154       4.700472466366129E-076
  -18.3557066138220       9.263773788498119E-008
  -18.2723064458843       4.754506508903016E-013
  -17.6745715002036       3.851311398337327E-005
  -19.2992909882712       3.753752396565184E-073
  -19.2457784204483       5.070669775543284E-015
  -19.2238172516915       6.059391852844580E-069
  -19.2214629399037       2.995229338421469E-069
  -19.1671812715151       2.037700015379982E-012
  -19.1556852352735       4.083029629576328E-014
  -19.1272557544119       7.180947976645070E-068
  -19.0873177051161       2.679728193294061E-014
  -19.0157928675728       5.456606948572206E-014
  -18.6163980622886       1.299954278270039E-072
  -18.5715417731765       2.175487995953425E-016
  -18.4568696321706       2.731558326723865E-009
  -18.3270722543430       4.142400344931959E-072
  -18.2936511571705       1.349136837025512E-011
  -18.1856651617929       7.385633844956954E-011
  -17.6060829156576       2.579981319517431E-008
  -19.0177888310932       1.763408870511448E-071
  -18.9693765567917       4.969260984378766E-013
  -18.9556661054723       1.531429251248933E-068
  -18.9414484293687       1.743023119618191E-069
  -18.8874373635071       4.612230350179310E-012
  -18.8749040097209       1.666711950314436E-013
  -18.8733022635824       2.621192723054404E-068
  -18.8450671435440       2.989113466682442E-012
  -18.7586953565904       2.490195270541495E-013
  -18.3448107032373       8.040392798156130E-070
  -18.2850109059145       3.685170275397358E-011
  -18.2022475913674       2.719404126771691E-009
  -18.0557662814882       1.052621011199701E-068
  -18.0258262249719       7.459915083105874E-012
  -17.9277815186263       5.560186826663571E-010
  -17.3402533475398       3.175322852934763E-008
  -18.9733659159658       5.478693709200524E-074
  -18.9456049551856       1.746646659872043E-010
  -18.9227952914435       6.801600868355086E-069
  -18.9172531274198       5.316133687218418E-071
  -18.8769619454751       3.985757879474357E-069
  -18.8667046266783       1.705384219468530E-012
  -18.8536479802284       1.123751653027860E-010
  -18.8282661012252       2.912368702738658E-014
  -18.7489255284885       3.423819540290509E-013
  -18.3028418316023       1.179924057252163E-067
  -18.2548597168187       2.119898897172513E-007
  -18.1905365728628       6.509177119904298E-011
  -18.0339076882256       3.507539980805069E-072
  -17.9918968213800       2.868485967009309E-008
  -17.9173003567444       7.615448172019305E-012
  -17.3236856312420       1.626452573486118E-005
  -18.9224844014188       1.931889823746932E-072
  -18.8888027310152       8.237810107553353E-012
  -18.8466875539280       5.935323466874189E-068
  -18.8036744959198       3.704530431351135E-069
  -18.8015597215228       7.872602831047541E-015
  -18.7957148671493       4.967933428327238E-068
  -18.7842409330478       8.964957640840278E-011
  -18.6839371355401       2.438011880070355E-020
  -18.6302804507508       5.197870064845191E-012
  -18.2340153884148       6.658883454822869E-068
  -18.1396617690585       9.332522479754815E-008
  -18.1070434219776       9.343088664413026E-013
  -17.9610617054653       3.629977398302817E-068
  -17.9221551897023       6.910394971600422E-008
  -17.8045607958257       1.727286167280525E-014
  -17.2186220402683       3.998202344879292E-006
  -18.9721693598169       3.320658933417304E-040
  -18.9175656720906       4.432099934080681E-054
  -18.8980448223936       2.480685312777569E-045
  -18.8463291813552       3.183805884756037E-048
  -18.8265754691015       4.170951867640863E-048
  -18.7848775123620       9.808352249456446E-046
  -18.7828780601910       2.246346287273987E-040
  -18.7008183692032       1.900503114342453E-043
  -18.6655039803795       8.396128795177487E-046
  -18.2340424509761       4.724452918598807E-039
  -18.1914712335465       4.864572653029962E-039
  -18.1456556865736       9.137433130756230E-042
  -17.9755164430708       6.926617397388055E-040
  -17.9635162446028       2.669380759881463E-039
  -17.8450869094100       4.228871636011008E-041
  -17.2660477869055       1.824757286216228E-038
  -18.7737798121085       2.090569599340654E-075
  -18.7169619762757       1.602338116156380E-015
  -18.6953821813505       6.102279430516885E-069
  -18.6720282737609       2.015131375781761E-069
  -18.6331136456236       6.999528182316869E-013
  -18.6222889268043       8.092179739976339E-013
  -18.5613368653327       6.393712229166456E-071
  -18.5278413023479       3.216301646450292E-015
  -18.4502655595811       5.176710018812053E-013
  -18.0599381519906       9.759967737890103E-072
  -18.0281586725275       7.092294033395700E-013
  -17.8740035817511       8.298213164124474E-010
  -17.7853748317067       4.150245574413226E-073
  -17.7720091940356       1.999436674741008E-010
  -17.6165747063923       5.669703607480502E-012
  -17.0370228529989       2.167039912621669E-009
  -18.6318635334572       6.993740061025998E-076
  -18.5864474278140       1.888487824712016E-010
  -18.5625500070929       3.318814039591336E-076
  -18.5602228456378       5.983302984688380E-073
  -18.5136437801811       3.677251817332274E-011
  -18.5100057651561       9.301081055584771E-014
  -18.5099477580217       3.925064401156645E-063
  -18.4685552502704       1.557951962309918E-015
  -18.3675191657724       3.265634383212266E-010
  -17.9533434397034       3.380709987123944E-069
  -17.8979014195916       5.943693819705194E-010
  -17.8363959155009       2.312968174578008E-016
  -17.6725876697530       1.191709362753875E-071
  -17.6506869007984       1.991517324557269E-010
  -17.5425868341427       3.935418321332978E-017
  -16.9582244353635       5.526629215156550E-006
  -18.5445544346935       1.791428562236666E-045
  -18.5055018244241       5.805416984414049E-040
  -18.4769444837731       5.708896792119086E-042
  -18.4682569108605       7.839897691646987E-042
  -18.4512437009798       1.151334935026508E-041
  -18.4449585823303       1.013648613193202E-039
  -18.4143024321821       9.354985537595941E-041
  -18.3814250612334       1.194959745487652E-041
  -18.3119412950611       1.103967777236993E-045
  -17.8688599797056       2.250925066759587E-046
  -17.8457610435937       1.524420720833535E-040
  -17.7694870948012       6.457826376649270E-044
  -17.5978831275170       8.475141778120226E-046
  -17.5520452542649       2.446834631016478E-040
  -17.4838892013563       9.183274557600167E-043
  -16.8937451458994       5.677105844094119E-037
  -18.3710771905513       1.913345799792417E-046
  -18.3553536201247       2.779533121303024E-044
  -18.3285790897202       1.098677167215192E-039
  -18.3253079018524       1.507253913174868E-041
  -18.2810152815386       2.896484962153632E-042
  -18.2766813574878       6.090236934240427E-043
  -18.2554089170862       3.922573356205502E-041
  -18.2231404732712       1.871414780498928E-041
  -18.1299054320761       3.322299571840918E-043
  -17.7084988905192       4.141709440302113E-045
  -17.6673731535363       3.814187605164681E-041
  -17.6155969379183       9.711660441920179E-044
  -17.4383992305711       2.108564350313954E-044
  -17.3967099850090       1.419506290153710E-040
  -17.3045836533708       1.453949061854142E-043
  -16.7190031406889       9.482784937109644E-043
  -18.3900654273238       3.524205700939187E-010
  -18.3728716313694       1.376504625613231E-075
  -18.3499465418603       1.293880746215655E-071
  -18.3035891234735       2.622043031157435E-071
  -18.2743217951952       1.159263441609286E-071
  -18.2594019856680       3.455254931608057E-012
  -18.2461090322652       2.016059806058880E-016
  -18.2074701320152       4.233903010501630E-018
  -18.0930065772293       4.687941168388828E-010
  -17.6576626643298       2.125475179778545E-070
  -17.5988172657548       5.898852568770155E-008
  -17.5252624826607       2.369680358061547E-013
  -17.4355378290917       3.493336276865657E-074
  -17.3927334572743       3.322128914150047E-008
  -17.2575615718919       4.786853473530462E-014
  -16.6685785397528       5.496463075166548E-005
  -18.0820208921867       1.271373636585601E-074
  -18.0257136647529       4.129124504518070E-072
  -18.0095604850783       3.577550566426289E-015
  -17.9979995868088       2.854402049946868E-067
  -17.9898575111381       9.394486159586468E-017
  -17.9586108829431       5.799629019689867E-070
  -17.9444990778029       2.792584589254586E-013
  -17.9238019430861       6.253063802836943E-015
  -17.8369044513752       2.488989105329712E-014
  -17.4097263518221       1.159930883903505E-073
  -17.3775272019925       2.090958853688292E-013
  -17.3177634386648       2.795218683102047E-013
  -17.1030420963144       2.898750706676124E-073
  -17.0781806752945       2.280192712443584E-011
  -17.0002711918562       1.020121977258510E-014
  -16.4006874089493       6.353881174951387E-009
  -17.9711703987807       5.457868719075134E-071
  -17.9227718124548       5.814541751553880E-012
  -17.9190029546887       9.734118348769234E-070
  -17.8982633177933       1.003364666742468E-068
  -17.8507614129151       3.667763801888255E-010
  -17.8388310805279       2.013768885826339E-010
  -17.8362520050036       1.278125640379073E-062
  -17.8071309546448       2.971427378822529E-011
  -17.7322170717836       5.563975690742882E-014
  -17.3009722003871       6.285831512794328E-073
  -17.2427291432126       1.361817670060020E-010
  -17.1680457188766       5.635332732583700E-009
  -17.0146395801286       3.104201200995769E-069
  -16.9814911775769       1.004478273141691E-009
  -16.9014758877663       4.021622657739275E-009
  -16.3114263010474       2.131308305791345E-008
  -17.8898538695606       8.025991820479246E-083
  -17.8626490238253       1.074909128582376E-009
  -17.8449099333612       3.089027591156569E-069
  -17.8387791622143       8.425745188833221E-071
  -17.8081629115994       5.431602173422697E-067
  -17.7986511247145       2.870942725856784E-012
  -17.7804481314995       5.310022523260069E-010
  -17.7594769315380       7.118990503041309E-013
  -17.6841261941143       8.226821259060876E-013
  -17.2223779342619       6.640333150895286E-070
  -17.1818737665197       1.847086639343470E-007
  -17.1269048411680       5.907705532136295E-011
  -16.9563796063746       1.737206280095124E-073
  -16.9153938624102       1.280355358761281E-009
  -16.8518580692955       4.472532680546235E-011
  -16.2549791491830       2.534916133040118E-005
  -17.7025071438734       8.762217053564090E-077
  -17.6592293179113       4.237759207936252E-010
  -17.6501828714569       3.276646648634439E-069
  -17.6424836942756       4.604667016528088E-070
  -17.6126719234946       1.171292419164817E-018
  -17.6018815263937       1.446851073574212E-071
  -17.5818723996099       1.526948213247853E-010
  -17.5567425286467       1.037122018940051E-016
  -17.4683763591624       3.358553243803444E-014
  -17.0353949314341       4.331900453532308E-074
  -16.9996828346096       9.336166999908107E-009
  -16.9456123934412       1.137927313988889E-015
  -16.7510576814003       1.326540263969151E-074
  -16.7170994253919       7.875922777067667E-009
  -16.6382060121163       1.729900583992997E-014
  -16.0456670167741       5.209993837154094E-006
  -17.5015233718894       8.255502109844935E-077
  -17.4507028913966       4.921501042101674E-014
  -17.4397804798340       4.504662751603332E-072
  -17.4263206082638       1.244746354147268E-068
  -17.3976575460024       6.806129141449155E-014
  -17.3866887653185       6.294519891611274E-069
  -17.3575901545472       3.098588336817186E-013
  -17.3330686582369       1.898404189144236E-012
  -17.2472948824913       2.453539958081595E-018
  -16.8318834352392       2.495795515710694E-078
  -16.7916097423180       6.861915848079790E-015
  -16.7269436985287       3.874363611158451E-011
  -16.5369000784331       8.122108557848129E-072
  -16.4953281586022       3.253840311336617E-012
  -16.4159384352804       2.984562314047660E-010
  -15.8229047922902       5.935102947367775E-009
  -17.2217874581753       4.192867040224462E-041
  -17.2003083119675       2.000192733959886E-038
  -17.1963848910008       1.973001186814938E-040
  -17.1872792988908       1.141528612676169E-040
  -17.1487272448380       3.083621915167542E-039
  -17.1308470803879       4.847470262338021E-040
  -17.1236052655077       6.914389756301771E-041
  -17.0790385748263       6.593629379336580E-041
  -17.0085995068867       7.226034163767585E-042
  -16.5416498106225       4.654231540661950E-039
  -16.5046340888569       2.430445166120217E-038
  -16.4815030357560       2.194211116483909E-039
  -16.3137441607247       1.974940480408084E-040
  -16.2705302458620       7.254211130782061E-039
  -16.1885212262996       1.671120900837444E-043
  -15.6101758390093       6.757910535622586E-039
  -17.2456395681191       7.195307525111000E-043
  -17.2199322757711       1.151903607084691E-043
  -17.1495827404360       6.650712640625271E-038
  -17.1453203097896       1.903512093054185E-038
  -17.1421523658797       5.846909682457343E-041
  -17.1095060181471       2.531515761006060E-044
  -17.0967361178934       3.065717539323398E-043
  -17.0464210614998       2.675722212804820E-041
  -17.0004126400431       8.015252406183121E-042
  -16.5217498259306       1.319155855029220E-037
  -16.5133872068979       3.941249031907428E-041
  -16.4103106290710       4.951049405831976E-039
  -16.3083892851281       3.433529949412472E-042
  -16.2571919052964       2.098064912008229E-038
  -16.1782783198294       1.188613829922378E-040
  -15.5966355375717       1.131770076547011E-036
  -17.1850574370669       3.254027279045203E-075
  -17.1425875105751       1.609892837603827E-010
  -17.1339243190148       3.746820699121227E-074
  -17.0937404908446       2.528144181193052E-073
  -17.0659390201078       2.461299570992139E-009
  -17.0546274562655       6.317909104504217E-069
  -17.0410627475084       1.073420674123109E-013
  -17.0181255721492       4.098558446010731E-017
  -16.9519119367591       3.422151256269254E-010
  -16.5088105226186       2.646687238343265E-073
  -16.4241988419845       3.117088693731802E-008
  -16.3725903791479       3.232462573220319E-015
  -16.2383107780497       4.978541561788150E-070
  -16.2061817663192       5.735825182424001E-008
  -16.1283906848055       1.278802163289516E-016
  -15.5431710396472       2.547216649841155E-007
  -16.5807651812968       1.051965205407456E-081
  -16.5388648644324       4.287394136429696E-074
  -16.5330842596554       3.105232148857384E-010
  -16.5103420249839       1.950152049953558E-069
  -16.4957400218018       8.335222930106776E-020
  -16.4859637265316       3.256430757562318E-071
  -16.4475151267447       8.165053049327108E-011
  -16.4312831905937       1.896711824004776E-014
  -16.3579815559021       2.655722429747123E-011
  -15.9220676114416       1.078951620928093E-078
  -15.8808712066201       2.594969208738883E-009
  -15.8368323350647       1.635627418721845E-014
  -15.6280161624017       2.549788005509467E-076
  -15.5827788176432       1.889505346940290E-008
  -15.5260299449813       9.539581375617392E-014
  -14.9276144232339       9.650792696364902E-007
  -16.6485303297577       1.939832200704624E-042
  -16.6305720565324       2.026646748748159E-043
  -16.6088358029489       5.609499067017446E-043
  -16.6066440030510       1.362044819886709E-039
  -16.5775261910208       2.183408478891669E-044
  -16.5716723430481       2.110250607515470E-041
  -16.5426844066933       2.919122667910689E-042
  -16.5265542790206       7.093149822311126E-044
  -16.4477897148827       1.051669364778467E-046
  -15.9887587252270       3.953962041958012E-044
  -15.9549053069688       6.812980971619943E-046
  -15.9124446320169       2.010553768971855E-042
  -15.7249786882245       9.658933687778882E-043
  -15.6840840838553       2.663196117047283E-041
  -15.6166213040872       1.472506819173917E-043
  -15.0206054150416       8.501872709002354E-038
  -16.5650959438792       1.089229118605104E-074
  -16.5222536450924       4.887657635305940E-070
  -16.5079018584900       1.340200807307334E-012
  -16.4906773192463       2.197965482399865E-071
  -16.4733317604059       7.901910488408006E-017
  -16.4579534426523       7.467722095101601E-069
  -16.4366910673425       1.103940732910768E-012
  -16.4174960744430       1.323367275839672E-012
  -16.3516333502827       4.233546744258466E-013
  -15.9017494030582       3.480988008621372E-076
  -15.8598995642151       2.387928621416486E-012
  -15.8039500118847       1.082899322011524E-011
  -15.6093896788815       2.105767955412964E-070
  -15.5735737288326       1.000371361634935E-010
  -15.5176603207533       2.198742413872728E-011
  -14.9168224032092       1.615282501540548E-010
  -16.4073354774034       8.955524141931666E-049
  -16.3625919349786       7.856379821372518E-044
  -16.3481382859504       3.181965537628530E-042
  -16.3378375955408       1.093996109673003E-042
  -16.3275225275442       3.999595971880652E-042
  -16.3057990518674       6.298058339786078E-041
  -16.2866695923202       6.987826939100340E-040
  -16.2615353547409       1.850238746386216E-041
  -16.1860337082245       3.827533563524304E-045
  -15.7485960700776       1.312642142472139E-047
  -15.7159241482806       1.332107977410111E-039
  -15.6692802745330       7.288562277366810E-041
  -15.4490702734882       1.008048768616987E-048
  -15.4119354240689       1.244856297962745E-040
  -15.3586371327993       1.457115801890917E-041
  -14.7631635794840       6.204449479528193E-041
  -16.3915871804912       1.160089013304968E-070
  -16.3414685608331       4.609649076596370E-011
  -16.3381684278782       2.244265416087648E-067
  -16.3172800601132       3.270582534915545E-068
  -16.2785773310374       6.700570386215236E-012
  -16.2673809314408       1.418538338654637E-065
  -16.2570366718557       1.027091188132924E-011
  -16.2467613283817       1.629176660593492E-010
  -16.1593923275261       1.119715425472766E-012
  -15.7237686818501       3.888392495869222E-071
  -15.6628186848882       2.916653801086908E-011
  -15.6020385888943       8.689622862887278E-010
  -15.4412849601625       1.917549130299629E-067
  -15.4114908532174       2.735620525395050E-010
  -15.3374274807511       6.461183410368627E-012
  -14.7532642308690       4.188104024414372E-009
  -16.6157636050880       3.403790399113197E-009
  -16.5985342403156       2.842574070977368E-072
  -16.5428835667987       9.528556149269760E-067
  -16.4980730134750       3.937266513264030E-071
  -16.4903781505853       2.281477527366003E-010
  -16.4688545922443       5.647333243902488E-015
  -16.4052367400804       3.052043199625323E-016
  -16.3944088348870       1.025312229344711E-068
  -16.2958496053035       3.357290085910866E-009
  -15.8461768364925       4.359691809188082E-065
  -15.8312924547857       1.999162046387103E-008
  -15.7592150816900       2.606606045398617E-014
  -15.6673845393472       5.527204661453140E-069
  -15.6452064805837       7.664778314833093E-011
  -15.4872773637734       9.914085405675256E-015
  -14.9239077523807       5.200240596944282E-009
  -16.0225506710457       4.613483597606264E-070
  -15.9821675002240       2.619171940675921E-069
  -15.9682546778456       1.227768390947914E-013
  -15.9510067002620       2.488945804194810E-066
  -15.9149048209970       3.338692844118725E-012
  -15.9085882927540       9.400752698612766E-013
  -15.9034654454161       1.260431540123154E-067
  -15.8820735753260       3.392566095264068E-012
  -15.8137483627020       1.514451583751467E-013
  -15.3571145782071       1.144983914526145E-074
  -15.3062301956826       4.846563532396289E-012
  -15.2463977779372       1.037820942916258E-012
  -15.0720887957271       5.081617998159362E-070
  -15.0461202329396       1.724967544351112E-010
  -14.9818121258112       6.366366445901448E-011
  -14.3857931838559       1.279050639876792E-008
  -15.6894159756411       9.706312219240970E-077
  -15.6518650974368       2.705879296563836E-072
  -15.6207513888033       1.174012737489840E-016
  -15.6136456441163       6.456559842666462E-010
  -15.6087310647255       2.802582135039187E-067
  -15.5847083668541       1.033276493482689E-075
  -15.5683890027895       3.988657163947886E-010
  -15.5546616524843       2.326107077734233E-014
  -15.4817705006562       1.735427840016175E-011
  -15.0266124564914       9.200317171890952E-075
  -14.9995448582709       4.800007455910331E-010
  -14.9587233478436       1.432101451797822E-017
  -14.7178167315111       1.899150523568538E-073
  -14.6939078142496       8.980276240994775E-009
  -14.6441740162316       5.006359961485945E-015
  -14.0362457351546       5.811099125434813E-008
  -15.8261612006101       9.449501844422666E-045
  -15.8139872923583       4.426637915418267E-040
  -15.7953512210126       1.266269044767718E-039
  -15.7847347884646       3.776141257632199E-044
  -15.7475336771687       6.957894043494047E-039
  -15.7430315507690       1.961396406551743E-037
  -15.7316041042297       1.467928912161227E-037
  -15.6957353786866       2.588386394971398E-039
  -15.6095414945239       1.749208671667715E-042
  -15.1669953863749       6.175497914056596E-039
  -15.1347013804104       4.779680001123756E-038
  -15.0870479652324       2.380134826156594E-039
  -14.9064469245948       1.963033635378127E-040
  -14.8642972798686       2.558623860076958E-039
  -14.7903179851571       2.014958644535225E-039
  -14.2032874068582       5.050853863515951E-038
  -15.6815767267985       2.418628124938401E-042
  -15.6485670964239       2.293064507399420E-039
  -15.6267580472170       1.746878403822857E-039
  -15.6110753770251       1.498198429747632E-036
  -15.6099963366338       1.556487714804059E-036
  -15.5888775613520       1.490343665103250E-038
  -15.5544309769758       5.432829804864809E-040
  -15.5424035876547       6.857322813980407E-042
  -15.4732839932685       3.139180770659760E-042
  -15.0240942340816       4.164386614293929E-041
  -14.9870003508749       2.207235678811723E-039
  -14.9508293140610       2.328312450237452E-038
  -14.7258905869248       3.797147301219011E-042
  -14.6837804539948       1.997065600627836E-039
  -14.6408261516762       7.028785479684834E-040
  -14.0320728309874       6.536874797830292E-040
  -15.6009398013761       4.037757155389538E-045
  -15.5816373233318       1.603222678029412E-045
  -15.5596846563581       8.100252621752465E-046
  -15.5571914749499       1.932665808896191E-039
  -15.5206367742015       1.268557192604785E-041
  -15.5076701198190       1.070157352790935E-043
  -15.4890095182120       9.105602071332261E-042
  -15.4595733684763       2.149636100954804E-042
  -15.3693881732064       2.706984254061358E-045
  -14.9353013338604       1.029601307871858E-043
  -14.9019056119489       3.343791504750285E-044
  -14.8535251067814       6.605734562672205E-045
  -14.6669870757365       6.781463464127809E-045
  -14.6276593779679       1.139247719267090E-040
  -14.5412430034639       4.769852266809208E-044
  -13.9521656105370       1.277784663728443E-038
  -15.5523770898905       8.691371640745917E-074
  -15.5163009745761       7.835030531147043E-069
  -15.5073694985503       3.687209999789895E-011
  -15.4897169841507       4.471536931941683E-069
  -15.4617822915293       4.204529152201012E-065
  -15.4580200369885       1.183152000086761E-011
  -15.4408063078800       7.197546619861710E-009
  -15.4209200850631       3.021661647987253E-020
  -15.3486760709193       2.813325050239247E-010
  -14.8908448415516       5.912810052316193E-071
  -14.8388625801295       8.830083352622572E-008
  -14.7994736222076       1.765096446816614E-012
  -14.6077482876558       9.137201332276215E-071
  -14.5687853673192       1.755445694339079E-008
  -14.5194095952825       4.440521308367857E-014
  -13.9210297115760       7.027495466353086E-005
  -15.5410113688132       3.866014582424314E-072
  -15.4873321003350       2.177587795044783E-013
  -15.4787865790857       2.477526204247438E-071
  -15.4709365948399       2.733845057038806E-068
  -15.4264772370189       4.351003054651211E-013
  -15.4140946061740       1.516549274262331E-013
  -15.4048436763907       4.319145460660229E-067
  -15.3757098197698       5.942487410363032E-011
  -15.2977319996475       1.330884070431330E-013
  -14.8662860402596       7.452764105997075E-073
  -14.8251529087807       2.524196672500419E-014
  -14.7398757105774       5.149286017397416E-009
  -14.5805929979070       7.274773389372738E-074
  -14.5553699846001       2.152414437543386E-011
  -14.4652926125959       1.330598796940763E-008
  -13.8748310218208       1.599215297941008E-007
  -15.5139501011612       3.202335905502750E-044
  -15.5023165438326       2.789764464409904E-042
  -15.4529785508442       5.064378684099936E-044
  -15.4267542372293       6.760410118111918E-038
  -15.4054849300351       9.383383812058660E-038
  -15.3969482912336       1.035123680252566E-042
  -15.3812334280039       3.989501895615849E-039
  -15.3499467168804       1.493594901221522E-042
  -15.2525863857671       4.643499917981965E-041
  -14.8161262032012       5.976480732846802E-042
  -14.7928217538075       7.179487461169327E-037
  -14.7064626959488       1.066752643703234E-042
  -14.5748977163990       3.186424260141883E-045
  -14.5342791396913       2.201858920078265E-040
  -14.4247293765101       1.147944554178702E-043
  -13.8361510856776       2.844966666020477E-036
  -15.4869905152643       1.928823487256459E-074
  -15.4563517629591       4.006914312654539E-012
  -15.4260488969799       1.494392829392213E-072
  -15.4146093602034       1.716710276605479E-067
  -15.3754586068179       7.253609498219752E-010
  -15.3684297060665       5.822589723259065E-070
  -15.3495222344107       3.647565134549019E-014
  -15.3383916383528       9.411038837083807E-015
  -15.2339490671327       7.469448920188674E-010
  -14.8042501998233       6.450368687477426E-068
  -14.7484237260106       1.564512804058880E-008
  -14.6749552854985       7.670567878762752E-013
  -14.5407001284826       1.655311934364716E-072
  -14.5222589612845       2.456587887376294E-009
  -14.4058493095558       1.973318887417801E-012
  -13.8176504798674       2.303399402895804E-006
  -15.1498822838098       2.958204302124660E-072
  -15.1078620489930       2.847648584030886E-071
  -15.0858897958796       2.328670014264129E-014
  -15.0743229145407       1.174944657092209E-064
  -15.0683875078749       1.851719750912273E-015
  -15.0467087755577       1.500676113296728E-070
  -15.0259418229855       8.130095295317514E-013
  -15.0142969972902       1.011405292596819E-011
  -14.9352623796138       2.040344289559023E-012
  -14.4826603837850       1.430676159738919E-074
  -14.4478640630160       3.566689750968435E-014
  -14.4024161295634       1.812474898687295E-013
  -14.1842770376118       2.112173381841913E-073
  -14.1608234672511       3.483733023741774E-011
  -14.0946506079413       3.228594259903745E-010
  -13.4875325720462       2.684933371012712E-008
  -14.9668594826616       7.272152107730110E-072
  -14.9259294192947       7.780515828793136E-010
  -14.9203769033487       8.970772027511049E-068
  -14.9006906568514       1.118749974319934E-069
  -14.8748552725583       1.140534832725408E-010
  -14.8628370085592       5.716284249140859E-069
  -14.8460754028346       1.420851024025855E-009
  -14.8200187732503       3.971397658385360E-010
  -14.7331466625909       8.699701871600664E-010
  -14.2781391858743       4.754963367969791E-072
  -14.2382856881543       1.021855211579023E-008
  -14.1766327418456       4.996669286536628E-009
  -14.0107732662768       5.734350517296550E-069
  -13.9761484087792       5.555868177573917E-009
  -13.9054009925379       2.545088124704645E-007
  -13.2978126368692       2.161198750424973E-004
  -14.8803483107850       5.566011959310127E-073
  -14.8268272305142       2.559731524463926E-068
  -14.8201204557485       2.788889892442285E-010
  -14.8031354312972       8.391702831811924E-064
  -14.7865336619386       3.618111872258226E-013
  -14.7573020783506       7.971837790797681E-064
  -14.7523768186074       9.852243958408215E-010
  -14.7260905616095       7.232400852445692E-010
  -14.6393819527152       1.850590965284145E-011
  -14.2074840320415       1.806949788750713E-076
  -14.1734837854923       3.014337719540579E-009
  -14.1034870849895       1.682206371737358E-007
  -13.9139043265695       1.496786031984561E-067
  -13.8855339115335       1.154847691041541E-007
  -13.8155039271307       7.070898613100663E-007
  -13.2143311931427       1.702742113765830E-005
  -14.6141401084089       3.448321527305200E-075
  -14.5620932970423       8.301074890032852E-010
  -14.5604555096141       1.425598222897451E-067
  -14.5497444288769       6.439826823142423E-070
  -14.5226419206556       4.004213649579600E-016
  -14.5058881090171       2.588764475663337E-069
  -14.4936086407698       7.347426701817545E-010
  -14.4609354960175       3.011908778942989E-014
  -14.3743098763616       4.379262743588637E-013
  -13.9465819884413       9.415136316168785E-073
  -13.9108206364280       6.897531973648678E-009
  -13.8557231755979       7.457474869400219E-016
  -13.6559185389697       1.300846018644156E-073
  -13.6188099852894       1.831785646865589E-007
  -13.5492003441182       3.010710295160914E-013
  -12.9602449705357       2.342020069691009E-005
  -14.4729240046822       8.313594738348681E-076
  -14.4293085420134       3.538674817224062E-068
  -14.4243511288602       1.012246601282429E-012
  -14.4004853249002       2.328631494600026E-065
  -14.3863144108415       9.037767161039378E-014
  -14.3753866663735       4.673722780238434E-069
  -14.3362355440798       1.111245874012221E-012
  -14.3190278097096       4.258051352304912E-011
  -14.2453852876376       9.410512757564230E-013
  -13.8117876684285       3.803368251212053E-074
  -13.7705829556168       1.534921215806184E-012
  -13.7249064719704       2.771026421322887E-011
  -13.5171688900363       4.858048359443254E-072
  -13.4704010806969       1.699622473778360E-010
  -13.4131295477202       7.029117169652505E-009
  -12.8146566109219       8.317316088700848E-008
  -14.3087373220968       7.124298956549037E-073
  -14.2882486141097       8.152625623949245E-012
  -14.2293839745146       2.527781908946833E-070
  -14.1940690587897       1.906728011159165E-009
  -14.1830662486102       2.509618604879516E-066
  -14.1738945143275       1.240574354541975E-013
  -14.1575647725479       3.284846651464590E-064
  -14.0786270727233       2.102922882976756E-016
  -13.9644932090620       1.757185781511356E-009
  -13.5442714451798       3.410946458423084E-068
  -13.4873542349681       1.366476376799331E-006
  -13.3936535846853       1.304059523169549E-013
  -13.3269189113127       1.811911784587828E-005
  -13.3121190032806       2.456710894178680E-068
  -13.1152514374662       3.520769160560644E-012
  -12.4998395987474       4.654387593687480E-004
  -9.33230426461281       1.627596207329611E-073
  -9.31414728377953       3.178147549500902E-068
  -9.28691177782114       2.588376879641654E-020
  -9.25459988401019       3.261109113688077E-011
  -9.25282215416877       3.417771049883865E-067
  -9.24693783013417       1.658262041883530E-070
  -9.22640081531860       5.094067511418683E-011
  -9.21544358685649       6.408943738336780E-015
  -9.15306155901937       1.504988716568802E-010
  -8.67807930208334       1.528884219828989E-070
  -8.65442516618116       9.475567448993494E-011
  -8.63334503554480       1.197181131727193E-014
  -8.36747430201537       2.639274717059918E-070
  -8.34193981777543       6.663846587622413E-010
  -8.31959172550474       8.093399589245730E-013
  -7.70015996328305       2.656322565643375E-006
  -9.23046696532623       3.479049841494090E-073
  -9.21243573406164       4.583752827372820E-069
  -9.18460411423942       7.221929862088932E-018
  -9.15389563297714       7.215155482912263E-013
  -9.15055436163614       1.078921806497436E-065
  -9.14556642130031       3.407492983434155E-070
  -9.12202770418221       3.861401917923840E-013
  -9.11143700148561       6.528007053723633E-015
  -9.04936572551050       1.981475712402102E-013
  -8.57661457046051       3.348899016957202E-072
  -8.55196657263814       1.047993404714434E-013
  -8.53122311754973       7.252833491827825E-013
  -8.26611429322916       1.860686607260601E-071
  -8.23819985963160       2.304401159409501E-011
  -8.21553619699192       1.786307336102795E-012
  -7.59646015960470       8.633805464995464E-009
  -5.96781995496275       8.728431296056047E-044
  -5.95985714929585       3.457461937582146E-043
  -5.94309250749151       2.127332433381961E-042
  -5.89660320549437       1.144518667085630E-040
  -5.88416904889366       2.715384125583980E-038
  -5.88316204958991       2.393556343469506E-038
  -5.88140711964343       2.001865725067034E-043
  -5.86809060238827       8.438340202095050E-043
  -5.80333357537692       4.470848403766697E-045
  -5.31323135385485       1.580117774598441E-045
  -5.29909263802561       3.500755486536814E-042
  -5.29041812835860       2.963897278991199E-043
  -4.99915175342228       7.624221378972799E-043
  -4.98368355815169       1.137073697379195E-041
  -4.97320285536514       3.892083708286331E-042
  -4.34127696040016       8.802288415039309E-042
  -5.89791316376643       6.521527447035394E-072
  -5.89054503086779       4.741663535445202E-070
  -5.87947515422320       3.615097727713288E-019
  -5.82593850992020       1.237850558703563E-072
  -5.81940229292296       2.932880416775367E-011
  -5.81190788886355       2.035407255448300E-066
  -5.81121976116341       1.783409788232085E-014
  -5.80285311523186       1.026738170377121E-013
  -5.73620618829068       1.492126064527924E-012
  -5.24153430845296       3.643393506652635E-072
  -5.23317839242378       6.285098367527622E-016
  -5.22526779699573       4.227110588669700E-015
  -4.92667051094104       1.832529085193110E-068
  -4.91810115264936       2.851589796065819E-009
  -4.90835275778509       1.210857724176137E-009
  -4.27402904662190       1.050835821036280E-009
  -5.88215085606327       3.145155076749119E-042
  -5.87952187669741       5.236004587261649E-042
  -5.86021602517516       4.664850062134550E-041
  -5.81291992565939       6.762701730166963E-044
  -5.80082976331467       9.099256676661413E-038
  -5.80010695226424       7.327593622267523E-038
  -5.79851354011000       1.371589899811929E-041
  -5.78520771545852       6.000121613236293E-041
  -5.72080242244881       2.989074868720181E-042
  -5.23032912949535       1.022432740943406E-039
  -5.21407109823144       5.817444069877665E-040
  -5.20975060457398       1.912023021837086E-042
  -4.91631429115191       1.372792281871186E-040
  -4.89729219594236       7.108914264774095E-040
  -4.89350327229284       6.867850053719231E-040
  -4.25844779904668       4.103503033542044E-041
  -5.79985509794050       1.566628258652567E-070
  -5.79547730346152       5.087654749947951E-068
  -5.78341218399576       4.218262672549162E-016
  -5.72628987878383       5.464950484216035E-070
  -5.72461236991480       9.846317885091467E-014
  -5.71881688864710       8.234765218417826E-071
  -5.71107826166073       8.379074040688342E-014
  -5.70873684689040       7.515305835869825E-014
  -5.64070535811410       7.321503503431485E-015
  -5.14498258669911       4.752208810741978E-072
  -5.13686825800395       8.675016795425299E-015
  -5.12987111070286       4.776506270328372E-016
  -4.82956377154192       1.338634117456123E-072
  -4.82030128978993       3.340566118497361E-011
  -4.81440085916068       1.900310911469861E-011
  -4.17788591619075       5.371763979268542E-011
  -5.45260009330863       1.574415466975192E-069
  -5.44269103646977       4.438622895612445E-068
  -5.42823927796060       2.712224128860782E-013
  -5.38344126126810       7.693814197272195E-065
  -5.37482267993792       7.436706276531815E-013
  -5.36898695673016       3.901259462220283E-010
  -5.36738963961305       1.858808516515290E-062
  -5.35696157234942       1.124340142257171E-010
  -5.29189306404610       1.634177538509701E-011
  -4.79756277990391       4.353850464508047E-067
  -4.78587184646259       2.892628876528133E-010
  -4.77576600172752       1.580239058495775E-010
  -4.48654965547652       1.075880413651674E-070
  -4.47792449700520       9.805380651144740E-008
  -4.46470519073566       7.747930536597020E-008
  -3.83500242635086       9.877163293608131E-010
  -5.30937313524379       4.650400585012051E-068
  -5.30345389253031       2.888249134058797E-066
  -5.28718602986114       9.884593799922234E-016
  -5.24007277889487       4.373225419401517E-067
  -5.23481948097347       1.253478987664971E-010
  -5.23052889735517       1.507734236559980E-068
  -5.22581588595687       8.347543896894626E-010
  -5.21755936833932       1.691889227070820E-012
  -5.15245050251023       2.445120926254374E-010
  -4.65689594528608       9.187688456377939E-067
  -4.64455388169479       1.639753721565881E-009
  -4.63651215376987       4.361239650075504E-012
  -4.34606345976774       7.988285420311999E-068
  -4.33490530977310       1.798218092134885E-007
  -4.32718175154377       1.774887223393454E-008
  -3.69480800454041       4.674921979311217E-007
  -3.56754054368014       3.620521307673168E-046
  -3.56146608486662       2.246764043922202E-047
  -3.54867914000237       2.652270755138757E-043
  -3.49275081788881       8.027076940751826E-042
  -3.48710302228636       2.498361605350053E-039
  -3.48545831123738       2.104575245019420E-039
  -3.47740072925709       2.873803989678192E-040
  -3.47024031795797       1.495221305733929E-040
  -3.40445110979735       1.739789428233084E-043
  -2.91240443282891       1.349315966295934E-041
  -2.90267198131868       4.536227632733462E-041
  -2.89507698972159       1.307382691837409E-042
  -2.59651122966016       4.772896845219731E-041
  -2.58390412578131       5.357639850277910E-040
  -2.57541059875679       2.834565964736649E-040
  -1.94127974409755       3.234427801771948E-041
  -3.52185639089969       2.684976091400901E-072
  -3.51524509205523       4.252779968561037E-070
  -3.50323166957151       1.528277286835547E-023
  -3.44602288157855       2.751203685085635E-070
  -3.44320562246732       4.428383402555283E-011
  -3.44035161105321       3.458895121925299E-067
  -3.43071913075550       1.366710766208443E-012
  -3.42558530364040       2.316507864527793E-014
  -3.35928936480122       8.447756381435466E-014
  -2.86636844599311       4.567633968430922E-070
  -2.85765902682047       1.291205661776794E-011
  -2.84936657863088       2.726609259261580E-014
  -2.55041026149620       2.577935498342492E-069
  -2.53978856407215       2.188829943389889E-010
  -2.53071818320329       2.563587837887259E-012
  -1.89663897790727       2.397767100589819E-011
  -3.41588097714913       6.491027281018694E-051
  -3.41239250316730       1.044405174118616E-048
  -3.39810809044885       1.978689940540602E-043
  -3.34630248521169       5.467089248361835E-043
  -3.33442287047039       3.757423401571276E-044
  -3.32991585386188       2.562858558709021E-047
  -3.32807543905485       4.213138518675948E-043
  -3.31985743558134       4.137050369148224E-042
  -3.25302405853653       3.786632070022938E-046
  -2.76207856441738       1.143588610371831E-045
  -2.74859128807561       4.100483021003034E-041
  -2.74749346245114       9.065435426475834E-041
  -2.44674007024457       1.514208017387822E-045
  -2.42995524744231       7.034393653274436E-042
  -2.42764328643880       1.225317445650914E-041
  -1.79107028602920       5.480727376963843E-042
  -3.41141626230061       1.513788530391550E-067
  -3.39711345229529       5.688555211364464E-066
  -3.38958782267656       9.961149252679992E-016
  -3.33863269109971       1.587685691761797E-066
  -3.32520659446920       2.684970730151815E-014
  -3.32321943857498       5.246889332941891E-013
  -3.31738110774273       2.262068513733477E-065
  -3.30789459660229       4.410984460670981E-014
  -3.24157334303135       2.294744663814111E-013
  -2.75138252810455       1.219611512051616E-069
  -2.74564202152869       2.041097598899069E-013
  -2.73189099357449       9.413839524836528E-014
  -2.43574286978710       4.175869137943753E-069
  -2.42877164259725       6.250948350899898E-012
  -2.41034704538231       1.659690125089581E-011
  -1.78055779776287       1.127788194758464E-009
  -3.40306929056555       1.362717461286787E-070
  -3.39246956479898       3.851485923867192E-070
  -3.38379402621830       8.158374275057752E-018
  -3.33231554874527       2.677832538094055E-074
  -3.32277637815145       4.445109733970555E-014
  -3.31450434220937       9.382273615741480E-013
  -3.31149569605734       5.587461735856311E-067
  -3.30415507620306       6.224644131334856E-013
  -3.23742246261273       2.589105398862540E-011
  -2.74511678125801       4.260755788283772E-070
  -2.73800354009270       1.779380005246437E-014
  -2.72848595005575       3.698225423104067E-014
  -2.43040992220086       7.724441650546096E-069
  -2.42274680544880       1.713045831373542E-010
  -2.40974325511920       4.313914434320027E-010
  -1.77772881843165       3.691278092742172E-007
  -3.36037720529140       4.351869151757718E-043
  -3.35707482109192       3.019033983568356E-043
  -3.34049442036204       1.428451960753965E-045
  -3.29287960091388       1.288580368705496E-047
  -3.27961435155781       1.090245193420254E-042
  -3.27703832101549       3.652190053834939E-040
  -3.27579636605471       3.997623328265601E-040
  -3.26423828713527       2.524970555223550E-042
  -3.19907045626758       2.928596379735732E-044
  -2.70824540977221       1.739131704838557E-040
  -2.69283072082044       2.548413263827372E-042
  -2.69114884784324       3.874928552948869E-040
  -2.39522265416313       6.434354717666531E-043
  -2.37721082665866       1.352093585418723E-039
  -2.37383418769945       1.102521885966902E-039
  -1.73949873993073       8.465231906848601E-041
  -3.25611921415555       5.074594280403611E-045
  -3.25049615429432       5.605915775062901E-043
  -3.23496209243364       3.093172598062213E-042
  -3.18351084176793       4.580214458329315E-042
  -3.17522853900374       3.945987009581231E-042
  -3.17502554360462       6.916666509550569E-043
  -3.16850011989822       9.530454726417433E-043
  -3.15803194947620       1.904428673844671E-042
  -3.09368983538178       9.365045112480044E-044
  -2.60262940657486       3.322997842016209E-047
  -2.59013719791199       2.250909413320668E-045
  -2.58299212025540       3.005537432003055E-042
  -2.28833449811867       2.568477095093465E-045
  -2.27309143252187       7.415054128422400E-043
  -2.26582773607403       4.674392789503636E-043
  -1.63266241971402       1.156042970479941E-042
  -3.07035913996182       1.662921055121864E-069
  -3.05658486695876       1.438089360759348E-069
  -3.04626420609833       1.905991275188148E-015
  -2.99866759784907       1.975981613734310E-066
  -2.98846210528815       8.984867204834462E-011
  -2.98403099141005       3.299496220086952E-011
  -2.98085553677442       2.345760835899572E-064
  -2.96976150255064       1.406094675048082E-012
  -2.90442590447318       1.207561477717106E-010
  -2.41129526676147       2.040346567567317E-066
  -2.40348532893855       2.524758802202620E-011
  -2.38950640511189       1.443723613325705E-012
  -2.09881673816047       5.093616596439948E-066
  -2.09233860055222       3.476848292097704E-008
  -2.07415483102897       1.174732997233549E-008
  -1.44540058939400       2.514827360349340E-006
  -2.99889868861435       1.533056798481593E-067
  -2.99155040010897       4.165653104790627E-066
  -2.98077617072138       2.128618219072887E-015
  -2.92782969143786       1.562991546629549E-067
  -2.92013125870313       3.130064192485014E-013
  -2.91310132782269       3.001570858641420E-062
  -2.91245740641373       1.499211142119699E-010
  -2.90346446422759       3.202860572345569E-011
  -2.83716926091671       1.389588859473539E-013
  -2.34279030338793       6.784050070427588E-070
  -2.33455154579644       4.947410917693500E-013
  -2.32658061904285       5.457924227214781E-014
  -2.02924263725024       7.341669119369751E-072
  -2.02021824511973       6.720190548283674E-009
  -2.01034789714249       3.622235828932209E-009
  -1.37726150016198       2.207853713167070E-008
  -2.57420351511153       6.095238292940947E-071
  -2.56893674057153       1.637626864145479E-066
  -2.55425874039754       9.320266899732496E-016
  -2.50103995071006       2.062535204378887E-067
  -2.49589033174290       4.855037424832696E-013
  -2.49522797412842       1.271988425587306E-064
  -2.48624397827571       1.754923293836336E-012
  -2.47874101147703       9.804908050213076E-012
  -2.41352929263274       2.022676791471342E-012
  -1.92048704855837       8.581524465838351E-073
  -1.90917283911100       1.019319171143133E-012
  -1.90190831140956       4.299548805098310E-013
  -1.60721347074209       7.553180382502755E-074
  -1.59340692739134       2.470642533974549E-009
  -1.58627417664949       2.845098920482590E-009
 -0.952977757542666       6.968605440053734E-009
   3.16569225462556       1.997746675625723E-066
   3.19387470239072       7.377578284791242E-058
   3.19414102006210       1.010491607762611E-014
   3.24018383549523       1.044756404234762E-065
   3.25284824050075       2.119298203236060E-010
   3.26237607611167       1.959683328921519E-012
   3.27355115364704       3.571512770240719E-065
   3.28050619755734       1.532862039640857E-012
   3.35056454838815       1.722935676764417E-011
   3.83224800297580       4.997243408875439E-012
   3.83363195760769       3.515139413351927E-064
   3.85985027762800       5.566393935181621E-013
   4.14865751779677       3.287686247173801E-009
   4.14949699981181       2.499771318046660E-062
   4.18470817411298       1.447961087871240E-009
   4.80702468285441       2.509308190923395E-009
   3.17481862116525       3.453044867836797E-067
   3.19783368743002       5.991396477924095E-063
   3.20062572189144       3.327497760648671E-016
   3.24901728373548       1.874183824058239E-068
   3.26236556674930       1.086670435738273E-010
   3.26873386801006       1.078521733535220E-011
   3.27735172626361       7.053709829445188E-069
   3.28602774426689       4.161613512143018E-013
   3.35420679151165       1.251401836800473E-010
   3.83976484632300       4.019052635645606E-063
   3.84066831026903       6.560184160598335E-012
   3.86357169849261       3.018027393901109E-013
   4.15554550770663       5.782782457701611E-064
   4.15783579395327       4.732472193216062E-009
   4.18731583108756       1.718974897767486E-010
   4.81226383850318       1.708714485597573E-006
   31.0871274542593       4.023277128670613E-066
   31.1035610465166       8.564676046765453E-016
   31.1287558097508       2.890908861728378E-066
   31.1632707425844       2.209820637274245E-065
   31.1636848217015       9.995918412786764E-011
   31.1753043346012       2.994684510255696E-011
   31.2114404406286       8.155406313017606E-069
   31.2191701682106       1.341639152062623E-011
   31.2801720245345       1.167560605153665E-011
   31.7437131798348       5.253698665702922E-013
   31.7704174197978       1.534547025619267E-068
   31.7843463972280       5.234573483560188E-014
   32.0630732766452       2.359289857854004E-009
   32.0891461773172       3.426358970522780E-068
   32.1138708940015       1.017630142032017E-009
   32.7379007875951       1.138376047271526E-009
   31.1073033987329       2.480017121910550E-064
   31.1215743146976       5.066295566124532E-017
   31.1445339959797       2.593066554272562E-065
   31.1832433695614       2.603600603147123E-062
   31.1848561423627       3.057457931318742E-011
   31.1939634059339       1.095542283390781E-011
   31.2273496896986       3.830725801331002E-066
   31.2354967371490       2.995332726890905E-011
   31.2959538403100       4.908354597856306E-011
   31.7634443179254       2.653608610099848E-013
   31.7880904194903       3.825229799899963E-066
   31.8000476286572       7.732636098014026E-014
   32.0839140320308       2.001490568430942E-009
   32.1068496670750       2.460770485913969E-066
   32.1287268211066       4.947278782112047E-010
   32.7552010179896       4.965509982348393E-007
   41.3340057098579       1.963948524750763E-039
   41.3343847060136       1.915166080048081E-039
   41.3607666149686       3.766802120292919E-045
   41.3975816024577       2.520820559461820E-044
   41.4088372273343       1.788381327962260E-040
   41.4165982014789       1.745129604496914E-040
   41.4439230552684       3.560512386429066E-042
   41.4508814190397       3.003509583006535E-042
   41.5118202289446       3.015200973608283E-046
   41.9853661620228       1.171101343248568E-042
   42.0108378359747       6.336005329123328E-043
   42.0132463143675       7.809904410367711E-043
   42.3085850628791       7.027279457946038E-043
   42.3329163375853       3.050876929224105E-042
   42.3378363671211       1.522417764729361E-042
   42.9751318864538       1.051145520821986E-041
   41.3738688029659       3.558440695855075E-021
   41.3766511942054       8.408250614532214E-066
   41.4013131613770       4.428737650281519E-071
   41.4371369566489       3.889350530484455E-014
   41.4513742609289       3.399364106999983E-068
   41.4579197214518       6.604810523172043E-014
   41.4848128625567       1.420832278960476E-067
   41.4905451796470       1.365607616699242E-012
   41.5532798690365       8.708514750321245E-014
   42.0263447086712       5.641569478260959E-016
   42.0496414776263       2.705687328834691E-014
   42.0552576475648       2.891523792869492E-075
   42.3501895995461       1.264327525555918E-011
   42.3750428318911       1.199104414373820E-064
   42.3760954414418       5.318037844462524E-010
   43.0153208064223       1.536162688566080E-010
   41.3902346602997       8.911069091997355E-041
   41.3912056531391       7.909255832385945E-041
   41.4153097705681       5.056807372635263E-042
   41.4539160322962       1.750431371317334E-043
   41.4657785633940       1.025341842249675E-041
   41.4744487711891       1.690806853710756E-040
   41.4987056736067       5.301008801084367E-040
   41.5049062473341       3.848540454917448E-041
   41.5670691985771       1.962184134925522E-043
   42.0423626873148       5.888283588829983E-042
   42.0653504888915       7.000809483353346E-041
   42.0690222363749       6.934294968816470E-041
   42.3664609921578       9.106388432629048E-040
   42.3887160115652       1.756886305753425E-038
   42.3915584588431       1.108977891199910E-038
   43.0307735935807       9.125182961610696E-041
   41.4548883016836       1.631935377347339E-017
   41.4596565191808       7.043006992631377E-064
   41.4805543281552       4.476635801161669E-069
   41.5194661499455       6.564827424772269E-016
   41.5342453737751       1.502814215594372E-068
   41.5408460527144       1.384628482517991E-013
   41.5641616113694       1.046531789426265E-068
   41.5692655372524       3.548912976615136E-014
   41.6337374457409       4.804511519843776E-016
   42.1092047130803       1.359845544418785E-014
   42.1288879513321       4.705505614529530E-015
   42.1364348658932       1.431498126209282E-069
   42.4338562484029       7.372405237741110E-015
   42.4545877846539       3.338259036737237E-013
   42.4563412642323       1.198844243238864E-066
   43.0965208530599       3.935024764302279E-012
   41.7633293576592       1.306810552523903E-015
   41.7645520228401       3.504275881737768E-061
   41.7924501065453       5.448543777832260E-068
   41.8245825148576       4.321695280200494E-013
   41.8388960321819       3.446272400723346E-068
   41.8449218931042       1.120882434612985E-010
   41.8752507084153       3.942491808910006E-067
   41.8817868782443       3.626262585618464E-011
   41.9430255162234       1.083210914901245E-012
   42.4136916593663       2.681300668685032E-012
   42.4402481361218       8.390567022489211E-013
   42.4443350809316       9.198668053546679E-070
   42.7356591156859       6.981358656915915E-009
   42.7636918191339       5.639800482585068E-067
   42.7664405136029       4.359013186683508E-009
   43.4032597952043       2.267850559588738E-010
   41.8717944802213       6.321736969008189E-017
   41.8747428646600       1.958926302886708E-063
   41.8991740357302       5.057768484805425E-068
   41.9344997138773       7.430845713255984E-012
   41.9489389164575       3.200358453052912E-070
   41.9549095012643       1.581362828833755E-012
   41.9819523069843       2.774527429843284E-063
   41.9880430284347       1.105149185380956E-010
   42.0506765814758       2.960387235800880E-011
   42.5237540793206       6.414793834767267E-013
   42.5470818086593       1.137627045878714E-011
   42.5527898761405       7.883552376278458E-065
   42.8464346108513       1.379200850237600E-009
   42.8721688075796       6.190263091517609E-061
   42.8725341934504       2.317358899886243E-008
   43.5117546331358       2.893109899847096E-008
   58.9464656344907       3.967576761323110E-042
   58.9509939300652       8.423535918415657E-045
   58.9727708751216       2.243733655107869E-045
   59.0132408625847       2.049671493770212E-042
   59.0267740518143       5.792048623885143E-043
   59.0342028660792       4.056162907767286E-040
   59.0568727424840       1.153029291604003E-038
   59.0625317888182       1.077914223012795E-038
   59.1263385799228       7.119920322364742E-042
   59.6008136047012       8.175320584218616E-042
   59.6213260310185       1.592016011964636E-040
   59.6286073460491       4.093898982825840E-040
   59.9270196581395       1.595399064952371E-040
   59.9486180365430       2.963778832404579E-036
   59.9489720482897       2.946450354015070E-036
   60.5900109614057       1.990933838235016E-041
   58.9608523146208       1.250596740758953E-021
   58.9669454902503       2.605015215929018E-067
   58.9865443301134       7.625874893091760E-072
   59.0280771276912       1.854992084910507E-013
   59.0425953007817       5.379802609146050E-071
   59.0495526066249       1.104094230624312E-014
   59.0705961446924       1.097451910526564E-066
   59.0758661547992       8.915020061614340E-013
   59.1408642814396       4.538204105511700E-014
   59.6162899389337       3.190631743084315E-017
   59.6346124295172       4.179945608723553E-014
   59.6434906241411       3.715243196920344E-069
   59.9426196568423       2.081695880715948E-013
   59.9613907069551       1.241689117503915E-011
   59.9638999478732       3.001898957445167E-065
   60.6043555614763       4.217312355082715E-010
   59.0132149741391       1.476105394511846E-043
   59.0174628199117       2.535778741766824E-043
   59.0396099281699       6.107132982382996E-049
   59.0785606600569       1.584018202506408E-044
   59.0928704664293       6.918344769327561E-041
   59.1028513895191       7.594511527383474E-041
   59.1241950790930       7.681441026410439E-046
   59.1286134929342       1.925802436910043E-042
   59.1930356908846       1.355496317665815E-044
   59.6671103976772       4.398103024058462E-042
   59.6879585344919       5.172955892847983E-042
   59.6949496131870       6.477299130833601E-045
   59.9942458277672       2.713422432575548E-043
   60.0145758130895       9.311533755781792E-042
   60.0152421008052       7.134119219095224E-042
   60.6560201915555       2.680213773739472E-041
   59.0079544533410       1.796634974030890E-069
   59.0137650685343       4.501253166208061E-018
   59.0520812248472       2.940596583866237E-076
   59.0726630321434       5.943189103895570E-017
   59.0846195102734       1.193261981756646E-065
   59.0900078546171       4.274186702602741E-014
   59.1357904439157       1.327744170734798E-067
   59.1444115829844       3.204784739826369E-014
   59.2013149425188       1.626845219153081E-014
   59.6585444433751       9.124318082172889E-015
   59.6983747031086       9.601022482720887E-069
   59.7015624125534       4.673898232559946E-015
   59.9801007558439       3.662793727973867E-012
   60.0183502110562       8.844927703058744E-066
   60.0319400576758       7.200102574742547E-012
   60.6610952885541       1.810016618569599E-010
   59.0145511983348       2.845083447863699E-063
   59.0190278140584       1.809449670505412E-017
   59.0581690112369       4.875653264641604E-067
   59.0776142856484       1.161404374628672E-013
   59.0909203182879       2.693018448160902E-068
   59.0956215999224       4.540090386068302E-013
   59.1418711235001       2.945224139290743E-065
   59.1502592006284       1.137652011112672E-012
   59.2072408465669       1.360065527653420E-012
   59.6639074045619       2.609727045819481E-014
   59.7047331395084       6.955650941756599E-066
   59.7067297552279       5.257571189672394E-014
   59.9855255402267       3.856827431790912E-011
   60.0246183823958       3.930809585372882E-065
   60.0361769446203       9.297507757867241E-011
   60.6661598394218       1.259101528285891E-008
   59.0475716161140       6.181781382945822E-045
   59.0513542877771       1.173324778890996E-043
   59.0746786380716       1.167494685977016E-044
   59.1118657826897       5.769497936321026E-046
   59.1264833522295       4.026745579562139E-043
   59.1364229846494       6.865117852846095E-042
   59.1588570624980       2.547953475648006E-043
   59.1635768920891       3.476116198325974E-041
   59.2274362663629       2.546468787280104E-043
   59.7005000563012       1.028851321554731E-044
   59.7224939240027       6.463126297592230E-040
   59.7290591571268       2.417904410022096E-039
   60.0266982386099       7.779140378859542E-043
   60.0489926686029       8.631789673067267E-035
   60.0491296361109       8.580687959398528E-035
   60.6893274401394       4.735978622597202E-041
   59.0904535566399       3.762637905046975E-040
   59.0955513889541       4.146035584377658E-040
   59.1163978554851       2.013348651190066E-044
   59.1564643271879       3.324253477351578E-044
   59.1708509980308       1.328332399645442E-042
   59.1792965824625       8.343184678031832E-042
   59.2004164504499       1.720687333234374E-042
   59.2054794500172       3.452526070229348E-042
   59.2700295347093       2.217303561050264E-047
   59.7447764653505       1.873906766229348E-044
   59.7644480298544       1.497071232809373E-043
   59.7722786718833       5.978243944712049E-043
   60.0709832222859       2.779795352381247E-042
   60.0908074920092       3.008099667153118E-041
   60.0924931733508       4.046357148727705E-041
   60.7328744162300       1.842744654972775E-042
   59.1662300950721       1.041219725895599E-063
   59.1728619965256       3.844815685636193E-016
   59.2145303811293       2.814739685270061E-066
   59.2284468553145       8.973169957262237E-012
   59.2425050646869       8.740447641189737E-065
   59.2470865266392       8.516409972953319E-012
   59.2977235740772       3.354696787094801E-065
   59.3066725484640       1.225470917927142E-011
   59.3628251697479       3.661005932008301E-012
   59.8157516831141       4.198117609561452E-013
   59.8589776848511       3.420679737167605E-065
   59.8629369704660       3.287216420652339E-013
   60.1352154867468       1.712769929591772E-009
   60.1785981276495       1.265076920148542E-064
   60.1929620164030       3.998078979749056E-009
   60.8201588642816       2.289725590614192E-007
   59.1944170399904       1.333583823789296E-063
   59.1981377446180       2.409460369845419E-016
   59.2375394468978       2.059593589132123E-067
   59.2570285072380       4.735085216203457E-012
   59.2706396563574       2.998955809151503E-065
   59.2742037604957       4.710877881476721E-011
   59.3210003687610       1.206111344120761E-068
   59.3295876651879       6.752277707652293E-012
   59.3865116202515       2.549484150150302E-013
   59.8432172413456       5.120992746512068E-014
   59.8843337943137       1.000924294756149E-066
   59.8855594687531       7.675352003863868E-016
   60.1643216970094       1.390807459295007E-009
   60.2041358830275       9.867348845613397E-069
   60.2148159974511       2.807233220162880E-010
   60.8450209258147       6.696277784418403E-009
   59.4051011529922       2.336334769292651E-017
   59.4118270897107       2.423046604162662E-066
   59.4311559722587       2.049829463256842E-074
   59.4713519450485       6.423329629819469E-018
   59.4869967386045       5.185370701853842E-066
   59.4945489938456       2.351154289447538E-012
   59.5150793951325       3.298717411812145E-068
   59.5196790318525       1.901384518310141E-013
   59.5853795220493       3.515942355181009E-014
   60.0603360378970       7.668327887578109E-015
   60.0784098002698       6.114993080731335E-015
   60.0879272436190       1.045332280527756E-070
   60.3865356284631       5.255802541071279E-011
   60.4043341585403       2.444289635491113E-011
   60.4080922611988       2.302282251226010E-068
   61.0475991691475       6.274347611076217E-010
   91.6180338159192       9.693277004227519E-065
   91.6382285499471       3.956011653690216E-010
   91.6714840172754       1.457624646592282E-018
   91.6966673230831       6.851784348616993E-066
   91.7488337363973       4.847211481918036E-018
   91.7775992476237       3.589049224150402E-068
   91.8412103010226       8.435928819512307E-014
   91.8664771035092       1.828470195477415E-068
   91.9570818658927       1.578140511430592E-012
   92.2887269198368       3.019777899653122E-013
   92.3958037997625       5.574351530769084E-072
   92.4466962191752       6.731923248923220E-016
   92.5844895639623       1.861008717868135E-009
   92.7108371812504       3.147624194256045E-067
   92.7770680722235       1.847355440471642E-011
   93.3882304069714       1.021322208477132E-008
   91.6218922312541       1.984471659675425E-066
   91.6437695590883       1.402787662321400E-010
   91.6732745894903       5.185406709188638E-017
   91.7004882815572       4.145300318316560E-065
   91.7503394344553       4.966000052743454E-013
   91.7776926145831       9.388028103127261E-069
   91.8431378302121       3.516740400637936E-012
   91.8663271164907       1.395779127830022E-068
   91.9551413418782       1.494333116966950E-012
   92.2911826871179       2.236104030356439E-013
   92.3967927231674       1.622985078736917E-071
   92.4458140998747       1.322761089609435E-015
   92.5878741208445       3.465370862855400E-009
   92.7120189328433       2.256555754051862E-068
   92.7758236515828       1.521312869116242E-013
   93.3876372047940       1.280594360543309E-007
   233.370582968569       9.144889454360339E-011
   233.383317806822       4.908588599244390E-067
   233.451853048531       4.897731472345660E-017
   233.464761594111       1.250299345805654E-061
   233.533891966080       1.980421758766143E-013
   233.604680359674       1.577789179485962E-070
   233.653899811126       1.906669646363133E-012
   233.696989956751       3.896304306006554E-067
   233.802350760092       3.663642308592039E-012
   234.066767684699       4.877543522101880E-014
   234.220288360029       8.975662074259042E-069
   234.286333733124       5.064558101766582E-016
   234.349767424722       1.389710946660183E-009
   234.531847521139       4.217868877103154E-068
   234.611694333569       1.289894162954893E-013
   235.232075561974       3.647701310300238E-008
   233.372830222771       2.784266103181010E-010
   233.384210697718       4.488549526066779E-068
   233.450767420632       2.751027577418406E-017
   233.465670891292       2.264431001981709E-063
   233.532469024441       2.281521103535970E-014
   233.602509740796       1.916629731756048E-071
   233.653581211965       5.051425541409889E-013
   233.694471128801       6.178333170600271E-066
   233.797874932295       5.251606410400697E-012
   234.065790646313       6.897733781054130E-014
   234.218459547229       2.441795080174735E-069
   234.282720294574       2.622450932533588E-016
   234.349566523175       1.152619659908926E-009
   234.530284485603       9.228881663550228E-072
   234.608034696093       5.706962010130199E-013
   235.228101105805       9.452365194152680E-009
   275.475682138423       7.366632641905532E-042
   275.481657959090       1.673944388066403E-041
   275.524060266436       8.837092148622180E-045
   275.538060884712       6.068737729563860E-044
   275.560399023965       1.664794556622334E-036
   275.560540116187       1.668591400894559E-036
   275.609050280409       7.272748425273784E-043
   275.615667557073       2.259938670400773E-041
   275.675849557598       7.374042393387518E-044
   276.126631577442       3.311074146886656E-043
   276.167976399220       2.594620813692505E-042
   276.176598222892       2.115036059113984E-042
   276.452986534627       4.687573453535397E-043
   276.497984338840       1.528974014691657E-044
   276.499569024387       7.630684098946306E-043
   277.135600099811       9.694067513479582E-043
   275.502459937095       1.521335424708082E-021
   275.511668647202       8.754337412954309E-068
   275.548410937844       6.855756792188487E-071
   275.566610493467       4.236681907512805E-016
   275.590154013970       2.444957766522683E-063
   275.590775879888       3.896944635355755E-014
   275.633591265211       6.828003391527704E-065
   275.638453103582       2.008633362304571E-013
   275.701845074089       8.984403342703186E-015
   276.155900948583       1.470759179689853E-017
   276.191545089149       3.926647342469197E-016
   276.203424242973       6.089676776779423E-070
   276.483624521636       2.992000251016839E-012
   276.522236517385       6.100805820050220E-011
   276.524908748143       1.177525665939175E-063
   277.161507822434       2.618440448540937E-011
   275.510951060071       3.923974271172252E-043
   275.518368585379       1.164763588657361E-042
   275.558032182998       6.488016003431651E-042
   275.574412695241       5.469145848543929E-045
   275.596994652109       1.057831590736791E-037
   275.597439632316       1.050812917543913E-037
   275.643100417313       2.226079648899448E-041
   275.648913486357       3.901716881249291E-041
   275.710540809094       3.178365166581606E-044
   276.163000930274       1.676491542849808E-041
   276.201885938418       1.509443147165676E-040
   276.211813636195       5.956548603586825E-041
   276.490296739623       7.064708736961994E-043
   276.532593976012       3.890975287176964E-038
   276.533230211375       3.839913383342501E-038
   277.170568753339       1.025881854169411E-042
   275.553966495561       5.270569130978126E-020
   275.564782207147       9.907596582092020E-065
   275.598414123170       5.171364760044465E-069
   275.619197865971       9.093048942744956E-020
   275.643136894009       1.397756350005590E-066
   275.644237280725       2.741550683650120E-014
   275.683689836851       3.036307866348120E-070
   275.687542310275       7.746786879961371E-015
   275.752827316632       4.609305911032409E-017
   276.208764660231       3.006009763923854E-016
   276.241512209173       8.324907054322848E-017
   276.254897737734       1.103661274282839E-070
   276.537441039543       1.079707352366509E-014
   276.571308676362       1.286750900201532E-013
   276.576427645011       1.246352739574067E-067
   277.212814869885       5.404465899158304E-013
   275.767069985310       1.234706883937331E-017
   275.775525974220       1.327908469158504E-061
   275.814213125107       1.567449694917963E-065
   275.830366255103       1.110960637044278E-016
   275.854006015097       7.871573009741749E-061
   275.854266111743       1.593912394151649E-011
   275.899250858165       3.684138220041561E-067
   275.904605154531       5.087628183542650E-012
   275.967087473322       1.025461310906817E-013
   276.419554458521       3.793957018132043E-014
   276.457158085188       8.349018042021401E-015
   276.468285312348       8.105063205024782E-067
   276.746655154980       9.628580753112498E-010
   276.788020901036       5.110850940108571E-010
   276.789710089577       8.580068303737780E-066
   277.426169147569       5.298908221967736E-011
   275.839612155133       2.221186978822083E-018
   275.849256160021       9.340386075723335E-064
   275.885725249198       1.254768249891241E-067
   275.903862750749       1.652648195950913E-014
   275.927659305016       2.617436558063175E-062
   275.928050752754       5.778901961742172E-015
   275.970799438923       5.201094877553066E-065
   275.975485766131       9.760896803094493E-012
   276.039272082942       2.816092219600924E-012
   276.493051359935       9.840868976700640E-015
   276.528694068151       1.131865454890783E-013
   276.540886256131       7.875058806304757E-069
   276.820873250797       2.339932658927027E-010
   276.858804666882       2.726039079905772E-009
   276.862332527853       2.955332115793692E-065
   277.498656124229       2.692533956169814E-009
   359.187602950578       8.501922762241450E-045
   359.195960049628       2.444331825632119E-044
   359.234882333796       1.905424533305883E-043
   359.252089143425       4.933703257267116E-046
   359.275006897172       2.008223138336606E-037
   359.275073854031       2.006953807963332E-037
   359.320179937232       2.369688144202068E-042
   359.325828826310       2.617836987579316E-042
   359.387969588349       7.783559123500255E-046
   359.840373673882       6.664755918078553E-044
   359.878229794110       2.922807655333380E-042
   359.889240720873       1.460551948834712E-042
   360.168081742429       7.910550343546313E-042
   360.209699450908       6.120023157072750E-039
   360.210851634751       5.592426276577069E-039
   360.847892786007       2.195415200042677E-044
   359.194408508261       5.258805596997118E-022
   359.205457143059       8.512643816040379E-069
   359.239024973237       3.200876845847002E-077
   359.260427914638       1.071393174231067E-015
   359.284238345503       2.668742359031597E-065
   359.285292963496       1.153813213003763E-014
   359.324487164526       3.661777989122281E-065
   359.328502325416       6.747892746181598E-014
   359.393704551953       2.267614365163129E-015
   359.849502223150       1.258813326148727E-018
   359.881967471474       1.764488964557729E-016
   359.895696817597       9.865598374210320E-071
   360.178444505057       1.062505361467647E-013
   360.212507182162       1.347493427668747E-012
   360.217392943758       2.146666636174050E-064
   360.853854461443       5.243353867267231E-011
   359.217028432146       8.048361602700118E-043
   359.229373740865       2.355205071267708E-042
   359.260018229118       8.340327710447742E-047
   359.283223291536       7.453357554697590E-046
   359.307886461533       1.313325616297029E-039
   359.310934204846       1.420882451091114E-039
   359.345748498042       1.341165323582196E-042
   359.348227334011       9.097827310999048E-042
   359.415570543445       1.723919049559430E-045
   359.873241184505       3.645959282002558E-042
   359.902880355122       2.199422724284814E-042
   359.917851951131       1.031459379742652E-044
   360.203590627289       3.039055235128295E-044
   360.232304856142       4.426534350305523E-043
   360.239562968474       3.450521979640635E-043
   360.875783377096       1.910207149328019E-046
   359.210417304874       1.478178125556215E-062
   359.215578625233       2.313707509075447E-019
   359.263317420570       2.473695103696616E-017
   359.278715847781       1.236994348556371E-066
   359.290218313382       4.101485309223285E-067
   359.293896767480       1.016271882812384E-014
   359.363917690351       2.210113145805051E-068
   359.372841829362       7.708218674296179E-015
   359.427411591857       2.376257183617342E-015
   359.857039553440       6.743241580280478E-017
   359.921748001233       2.843153002885735E-064
   359.924317074636       4.524714900636173E-017
   360.178688440890       8.863202196052580E-014
   360.242713453708       2.357747509517975E-065
   360.258618758962       1.198782683975363E-012
   360.883619877984       3.374200772439794E-011
   359.212074327610       2.494592012632314E-063
   359.219229710757       1.782721463428272E-018
   359.262804525833       4.291041375036190E-014
   359.286255836462       6.752432025822543E-067
   359.291961045915       1.220215796734625E-064
   359.296987867930       1.392095229584602E-013
   359.371523913662       3.847251692624097E-068
   359.380174224155       1.008604538053297E-013
   359.434808671161       6.938454773937065E-014
   359.858730193756       5.975203705990898E-016
   359.927513538373       2.562647918950896E-065
   359.932267355563       2.807064696649069E-016
   360.179443554789       9.241711894454057E-012
   360.248278621662       1.676410539223843E-067
   360.266154868917       8.609153113613416E-012
   360.889909072877       9.695100907617333E-010
   359.236746054243       8.831626171850374E-043
   359.245725393358       2.600028486910841E-045
   359.283591830661       8.936500502292403E-044
   359.301028044603       1.127965822369506E-048
   359.324617958934       4.238604964851429E-042
   359.325461229492       1.173427380902056E-042
   359.368950595207       9.404413365723358E-042
   359.374030758433       1.363375219069564E-041
   359.436950818125       9.369342420911323E-045
   359.889789245215       4.706356987955270E-042
   359.926570771152       4.878522779306435E-042
   359.938216272318       8.837521023704400E-045
   360.217891988549       1.062494508416428E-039
   360.257677109526       1.117257635400421E-037
   360.259830192265       9.400166899223791E-038
   360.896443320088       2.765658040066581E-043
   359.253734780872       1.761324755873136E-041
   359.259993489049       1.456479522890214E-041
   359.304044744324       1.168301783700802E-043
   359.316381999491       3.269378882575891E-043
   359.338587899862       2.893399597453894E-038
   359.339210543015       3.096490514637351E-038
   359.389192198869       2.263371517932564E-043
   359.395884101424       1.650435991006211E-042
   359.455901010852       7.424096075723521E-046
   359.904279006535       4.394772906859210E-042
   359.947614738674       9.259830789744989E-045
   359.956354742791       1.942789595026883E-045
   360.231105270693       1.592052092197081E-042
   360.277863207951       1.910583586957143E-039
   360.279189230262       2.220004793545944E-039
   360.915215026588       2.529765678503834E-043
   359.263839125051       7.326545738361722E-062
   359.289508282392       1.746686657742994E-015
   359.297659137257       1.671672527146689E-011
   359.344162360089       9.795579866493529E-066
   359.366533715517       6.248576174871670E-014
   359.380492383209       1.276981409870564E-063
   359.466722598924       9.943059637402280E-014
   359.466840359991       6.894010726041384E-064
   359.535962910604       2.521128869597621E-014
   359.916728480132       1.717757012700215E-014
   360.009096492149       3.097129031409555E-064
   360.032193555366       1.249855221666983E-016
   360.227917971742       3.041107906476604E-010
   360.328270423007       1.419681381093216E-064
   360.367438684180       1.346388554558209E-010
   360.979939048321       1.737165273739788E-008
   359.271648922397       1.977947819541263E-065
   359.294470144255       1.711290941638556E-016
   359.307698779431       1.954165115846696E-011
   359.351961201621       2.784986942139579E-065
   359.371400577422       2.801850786179183E-013
   359.382898423227       1.079168648886078E-067
   359.469063745121       2.132021809772071E-068
   359.470885053763       4.541624662114952E-014
   359.536609423071       1.656242352144126E-014
   359.923231690147       5.063717662769683E-015
   360.013280241884       2.283864611827814E-069
   360.033720746519       4.363296691864464E-019
   360.235837293981       2.579427486852318E-010
   360.332659504224       2.315348376695883E-067
   360.368283880830       1.640930827013893E-012
   360.982718626222       2.788757521730983E-009
   359.397128230226       4.710331762093876E-019
   359.410585799452       5.506973771681144E-064
   359.439790761369       1.126123997283970E-069
   359.463787620676       2.377052728636031E-015
   359.489010445086       3.952786108925660E-069
   359.491735497213       1.497349734308430E-012
   359.525476596245       6.802580679425301E-065
   359.527469530729       3.025863744069305E-013
   359.595965967378       1.735739828362110E-016
   360.054059817843       3.397102453207880E-016
   360.082230461715       1.301882360970286E-016
   360.098343154112       7.481304735233862E-070
   360.384458474865       3.741180291042477E-011
   360.411399307128       1.972839508280886E-011
   360.420078136701       1.402593104657129E-065
   361.055867544807       8.369331962257200E-011
   555.530448644981       8.078169910019770E-065
   555.545056126861       9.756252501452391E-012
   555.574332199288       3.779859314506660E-018
   555.612014300059       1.814638113512641E-064
   555.653778983915       3.638530793102391E-013
   555.692650512005       1.974636298876988E-067
   555.764654392724       9.703069151375326E-013
   555.781121288405       3.984820910070868E-067
   555.863439151270       6.634249978247676E-014
   556.193062609666       1.785489855656249E-015
   556.312546140405       1.293182818975196E-068
   556.353865991362       5.848789367274332E-018
   556.494444453750       3.915221329833214E-010
   556.629336072596       1.032376968170608E-064
   556.687323699205       5.845952430709721E-014
   557.297035590057       2.186325666729539E-008
   555.536724345707       1.313135420954267E-064
   555.552753150480       7.055332725559682E-011
   555.578576230339       3.473177500600603E-019
   555.618317000791       1.089078798199702E-065
   555.657822109487       1.115868999183026E-014
   555.695643597439       2.414680818723998E-069
   555.769355830047       1.202055192281383E-014
   555.783890930150       8.243093195838679E-064
   555.864536768557       1.117542363633724E-013
   556.197999166496       3.373150382791350E-015
   556.316463467470       1.222828136605351E-068
   556.355948300941       3.863876667744499E-018
   556.500269745303       2.868962537465928E-010
   556.633425863100       5.896808200374138E-068
   556.688923996969       6.718290506856878E-012
   557.299532617061       1.496851630415802E-009
