                   690
  -19.1769989212932       8.427819340178185E-005
  -19.1585772711903       1.316681803415549E-032
  -19.1243077784830       4.117631324588176E-034
  -19.0961226490985       8.332895862462122E-005
  -19.0750791279945       1.918544642844271E-007
  -18.9908013488784       1.315450111958485E-004
  -18.2736035032876       5.884511090219109E-037
  -18.2344846575806       1.975327685225698E-005
  -18.1582024735329       2.938493322168130E-008
  -17.5611093944159       3.764088308685596E-005
  -19.1142440092992       2.204758640387327E-008
  -19.0987527016199       2.856867766978423E-037
  -19.0472573332358       4.113403267960344E-036
  -19.0361206376887       1.125623097348001E-007
  -19.0036553551818       2.194688842251173E-005
  -18.9039908060676       3.256906030363479E-008
  -18.2132586536017       8.605881578290347E-040
  -18.1815645365776       5.717774270814473E-009
  -18.0830379964568       2.099406159205161E-006
  -17.5005908782084       1.697279449726400E-008
  -18.8051462881069       2.141992472551573E-006
  -18.7933714074340       7.953804612024915E-034
  -18.7546930009972       2.424110087629649E-033
  -18.7374566160009       3.033037143784595E-006
  -18.7131944478884       1.529173950248141E-004
  -18.6267541140842       2.723401488893043E-006
  -17.9155234434202       2.747323966581558E-037
  -17.8838980607985       1.645666978985879E-007
  -17.8053101002047       1.246057399920160E-006
  -17.2179144617275       2.383064522151611E-007
  -18.7944391749094       1.523366787472903E-004
  -18.7761351128817       3.645337801355442E-032
  -18.7531786327349       1.852633452143331E-033
  -18.7174577576218       8.749250354561266E-005
  -18.7016172163615       6.216471659206024E-006
  -18.6281782833131       4.093997915129337E-005
  -17.9038607416764       1.166597057577575E-036
  -17.8604129135430       6.416690942000224E-006
  -17.8020769047548       1.212010381853547E-007
  -17.2069354066684       3.262937690318335E-005
  -18.7215715775630       5.965682246323188E-005
  -18.7073921983872       3.437707113636381E-034
  -18.6392769860590       2.072175627995847E-004
  -18.6247936656694       1.560163611731263E-035
  -18.5973567902385       4.489810427117172E-008
  -18.4586643746007       1.269988857556640E-004
  -17.7929457234167       4.114831404387836E-005
  -17.7881289458310       5.733286888164938E-038
  -17.6222111876075       1.076537457678857E-008
  -17.0210842858945       5.609038190588352E-005
  -18.7774938096991       2.260424992760001E-035
  -18.7619708553641       2.979572478619661E-006
  -18.6968180831389       2.874198595175099E-035
  -18.6967212089189       3.131430894874678E-011
  -18.6586288261987       3.580008403393532E-039
  -18.5429624934190       5.837056875468448E-036
  -17.8743598188139       3.681909972210340E-007
  -17.8547748657452       7.301733632627037E-041
  -17.7274910098381       1.483616987719101E-038
  -17.1506102169190       1.504638919395876E-041
  -18.5458599933296       2.420274099060681E-008
  -18.5270036239365       4.269758664111365E-036
  -18.4635825507882       2.839772175026171E-035
  -18.4580043952939       4.366528846832591E-008
  -18.4231271076452       4.449404262773606E-005
  -18.3074334067957       4.405261862651315E-007
  -17.6361976546293       2.442272053447759E-041
  -17.6172523927642       1.336733175225927E-008
  -17.4857105151862       9.342412848182349E-007
  -16.9016490523163       3.709274585772479E-008
  -18.5161787051165       1.075410583489166E-006
  -18.4980162929314       3.021058243102283E-033
  -18.4568395245427       8.104006802497300E-037
  -18.4349240225023       1.872275644769016E-006
  -18.4026073802229       3.380582281702749E-007
  -18.3176743049594       2.504265533793900E-004
  -17.6215259823553       4.739619660342512E-036
  -17.5739257476113       4.198308742013936E-006
  -17.5027426899320       1.990500766363205E-008
  -16.9234757618085       3.112914446320327E-005
  -18.2656780262591       1.962506521014921E-035
  -18.2501894903281       1.732439812427647E-006
  -18.2242489821412       3.031023875342358E-004
  -18.1937851491660       7.962781399493167E-034
  -18.1750835717616       1.336003518679830E-034
  -18.1004604664602       3.920631590787577E-035
  -17.3823376304086       3.905058718428736E-009
  -17.3403876703004       5.019539429781693E-036
  -17.2815224953868       8.920554286975535E-034
  -16.6946916229531       7.865914987727663E-041
  -18.2142289836891       1.408752923563192E-004
  -18.1988058354334       4.983484953354407E-033
  -18.1567283137006       5.209514587583287E-034
  -18.1378741703867       1.808169745604778E-004
  -18.1145187933734       8.149821072782173E-007
  -18.0219766690039       1.940768404098672E-007
  -17.3210212838229       4.856737871810056E-036
  -17.2918845339471       5.125590867458892E-006
  -17.1998616589489       2.215032587800826E-009
  -16.6143220763539       1.364991661428953E-006
  -18.1226164879682       1.953098029721252E-032
  -18.1048814945354       3.661480857639012E-004
  -18.0646906388162       4.430948539684769E-007
  -18.0420693835675       7.296854341294032E-032
  -18.0177998739081       7.566581424448459E-037
  -17.9283436564113       9.397393851247270E-033
  -17.2303491001685       2.375063588631496E-006
  -17.1947523641600       6.321879103555881E-036
  -17.1090387946604       1.265069124298695E-037
  -16.5263394304194       2.237561894319117E-038
  -17.6551020047849       3.860283431960718E-009
  -17.6526760206303       3.460568199545561E-036
  -17.6283080186779       7.776392887024313E-036
  -17.6117597842184       8.546369338566210E-008
  -17.5981575277806       2.300283376671935E-006
  -17.5225290705866       1.057994474730581E-008
  -16.7734475923488       3.675319061062239E-039
  -16.7503088618663       6.027057965829647E-010
  -16.6938557761272       2.106003732397867E-007
  -16.0948032562291       2.281538092393034E-010
  -17.6179459815355       5.290494611746017E-004
  -17.5953406085014       1.362151405026093E-031
  -17.5552543747931       1.040292538872221E-033
  -17.5273351166473       4.965437045530291E-005
  -17.5023397762041       6.260907112036483E-006
  -17.4135445184223       2.323653086182556E-005
  -16.7218765401810       1.745596505261593E-036
  -16.6807434337978       1.316161146993726E-006
  -16.5948644362001       4.228517123860470E-008
  -16.0121202193998       1.216490505540519E-005
  -17.4875827502346       2.654641814740590E-006
  -17.4762825844638       1.854803505762469E-033
  -17.4409646674687       5.677843007084421E-036
  -17.4216848994020       4.603845544751987E-007
  -17.4004860998408       3.497574092628565E-004
  -17.3158950317774       1.762023272166940E-008
  -16.5997100431015       1.152041652718460E-037
  -16.5687151925020       2.440779243239644E-009
  -16.4930327588933       2.096843665372805E-005
  -15.9050379416009       2.138331212131857E-008
  -17.3502111946465       2.850664819670337E-032
  -17.3288465650702       4.796675846647328E-004
  -17.2669175412423       8.108805389609371E-007
  -17.2583570599987       1.084944381793694E-031
  -17.2184608328033       6.726947440631995E-035
  -17.1083284810650       2.078755650277990E-032
  -16.4447825397356       1.804996789507340E-006
  -16.4115288233333       2.535676399833476E-035
  -16.2951894548983       1.205150577785044E-035
  -15.7211232031468       1.460774807656313E-037
  -17.3492282267011       4.341326039957353E-034
  -17.3218661235237       1.278986023065455E-005
  -17.2709644024061       4.688156097035769E-004
  -17.2457537094535       1.140643203621534E-034
  -17.2194031509687       2.943012367191739E-035
  -17.1155554982340       2.648441686532232E-034
  -16.4403396250612       3.383472346212023E-008
  -16.4094220289328       6.905017759674352E-038
  -16.2922428851547       1.669200218976707E-034
  -15.7055385050141       1.835071790834649E-039
  -17.0527968175365       1.591079310908076E-004
  -17.0477490458699       8.043924166651305E-032
  -16.9936039481420       2.279261418478484E-004
  -16.9810138384797       3.589585625804544E-034
  -16.9595693076113       5.141302408001299E-007
  -16.8420045706301       9.652499537258308E-005
  -16.1516708687730       3.036068656496249E-035
  -16.1482111921160       3.022404565759415E-006
  -16.0204647971809       2.475994094197162E-010
  -15.4372586035031       2.711910886013826E-007
  -16.8500060752500       1.204800504946588E-006
  -16.8198366486169       1.262820799288764E-032
  -16.7771477802749       4.235522888163209E-034
  -16.7432307095115       1.304049447432563E-004
  -16.7142370871798       1.341094731863773E-007
  -16.6238199780451       4.508837456843303E-004
  -15.9397677521021       2.709796152404013E-036
  -15.8873449556296       1.553531282147171E-005
  -15.8015308166242       4.523025378535505E-008
  -15.2171884084158       1.908738315824133E-004
  -16.6558992340211       1.562508171699171E-004
  -16.6479152687373       4.223183638716764E-032
  -16.5864253594653       2.422760466305189E-004
  -16.5677372399336       6.472631614040920E-034
  -16.5522416661136       2.823652200989611E-006
  -16.4147778279094       1.383892658360931E-004
  -15.7449840153538       1.588117676712490E-004
  -15.7265605906085       7.301794572479313E-038
  -15.5737383903119       5.821961867116165E-008
  -14.9666338160029       8.593615403270498E-005
  -16.6040268356112       8.286066139396133E-007
  -16.5969131645809       5.468964681639200E-037
  -16.5383763420475       9.575469222807605E-009
  -16.5217420995135       6.081245432331813E-034
  -16.5026512378355       3.053129109758543E-004
  -16.3734171077407       4.936784707136791E-007
  -15.6997946136937       2.691113894710136E-007
  -15.6929024447341       7.902473862525137E-038
  -15.5477335331745       4.253647130255668E-006
  -14.9584661464908       6.480249397315690E-008
  -15.4092683415618       2.974384257265493E-038
  -15.3519467148824       3.990015232177865E-008
  -15.2581427253656       5.108093603891526E-009
  -15.2403258271669       3.213445540569557E-037
  -15.1748312054275       6.368041432790567E-040
  -15.0311012997051       4.224695504049475E-037
  -14.4659248647830       4.152197229681223E-004
  -14.4077865276393       5.217787138209465E-036
  -14.2389854320973       8.723635830839439E-039
  -13.6866074017761       3.557707411673883E-040
  -14.8091809283467       1.227857612637109E-003
  -14.7639961479391       1.218346151994527E-032
  -14.6823161110563       1.144974810516778E-038
  -14.6670425665321       3.377551513340302E-006
  -14.6075171437750       2.380668347091777E-007
  -14.4792547258030       4.509727949296938E-005
  -13.8859821691261       8.299315788994767E-036
  -13.8281356229422       9.725615405987516E-005
  -13.6879825948427       1.125012350547400E-007
  -13.1379370456143       3.094659076338028E-005
  -14.7324302444040       6.112783472661122E-033
  -14.7022922256228       1.610593350886680E-003
  -14.6178559037102       3.559668492301316E-032
  -14.5924103015297       1.749302127779189E-008
  -14.5389677944016       3.630665910738547E-035
  -14.3802526320487       1.215073847607172E-032
  -13.8041760401000       6.777092447784775E-006
  -13.7744726354883       4.320107692684411E-035
  -13.5922013368009       1.960001150574228E-037
  -13.0447286837112       1.395427482676152E-037
  -14.6975122290368       1.448038444844306E-037
  -14.6432097228969       2.216557919330451E-008
  -14.5886574562105       1.401950269451634E-003
  -14.5381940798686       3.829662050282833E-034
  -14.5089047060852       8.293258570445725E-034
  -14.4011351807596       5.989395800745720E-035
  -13.7737872517231       3.618550380246945E-009
  -13.7188037224662       1.878596145837824E-036
  -13.5899532171172       2.713773172970522E-033
  -13.0151886827435       3.065032506391731E-040
  -14.6524284500092       2.540633428149679E-006
  -14.6353223683249       1.664744133121375E-033
  -14.5737846297377       8.434457181743640E-034
  -14.5692405214559       3.265694371845019E-007
  -14.5325599440652       6.706290190860930E-004
  -14.4212131136748       7.212634827181558E-007
  -13.7537047702898       2.228077094677734E-037
  -13.7295278993404       8.726645972650930E-008
  -13.6089847891522       2.174388388204515E-004
  -13.0353578224874       3.346092314697942E-011
  -14.4838173397744       4.800951890607058E-008
  -14.4702316268488       1.337945363815483E-031
  -14.4068444687495       6.455481962872495E-004
  -14.4034794157617       8.883135107917653E-032
  -14.3694766796287       3.835426897877297E-006
  -14.2515729937544       3.862800754442149E-004
  -13.5849729327220       4.809176871137948E-035
  -13.5712622808243       4.305351858731032E-005
  -13.4387476703241       1.322829916586435E-007
  -12.8638739378846       3.732875501179766E-006
  -14.4872660956377       3.644133525807861E-004
  -14.4690051746546       7.810112892361572E-035
  -14.3973835161209       2.630684105715761E-004
  -14.3611395829246       2.561744316009645E-037
  -14.3202972623493       8.361956019886945E-007
  -14.1648145794698       7.194769192348558E-006
  -13.5675588400948       4.590272649070180E-035
  -13.5469701181502       1.023154740975668E-004
  -13.3735193329865       1.757833399611454E-007
  -12.8237141018367       3.970016907994808E-005
  -13.9183123733341       1.692748628968135E-010
  -13.8953068319242       6.359422780776579E-036
  -13.8247172811023       2.223863608233506E-033
  -13.8203392637277       3.920262628748082E-008
  -13.7826300420101       4.963050348864646E-004
  -13.6579048776696       3.444137064145285E-008
  -13.0027643369055       8.563334904061743E-038
  -12.9882193278209       4.876419535102918E-008
  -12.8379556874749       1.082115643469484E-004
  -12.2542027141455       2.371279510201944E-008
  -13.0928213001322       1.604235489711288E-004
  -13.0717450939608       5.666449100396803E-032
  -12.9964698867733       3.163357842421957E-004
  -12.9824896379832       4.490904101313267E-034
  -12.9431930694200       4.029278730972948E-008
  -12.8002676825052       4.515029873014703E-004
  -12.1552458332295       1.254879370936066E-034
  -12.1446249688226       3.248770114764665E-004
  -11.9737308894023       7.314440970771410E-008
  -11.3849058425734       4.701266124312187E-004
  -7.88410471903287       3.503021847573881E-033
  -7.84260486326449       2.159081387565854E-003
  -7.74465353155045       4.314401269547168E-032
  -7.70336026717452       1.090630812572771E-007
  -7.63774081347582       3.487126378957474E-035
  -7.45021778248503       2.170365367285854E-032
  -6.93175846792498       3.407446309516637E-005
  -6.89219127456937       1.242146166918952E-034
  -6.67625144742744       9.231519386576168E-035
  -6.14369550195004       3.541320484982384E-037
  -7.86045132160429       1.359052585024869E-036
  -7.78132360371130       5.208818263471971E-007
  -7.72194551640486       1.873517063292045E-003
  -7.64951486398717       4.641603213677655E-033
  -7.61718292204729       1.866685420453781E-032
  -7.50393036791414       1.413307416363465E-033
  -6.91171568253584       1.157752517197810E-008
  -6.83559218188872       4.819903404108714E-035
  -6.69488308263449       7.076005413778798E-032
  -6.12193896751188       9.627101367112052E-039
  -7.89185785655617       1.989691045216674E-003
  -7.80841588393043       1.075373597803888E-034
  -7.71026967035468       1.599747457652247E-036
  -7.66933584093152       6.458235106430931E-005
  -7.60031234236183       2.177039024635539E-007
  -7.45164063080444       1.923086536417968E-004
  -6.92503213692139       4.632103106940802E-038
  -6.84324943874083       1.172267059082802E-005
  -6.66463340473806       1.775480208964428E-008
  -6.11693174989815       6.903366684478652E-006
  -7.65744769019649       2.338133173453792E-004
  -7.65071004814328       3.542935920490407E-032
  -7.59086564784275       8.799683778011734E-004
  -7.55180162344720       8.557378946233641E-034
  -7.53259071175148       2.707982044715911E-007
  -7.38247692030364       4.664965413721104E-004
  -6.74864478713951       2.170275537209776E-005
  -6.74289048852902       2.688837396509274E-035
  -6.57479599198859       1.474165066412833E-008
  -6.00594472374055       8.764090792807264E-007
  -7.59506659837555       5.129741427798622E-007
  -7.58864786921474       1.393961199831593E-035
  -7.52911761084815       5.723348720210911E-007
  -7.49052615959334       4.409298370900463E-032
  -7.47229990087589       1.473974396968889E-003
  -7.32268983980122       5.747137522663625E-008
  -6.68713569854177       7.419979129756560E-010
  -6.67999479170592       8.391023131777410E-038
  -6.51333179672426       7.404111683206826E-005
  -5.94258020875416       7.243777695059840E-009
  -6.73892454301306       1.447206055150167E-004
  -6.70813214240501       5.475107922244416E-032
  -6.62465441602589       3.063308321177546E-004
  -6.62463333470480       1.233940536656479E-029
  -6.56937029383361       2.587414286648899E-008
  -6.43569117958916       4.074867081009529E-004
  -5.81031659959170       6.431852240167006E-035
  -5.77694848902777       2.576296056846091E-004
  -5.62469997080151       1.298377912874607E-007
  -5.05362557433499       8.669171307626892E-004
  -1.31199779646084       1.645098854198621E-034
  -1.21330531435817       1.675824700737718E-004
  -1.09439307012622       4.707234988948596E-008
  -1.05667844155168       3.976802198841428E-032
 -0.969588547375409       5.543092374684306E-036
 -0.799612680305355       3.422508346939926E-032
 -0.312491597780120       2.364561488018389E-003
 -0.219368862824503       4.484913437397469E-034
 -1.378207936835807E-002  2.566222049961840E-037
  0.532607880768161       7.356082126904091E-037
  -1.01119933729688       6.907199746454250E-005
 -0.999056345780151       6.977559964263588E-034
 -0.929664121024331       1.655425223278719E-004
 -0.837036400050778       2.253466093655326E-034
 -0.809080404532875       6.546152482291991E-009
 -0.598217575826453       1.164119831662523E-006
 -5.649221896607415E-002  1.630133624389364E-030
 -5.549130075346653E-002  1.778434591285132E-003
  0.184958772845313       2.133329874586212E-006
  0.726436146805703       1.382860149117239E-004
 -0.868788784892004       7.196384704865645E-008
 -0.818732198128995       5.390532584846789E-034
 -0.749283110433232       7.787540052659459E-032
 -0.715211467383508       1.303464366175465E-006
 -0.676399386423483       1.961225287758919E-004
 -0.552275630373614       4.920636009422568E-009
  7.602696148124011E-002  3.596688892796510E-036
  0.119249487419800       4.915692936141374E-006
  0.272009176032540       1.586603384766176E-003
  0.859970289521254       4.899609241899517E-007
   4.48708491554283       1.796745280608917E-004
   4.52722717209902       4.537597370960896E-032
   4.62177969929217       1.886049152147384E-004
   4.62450048584167       7.293317672193453E-032
   4.68855629737014       2.225364264590125E-009
   4.83642301761634       2.918525750704798E-004
   5.42665806282434       1.922775998738671E-034
   5.46514329361408       4.024252072460929E-004
   5.63821680546443       1.416170135453564E-007
   6.20036009078995       1.177627897491368E-003
   13.5554072941189       2.635738508582802E-032
   13.6127844972960       1.513488834891751E-003
   13.7291724320957       7.192150068179485E-031
   13.7795597982596       1.257610680572608E-009
   13.8612417481662       1.719196703399102E-033
   14.0772441014469       5.428782751529701E-031
   14.5484824092710       2.365321095486140E-005
   14.6000942237930       4.615957315011487E-033
   14.8508076863558       9.820906872144143E-035
   15.3828111005547       1.178658587684240E-035
   13.5747277104860       5.485060667587877E-037
   13.6740194703031       2.307909959818273E-008
   13.7554996589378       1.305010460723246E-003
   13.8296555945841       5.290579227381858E-033
   13.8798949771791       3.448681518735115E-033
   14.0156085513980       2.173713247948442E-033
   14.5656671186301       1.482554310971959E-008
   14.6566043388620       8.545176761562143E-035
   14.8278877494031       2.309015960589842E-031
   15.4034104835217       2.594971014628210E-038
   13.5494745423303       1.334451864804481E-003
   13.6482973781936       4.530437923604431E-033
   13.7760093291392       1.665568562558563E-034
   13.8057090440557       9.724796937544318E-005
   13.9007851104041       9.845432772977717E-008
   14.0796025809062       1.382186434707955E-004
   14.5576310305947       7.483094570853877E-037
   14.6500749765984       1.397175705984085E-005
   14.8656108366396       9.962956026090672E-009
   15.4119246450009       4.251561293828708E-007
   13.7605415142249       5.450931532720049E-005
   13.7768177504788       1.065245710963580E-029
   13.8492365078584       6.805065008391911E-004
   13.8974951206302       7.688461313430513E-034
   13.9299675390805       5.095920359802766E-008
   14.1027214246947       3.641855365739884E-004
   14.7078095829205       9.511939819868136E-033
   14.7108825807824       1.452856919543167E-005
   14.9145495546415       1.030564039599101E-008
   15.4871434126506       3.202466426358488E-007
   13.8264060718186       1.630521643556577E-007
   13.8409872327349       3.589313067604957E-034
   13.9118359181269       1.580839377691718E-007
   13.9652972780580       5.346553139005454E-031
   13.9953487755804       1.068706086094935E-003
   14.1715563763884       8.516818337726544E-009
   14.7742375193212       8.155159953433090E-036
   14.7749587365314       1.151946804260549E-009
   14.9821294639417       3.892820377494057E-005
   15.5533038641286       3.142140639445716E-009
   21.3918365773932       2.302426809013980E-025
   21.4963258941016       1.229558552742870E-005
   21.5861825646871       4.767036553316430E-009
   21.6560779651142       4.694187229530099E-025
   21.7189142869916       1.743512919894037E-028
   21.8587769553189       2.622242011945566E-028
   22.3691530463773       2.315367311449365E-004
   22.4749873313517       4.262658709624746E-024
   22.6428422568390       1.347294205811059E-028
   23.1872967053655       2.450446449699509E-025
   22.7148805875093       9.936932304609972E-006
   22.7165088409227       4.249674418096128E-023
   22.7711619907043       1.759944665407338E-005
   22.8606633426291       2.935052086970299E-025
   22.8637741472114       7.879419244007127E-009
   23.0498757144240       5.588474147068734E-006
   23.6269773444101       1.702853151259960E-004
   23.6368995417547       4.970839867689449E-022
   23.8209565666661       2.156677197422242E-008
   24.3479460221607       6.110579422937211E-005
   23.9205002901622       2.719098533909281E-013
   23.9542086093864       2.258303065740483E-033
   23.9751345596148       1.592360033435720E-032
   24.0289648644262       1.354412829590600E-005
   24.0318246687105       4.642193108670944E-006
   24.1134182077765       2.206070488077486E-008
   24.8216414554549       1.243447229554579E-036
   24.8493792208770       1.023590407917907E-007
   24.9488711450270       2.269141114762141E-004
   25.5570142473247       4.205140388026842E-011
   25.4069606048890       1.169140994063991E-004
   25.4430286219354       1.204585681604432E-033
   25.5381601001566       8.154994901789628E-005
   25.5757632662983       1.574551886095544E-033
   25.6279491492030       3.917980265840873E-010
   25.8156998600011       1.797333229648695E-004
   26.3742972750993       3.303389878929789E-034
   26.3861915437627       6.330998469339615E-004
   26.6209095114301       8.701777545752985E-008
   27.1908056599396       1.174079676331885E-003
   57.5727764822745       8.949439901178641E-035
   57.6793648539095       1.425401645098253E-004
   57.8193558524393       2.944598882395910E-008
   57.8457350872140       2.304032603503474E-032
   57.9504176859032       4.544876620310522E-035
   58.1422324065516       2.909160753422554E-032
   58.5876830494901       1.759572139091579E-003
   58.6820890283062       1.517039232295005E-034
   58.9174844915265       4.743359112508432E-034
   59.4545475598947       5.691537567521981E-037
   58.1762617769736       3.146205679465256E-005
   58.2027242302056       5.345981752769721E-031
   58.2882024708218       1.718989063198959E-004
   58.3817506658976       1.454525978724051E-037
   58.4266340344767       8.243882181299071E-009
   58.6555354523127       1.550540072311274E-006
   59.1480552718888       1.242210238971524E-032
   59.1610193724169       1.251386371935729E-003
   59.4275417479097       1.511317045098443E-007
   59.9589790652715       1.370709551830388E-004
   58.5694859517421       4.186350594082558E-009
   58.6316868171554       2.842651558546735E-035
   58.7324146438336       7.372750161332292E-031
   58.7510401270418       1.116721175423391E-008
   58.8159660436150       1.544540359341681E-004
   58.9712328710525       1.911418157562593E-008
   59.5377641233740       3.700887320569459E-036
   59.5852611357465       1.906766350497240E-007
   59.7805532535380       1.157817888720488E-003
   60.3538256742809       1.128236546783722E-007
   65.1298636590370       5.360932270039260E-005
   65.1850748874798       1.459972956061199E-038
   65.2981795625503       3.013131928343039E-005
   65.3140674637477       6.526013392109745E-034
   65.3914217069730       6.079675652999850E-010
   65.5723871219815       8.653518194375219E-005
   66.1014443774349       6.384634878023313E-038
   66.1455269540047       3.922253997914280E-004
   66.3642529475719       7.687401605705887E-008
   66.9175736538416       1.010300237992625E-003
   90.1230546239006       4.369954496547614E-033
   90.1894818378176       1.801136989204215E-004
   90.3159489025679       1.787655592652193E-031
   90.3612665158431       9.439647872821695E-009
   90.4509318321937       4.654409577331908E-034
   90.6731931398891       1.685517015440210E-031
   91.1265567092608       2.909996513621761E-006
   91.1821365385402       1.464983424772557E-033
   91.4450124228074       1.046670339871018E-034
   91.9766895824124       3.759029908813588E-036
   90.1366487647688       1.147121761364654E-038
   90.2337725099712       3.203880724180033E-008
   90.3440982482792       1.535073184521980E-004
   90.3894889897838       1.144902239353687E-035
   90.4649966905698       1.314259695874745E-033
   90.6290764257485       2.568850398446469E-037
   91.1390484407558       2.840398939378966E-009
   91.2231680177449       3.281159063758216E-038
   91.4291077582461       1.831906382704333E-034
   91.9922149939522       8.932813752221834E-041
   90.1197505211969       1.606640090569109E-004
   90.2160369333676       1.862229099720073E-034
   90.3610991965601       2.523504945811008E-033
   90.3721802423765       1.263199093565656E-005
   90.4817903324139       1.060625475572900E-008
   90.6785567814551       1.411533731063831E-005
   91.1346399740429       8.226832006101915E-041
   91.2195582014701       1.573446561281880E-006
   91.4585213567677       8.036688353740975E-010
   91.9996484239669       5.936542855062551E-008
   90.2715253157300       1.448903585613135E-006
   90.3065804596248       3.872427704091883E-031
   90.3998467723149       8.174752886101874E-005
   90.4442078162084       7.956444363224206E-035
   90.4984102813153       3.907485807378322E-009
   90.6885623527173       4.493925224086566E-005
   91.2400576613694       2.259865977849096E-036
   91.2603987299164       1.864968383239120E-006
   91.4888861666585       9.628299619246755E-010
   92.0506683344125       5.798667282012034E-008
   90.3281407235409       1.389812362675623E-008
   90.3608861656919       1.863266525744656E-033
   90.4519489337280       1.235414884501730E-008
   90.5028919685824       2.963457786227048E-033
   90.5544476194627       1.244477248446836E-004
   90.7487545579951       1.849473730649987E-010
   91.2968172583767       5.320476509834989E-040
   91.3146791949065       8.582938365544002E-011
   91.5472567503552       4.337936378498614E-006
   92.1070043131307       2.610846713821457E-010
   141.219997030982       1.466594998540263E-005
   141.282023989115       2.953865289674675E-032
   141.402561971111       6.253502876749862E-006
   141.419337268754       4.208455005528058E-032
   141.503540640124       5.970592851273906E-010
   141.692704917402       2.666781264528489E-005
   142.197012431061       8.317592495564710E-036
   142.246522735470       1.701190177179286E-004
   142.476058509525       3.523726180282666E-008
   143.021139006952       4.805985449564614E-004
   268.877302207610       2.635113936287350E-036
   268.963785185289       9.180178524970567E-006
   269.109791963460       2.600617082408764E-034
   269.115069039555       1.647149752181350E-009
   269.221205986121       1.412059863724608E-034
   269.424303930747       6.287271758399547E-034
   269.835952895595       9.845606991246966E-005
   269.898472771947       6.236100267652648E-040
   270.157402734925       3.733348269698374E-035
   270.656896857016       4.882712721252616E-039
   269.105135682363       1.455090909310201E-006
   269.150249846185       4.939676019059304E-031
   269.254455521780       1.217206545428088E-005
   269.321826868917       7.442272364396782E-037
   269.383614250666       1.450681703028944E-009
   269.606140092006       1.468214466689894E-008
   270.041950496870       8.727290550874754E-033
   270.062536789906       7.061224082661380E-005
   270.337976674425       8.036664014541475E-008
   270.834913432952       8.794311542969275E-006
   269.230443694619       1.652187752332573E-009
   269.294380170196       1.248787633758729E-033
   269.416676849672       1.504952955790184E-008
   269.426739228114       1.550455901990516E-030
   269.508443997021       9.811649909948071E-006
   269.693942775242       8.755632210904547E-010
   270.165937187027       2.122319237261420E-036
   270.204280562311       9.212828234900128E-008
   270.443952594083       6.698741075430385E-005
   270.961299702692       2.489419334238936E-008
   290.125490314767       2.913054200021762E-006
   290.190160609788       9.455826999479044E-031
   290.313779898768       8.449638499005845E-007
   290.335089728850       3.342851615028298E-032
   290.420565879838       2.260824711831965E-010
   290.617509139357       5.877893069264579E-006
   291.094436479711       8.490088276027307E-034
   291.142025286443       4.712020566751162E-005
   291.384798949967       9.239960648329062E-009
   291.915360425346       1.265371434874016E-004
   362.352958083057       2.115453980334973E-033
   362.419399598699       1.601542018704305E-006
   362.545435070316       8.866386650336575E-032
   362.586040628511       1.041734000622193E-010
   362.671589193118       1.089017971783416E-034
   362.889388856563       1.241576664507554E-031
   363.309225608180       3.384575452170550E-008
   363.353228198636       8.620657780731462E-034
   363.624136810237       9.286559351039194E-035
   364.123794103725       2.116483548620426E-036
   362.363210539176       1.204046027822026E-038
   362.444644815845       2.229597404719606E-010
   362.581121957882       1.395681607225088E-006
   362.585120612820       9.067410516723377E-033
   362.682031774095       2.130808262946838E-033
   362.871329454837       9.228210965319751E-036
   363.318949545964       3.371289343574932E-011
   363.376640546987       3.205793705792341E-037
   363.620045348922       8.050509306410286E-034
   364.135397287640       4.377862010803980E-040
   362.354886447199       1.432563099962241E-006
   362.435359503669       9.718729852617409E-035
   362.575404916676       1.169021872436425E-007
   362.589735604541       9.837165378298249E-036
   362.690007244560       9.382314928961886E-011
   362.896141263425       1.339598215875732E-007
   363.316610127491       2.216736458660007E-038
   363.374360794487       1.910491376034860E-008
   363.634544583846       9.457190714902051E-012
   364.138568755228       1.157418381072359E-009
   362.441852094870       1.994410038762379E-009
   362.492958109433       2.630969432282011E-031
   362.602764580775       7.300040171117246E-007
   362.642093388486       1.011536257993503E-036
   362.710525755090       1.736870876916713E-011
   362.911954581267       4.534545703542084E-007
   363.380721581350       3.639696780281534E-035
   363.407599814458       2.311435581989148E-008
   363.661071271524       1.390762511265255E-011
   364.175964540415       4.562116572044555E-010
   362.479857737048       8.768937194415222E-011
   362.529265608145       2.947698043910071E-036
   362.637423329698       6.064937616051598E-011
   362.681419023298       4.871627631870922E-033
   362.748030259546       1.199131185145266E-006
   362.952309544876       4.080150976364772E-013
   363.418662357663       9.151931241788447E-041
   363.443899424179       3.628055212151938E-012
   363.700098967528       5.282186340981302E-008
   364.213491379227       3.336456659025260E-012
   587.239603030689       3.848285871463960E-007
   587.304157060143       3.824535361102957E-032
   587.427659808336       6.236077562934943E-008
   587.455786723721       3.936435072940503E-036
   587.538360015713       5.465135056345765E-011
   587.741885994581       8.501301685044324E-007
   588.179323134257       3.197734395603195E-034
   588.218838298451       7.798479312261106E-006
   588.477329354269       1.408562399175687E-009
   588.979296438227       1.872289120167453E-005
   1638.95025284068       3.014917312670339E-008
   1639.01200902442       5.317001905864281E-034
   1639.13230845620       3.003620420676132E-009
   1639.17042050613       2.872570158421338E-033
   1639.24544215657       5.363357348154588E-012
   1639.45492795765       7.909380343872576E-008
   1639.83846449578       1.815545349065652E-035
   1639.86233031757       6.767534310985761E-007
   1640.14153241553       1.200748411549684E-010
   1640.60025453251       1.396003469873256E-006
