                   690
  -19.1769989212932       2.076853014359603E-036
  -19.1585772711903       1.321249964667606E-035
  -19.1243077784830       8.152952397382200E-041
  -19.0961226490985       2.125450341961777E-035
  -19.0750791279945       1.067762974422733E-040
  -18.9908013488784       8.332825289337027E-036
  -18.2736035032876       5.878604997974563E-037
  -18.2344846575806       2.730711397059043E-036
  -18.1582024735329       5.488508788630476E-040
  -17.5611093944159       1.084343841588133E-039
  -19.1142440092992       2.203217222226964E-041
  -19.0987527016199       1.207388015198115E-040
  -19.0472573332358       2.688691406767529E-041
  -19.0361206376887       5.907142883719329E-041
  -19.0036553551818       1.313607560341838E-041
  -18.9039908060676       9.171638647999327E-044
  -18.2132586536017       8.602188253089768E-040
  -18.1815645365776       1.167449553180400E-041
  -18.0830379964568       6.704804774671824E-042
  -17.5005908782084       3.565531679433360E-043
  -18.8051462881069       2.822930019298033E-037
  -18.7933714074340       9.904528387902221E-037
  -18.7546930009972       2.036260059386774E-037
  -18.7374566160009       1.167452355787919E-036
  -18.7131944478884       1.064288136939300E-036
  -18.6267541140842       1.943238312169856E-037
  -17.9155234434202       2.743672066965245E-037
  -17.8838980607985       5.591313889308349E-038
  -17.8053101002047       2.139355360492053E-038
  -17.2179144617275       1.922145890018755E-042
  -18.7944391749094       1.041764816968975E-035
  -18.7761351128817       8.350629749494367E-035
  -18.7531786327349       1.341310273993778E-037
  -18.7174577576218       5.892459485690867E-035
  -18.7016172163615       1.877591940920462E-040
  -18.6281782833131       3.189210111514404E-036
  -17.9038607416764       1.163840190411134E-036
  -17.8604129135430       6.690298589199130E-038
  -17.8020769047548       6.142237448537977E-039
  -17.2069354066684       4.303006562858940E-039
  -18.7215715775630       2.663097532001235E-037
  -18.7073921983872       1.138132558268087E-036
  -18.6392769860590       1.048021802317086E-036
  -18.6247936656694       3.031960612721908E-041
  -18.5973567902385       3.942535684554573E-043
  -18.4586643746007       4.940572857264258E-037
  -17.7929457234167       9.014326826681075E-037
  -17.7881289458310       5.714294372231417E-038
  -17.6222111876075       1.254713500824368E-041
  -17.0210842858945       7.603053863241014E-039
  -18.7774938096991       1.558187213435941E-068
  -18.7619708553641       3.058651510432714E-010
  -18.6968180831389       9.798692813556812E-068
  -18.6967212089189       5.500293749646722E-018
  -18.6586288261987       2.176406719038762E-077
  -18.5429624934190       3.263415890023192E-069
  -17.8743598188139       3.681531362558566E-007
  -17.8547748657452       1.005316017018405E-073
  -17.7274910098381       3.378968149738119E-071
  -17.1506102169190       5.554820828258483E-077
  -18.5458599933296       1.683414378109668E-040
  -18.5270036239365       1.994786067678996E-039
  -18.4635825507882       1.401047213974934E-041
  -18.4580043952939       6.749300124176760E-040
  -18.4231271076452       1.064532356889968E-040
  -18.3074334067957       1.257192773876912E-039
  -17.6361976546293       2.441129844852998E-041
  -17.6172523927642       1.456925343695393E-040
  -17.4857105151862       9.181502341616348E-040
  -16.9016490523163       5.940873936472815E-043
  -18.5161787051165       7.001941016404360E-038
  -18.4980162929314       1.181479826555231E-035
  -18.4568395245427       1.394388600921154E-042
  -18.4349240225023       9.511234901917529E-037
  -18.4026073802229       7.691595257031018E-041
  -18.3176743049594       2.750226425065096E-035
  -17.6215259823553       4.721075732167053E-036
  -17.5739257476113       8.011857837492726E-037
  -17.5027426899320       9.184884361447447E-041
  -16.9234757618085       4.717936962706237E-039
  -18.2656780262591       2.037464949026902E-067
  -18.2501894903281       5.142639381742566E-009
  -18.2242489821412       2.711553019424034E-009
  -18.1937851491660       3.221644644551594E-065
  -18.1750835717616       6.242932485809320E-067
  -18.1004604664602       1.244327261217848E-067
  -17.3823376304086       3.893431860874657E-009
  -17.3403876703004       4.476815219488385E-069
  -17.2815224953868       6.044109205887113E-069
  -16.6946916229531       1.096224883583829E-074
  -18.2142289836891       1.922156003240906E-036
  -18.1988058354334       1.040902844757231E-036
  -18.1567283137006       1.888724879021949E-040
  -18.1378741703867       1.007915425450022E-035
  -18.1145187933734       4.939882358456983E-041
  -18.0219766690039       3.282503801847773E-039
  -17.3210212838229       4.855721681863163E-036
  -17.2918845339471       3.155642143761146E-037
  -17.1998616589489       5.562892297703310E-044
  -16.6143220763539       2.067038628805105E-041
  -18.1226164879682       5.554242837090712E-064
  -18.1048814945354       2.149120259843570E-007
  -18.0646906388162       1.814651193637748E-012
  -18.0420693835675       1.235796509841979E-062
  -18.0177998739081       2.575865421844792E-072
  -17.9283436564113       4.006035689376126E-064
  -17.2303491001685       2.373659809092927E-006
  -17.1947523641600       4.286990799539257E-067
  -17.1090387946604       7.068359774747682E-072
  -16.5263394304194       9.013632436878572E-073
  -17.6551020047849       8.790773953281326E-038
  -17.6526760206303       1.097841012965530E-038
  -17.6283080186779       1.176406361856735E-040
  -17.6117597842184       8.209027426156087E-038
  -17.5981575277806       8.524648223069221E-039
  -17.5225290705866       6.860870432186094E-040
  -16.7734475923488       3.663603768945658E-039
  -16.7503088618663       8.140359541417288E-041
  -16.6938557761272       3.417920529628088E-040
  -16.0948032562291       3.884282070489015E-044
  -17.6179459815355       1.268993366277410E-035
  -17.5953406085014       7.093350019438479E-035
  -17.5552543747931       4.017298520271521E-038
  -17.5273351166473       2.228426086350297E-035
  -17.5023397762041       2.426233399513266E-040
  -17.4135445184223       3.785344420376134E-036
  -16.7218765401810       1.744620083013483E-036
  -16.6807434337978       3.858733983425477E-037
  -16.5948644362001       2.548253594309744E-039
  -16.0121202193998       2.904044797903787E-041
  -17.4875827502346       6.434985325005632E-037
  -17.4762825844638       2.393105702252331E-036
  -17.4409646674687       2.246337505925894E-040
  -17.4216848994020       1.791817657903013E-037
  -17.4004860998408       1.605142885160267E-036
  -17.3158950317774       1.114183917395746E-039
  -16.5997100431015       1.150509686362684E-037
  -16.5687151925020       2.871936466343757E-040
  -16.4930327588933       1.489465586507992E-037
  -15.9050379416009       1.610656531170132E-042
  -17.3502111946465       1.815063556414700E-065
  -17.3288465650702       9.588913770707996E-009
  -17.2669175412423       5.831513319843550E-012
  -17.2583570599987       1.444168136612353E-063
  -17.2184608328033       4.864049346617643E-069
  -17.1083284810650       4.566334835909420E-064
  -16.4447825397356       1.804947725490368E-006
  -16.4115288233333       3.822195135997323E-066
  -16.2951894548983       9.012245969125623E-068
  -15.7211232031468       1.137673510584687E-072
  -17.3492282267011       7.579418251385626E-066
  -17.3218661235237       4.053852243640117E-009
  -17.2709644024061       6.751855978621233E-009
  -17.2457537094535       7.709841554234066E-066
  -17.2194031509687       6.293851748125199E-069
  -17.1155554982340       3.138123412980782E-069
  -16.4403396250612       3.382351198020814E-008
  -16.4094220289328       2.080858342531633E-068
  -16.2922428851547       3.514178642038813E-069
  -15.7055385050141       7.013085978959332E-074
  -17.0527968175365       1.490134576508792E-035
  -17.0477490458699       6.000800422462853E-036
  -16.9936039481420       9.546662522349337E-037
  -16.9810138384797       1.867402091478196E-041
  -16.9595693076113       3.268036288540411E-044
  -16.8420045706301       3.027838172257418E-039
  -16.1516708687730       3.035842006584432E-035
  -16.1482111921160       1.159037824523368E-035
  -16.0204647971809       1.859423790149999E-042
  -15.4372586035031       8.806804789966465E-044
  -16.8500060752500       5.666575859351514E-038
  -16.8198366486169       1.101360423919044E-035
  -16.7771477802749       3.273943081108436E-040
  -16.7432307095115       2.589031068487458E-034
  -16.7142370871798       5.010819792715965E-043
  -16.6238199780451       3.278012042325196E-034
  -15.9397677521021       2.707430727837893E-036
  -15.8873449556296       1.518439995180093E-035
  -15.8015308166242       6.392499200243992E-040
  -15.2171884084158       3.993179259386827E-040
  -16.6558992340211       1.008275512723500E-034
  -16.6479152687373       1.671064848830930E-034
  -16.5864253594653       1.779742187325465E-035
  -16.5677372399336       1.756769273592487E-039
  -16.5522416661136       2.324493986471599E-038
  -16.4147778279094       1.395689105445174E-036
  -15.7449840153538       1.582102490930392E-036
  -15.7265605906085       7.272882398955358E-038
  -15.5737383903119       5.531353641101131E-043
  -14.9666338160029       1.441702698503477E-038
  -16.6040268356112       5.246847230487470E-037
  -16.5969131645809       7.961487532790646E-040
  -16.5383763420475       7.356680549419202E-040
  -16.5217420995135       3.862048265078338E-039
  -16.5026512378355       2.267749921349873E-037
  -16.3734171077407       7.951734674898552E-039
  -15.6997946136937       8.304581748403597E-038
  -15.6929024447341       7.890919588572717E-038
  -15.5477335331745       1.135444069113108E-039
  -14.9584661464908       4.266703835840879E-042
  -15.4092683415618       1.690414130577542E-071
  -15.3519467148824       4.417701807759861E-011
  -15.2581427253656       1.460627430078786E-016
  -15.2403258271669       8.689575901568152E-069
  -15.1748312054275       2.568997863558388E-075
  -15.0311012997051       3.264916209587150E-069
  -14.4659248647830       4.147599842986492E-004
  -14.4077865276393       5.735447321560759E-071
  -14.2389854320973       9.979301560781563E-073
  -13.6866074017761       1.212932932719308E-074
  -14.8091809283467       2.966747975798045E-037
  -14.7639961479391       7.909428641954798E-038
  -14.6823161110563       5.496355986927826E-044
  -14.6670425665321       3.292848919135722E-038
  -14.6075171437750       1.435843676599795E-041
  -14.4792547258030       2.704951495185200E-036
  -13.8859821691261       8.299222070172120E-036
  -13.8281356229422       2.729082974956297E-035
  -13.6879825948427       1.493884268250899E-039
  -13.1379370456143       4.852524668998601E-040
  -14.7324302444040       1.996358172371549E-065
  -14.7022922256228       1.396363312563134E-006
  -14.6178559037102       6.748249079534490E-064
  -14.5924103015297       3.833507756043012E-015
  -14.5389677944016       1.216555597718164E-070
  -14.3802526320487       4.456652988308091E-065
  -13.8041760401000       6.771215312347185E-006
  -13.7744726354883       4.028961973613681E-067
  -13.5922013368009       5.325477982043332E-071
  -13.0447286837112       3.340494439610149E-072
  -14.6975122290368       4.966454993140256E-071
  -14.6432097228969       2.197759326816671E-011
  -14.5886574562105       3.963830544104229E-010
  -14.5381940798686       4.151267688061130E-066
  -14.5089047060852       1.364188760878228E-073
  -14.4011351807596       1.380396386515552E-068
  -13.7737872517231       3.614961495637340E-009
  -13.7188037224662       5.733816664162800E-068
  -13.5899532171172       1.130515044119257E-067
  -13.0151886827435       1.875613882337274E-074
  -14.6524284500092       6.334651938567260E-039
  -14.6353223683249       2.658528486278313E-038
  -14.5737846297377       4.134427539713473E-042
  -14.5692405214559       2.101484564310498E-041
  -14.5325599440652       7.098299447726105E-040
  -14.4212131136748       3.125134585751842E-039
  -13.7537047702898       2.228041502273570E-037
  -13.7295278993404       1.849532703233189E-038
  -13.6089847891522       1.234151151505593E-037
  -13.0353578224874       1.962995296614859E-047
  -14.4838173397744       2.140331883321517E-039
  -14.4702316268488       3.940358207870556E-035
  -14.4068444687495       1.086717871918589E-035
  -14.4034794157617       1.790474397590304E-038
  -14.3694766796287       1.707241870680598E-041
  -14.2515729937544       3.654254245981502E-037
  -13.5849729327220       4.807759559997736E-035
  -13.5712622808243       2.141298757616113E-035
  -13.4387476703241       1.720273478883465E-040
  -12.8638739378846       9.206423062895656E-041
  -14.4872660956377       8.157837536876061E-036
  -14.4690051746546       2.317168574220642E-038
  -14.3973835161209       5.865940892112803E-036
  -14.3611395829246       9.089396775017609E-043
  -14.3202972623493       1.287975013164647E-042
  -14.1648145794698       7.010635841539618E-041
  -13.5675588400948       4.588894482325317E-035
  -13.5469701181502       3.901907475964295E-035
  -13.3735193329865       2.150615382840108E-041
  -12.8237141018367       4.976493559095763E-041
  -13.9183123733341       3.640210034085533E-044
  -13.8953068319242       1.129928036592551E-038
  -13.8247172811023       5.159221005088029E-040
  -13.8203392637277       2.014757887067669E-043
  -13.7826300420101       3.125196050751288E-040
  -13.6579048776696       2.372099008358629E-041
  -13.0027643369055       8.548117775218413E-038
  -12.9882193278209       8.839711895183251E-040
  -12.8379556874749       6.706586437172815E-039
  -12.2542027141455       1.880468782084427E-042
  -13.0928213001322       4.051444340004957E-035
  -13.0717450939608       1.215575764463388E-034
  -12.9964698867733       1.620386133058636E-034
  -12.9824896379832       4.066833609189810E-041
  -12.9431930694200       1.807285014137625E-043
  -12.8002676825052       5.381332283271277E-035
  -12.1552458332295       1.252187269910974E-034
  -12.1446249688226       1.122123580025247E-034
  -11.9737308894023       1.965974401204106E-041
  -11.3849058425734       2.506282059305285E-038
  -7.88410471903287       7.777408908992741E-066
  -7.84260486326449       3.012022641532220E-006
  -7.74465353155045       1.192894441748658E-063
  -7.70336026717452       9.739112533613111E-015
  -7.63774081347582       1.021571980108064E-069
  -7.45021778248503       1.572003498264945E-064
  -6.93175846792498       3.402692453337672E-005
  -6.89219127456937       8.167542729421316E-067
  -6.67625144742744       3.473474869486283E-067
  -6.14369550195004       1.224480965746175E-071
  -7.86045132160429       2.440314227733330E-070
  -7.78132360371130       9.803767103742361E-010
  -7.72194551640486       7.817926076364381E-010
  -7.64951486398717       1.217857756741282E-064
  -7.61718292204729       6.943366583430693E-066
  -7.50393036791414       7.251385063235044E-066
  -6.91171568253584       1.155572972448642E-008
  -6.83559218188872       1.153477316921972E-066
  -6.69488308263449       2.943460089086883E-065
  -6.12193896751188       1.033136339419274E-072
  -7.89185785655617       8.063101814199303E-038
  -7.80841588393043       1.930742267118229E-037
  -7.71026967035468       6.348754071956136E-045
  -7.66933584093152       1.295717830550843E-037
  -7.60031234236183       1.174871505479063E-042
  -7.45164063080444       5.108092419721884E-040
  -6.92503213692139       4.623786539525504E-038
  -6.84324943874083       2.276858048976499E-037
  -6.66463340473806       1.321729019925620E-041
  -6.11693174989815       6.053080182665095E-040
  -7.65744769019649       7.408993205221875E-034
  -7.65071004814328       4.277787955199191E-035
  -7.59086564784275       2.201791823702754E-034
  -7.55180162344720       3.941226323425991E-041
  -7.53259071175148       8.439409652732854E-043
  -7.38247692030364       1.620962984131085E-035
  -6.74864478713951       7.941032151088015E-035
  -6.74289048852902       2.685590734633995E-035
  -6.57479599198859       3.432155859980257E-043
  -6.00594472374055       1.358398879920827E-041
  -7.59506659837555       1.808197570182570E-036
  -7.58864786921474       1.819030419146931E-038
  -7.52911761084815       1.213140471655486E-037
  -7.49052615959334       1.480702862508036E-038
  -7.47229990087589       2.861931523162634E-037
  -7.32268983980122       8.131977257565051E-040
  -6.68713569854177       9.940733210720698E-040
  -6.67999479170592       8.380070564188757E-038
  -6.51333179672426       6.598905212064318E-037
  -5.94258020875416       5.619181729950354E-043
  -6.73892454301306       4.862154989502949E-036
  -6.70813214240501       2.836023202663802E-035
  -6.62465441602589       3.793744568362615E-035
  -6.62463333470480       1.272449525608155E-036
  -6.56937029383361       8.275151137251741E-045
  -6.43569117958916       2.540995694696891E-036
  -5.81031659959170       6.428519974601365E-035
  -5.77694848902777       9.459025701177212E-035
  -5.62469997080151       6.959256715429086E-041
  -5.05362557433499       8.445388106269324E-040
  -1.31199779646084       4.960428464211497E-067
  -1.21330531435817       4.765281020722909E-007
  -1.09439307012622       7.573124602353387E-015
  -1.05667844155168       2.380269207390445E-062
 -0.969588547375409       2.423718098096176E-070
 -0.799612680305355       1.202651608940511E-062
 -0.312491597780120       2.357837373325299E-003
 -0.219368862824503       4.617025079336057E-065
 -1.378207936835807E-002  5.791945508125878E-071
  0.532607880768161       1.793809799924433E-070
  -1.01119933729688       2.791742225051479E-034
 -0.999056345780151       1.226116504795746E-036
 -0.929664121024331       1.715945703452102E-034
 -0.837036400050778       7.080447844838945E-040
 -0.809080404532875       5.207423631187600E-042
 -0.598217575826453       1.122511481875832E-037
 -5.649221896607415E-002  1.627263985714124E-030
 -5.549130075346653E-002  1.647001569945621E-030
  0.184958772845313       3.338668767447927E-038
  0.726436146805703       1.442692631496854E-038
 -0.868788784892004       5.431839521810702E-039
 -0.818732198128995       1.239944315884308E-036
 -0.749283110433232       3.666841504460602E-037
 -0.715211467383508       3.635941471078920E-036
 -0.676399386423483       2.637948595263587E-036
 -0.552275630373614       4.386599541693624E-039
  7.602696148124011E-002  3.588398760151379E-036
  0.119249487419800       4.265327181210578E-037
  0.272009176032540       2.049326917563400E-037
  0.859970289521254       1.381239013072816E-041
   4.48708491554283       1.959718827652282E-035
   4.52722717209902       5.673040720930665E-035
   4.62177969929217       2.273315992288330E-034
   4.62450048584167       1.044361614810336E-038
   4.68855629737014       2.562247042813905E-044
   4.83642301761634       4.064178063421504E-035
   5.42665806282434       1.920371811018704E-034
   5.46514329361408       4.689365006828385E-034
   5.63821680546443       1.171295717950202E-039
   6.20036009078995       2.368193149944301E-037
   13.5554072941189       1.230122409904607E-063
   13.6127844972960       3.852691601391952E-006
   13.7291724320957       7.757185078039485E-061
   13.7795597982596       3.749564964220889E-016
   13.8612417481662       3.169188079341141E-066
   14.0772441014469       2.079551174112887E-061
   14.5484824092710       2.359299300113735E-005
   14.6000942237930       2.656010408959135E-063
   14.8508076863558       3.848649778589596E-069
   15.3828111005547       3.337299137585078E-069
   13.5747277104860       7.401297812475030E-071
   13.6740194703031       7.780396770729504E-011
   13.7554996589378       1.015393549417324E-011
   13.8296555945841       3.155087333045063E-064
   13.8798949771791       1.165517917805948E-065
   14.0156085513980       1.060377823625906E-064
   14.5656671186301       1.477556331156063E-008
   14.6566043388620       6.898450918484963E-067
   14.8278877494031       3.584024619993012E-064
   15.4034104835217       3.325586946407675E-072
   13.5494745423303       4.268724885379903E-036
   13.6482973781936       1.396700997279895E-035
   13.7760093291392       2.484368773585355E-044
   13.8057090440557       6.685215069132510E-035
   13.9007851104041       5.225262994846018E-041
   14.0796025809062       7.267421013141655E-035
   14.5576310305947       7.460024734489755E-037
   14.6500749765984       1.002781324988596E-037
   14.8656108366396       2.973305607788148E-042
   15.4119246450009       1.556839908245583E-041
   13.7605415142249       2.367706906884805E-033
   13.7768177504788       2.578961914140746E-032
   13.8492365078584       2.126100432727009E-032
   13.8974951206302       3.159063838782234E-041
   13.9299675390805       6.004314007830840E-041
   14.1027214246947       2.266838264967120E-033
   14.7078095829205       9.488911004447703E-033
   14.7108825807824       6.804498120405426E-033
   14.9145495546415       1.912038090656162E-040
   15.4871434126506       2.625492992159954E-040
   13.8264060718186       4.765333052063756E-036
   13.8409872327349       8.655407211442285E-037
   13.9118359181269       2.379720111443006E-036
   13.9652972780580       1.418930844072326E-037
   13.9953487755804       1.544536122286036E-036
   14.1715563763884       2.454073037427204E-038
   14.7742375193212       8.135492123590895E-036
   14.7749587365314       4.820844571581466E-036
   14.9821294639417       3.751908009420043E-037
   15.5533038641286       5.945177209487668E-043
   21.3918365773932       4.340724300914434E-047
   21.4963258941016       1.728690850877446E-008
   21.5861825646871       1.174290704549183E-015
   21.6560779651142       3.245336895216215E-047
   21.7189142869916       4.314177979426554E-054
   21.8587769553189       3.633887273925091E-051
   22.3691530463773       2.312111463595231E-004
   22.4749873313517       8.146034430920640E-044
   22.6428422568390       7.114408505519761E-053
   23.1872967053655       2.729427816491404E-046
   22.7148805875093       7.145078254798680E-027
   22.7165088409227       7.296872025268484E-027
   22.7711619907043       3.945563550466115E-028
   22.8606633426291       2.094398292248432E-031
   22.8637741472114       2.076566832261877E-031
   23.0498757144240       4.734969380942916E-029
   23.6269773444101       5.079448743607090E-022
   23.6368995417547       4.969982806208443E-022
   23.8209565666661       1.836402811892309E-032
   24.3479460221607       5.392493371558546E-026
   23.9205002901622       6.282817901179986E-045
   23.9542086093864       3.501615435854796E-036
   23.9751345596148       2.091614879086512E-037
   24.0289648644262       7.099195374060075E-036
   24.0318246687105       1.292151110339534E-036
   24.1134182077765       1.617154381882221E-039
   24.8216414554549       1.241502867391476E-036
   24.8493792208770       6.411677997477162E-039
   24.9488711450270       2.640544370766212E-036
   25.5570142473247       4.329620426530035E-045
   25.4069606048890       2.418469252831495E-035
   25.4430286219354       7.743841794616171E-036
   25.5381601001566       1.163420905752455E-034
   25.5757632662983       1.933998286461759E-040
   25.6279491492030       4.402109377572536E-043
   25.8156998600011       1.534806724950486E-034
   26.3742972750993       3.282153185052273E-034
   26.3861915437627       2.266597551668706E-034
   26.6209095114301       1.775253973347151E-042
   27.1908056599396       3.541365608669589E-037
   57.5727764822745       2.500405052846474E-067
   57.6793648539095       6.580410047651888E-007
   57.8193558524393       4.974667937450378E-015
   57.8457350872140       1.787290600831316E-062
   57.9504176859032       4.221081340923143E-068
   58.1422324065516       3.058111326206104E-062
   58.5876830494901       1.751448723528882E-003
   58.6820890283062       5.119602957651461E-067
   58.9174844915265       5.222744328971533E-066
   59.4545475598947       4.866038942216431E-071
   58.1762617769736       1.928405113679011E-034
   58.2027242302056       1.754219136421341E-033
   58.2882024708218       2.394822818629995E-033
   58.3817506658976       6.099081469942275E-044
   58.4266340344767       6.292675431148533E-042
   58.6555354523127       8.896284350061930E-036
   59.1480552718888       1.238133555706996E-032
   59.1610193724169       1.367953357424357E-032
   59.4275417479097       2.262332360234014E-039
   59.9589790652715       5.619034782421063E-039
   58.5694859517421       2.975396741722851E-040
   58.6316868171554       1.272292329167637E-037
   58.7324146438336       1.893774176059038E-038
   58.7510401270418       4.236828052507783E-038
   58.8159660436150       4.791048154957984E-038
   58.9712328710525       4.231116413122428E-038
   59.5377641233740       3.684323075973313E-036
   59.5852611357465       6.881464470783770E-039
   59.7805532535380       1.593595257766306E-036
   60.3538256742809       3.751483612608385E-041
   65.1298636590370       8.018973043425762E-039
   65.1850748874798       5.172042851878946E-041
   65.2981795625503       1.961453278575444E-037
   65.3140674637477       7.005538974983886E-041
   65.3914217069730       2.890120917765809E-045
   65.5723871219815       6.571150273632821E-037
   66.1014443774349       6.362016235891726E-038
   66.1455269540047       3.911337996155508E-036
   66.3642529475719       1.334308545303151E-042
   66.9175736538416       1.305402177039228E-037
   90.1230546239006       4.134919881832763E-064
   90.1894818378176       7.015144809050375E-007
   90.3159489025679       6.800304420556264E-061
   90.3612665158431       3.861939140820669E-015
   90.4509318321937       8.162768990054470E-066
   90.6731931398891       5.564026230811827E-061
   91.1265567092608       2.898661345127886E-006
   91.1821365385402       1.133497400677327E-064
   91.4450124228074       6.074493902363709E-068
   91.9766895824124       7.874118961669457E-072
   90.1366487647688       4.026181149334971E-071
   90.2337725099712       1.486841055263613E-010
   90.3440982482792       1.105637563105547E-013
   90.3894889897838       1.018919960339308E-065
   90.4649966905698       3.561129610391345E-066
   90.6290764257485       2.253191738739896E-067
   91.1390484407558       2.827217354996085E-009
   91.2231680177449       1.773905670430449E-070
   91.4291077582461       9.021956104144728E-067
   91.9922149939522       1.009476197743670E-074
   90.1197505211969       3.552494126610602E-037
   90.2160369333676       8.098262594763620E-037
   90.3610991965601       4.928110213131944E-041
   90.3721802423765       4.463860428561378E-036
   90.4817903324139       2.354122922831098E-041
   90.6785567814551       5.071239761262171E-036
   91.1346399740429       8.191055878929954E-041
   91.2195582014701       4.826480536128075E-038
   91.4585213567677       4.462269781529156E-042
   91.9996484239669       1.453220236683310E-041
   90.2715253157300       1.970529376710907E-036
   90.3065804596248       1.498877259788686E-033
   90.3998467723149       7.058413701832682E-034
   90.4442078162084       5.480029245922967E-042
   90.4984102813153       4.808785842728480E-042
   90.6885623527173       1.757278845493183E-034
   91.2400576613694       2.251118695117995E-036
   91.2603987299164       4.967278074477778E-037
   91.4888861666585       1.403318596534099E-042
   92.0506683344125       4.760923582908939E-043
   90.3281407235409       1.960914419726828E-037
   90.3608861656919       7.132645483930150E-036
   90.4519489337280       8.718043490238085E-037
   90.5028919685824       6.876330148066925E-040
   90.5544476194627       3.960810025117263E-036
   90.7487545579951       5.642616442127656E-039
   91.2968172583767       5.300108316385147E-040
   91.3146791949065       3.591419994527018E-040
   91.5472567503552       1.381859444393722E-039
   92.1070043131307       5.566626530386969E-044
   141.219997030982       9.981357214722070E-036
   141.282023989115       1.192419752928959E-034
   141.402561971111       1.685382804068664E-034
   141.419337268754       5.310603476713732E-039
   141.503540640124       1.980545399978120E-043
   141.692704917402       4.933611974421484E-034
   142.197012431061       8.284014892492125E-036
   142.246522735470       9.047839812992914E-035
   142.476058509525       5.157664440875597E-039
   143.021139006952       5.095242199810301E-037
   268.877302207610       5.559835619296940E-069
   268.963785185289       6.942609518247803E-008
   269.109791963460       6.330368975759906E-065
   269.115069039555       6.235996020898412E-016
   269.221205986121       1.769656876550632E-065
   269.424303930747       4.098288373315249E-064
   269.835952895595       9.771144793679700E-005
   269.898472771947       1.319322865590582E-073
   270.157402734925       3.922410873047971E-068
   270.656896857016       1.667409432814355E-072
   269.105135682363       2.963770559270475E-035
   269.150249846185       3.360176415436680E-033
   269.254455521780       3.136735677172688E-033
   269.321826868917       9.268353337830961E-043
   269.383614250666       1.770666342998034E-039
   269.606140092006       5.844837548637455E-036
   270.041950496870       8.667912963077360E-033
   270.062536789906       7.095222958049773E-033
   270.337976674425       1.184158841072826E-039
   270.834913432952       4.626367455162028E-039
   269.230443694619       6.678473334621435E-039
   269.294380170196       9.362265078071900E-036
   269.416676849672       3.081525466433486E-036
   269.426739228114       1.659507255003018E-038
   269.508443997021       3.280291998010978E-037
   269.693942775242       2.572138760266666E-037
   270.165937187027       2.106408010156221E-036
   270.204280562311       1.668544328348792E-036
   270.443952594083       3.420515622038371E-036
   270.961299702692       1.924686791425842E-042
   290.125490314767       1.278464756089381E-034
   290.190160609788       4.961244066847411E-033
   290.313779898768       1.682327340271395E-033
   290.335089728850       6.239033367992755E-039
   290.420565879838       1.104381713290537E-040
   290.617509139357       1.210208661061492E-032
   291.094436479711       8.445541248639704E-034
   291.142025286443       2.385394215557317E-034
   291.384798949967       4.819385636705521E-039
   291.915360425346       2.062839141001426E-036
   362.352958083057       1.853356803107733E-062
   362.419399598699       1.092467676938402E-008
   362.545435070316       3.582034249608014E-059
   362.586040628511       5.498530825645702E-017
   362.671589193118       4.413491647859949E-065
   362.889388856563       9.818453661898693E-059
   363.309225608180       3.361486295919738E-008
   363.353228198636       2.965165646755205E-062
   363.624136810237       4.375394364889354E-066
   364.123794103725       3.352608677255150E-069
   362.363210539176       1.470423272368115E-068
   362.444644815845       1.640592209796236E-012
   362.581121957882       1.991441844191254E-013
   362.585120612820       1.263451474309507E-060
   362.682031774095       3.303710978608200E-066
   362.871329454837       2.301663989826018E-063
   363.318949545964       3.346482092391724E-011
   363.376640546987       1.547019922627983E-066
   363.620045348922       1.221577251387557E-065
   364.135397287640       8.321121266977120E-073
   362.354886447199       1.746128705087993E-037
   362.435359503669       6.926690109213132E-037
   362.575404916676       1.394566025714894E-036
   362.589735604541       2.080105047527805E-042
   362.690007244560       2.620746414158867E-043
   362.896141263425       3.448111322801645E-036
   363.316610127491       2.200936963984522E-038
   363.374360794487       1.466296243248732E-038
   363.634544583846       9.528092707643864E-045
   364.138568755228       6.725496293417807E-044
   362.441852094870       8.077579974267733E-038
   362.492958109433       1.800542762456167E-033
   362.602764580775       6.223041193787678E-034
   362.642093388486       2.722217679395750E-043
   362.710525755090       4.117966590205299E-042
   362.911954581267       4.883754078871495E-034
   363.380721581350       3.614786998664173E-035
   363.407599814458       3.031333957080594E-036
   363.661071271524       3.782891159291538E-045
   364.175964540415       9.518562062444961E-043
   362.479857737048       2.584754958327491E-040
   362.529265608145       2.000188679098022E-038
   362.637423329698       3.323752577765278E-039
   362.681419023298       1.981676016565313E-039
   362.748030259546       4.274155126403769E-038
   362.952309544876       2.836308017458289E-041
   363.418662357663       9.089826214875563E-041
   363.443899424179       3.784903182035303E-041
   363.700098967528       1.863105541919945E-042
   364.213491379227       2.262654387748258E-049
   587.239603030689       3.018371431679174E-036
   587.304157060143       2.841978856755791E-034
   587.427659808336       2.272123502914150E-035
   587.455786723721       1.394639402837149E-042
   587.538360015713       2.396608597017063E-041
   587.741885994581       5.702956138993230E-034
   588.179323134257       3.173971177395056E-034
   588.218838298451       3.387462287210397E-034
   588.477329354269       2.656767125016224E-042
   588.979296438227       1.111312031063062E-038
   1638.95025284068       2.629849675862332E-038
   1639.01200902442       6.114290957299538E-036
   1639.13230845620       1.134807681903840E-037
   1639.17042050613       2.214921977172230E-039
   1639.24544215657       1.015359092411237E-041
   1639.45492795765       1.318939432391302E-035
   1639.83846449578       1.794666069670299E-035
   1639.86233031757       2.343552452990168E-035
   1640.14153241553       1.005720483696934E-040
   1640.60025453251       1.107070844832136E-039
