                   690
  -19.1769989212932       4.296419584980248E-007
  -19.1585772711903       3.010061192203303E-060
  -19.1243077784830       1.642279087720451E-062
  -19.0961226490985       8.230295222884624E-005
  -19.0750791279945       1.788915307035449E-010
  -18.9908013488784       6.476947814299830E-007
  -18.2736035032876       1.426925469929453E-070
  -18.2344846575806       2.682969455381067E-008
  -18.1582024735329       5.491659102043321E-015
  -17.5611093944159       7.921016295182005E-012
  -19.1142440092992       2.396038811763473E-011
  -19.0987527016199       6.085853085192842E-067
  -19.0472573332358       5.536936256253738E-065
  -19.0361206376887       1.123028334582267E-007
  -19.0036553551818       1.208099079779236E-008
  -18.9039908060676       2.665841771249870E-012
  -18.2132586536017       5.127203411957929E-072
  -18.1815645365776       3.333367298159954E-012
  -18.0830379964568       5.347183393044478E-012
  -17.5005908782084       9.741851408991510E-015
  -18.8051462881069       3.341188088382098E-010
  -18.7933714074340       1.712724299464180E-061
  -18.7546930009972       1.453852462432268E-062
  -18.7374566160009       2.930756560894717E-006
  -18.7131944478884       4.361752059817600E-006
  -18.6267541140842       9.223061753867751E-009
  -17.9155234434202       3.462770138616874E-071
  -17.8838980607985       2.639102527623959E-010
  -17.8053101002047       6.475365568818053E-011
  -17.2179144617275       8.750807716296205E-014
  -18.7944391749094       1.190069997145476E-006
  -18.7761351128817       4.573369540792055E-060
  -18.7531786327349       1.003091266149445E-061
  -18.7174577576218       8.055470570679654E-005
  -18.7016172163615       2.772456861930354E-007
  -18.6281782833131       9.805062490706797E-007
  -17.9038607416764       1.048036629317679E-067
  -17.8604129135430       1.809591186834496E-008
  -17.8020769047548       1.364150196002608E-011
  -17.2069354066684       8.861743548102076E-011
  -18.7215715775630       1.056397934849425E-007
  -18.7073921983872       2.099773622190044E-063
  -18.6392769860590       2.044320498481841E-004
  -18.6247936656694       1.637908727964464E-064
  -18.5973567902385       1.494490245940035E-011
  -18.4586643746007       8.140225647208909E-007
  -17.7929457234167       2.008972176227126E-007
  -17.7881289458310       2.668368424879803E-069
  -17.6222111876075       6.800807804567135E-014
  -17.0210842858945       2.273387896974791E-009
  -18.7774938096991       2.552289171682043E-039
  -18.7619708553641       1.035648273865935E-039
  -18.6968180831389       2.865298722411787E-035
  -18.6967212089189       4.429424340973195E-038
  -18.6586288261987       6.309317342123886E-043
  -18.5429624934190       1.559528897042703E-038
  -17.8743598188139       4.789396122106654E-040
  -17.8547748657452       9.757153104828635E-045
  -17.7274910098381       3.612436092077406E-045
  -17.1506102169190       2.524175658092748E-047
  -18.5458599933296       3.048788474810345E-011
  -18.5270036239365       3.368914646952716E-065
  -18.4635825507882       1.918508475884672E-066
  -18.4580043952939       4.348267238497527E-008
  -18.4231271076452       3.051822955280468E-009
  -18.3074334067957       9.698582888407219E-010
  -17.6361976546293       1.100866223989058E-073
  -17.6172523927642       8.630447269411076E-012
  -17.4857105151862       3.658713042006887E-014
  -16.9016490523163       2.461475924059499E-013
  -18.5161787051165       7.396276799461731E-009
  -18.4980162929314       4.828254193469929E-061
  -18.4568395245427       1.325995033392789E-065
  -18.4349240225023       1.847280856791038E-006
  -18.4026073802229       4.447229869858599E-011
  -18.3176743049594       2.709946968531111E-007
  -17.6215259823553       2.259769547016498E-068
  -17.5739257476113       2.206624965399693E-008
  -17.5027426899320       1.859297701785387E-014
  -16.9234757618085       5.342105418660198E-011
  -18.2656780262591       8.651417710530697E-038
  -18.2501894903281       4.272463647830597E-037
  -18.2242489821412       7.429343422372550E-033
  -18.1937851491660       7.766655198393003E-034
  -18.1750835717616       6.816265649500934E-038
  -18.1004604664602       6.129289143656486E-037
  -17.3823376304086       1.390531250232109E-040
  -17.3403876703004       2.043442201297878E-038
  -17.2815224953868       1.239800822590494E-041
  -16.6946916229531       5.822446988545612E-046
  -18.2142289836891       1.498770281669308E-007
  -18.1988058354334       4.530396417291557E-061
  -18.1567283137006       1.539094295465583E-063
  -18.1378741703867       1.804065817286626E-004
  -18.1145187933734       6.213967055515049E-012
  -18.0219766690039       1.718033548714095E-010
  -17.3210212838229       5.967145913637133E-068
  -17.2918845339471       1.597915321210366E-009
  -17.1998616589489       3.356493239958594E-016
  -16.6143220763539       1.362080132926890E-012
  -18.1226164879682       7.019551524958948E-035
  -18.1048814945354       4.272955595376604E-032
  -18.0646906388162       2.800316868735304E-036
  -18.0420693835675       7.253462154778718E-032
  -18.0177998739081       1.932118966642932E-040
  -17.9283436564113       1.183204692918345E-035
  -17.2303491001685       7.645875201119970E-038
  -17.1947523641600       5.284138582934574E-039
  -17.1090387946604       2.111683346274524E-043
  -16.5263394304194       1.549693015615244E-044
  -17.6551020047849       8.716570434400341E-011
  -17.6526760206303       3.892362040747290E-066
  -17.6283080186779       7.669139044151999E-067
  -17.6117597842184       8.076804505954810E-008
  -17.5981575277806       9.060477058492175E-011
  -17.5225290705866       2.958208388392067E-010
  -16.7734475923488       2.841066390086664E-070
  -16.7503088618663       2.625964776846942E-012
  -16.6938557761272       1.789998683084910E-013
  -16.0948032562291       1.217886511686829E-015
  -17.6179459815355       4.811853603111182E-006
  -17.5953406085014       8.306669774480570E-059
  -17.5552543747931       5.313067769157020E-062
  -17.5273351166473       4.836373953523073E-005
  -17.5023397762041       9.355679812699463E-008
  -17.4135445184223       2.873178797610217E-008
  -16.7218765401810       2.613641809025267E-068
  -16.6807434337978       9.229098253147198E-010
  -16.5948644362001       6.606119947986185E-013
  -16.0121202193998       8.185797865458977E-012
  -17.4875827502346       6.625324074145379E-011
  -17.4762825844638       2.470352580321396E-061
  -17.4409646674687       6.262190928958369E-065
  -17.4216848994020       4.505869902725125E-007
  -17.4004860998408       4.971986618547317E-006
  -17.3158950317774       9.293160334950300E-011
  -16.5997100431015       4.848669087103408E-069
  -16.5687151925020       4.235515262133600E-012
  -16.4930327588933       6.400031329890223E-010
  -15.9050379416009       1.707612854228871E-014
  -17.3502111946465       1.415475585025115E-034
  -17.3288465650702       8.035084745174931E-032
  -17.2669175412423       1.856521582695401E-035
  -17.2583570599987       1.070090249332498E-031
  -17.2184608328033       4.438716475820199E-037
  -17.1083284810650       4.364451807660075E-035
  -16.4447825397356       9.927948514178183E-039
  -16.4115288233333       6.762311635373148E-040
  -16.2951894548983       1.299000553027511E-041
  -15.7211232031468       2.326900245600974E-045
  -17.3492282267011       4.336022758380882E-036
  -17.3218661235237       7.604765614716815E-033
  -17.2709644024061       1.718807995681868E-034
  -17.2457537094535       1.106783181796424E-034
  -17.2194031509687       5.638689044894508E-037
  -17.1155554982340       2.379559854666133E-038
  -16.4403396250612       1.021943661912490E-039
  -16.4094220289328       3.016399684487745E-041
  -16.2922428851547       1.945739372513774E-041
  -15.7055385050141       1.991343633930131E-044
  -17.0527968175365       4.559283414124434E-006
  -17.0477490458699       4.697191841796310E-062
  -16.9936039481420       2.208594699113007E-004
  -16.9810138384797       8.221707837084410E-063
  -16.9595693076113       1.249349341481015E-010
  -16.8420045706301       1.943223058348906E-007
  -16.1516708687730       3.345980791312726E-068
  -16.1482111921160       2.783717630697393E-010
  -16.0204647971809       3.268741265414236E-017
  -15.4372586035031       1.391961170425313E-013
  -16.8500060752500       2.168519142763036E-008
  -16.8198366486169       1.925648137854559E-059
  -16.7771477802749       1.809358420845766E-062
  -16.7432307095115       1.278729542236442E-004
  -16.7142370871798       4.496994831517035E-013
  -16.6238199780451       1.101641050181176E-007
  -15.9397677521021       1.493506508980064E-067
  -15.8873449556296       1.815646395775910E-008
  -15.8015308166242       1.644480463312190E-014
  -15.2171884084158       1.166986429446016E-010
  -16.6558992340211       3.828246215055783E-006
  -16.6479152687373       1.432128333163559E-060
  -16.5864253594653       2.334332749296004E-004
  -16.5677372399336       3.618642859411527E-063
  -16.5522416661136       4.066063246160529E-009
  -16.4147778279094       6.572293946415670E-007
  -15.7449840153538       9.121290186934957E-007
  -15.7265605906085       3.399782110197363E-069
  -15.5737383903119       5.255505310050079E-014
  -14.9666338160029       5.551295391298150E-009
  -16.6040268356112       1.816234148421323E-008
  -16.5969131645809       1.217886714311205E-067
  -16.5383763420475       9.248186755418286E-009
  -16.5217420995135       4.809968253170937E-063
  -16.5026512378355       1.944321398766993E-006
  -16.3734171077407       1.908067818736408E-009
  -15.6997946136937       5.358274223961334E-010
  -15.6929024447341       2.065272731689583E-069
  -15.5477335331745       7.124262049364433E-011
  -14.9584661464908       1.230314513307421E-012
  -15.4092683415618       1.018457042133520E-039
  -15.3519467148824       1.812526143971477E-037
  -15.2581427253656       8.262732207924626E-038
  -15.2403258271669       3.049127451359573E-037
  -15.1748312054275       5.927951107552176E-043
  -15.0311012997051       6.017665060473456E-039
  -14.4659248647830       3.172801370287476E-036
  -14.4077865276393       8.934343187385289E-039
  -14.2389854320973       1.432156312940182E-044
  -13.6866074017761       1.698095601076340E-045
  -14.8091809283467       3.411831609275501E-005
  -14.7639961479391       3.523063345471832E-060
  -14.6823161110563       2.176464397878738E-069
  -14.6670425665321       3.249032742138951E-006
  -14.6075171437750       1.125374408181036E-011
  -14.4792547258030       4.600519508746731E-007
  -13.8859821691261       2.451498278426880E-067
  -13.8281356229422       1.355061536304367E-009
  -13.6879825948427       1.050313719356171E-013
  -13.1379370456143       1.673243473781810E-011
  -14.7324302444040       5.801050362141725E-035
  -14.7022922256228       5.509337025286461E-033
  -14.6178559037102       3.455117848845438E-032
  -14.5924103015297       1.980702857166615E-037
  -14.5389677944016       2.802407222727713E-038
  -14.3802526320487       2.159391219028670E-034
  -13.8041760401000       4.816979644236754E-038
  -13.7744726354883       5.771295684970671E-038
  -13.5922013368009       2.392992267784354E-043
  -13.0447286837112       2.348411711288177E-044
  -14.6975122290368       4.969263570538101E-039
  -14.6432097228969       1.489428290024604E-036
  -14.5886574562105       2.280999026813773E-032
  -14.5381940798686       3.685746982695506E-034
  -14.5089047060852       2.834350019062490E-037
  -14.4011351807596       9.005824807752695E-038
  -13.7737872517231       7.405845189648380E-041
  -13.7188037224662       2.593862320558979E-039
  -13.5899532171172       5.899972651668381E-039
  -13.0151886827435       1.027740942431961E-044
  -14.6524284500092       2.482835322085323E-009
  -14.6353223683249       2.353339780976524E-061
  -14.5737846297377       9.532456589503981E-064
  -14.5692405214559       3.251212040329238E-007
  -14.5325599440652       1.044812663557867E-006
  -14.4212131136748       1.356696813272422E-009
  -13.7537047702898       7.500848874807666E-070
  -13.7295278993404       1.453373761160571E-012
  -13.6089847891522       2.007818878487232E-011
  -13.0353578224874       5.788558411526036E-017
  -14.4838173397744       1.222700694364576E-011
  -14.4702316268488       2.730855669867090E-059
  -14.4068444687495       6.430771068451914E-004
  -14.4034794157617       2.083825892522491E-059
  -14.3694766796287       8.961668877248121E-010
  -14.2515729937544       1.140824917887491E-006
  -13.5849729327220       9.751218725506419E-067
  -13.5712622808243       1.629545065066708E-008
  -13.4387476703241       7.672627006582835E-014
  -12.8638739378846       2.659377991646948E-011
  -14.4872660956377       2.189597618139945E-007
  -14.4690051746546       4.296531432574040E-063
  -14.3973835161209       2.582058258596408E-004
  -14.3611395829246       3.086636182523705E-066
  -14.3202972623493       7.784079714804542E-010
  -14.1648145794698       1.186025695181522E-007
  -13.5675588400948       5.141559364753962E-069
  -13.5469701181502       4.764575985579203E-008
  -13.3735193329865       1.885599434886492E-014
  -12.8237141018367       8.027826988752054E-011
  -13.9183123733341       5.202077243979801E-013
  -13.8953068319242       9.476503913608372E-065
  -13.8247172811023       1.414989387042462E-061
  -13.8203392637277       3.877522141267432E-008
  -13.7826300420101       5.396229770248005E-007
  -13.6579048776696       1.448310364549937E-010
  -13.0027643369055       2.099364273810640E-069
  -12.9882193278209       1.219200437475267E-010
  -12.8379556874749       2.497263577506986E-010
  -12.2542027141455       8.149909494990502E-013
  -13.0928213001322       1.836106322768891E-007
  -13.0717450939608       1.003593934937758E-059
  -12.9964698867733       3.117006291755166E-004
  -12.9824896379832       2.982454869432592E-063
  -12.9431930694200       2.685389868526217E-011
  -12.8002676825052       4.324311150954904E-006
  -12.1552458332295       1.158846895235986E-066
  -12.1446249688226       1.056004868777831E-006
  -11.9737308894023       1.972679558517431E-013
  -11.3849058425734       5.111312623657788E-009
  -7.88410471903287       6.598677671284106E-035
  -7.84260486326449       4.839327273823764E-033
  -7.74465353155045       4.107213248183507E-032
  -7.70336026717452       1.861620447217351E-036
  -7.63774081347582       4.927590263262614E-038
  -7.45021778248503       5.523305652475661E-034
  -6.93175846792498       3.936849112337645E-037
  -6.89219127456937       2.881247113691043E-037
  -6.67625144742744       1.984218157146973E-040
  -6.14369550195004       6.331956068538868E-043
  -7.86045132160429       6.672861168456164E-038
  -7.78132360371130       3.322502518568949E-035
  -7.72194551640486       7.175558572553074E-033
  -7.64951486398717       4.384016581167816E-033
  -7.61718292204729       4.340920325894115E-036
  -7.50393036791414       4.740808411579268E-036
  -6.91171568253584       4.214547053472328E-040
  -6.83559218188872       1.328010309565238E-037
  -6.69488308263449       2.355822960727367E-037
  -6.12193896751188       4.840447203354259E-043
  -7.89185785655617       9.864539986136428E-005
  -7.80841588393043       2.765503804859286E-063
  -7.71026967035468       1.018257956205090E-065
  -7.66933584093152       6.002607548245919E-005
  -7.60031234236183       3.771498574081740E-010
  -7.45164063080444       3.149324340531315E-006
  -6.92503213692139       1.401868221480214E-069
  -6.84324943874083       3.339556880456983E-008
  -6.66463340473806       6.222545187407061E-014
  -6.11693174989815       7.246149955368165E-011
  -7.65744769019649       5.802416205534687E-006
  -7.65071004814328       5.529143732428976E-061
  -7.59086564784275       8.452522521037198E-004
  -7.55180162344720       5.352546003240029E-063
  -7.53259071175148       2.522351807786235E-010
  -7.38247692030364       5.581456926208566E-006
  -6.74864478713951       3.760135442910885E-008
  -6.74289048852902       7.181666387293010E-067
  -6.57479599198859       2.553693880480483E-014
  -6.00594472374055       4.154909333964858E-012
  -7.59506659837555       1.443546429590744E-008
  -7.58864786921474       1.159580566822297E-063
  -7.52911761084815       5.482789010253527E-007
  -7.49052615959334       6.242285592001478E-061
  -7.47229990087589       5.614618473541388E-007
  -7.32268983980122       6.684142726840592E-010
  -6.68713569854177       1.388901351036289E-012
  -6.67999479170592       1.351395085164628E-069
  -6.51333179672426       1.135579674260915E-010
  -5.94258020875416       4.262926178125168E-014
  -6.73892454301306       1.647020590539316E-006
  -6.70813214240501       2.160438544237160E-059
  -6.62465441602589       2.995422019447346E-004
  -6.62463333470480       5.029630192401636E-055
  -6.56937029383361       1.905572013713492E-011
  -6.43569117958916       3.768403607952204E-006
  -5.81031659959170       2.352640400153195E-067
  -5.77694848902777       2.048183716342716E-007
  -5.62469997080151       1.035371869890845E-013
  -5.05362557433499       1.830051667508493E-010
  -1.31199779646084       9.022829322564403E-036
  -1.21330531435817       7.068759282815061E-032
  -1.09439307012622       6.635110195090856E-037
  -1.05667844155168       3.647047408244257E-032
 -0.969588547375409       7.264516191092496E-039
 -0.799612680305355       7.524161004524187E-034
 -0.312491597780120       1.796618472415274E-034
 -0.219368862824503       2.138117739730152E-036
 -1.378207936835807E-002  1.242229900245686E-042
  0.532607880768161       4.236609859504613E-042
  -1.01119933729688       3.145529264444722E-007
 -0.999056345780151       5.363743152957208E-061
 -0.929664121024331       1.595869049295038E-004
 -0.837036400050778       3.345046221293825E-063
 -0.809080404532875       1.825051988031762E-012
 -0.598217575826453       3.277852106116595E-008
 -5.649221896607415E-002  5.955437812721189E-060
 -5.549130075346653E-002  5.287430170171232E-006
  0.184958772845313       3.561731900801849E-012
  0.726436146805703       1.587923339383235E-009
 -0.868788784892004       2.014839004446366E-009
 -0.818732198128995       6.390180181655656E-061
 -0.749283110433232       4.091636440275639E-060
 -0.715211467383508       1.246939923474869E-006
 -0.676399386423483       1.387681913591094E-006
 -0.552275630373614       2.366579229128242E-011
  7.602696148124011E-002  1.125281159393478E-068
  0.119249487419800       1.691948509841897E-008
  0.272009176032540       9.013214515073414E-009
  0.859970289521254       1.672997439538109E-011
   4.48708491554283       3.418911146249593E-006
   4.52722717209902       7.740507068605404E-059
   4.62177969929217       1.817995765102314E-004
   4.62450048584167       3.481639257232485E-059
   4.68855629737014       2.173971936430723E-012
   4.83642301761634       4.125786596732962E-006
   5.42665806282434       2.333873096841798E-065
   5.46514329361408       7.791288482802937E-007
   5.63821680546443       2.858856605472447E-013
   6.20036009078995       3.062429335939693E-009
   13.5554072941189       7.868690050757049E-034
   13.6127844972960       1.213711804178429E-030
   13.7291724320957       6.715665315384845E-031
   13.7795597982596       2.660826991779335E-038
   13.8612417481662       2.301918113807971E-036
   14.0772441014469       1.656551297947852E-032
   14.5484824092710       2.508044388203391E-036
   14.6000942237930       2.091985805358102E-035
   14.8508076863558       3.448967937815593E-040
   15.3828111005547       9.510173292750425E-041
   13.5747277104860       3.074999946061212E-038
   13.6740194703031       1.811986551028105E-038
   13.7554996589378       4.029142103025830E-032
   13.8296555945841       4.901943674864992E-033
   13.8798949771791       4.941478509787521E-036
   14.0156085513980       2.297153148519426E-035
   14.5656671186301       6.047940695716681E-040
   14.6566043388620       4.570567550043503E-037
   14.8278877494031       1.486048573630262E-036
   15.4034104835217       1.058394586658733E-042
   13.5494745423303       7.255003672067541E-005
   13.6482973781936       8.579372975927791E-061
   13.7760093291392       5.886347347047253E-063
   13.8057090440557       8.894509248301118E-005
   13.9007851104041       1.875637034785610E-010
   14.0796025809062       3.294186845681194E-006
   14.5576310305947       1.417356367964737E-068
   14.6500749765984       7.355995679352675E-008
   14.8656108366396       5.641775596593526E-014
   15.4119246450009       1.139922883617135E-012
   13.7605415142249       1.589137490328848E-008
   13.7768177504788       1.671617178616680E-055
   13.8492365078584       6.642131418116416E-004
   13.8974951206302       1.759686602895931E-062
   13.9299675390805       6.741423238098732E-011
   14.1027214246947       6.736165340263060E-006
   14.7078095829205       2.933740363675132E-062
   14.7108825807824       5.560094155680846E-008
   14.9145495546415       3.613914405525765E-014
   15.4871434126506       4.842853007049603E-013
   13.8264060718186       2.224988231018385E-010
   13.8409872327349       2.635143403746238E-060
   13.9118359181269       1.540592527252891E-007
   13.9652972780580       9.886297776950310E-060
   13.9953487755804       9.703834240733976E-007
   14.1715563763884       1.648473546316520E-010
   14.7742375193212       1.543076805058009E-064
   14.7749587365314       4.408771886531057E-012
   14.9821294639417       1.185868692387745E-010
   15.5533038641286       2.478322809025718E-015
   21.3918365773932       1.373253419966815E-026
   21.4963258941016       1.902815039501277E-025
   21.5861825646871       8.387734029900881E-032
   21.6560779651142       4.330253038016673E-025
   21.7189142869916       1.511876496560500E-031
   21.8587769553189       3.868075919899778E-030
   22.3691530463773       4.848365040039637E-029
   22.4749873313517       9.612028908768555E-027
   22.6428422568390       3.531381604109675E-034
   23.1872967053655       2.260465512141911E-030
   22.7148805875093       2.598940292710522E-006
   22.7165088409227       3.573002145773740E-041
   22.7711619907043       1.254337990126659E-005
   22.8606633426291       2.268300630683779E-044
   22.8637741472114       1.632783173729477E-011
   23.0498757144240       1.307411298393525E-007
   23.6269773444101       3.830235541098477E-008
   23.6368995417547       1.900952014809824E-043
   23.8209565666661       2.201911350990579E-014
   24.3479460221607       2.999262960517503E-009
   23.9205002901622       4.681776944653262E-015
   23.9542086093864       1.473293867794609E-060
   23.9751345596148       2.782109066395976E-063
   24.0289648644262       4.174840149654475E-006
   24.0318246687105       3.000735881629443E-006
   24.1134182077765       5.744975187760407E-010
   24.8216414554549       4.932792490719741E-068
   24.8493792208770       2.038133920993236E-010
   24.9488711450270       5.880400637963805E-010
   25.5570142473247       4.281205947628885E-015
   25.4069606048890       1.194230603297152E-006
   25.4430286219354       4.747807218617432E-061
   25.5381601001566       7.799424822168283E-005
   25.5757632662983       6.214199093498024E-063
   25.6279491492030       5.323153150839586E-013
   25.8156998600011       3.901211991895609E-006
   26.3742972750993       9.693431954333398E-066
   26.3861915437627       6.485487027869172E-006
   26.6209095114301       9.120488240382925E-013
   27.1908056599396       8.007758960860922E-008
   57.5727764822745       5.048093671913913E-036
   57.6793648539095       1.764576371117457E-032
   57.8193558524393       2.483320912867242E-036
   57.8457350872140       2.091374605829332E-032
   57.9504176859032       7.021157599794885E-038
   58.1422324065516       7.703839804799382E-034
   58.5876830494901       1.162683637082727E-034
   58.6820890283062       1.189193997576111E-036
   58.9174844915265       3.927238475123551E-039
   59.4545475598947       1.024636993285409E-041
   58.1762617769736       1.001871259571152E-007
   58.2027242302056       2.760891769337027E-057
   58.2882024708218       1.647651990253900E-004
   58.3817506658976       1.535239466782687E-066
   58.4266340344767       1.091636713411678E-011
   58.6555354523127       4.859614846794415E-008
   59.1480552718888       3.083332056391513E-064
   59.1610193724169       7.061014644975016E-006
   59.4275417479097       6.945270889828466E-013
   59.9589790652715       3.144363685231127E-010
   58.5694859517421       1.429527510353300E-010
   58.6316868171554       3.517688222198768E-062
   58.7324146438336       1.014592750612250E-058
   58.7510401270418       1.051727954687681E-008
   58.8159660436150       3.019918465376540E-007
   58.9712328710525       2.874477408817749E-010
   59.5377641233740       2.123017602146387E-067
   59.5852611357465       1.333410144872481E-009
   59.7805532535380       1.018595619667335E-008
   60.3538256742809       6.451557173752671E-012
   65.1298636590370       1.533567724456786E-006
   65.1850748874798       6.622551568127471E-068
   65.2981795625503       2.836866709492107E-005
   65.3140674637477       2.711133010258059E-062
   65.3914217069730       8.602066412308503E-013
   65.5723871219815       1.964097075925722E-006
   66.1014443774349       3.084972498461866E-069
   66.1455269540047       2.260615592818996E-006
   66.3642529475719       4.499284051240929E-013
   66.9175736538416       1.136057319257866E-008
   90.1230546239006       1.533986363525289E-034
   90.1894818378176       1.960667893057704E-031
   90.3159489025679       1.654452104699253E-031
   90.3612665158431       5.035751853828734E-037
   90.4509318321937       6.207020786874646E-037
   90.6731931398891       5.259431130581114E-033
   91.1265567092608       8.209475169846188E-038
   91.1821365385402       1.005972110848837E-035
   91.4450124228074       5.943910642014542E-040
   91.9766895824124       8.037699987245403E-043
   90.1366487647688       6.110848055527231E-040
   90.2337725099712       4.323813341880909E-036
   90.3440982482792       2.207539032680230E-033
   90.3894889897838       1.051295447703750E-035
   90.4649966905698       2.546493907508607E-036
   90.6290764257485       4.860407873021089E-039
   91.1390484407558       1.848654893532961E-040
   91.2231680177449       2.487287929766626E-040
   91.4291077582461       1.686274155893614E-039
   91.9922149939522       3.629803369759161E-045
   90.1197505211969       8.349862342094424E-006
   90.2160369333676       3.543395984229261E-062
   90.3610991965601       1.088651408102227E-060
   90.3721802423765       1.151490400366607E-005
   90.4817903324139       1.988579887373559E-011
   90.6785567814551       3.824710567174438E-007
   91.1346399740429       4.854734514755713E-072
   91.2195582014701       1.176284324530189E-008
   91.4585213567677       6.397023375751601E-015
   91.9996484239669       4.367314761705695E-013
   90.2715253157300       1.531157833822617E-008
   90.3065804596248       9.604368135265021E-058
   90.3998467723149       7.832487546373614E-005
   90.4442078162084       1.558925940989278E-063
   90.4984102813153       5.951617121653914E-012
   90.6885623527173       1.053408832111264E-006
   91.2400576613694       5.292629443200000E-068
   91.2603987299164       1.179365729979502E-008
   91.4888861666585       5.962231356850184E-015
   92.0506683344125       4.086883988597919E-013
   90.3281407235409       1.172334827280615E-010
   90.3608861656919       4.194422691143434E-059
   90.4519489337280       1.185602935912720E-008
   90.5028919685824       4.093672880385853E-062
   90.5544476194627       1.559304310134492E-007
   90.7487545579951       4.501110177381497E-012
   91.2968172583767       2.782093372983283E-073
   91.3146791949065       5.393645953301996E-013
   91.5472567503552       2.437865399198261E-011
   92.1070043131307       1.257932470083790E-015
   141.219997030982       4.860010920913085E-007
   141.282023989115       2.705393905315127E-058
   141.402561971111       5.840136848030143E-006
   141.419337268754       1.035875949356273E-058
   141.503540640124       9.013124638772312E-013
   141.692704917402       6.616782844470826E-007
   142.197012431061       8.211123491445261E-067
   142.246522735470       1.126128379268286E-006
   142.476058509525       2.457826393868515E-013
   143.021139006952       7.391182752643124E-009
   268.877302207610       1.228103376856594E-037
   268.963785185289       9.317709490956556E-034
   269.109791963460       2.369103081687755E-034
   269.115069039555       1.854363915035058E-036
   269.221205986121       2.301519433893611E-037
   269.424303930747       1.802813822861605E-035
   269.835952895595       5.698834718124035E-036
   269.898472771947       7.423900871638675E-042
   270.157402734925       6.112616732059158E-040
   270.656896857016       9.393261741064089E-043
   269.105135682363       2.620693974149893E-008
   269.150249846185       2.415487066688932E-056
   269.254455521780       1.142696452494991E-005
   269.321826868917       3.525767401887456E-066
   269.383614250666       1.689309320044745E-012
   269.606140092006       4.574423091782453E-010
   270.041950496870       5.211812985634610E-062
   270.062536789906       7.595304725490333E-007
   270.337976674425       1.006559153154416E-012
   270.834913432952       1.000342138629717E-009
   269.230443694619       5.542334866735638E-011
   269.294380170196       4.001490633175765E-059
   269.416676849672       1.397318871142953E-008
   269.426739228114       1.216750808254949E-056
   269.508443997021       2.318695704960121E-008
   269.693942775242       2.108486490933414E-011
   270.165937187027       6.798030875900734E-066
   270.204280562311       1.037813520430013E-009
   270.443952594083       1.219218385514888E-009
   270.961299702692       6.141407003565613E-012
   290.125490314767       9.984277075890603E-008
   290.190160609788       4.503956321682442E-055
   290.313779898768       7.850174120111934E-007
   290.335089728850       2.208477585981990E-058
   290.420565879838       3.562691309958420E-013
   290.617509139357       1.562122019007323E-007
   291.094436479711       2.818000311406079E-063
   291.142025286443       3.986085631713518E-007
   291.384798949967       9.118005669329795E-014
   291.915360425346       6.324411880154364E-009
   362.352958083057       7.300746753371270E-035
   362.419399598699       1.222937018394957E-031
   362.545435070316       8.175617269958020E-032
   362.586040628511       6.918829200428979E-039
   362.671589193118       1.649864757816206E-037
   362.889388856563       3.822624245549958E-033
   363.309225608180       2.259764172218342E-037
   363.353228198636       9.458746493219244E-036
   363.624136810237       1.257628684041212E-039
   364.123794103725       2.287783999739709E-040
   362.363210539176       5.332008940990048E-040
   362.444644815845       5.421219950669438E-036
   362.581121957882       8.392870759290555E-033
   362.585120612820       8.313732192176309E-033
   362.682031774095       3.790727752379238E-036
   362.871329454837       2.349534109629725E-037
   363.318949545964       3.031079382814019E-041
   363.376640546987       3.646883071697607E-039
   363.620045348922       1.311718037789482E-038
   364.135397287640       8.922626570674337E-044
   362.354886447199       6.209065155288441E-008
   362.435359503669       1.784690340210693E-061
   362.575404916676       1.068957191136016E-007
   362.589735604541       4.386543950388617E-065
   362.690007244560       1.661959132203186E-013
   362.896141263425       3.882789310978808E-009
   363.316610127491       1.113272392327963E-068
   363.374360794487       2.165857525268017E-010
   363.634544583846       1.448650856368642E-016
   364.138568755228       1.695660857179178E-013
   362.441852094870       4.678852709540250E-011
   362.492958109433       4.086139862170989E-056
   362.602764580775       6.840358225613550E-007
   362.642093388486       4.188143954640512E-065
   362.710525755090       2.806805229764618E-014
   362.911954581267       1.231717688534535E-008
   363.380721581350       3.827622228362277E-064
   363.407599814458       2.442597867689236E-010
   363.661071271524       1.961952816414190E-016
   364.175964540415       6.815883427744262E-014
   362.479857737048       1.929392659945506E-012
   362.529265608145       2.821189163713116E-062
   362.637423329698       5.689653186792774E-011
   362.681419023298       4.485286397575561E-063
   362.748030259546       1.793919553760099E-009
   362.952309544876       1.130596492214648E-014
   363.418662357663       1.034467266320652E-070
   363.443899424179       3.815214352386334E-014
   363.700098967528       7.174279166985698E-013
   364.213491379227       4.670582628112755E-016
   587.239603030689       1.289919971905093E-008
   587.304157060143       2.335343835168310E-057
   587.427659808336       5.767939719527582E-008
   587.455786723721       4.469059545172740E-065
   587.538360015713       8.880246146139440E-014
   587.741885994581       2.400593517362773E-008
   588.179323134257       2.238804279070674E-063
   588.218838298451       8.947667228141552E-008
   588.477329354269       2.252968607915056E-014
   588.979296438227       3.697716895326808E-009
   1638.95025284068       9.268097084335956E-010
   1639.01200902442       2.572685135272506E-060
   1639.13230845620       2.764498022005869E-009
   1639.17042050613       2.109229631163549E-059
   1639.24544215657       8.854592844413834E-015
   1639.45492795765       2.351652389194860E-009
   1639.83846449578       3.918596278628714E-065
   1639.86233031757       1.133934478804904E-008
   1640.14153241553       3.462730697846831E-015
   1640.60025453251       9.811926138032764E-010
