                   690
  -19.1769989212932       1.292299178997777E-035
  -19.1585772711903       9.969885562571589E-036
  -19.1243077784830       4.114506319679519E-034
  -19.0961226490985       3.009552509181405E-033
  -19.0750791279945       1.024078430235933E-036
  -18.9908013488784       4.100983618348997E-035
  -18.2736035032876       1.020886214427334E-042
  -18.2344846575806       1.687726110133095E-036
  -18.1582024735329       2.214165348903931E-037
  -17.5611093944159       2.891914296105927E-039
  -19.1142440092992       1.049826796496673E-039
  -19.0987527016199       2.133157705117833E-041
  -19.0472573332358       4.113065365667740E-036
  -19.0361206376887       1.490946253121878E-036
  -19.0036553551818       2.095056358006164E-035
  -18.9039908060676       4.708033649417467E-039
  -18.2132586536017       6.436286981833266E-045
  -18.1815645365776       1.133954655360063E-040
  -18.0830379964568       7.816561966860532E-036
  -17.5005908782084       1.379097952648018E-042
  -18.8051462881069       4.659580607557086E-036
  -18.7933714074340       1.059509622535829E-035
  -18.7546930009972       2.391397627665302E-033
  -18.7374566160009       6.689009998234067E-035
  -18.7131944478884       8.956897470083298E-034
  -18.6267541140842       3.520256591881865E-036
  -17.9155234434202       4.775844300619347E-041
  -17.8838980607985       4.526108351740831E-039
  -17.8053101002047       2.579919751942632E-037
  -17.2179144617275       1.463402565125954E-040
  -18.7944391749094       9.656571443976762E-039
  -18.7761351128817       8.535078235485596E-034
  -18.7531786327349       1.808796923360278E-033
  -18.7174577576218       2.515056556287118E-033
  -18.7016172163615       1.954776256872920E-035
  -18.6281782833131       8.589153030223171E-038
  -17.9038607416764       2.893815658880946E-040
  -17.8604129135430       2.866999316710221E-037
  -17.8020769047548       1.422444537563832E-037
  -17.2069354066684       5.561926415137378E-038
  -18.7215715775630       1.148069402728974E-037
  -18.7073921983872       6.100229007068810E-038
  -18.6392769860590       2.118938147413711E-033
  -18.6247936656694       1.559879453913179E-035
  -18.5973567902385       1.281425103734393E-037
  -18.4586643746007       5.349766056587750E-035
  -17.7929457234167       1.382537499171545E-036
  -17.7881289458310       2.684800556627340E-043
  -17.6222111876075       2.932837863334415E-038
  -17.0210842858945       2.018080310345768E-038
  -18.7774938096991       4.022620802835971E-067
  -18.7619708553641       1.661163379058595E-010
  -18.6968180831389       4.091212633489747E-062
  -18.6967212089189       3.131255545603936E-011
  -18.6586288261987       1.353925162574523E-068
  -18.5429624934190       1.769510866985100E-066
  -17.8743598188139       9.013177278557572E-014
  -17.8547748657452       4.665546766355525E-074
  -17.7274910098381       5.423784441019099E-068
  -17.1506102169190       4.558770061569522E-075
  -18.5458599933296       7.348699897171453E-040
  -18.5270036239365       9.656673038656521E-041
  -18.4635825507882       2.839706928061856E-035
  -18.4580043952939       1.923926678973754E-039
  -18.4231271076452       2.250905507170353E-035
  -18.3074334067957       4.224809044887615E-038
  -17.6361976546293       8.784578026934917E-048
  -17.6172523927642       4.710914197044641E-041
  -17.4857105151862       2.976101756936598E-037
  -16.9016490523163       1.898029479516844E-043
  -18.5161787051165       1.732063459428234E-037
  -18.4980162929314       6.617631486763000E-038
  -18.4568395245427       8.103820835879523E-037
  -18.4349240225023       2.890770817500953E-035
  -18.4026073802229       2.414983687926672E-036
  -18.3176743049594       2.020370468519362E-035
  -17.6215259823553       4.940954265092905E-042
  -17.5739257476113       4.038169308863189E-037
  -17.5027426899320       4.043620044958780E-038
  -16.9234757618085       3.381332128588844E-039
  -18.2656780262591       5.595950239747169E-066
  -18.2501894903281       3.232527598047364E-009
  -18.2242489821412       3.025367118790280E-004
  -18.1937851491660       2.020496387216869E-062
  -18.1750835717616       4.880476705639439E-064
  -18.1004604664602       2.646507624454330E-066
  -17.3823376304086       1.578016893608315E-015
  -17.3403876703004       9.448576768937452E-067
  -17.2815224953868       9.554807379809447E-063
  -16.6946916229531       2.083704514991618E-074
  -18.2142289836891       3.923608038879940E-036
  -18.1988058354334       1.070890909383078E-037
  -18.1567283137006       5.209401149303105E-034
  -18.1378741703867       5.560631211597158E-034
  -18.1145187933734       2.987097420900295E-037
  -18.0219766690039       3.908777409795664E-041
  -17.3210212838229       1.391043927031939E-042
  -17.2918845339471       3.741295891190835E-038
  -17.1998616589489       1.120056879850547E-039
  -16.6143220763539       1.547723916611628E-041
  -18.1226164879682       1.092471725106473E-063
  -18.1048814945354       4.456993482301739E-009
  -18.0646906388162       4.430874897887922E-007
  -18.0420693835675       4.266758354238788E-061
  -18.0177998739081       3.937695308893835E-066
  -17.9283436564113       8.775842859043084E-067
  -17.2303491001685       1.056242826084820E-011
  -17.1947523641600       1.007060479865669E-067
  -17.1090387946604       5.334522775653490E-068
  -16.5263394304194       2.574022970016750E-074
  -17.6551020047849       8.080378559521161E-039
  -17.6526760206303       3.407247521153058E-039
  -17.6283080186779       7.768701245344213E-036
  -17.6117597842184       6.175663237804936E-039
  -17.5981575277806       8.570008192662404E-038
  -17.5225290705866       4.072498362907835E-039
  -16.7734475923488       1.657402064367339E-044
  -16.7503088618663       2.550650025683383E-041
  -16.6938557761272       9.302769318501218E-039
  -16.0948032562291       2.277502507381763E-044
  -17.6179459815355       3.874223432031443E-038
  -17.5953406085014       8.807117109819698E-034
  -17.5552543747931       1.033499332904078E-033
  -17.5273351166473       1.372979355140382E-033
  -17.5023397762041       5.873017102998772E-037
  -17.4135445184223       1.980776100517701E-036
  -16.7218765401810       1.125885323744528E-040
  -16.6807434337978       1.489427674518512E-038
  -16.5948644362001       2.868795224065897E-038
  -16.0121202193998       1.254502974767462E-038
  -17.4875827502346       1.787042561010535E-036
  -17.4762825844638       9.093023985476670E-036
  -17.4409646674687       5.649568639446410E-036
  -17.4216848994020       2.266423420160905E-036
  -17.4004860998408       1.663747020022432E-033
  -17.3158950317774       2.319863361479438E-039
  -16.5997100431015       8.911466845658919E-042
  -16.5687151925020       4.020517488179001E-042
  -16.4930327588933       2.017202834132188E-034
  -15.9050379416009       1.011616520085783E-041
  -17.3502111946465       1.039370159423758E-062
  -17.3288465650702       1.311019902667408E-006
  -17.2669175412423       8.086573777997931E-007
  -17.2583570599987       1.874360248803289E-060
  -17.2184608328033       1.155852294984593E-065
  -17.1083284810650       2.224445447924457E-063
  -16.4447825397356       1.530403784817011E-011
  -16.4115288233333       3.885295347549138E-067
  -16.2951894548983       3.069572261170856E-065
  -15.7211232031468       5.004347755371531E-071
  -17.3492282267011       2.951243946703579E-064
  -17.3218661235237       7.120229122555652E-008
  -17.2709644024061       4.662028425435137E-004
  -17.2457537094535       9.734499434723261E-065
  -17.2194031509687       7.148176184757593E-065
  -17.1155554982340       9.376847722142870E-066
  -16.4403396250612       2.041634364360516E-013
  -16.4094220289328       3.687179437809281E-070
  -16.2922428851547       7.074945648015793E-064
  -15.7055385050141       3.295912645847294E-075
  -17.0527968175365       1.272521711797870E-034
  -17.0477490458699       7.535489769627811E-036
  -16.9936039481420       4.965839440889556E-033
  -16.9810138384797       3.589249007313180E-034
  -16.9595693076113       1.142629307991251E-036
  -16.8420045706301       6.232471214832457E-036
  -16.1516708687730       2.949433454514177E-042
  -16.1482111921160       4.490016804172421E-040
  -16.0204647971809       9.208010201212781E-041
  -15.4372586035031       6.790870876932865E-043
  -16.8500060752500       4.597108581525620E-037
  -16.8198366486169       1.057008126228797E-036
  -16.7771477802749       4.235166793730163E-034
  -16.7432307095115       4.965874734024883E-033
  -16.7142370871798       1.357715146271687E-036
  -16.6238199780451       3.388713851348640E-034
  -15.9397677521021       1.005777830990187E-042
  -15.8873449556296       9.971437570151127E-037
  -15.8015308166242       3.479925764992942E-037
  -15.2171884084158       5.749059451256337E-041
  -16.6558992340211       5.133542992370795E-035
  -16.6479152687373       9.247428948491524E-036
  -16.5864253594653       1.360658939734285E-033
  -16.5677372399336       6.471171121402725E-034
  -16.5522416661136       8.803457942851048E-035
  -16.4147778279094       8.816565367314784E-035
  -15.7449840153538       4.962714339187495E-036
  -15.7265605906085       4.872522674127846E-043
  -15.5737383903119       2.637461337331206E-037
  -14.9666338160029       9.061052219435538E-039
  -16.6040268356112       1.443060664265952E-036
  -16.5969131645809       1.214966176131629E-039
  -16.5383763420475       6.290552900081383E-038
  -16.5217420995135       6.067622123801505E-034
  -16.5026512378355       6.539140771292076E-035
  -16.3734171077407       8.995921657385211E-038
  -15.6997946136937       5.210596169586773E-039
  -15.6929024447341       1.473940246645999E-042
  -15.5477335331745       4.460068594701393E-036
  -14.9584661464908       3.012934026096830E-041
  -15.4092683415618       1.573776224738636E-068
  -15.3519467148824       1.067697916332473E-011
  -15.2581427253656       5.106724114149558E-009
  -15.2403258271669       4.622707802915483E-066
  -15.1748312054275       2.392830419022470E-069
  -15.0311012997051       2.630700033863068E-067
  -14.4659248647830       2.115488414942948E-010
  -14.4077865276393       2.959717014399603E-068
  -14.2389854320973       4.712235964730280E-068
  -13.6866074017761       1.111197041817115E-075
  -14.8091809283467       5.237326780647153E-034
  -14.7639961479391       3.552537129077545E-038
  -14.6823161110563       1.144965953694318E-038
  -14.6670425665321       3.758422331660266E-037
  -14.6075171437750       5.014495791742085E-038
  -14.4792547258030       2.302580882290849E-036
  -13.8859821691261       3.999870039543505E-041
  -13.8281356229422       1.195521017596106E-036
  -13.6879825948427       1.922877390805120E-037
  -13.1379370456143       1.206935174680421E-041
  -14.7324302444040       1.036624499439645E-063
  -14.7022922256228       3.446009949931600E-007
  -14.6178559037102       3.664047333016505E-061
  -14.5924103015297       1.748926434479693E-008
  -14.5389677944016       3.279794499053561E-065
  -14.3802526320487       7.703921826409914E-063
  -13.8041760401000       5.479271647472976E-012
  -13.7744726354883       2.010194762313725E-067
  -13.5922013368009       6.312545381553970E-067
  -13.0447286837112       1.328635284531889E-072
  -14.6975122290368       8.341695790198908E-068
  -14.6432097228969       3.387054997394628E-012
  -14.5886574562105       1.401734851478558E-003
  -14.5381940798686       6.121848490200715E-063
  -14.5089047060852       4.503741060705285E-063
  -14.4011351807596       3.101139925328062E-065
  -13.7737872517231       3.072005686307155E-015
  -13.7188037224662       3.365485839777345E-069
  -13.5899532171172       2.179360210615357E-062
  -13.0151886827435       7.650648268175622E-074
  -14.6524284500092       2.794945704975592E-039
  -14.6353223683249       8.462647795871855E-037
  -14.5737846297377       8.430169562053884E-034
  -14.5692405214559       2.026046315670763E-037
  -14.5325599440652       2.141200343915533E-035
  -14.4212131136748       3.330275806240985E-038
  -13.7537047702898       9.006313209800817E-047
  -13.7295278993404       5.362561265808208E-042
  -13.6089847891522       5.090470923463141E-036
  -13.0353578224874       1.894269377530507E-046
  -14.4838173397744       1.850273304704982E-040
  -14.4702316268488       1.175447032254331E-035
  -14.4068444687495       1.546231196215016E-031
  -14.4034794157617       8.882351379234700E-032
  -14.3694766796287       3.698729308154312E-036
  -14.2515729937544       4.637357585613963E-036
  -13.5849729327220       1.788771940134039E-041
  -13.5712622808243       4.786316689476028E-037
  -13.4387476703241       2.433328491203632E-037
  -12.8638739378846       1.181528832678513E-040
  -14.4872660956377       1.259455548726279E-036
  -14.4690051746546       1.828906578285247E-038
  -14.3973835161209       2.822005066496562E-033
  -14.3611395829246       2.561137704516421E-037
  -14.3202972623493       1.911571969507251E-037
  -14.1648145794698       3.405718341217434E-036
  -13.5675588400948       1.204797273777750E-040
  -13.5469701181502       1.022856430005049E-037
  -13.3735193329865       4.558201286148443E-037
  -12.8237141018367       9.226226187654569E-039
  -13.9183123733341       1.925264452282765E-041
  -13.8953068319242       2.364631783177777E-039
  -13.8247172811023       2.223036461925343E-033
  -13.8203392637277       2.466329313644013E-036
  -13.7826300420101       3.881492265785469E-033
  -13.6579048776696       2.051865887539395E-038
  -13.0027643369055       9.412595520338322E-045
  -12.9882193278209       4.126603033667451E-040
  -12.8379556874749       1.246769561436716E-033
  -12.2542027141455       4.291544351709327E-042
  -13.0928213001322       1.077837746603987E-036
  -13.0717450939608       1.272674588059922E-035
  -12.9964698867733       1.556102724560874E-033
  -12.9824896379832       4.489890996238913E-034
  -12.9431930694200       5.350236285591199E-037
  -12.8002676825052       2.278486962724053E-034
  -12.1552458332295       1.245082477476482E-040
  -12.1446249688226       4.618925864418799E-036
  -11.9737308894023       5.580370547436463E-037
  -11.3849058425734       2.360796637994040E-038
  -7.88410471903287       9.678581441474969E-064
  -7.84260486326449       8.764935186584376E-007
  -7.74465353155045       7.245615794497640E-061
  -7.70336026717452       1.090186856586733E-007
  -7.63774081347582       4.428119668925778E-065
  -7.45021778248503       1.636919446143962E-063
  -6.93175846792498       3.771388718312479E-011
  -6.89219127456937       7.663636508276313E-066
  -6.67625144742744       6.259484777534293E-064
  -6.14369550195004       6.255467784053486E-071
  -7.86045132160429       9.605270613130368E-067
  -7.78132360371130       5.882391345785124E-011
  -7.72194551640486       1.873303184261210E-003
  -7.64951486398717       1.705032112994915E-062
  -7.61718292204729       4.796340044710226E-062
  -7.50393036791414       8.241192376446736E-065
  -6.91171568253584       1.421379307228941E-014
  -6.83559218188872       4.030547709222679E-066
  -6.69488308263449       1.573680360457233E-060
  -6.12193896751188       2.338621515373142E-072
  -7.89185785655617       1.461236115081100E-033
  -7.80841588393043       5.594905071762507E-038
  -7.71026967035468       1.598913840005564E-036
  -7.66933584093152       3.866881085761854E-034
  -7.60031234236183       2.169400567894646E-038
  -7.45164063080444       3.656212184164528E-035
  -6.92503213692139       3.788157400943814E-044
  -6.84324943874083       5.492884460718138E-037
  -6.66463340473806       8.315784801727900E-038
  -6.11693174989815       2.137281680275665E-041
  -7.65744769019649       3.065821978716390E-034
  -7.65071004814328       1.054495900392350E-035
  -7.59086564784275       3.089306601071314E-033
  -7.55180162344720       8.554826307235385E-034
  -7.53259071175148       2.273202560338730E-035
  -7.38247692030364       8.230489932444297E-034
  -6.74864478713951       1.608868521843475E-038
  -6.74289048852902       1.783974992673424E-041
  -6.57479599198859       5.671214260628604E-037
  -6.00594472374055       2.833589788117910E-041
  -7.59506659837555       1.780594943064636E-039
  -7.58864786921474       1.788180789108193E-039
  -7.52911761084815       9.043637477325052E-036
  -7.49052615959334       4.408728428806909E-032
  -7.47229990087589       2.711137404891318E-032
  -7.32268983980122       1.694787438201792E-038
  -6.68713569854177       1.519000438538216E-041
  -6.67999479170592       8.211513180138143E-044
  -6.51333179672426       2.195388565253958E-036
  -5.94258020875416       6.895785821645742E-044
  -6.73892454301306       1.822683665407987E-035
  -6.70813214240501       1.182604249450198E-035
  -6.62465441602589       1.271459813792036E-029
  -6.62463333470480       1.233673479194612E-029
  -6.56937029383361       3.142288930895221E-038
  -6.43569117958916       8.679741186379385E-035
  -5.81031659959170       2.765735656657469E-041
  -5.77694848902777       7.407710397262367E-037
  -5.62469997080151       4.164591861637195E-037
  -5.05362557433499       2.538549018736880E-038
  -1.31199779646084       1.387656474702501E-064
  -1.21330531435817       6.429095872664232E-008
  -1.09439307012622       4.705419252568526E-008
  -1.05667844155168       5.799628869893312E-061
 -0.969588547375409       3.446507699876806E-065
 -0.799612680305355       5.286862606111211E-062
 -0.312491597780120       4.954644457390330E-009
 -0.219368862824503       8.842090610686698E-066
 -1.378207936835807E-002  1.892483023888049E-066
  0.532607880768161       1.877822784276820E-074
  -1.01119933729688       5.120403592550862E-037
 -0.999056345780151       4.515984313222260E-038
 -0.929664121024331       3.590723669361752E-033
 -0.837036400050778       2.253310197850731E-034
 -0.809080404532875       3.789397216495269E-036
 -0.598217575826453       7.668259718973825E-037
 -5.649221896607415E-002  7.268622419355692E-036
 -5.549130075346653E-002  6.928657978885927E-034
  0.184958772845313       9.928438399985894E-035
  0.726436146805703       7.376643636636703E-038
 -0.868788784892004       1.733819855378148E-038
 -0.818732198128995       1.107316698443283E-036
 -0.749283110433232       7.771542981577435E-032
 -0.715211467383508       2.374808891631646E-035
 -0.676399386423483       5.368678540936947E-032
 -0.552275630373614       5.910017545688089E-040
  7.602696148124011E-002  1.309757900671500E-046
  0.119249487419800       1.819458032060490E-037
  0.272009176032540       1.920982546556556E-032
  0.859970289521254       6.438365582549194E-041
   4.48708491554283       8.664417346638574E-035
   4.52722717209902       1.314078587066038E-035
   4.62177969929217       9.843132027903520E-032
   4.62450048584167       7.291198528530931E-032
   4.68855629737014       7.501118813274882E-039
   4.83642301761634       7.685219407027659E-035
   5.42665806282434       1.849220624314134E-040
   5.46514329361408       1.771439527225281E-035
   5.63821680546443       1.286681715427167E-036
   6.20036009078995       8.852058214503799E-039
   13.5554072941189       1.454170934004633E-062
   13.6127844972960       5.754071188808054E-007
   13.7291724320957       2.000841358800878E-059
   13.7795597982596       1.257129604463120E-009
   13.8612417481662       2.152081019283038E-062
   14.0772441014469       9.340579211719437E-064
   14.5484824092710       5.548860901060922E-011
   14.6000942237930       8.674505094030534E-064
   14.8508076863558       4.550879552299727E-063
   15.3828111005547       7.005586524221042E-069
   13.5747277104860       4.701980454416143E-067
   13.6740194703031       1.054799590675390E-011
   13.7554996589378       1.304411708664842E-003
   13.8296555945841       1.444889083268925E-061
   13.8798949771791       3.770939571621829E-062
   14.0156085513980       7.918313805570969E-063
   14.5656671186301       2.629226013665199E-014
   14.6566043388620       1.667692314553150E-067
   14.8278877494031       4.993547259492442E-059
   15.4034104835217       8.998269320494320E-072
   13.5494745423303       1.035713299719749E-033
   13.6482973781936       2.567700412406306E-036
   13.7760093291392       1.664621600680726E-034
   13.8057090440557       2.651059228073676E-033
   13.9007851104041       2.794183248588074E-036
   14.0796025809062       2.145702136008509E-034
   14.5576310305947       1.335905524772457E-042
   14.6500749765984       1.020815533269781E-037
   14.8656108366396       6.337579696003324E-037
   15.4119246450009       3.660323005545227E-043
   13.7605415142249       3.601979994606879E-034
   13.7768177504788       4.285243449831564E-033
   13.8492365078584       3.845176620270678E-032
   13.8974951206302       7.685357513212087E-034
   13.9299675390805       2.169612036295252E-036
   14.1027214246947       2.586990774727164E-034
   14.7078095829205       1.349194870885481E-038
   14.7108825807824       1.372331319671259E-036
   14.9145495546415       3.526429137010849E-037
   15.4871434126506       2.394091713129634E-041
   13.8264060718186       4.292980957388986E-037
   13.8409872327349       9.785748495131809E-038
   13.9118359181269       6.623814095211359E-036
   13.9652972780580       5.345086055482377E-031
   13.9953487755804       5.410345929580818E-031
   14.1715563763884       2.020124003933173E-040
   14.7742375193212       1.437196239576573E-041
   14.7749587365314       2.615102470979992E-040
   14.9821294639417       2.336743207821464E-033
   15.5533038641286       1.014691099328077E-043
   21.3918365773932       3.753229112990488E-048
   21.4963258941016       3.077211728943350E-009
   21.5861825646871       4.765837842922831E-009
   21.6560779651142       4.037175981560276E-048
   21.7189142869916       3.266396507284332E-048
   21.8587769553189       8.197683772924103E-054
   22.3691530463773       2.751941300781816E-010
   22.4749873313517       8.884705315271761E-049
   22.6428422568390       3.863843844054837E-050
   23.1872967053655       7.165312639865524E-051
   22.7148805875093       5.498850796706018E-026
   22.7165088409227       2.581173502225354E-026
   22.7711619907043       6.439054455556598E-027
   22.8606633426291       2.933265389932539E-025
   22.8637741472114       2.954048080149066E-025
   23.0498757144240       2.793681246970336E-030
   23.6269773444101       9.008202637678709E-028
   23.6368995417547       6.775772518491797E-028
   23.8209565666661       4.543573272589786E-030
   24.3479460221607       3.080794722928803E-031
   23.9205002901622       7.093780894712150E-045
   23.9542086093864       5.842514209609640E-036
   23.9751345596148       1.588236229123645E-032
   24.0289648644262       1.572342231435376E-034
   24.0318246687105       2.800684837221340E-036
   24.1134182077765       8.316481305444574E-038
   24.8216414554549       3.255133129575285E-042
   24.8493792208770       1.318449178232697E-038
   24.9488711450270       7.459518919386015E-033
   25.5570142473247       3.723491507436726E-044
   25.4069606048890       4.644207038021170E-035
   25.4430286219354       5.046666293944811E-037
   25.5381601001566       1.453747256859312E-034
   25.5757632662983       1.573885935102758E-033
   25.6279491492030       1.444185633541822E-037
   25.8156998600011       9.647371275179510E-034
   26.3742972750993       1.318657546220394E-039
   26.3861915437627       2.249068101702668E-036
   26.6209095114301       1.061286878310324E-035
   27.1908056599396       6.360841406615082E-037
   57.5727764822745       7.392479112274608E-065
   57.6793648539095       6.494447496407893E-008
   57.8193558524393       2.943247009505320E-008
   57.8457350872140       1.610248625595687E-060
   57.9504176859032       5.399944337544348E-063
   58.1422324065516       1.561997786717551E-061
   58.5876830494901       6.123804316546658E-009
   58.6820890283062       9.575145348708837E-067
   58.9174844915265       1.122622946279144E-061
   59.4545475598947       1.102291307584219E-070
   58.1762617769736       1.874061648039906E-035
   58.2027242302056       2.034804667488130E-034
   58.2882024708218       4.026837611436715E-033
   58.3817506658976       1.453967806322132E-037
   58.4266340344767       2.815328267665986E-035
   58.6555354523127       4.012132974848866E-035
   59.1480552718888       3.882487437397630E-038
   59.1610193724169       2.418573238340310E-033
   59.4275417479097       1.340931407572981E-034
   59.9589790652715       1.452241234990815E-037
   58.5694859517421       3.257630833834904E-039
   58.6316868171554       1.722450371970909E-038
   58.7324146438336       7.368266417678101E-031
   58.7510401270418       1.526639767819204E-036
   58.8159660436150       4.966569793090235E-032
   58.9712328710525       1.628233080032670E-037
   59.5377641233740       8.215530903998614E-042
   59.5852611357465       2.357414992986094E-039
   59.7805532535380       5.062852970519956E-031
   60.3538256742809       5.682565709240905E-041
   65.1298636590370       2.289574339511749E-035
   65.1850748874798       6.145198215317876E-042
   65.2981795625503       1.314187152819966E-033
   65.3140674637477       6.523250808491817E-034
   65.3914217069730       5.289443408470940E-039
   65.5723871219815       1.301172921719189E-036
   66.1014443774349       1.536738997968830E-043
   66.1455269540047       5.101700547530676E-035
   66.3642529475719       1.319153326313321E-036
   66.9175736538416       5.840010297531417E-040
   90.1230546239006       1.406462069191758E-063
   90.1894818378176       6.874845420847427E-008
   90.3159489025679       1.282730449063259E-059
   90.3612665158431       9.436012066628817E-009
   90.4509318321937       4.103312669347424E-061
   90.6731931398891       2.598697862290889E-060
   91.1265567092608       1.009353583654083E-011
   91.1821365385402       2.306577300704585E-063
   91.4450124228074       8.009772429650449E-062
   91.9766895824124       3.207480513487395E-069
   90.1366487647688       8.685289393902147E-069
   90.2337725099712       1.891862254041273E-011
   90.3440982482792       1.534162647527204E-004
   90.3894889897838       1.313707312650418E-064
   90.4649966905698       2.007751412981405E-063
   90.6290764257485       1.280337622794613E-067
   91.1390484407558       7.568468368928321E-015
   91.2231680177449       2.081839489911633E-069
   91.4291077582461       1.120210720925315E-063
   91.9922149939522       1.705221612521219E-074
   90.1197505211969       1.366001714620167E-034
   90.2160369333676       1.036511269585460E-037
   90.3610991965601       2.522093084349388E-033
   90.3721802423765       5.419521029512443E-033
   90.4817903324139       2.054560719922576E-036
   90.6785567814551       1.886567301126034E-034
   91.1346399740429       2.375292325493922E-046
   91.2195582014701       1.717823839656604E-037
   91.4585213567677       5.511669893259617E-037
   91.9996484239669       8.350887529662254E-042
   90.2715253157300       1.262310773627227E-041
   90.3065804596248       1.767016636770337E-034
   90.3998467723149       1.288164849907905E-033
   90.4442078162084       7.952793552833912E-035
   90.4984102813153       5.104152944031478E-037
   90.6885623527173       4.295839147621829E-035
   91.2400576613694       5.745224600600457E-042
   91.2603987299164       5.178011393121572E-037
   91.4888861666585       7.496150811757267E-038
   92.0506683344125       9.616709446653644E-044
   90.3281407235409       7.894613425946365E-039
   90.3608861656919       6.916866862096064E-037
   90.4519489337280       8.675065884602640E-039
   90.5028919685824       2.962349350387523E-033
   90.5544476194627       4.340398723088139E-033
   90.7487545579951       2.510609305762498E-040
   91.2968172583767       1.496122480726198E-045
   91.3146791949065       1.611704127164006E-041
   91.5472567503552       1.097532565976469E-035
   92.1070043131307       6.802673569950983E-045
   141.219997030982       7.127596134275699E-036
   141.282023989115       1.323637966769465E-035
   141.402561971111       2.058735071625819E-032
   141.419337268754       4.206556967982657E-032
   141.503540640124       3.265077422899271E-036
   141.692704917402       2.496660954711858E-033
   142.197012431061       2.413834131781310E-041
   142.246522735470       1.075285368662091E-033
   142.476058509525       2.854913185604262E-034
   143.021139006952       1.215958209751117E-036
   268.877302207610       2.070409482249828E-066
   268.963785185289       4.495352266083154E-009
   269.109791963460       3.204947645114539E-061
   269.115069039555       1.646332471661806E-009
   269.221205986121       4.995057087192543E-062
   269.424303930747       1.749912755361159E-062
   269.835952895595       6.398040602137036E-010
   269.898472771947       8.197055322331835E-071
   270.157402734925       2.631034858202631E-062
   270.656896857016       1.243535539613274E-071
   269.105135682363       2.036010095276056E-037
   269.150249846185       1.693468291153742E-034
   269.254455521780       1.009737587492376E-034
   269.321826868917       7.439668592544380E-037
   269.383614250666       7.517169014538470E-037
   269.606140092006       1.892801674113869E-038
   270.041950496870       6.137596141252043E-038
   270.062536789906       2.504523886815387E-038
   270.337976674425       2.552909423837172E-035
   270.834913432952       2.510959541530128E-038
   269.230443694619       3.184655377097456E-040
   269.294380170196       9.004990217270455E-037
   269.416676849672       1.568894960573400E-034
   269.426739228114       1.549330159684099E-030
   269.508443997021       5.620248967816120E-032
   269.693942775242       1.411490300125445E-037
   270.165937187027       1.055470398782626E-041
   270.204280562311       2.683215826742813E-037
   270.443952594083       1.027274475890588E-030
   270.961299702692       2.639133198612091E-040
   290.125490314767       9.887909970551114E-037
   290.190160609788       4.446994004687677E-034
   290.313779898768       1.001773853582873E-032
   290.335089728850       3.341266021866025E-032
   290.420565879838       6.377126060284905E-036
   290.617509139357       2.255581547472600E-033
   291.094436479711       3.423320042221032E-039
   291.142025286443       8.537548106825520E-034
   291.384798949967       3.813917374808744E-034
   291.915360425346       3.868240796265519E-036
   362.352958083057       5.783269525855803E-065
   362.419399598699       7.193347659417020E-010
   362.545435070316       3.062195809161396E-059
   362.586040628511       1.041259670314339E-010
   362.671589193118       5.592166819893398E-061
   362.889388856563       7.827299296492198E-060
   363.309225608180       2.090418396937122E-013
   363.353228198636       1.379405273746140E-063
   363.624136810237       3.983934268300846E-061
   364.123794103725       1.814179600916474E-068
   362.363210539176       1.326363214095217E-068
   362.444644815845       1.206244941555183E-013
   362.581121957882       1.394918606398098E-006
   362.585120612820       5.227508814007461E-059
   362.682031774095       2.972462551272034E-060
   362.871329454837       5.813389832072103E-068
   363.318949545964       1.912261341294973E-016
   363.376640546987       1.599232484013290E-067
   363.620045348922       4.157098679183632E-061
   364.135397287640       6.063296721826169E-074
   362.354886447199       7.705034827229551E-037
   362.435359503669       5.163553796724392E-038
   362.575404916676       2.491528072633053E-036
   362.589735604541       9.831881561971650E-036
   362.690007244560       4.920733720420410E-038
   362.896141263425       2.005634148976451E-037
   363.316610127491       1.292067807015314E-043
   363.374360794487       7.778735450725385E-040
   363.634544583846       7.049745694252452E-040
   364.138568755228       1.502185904420753E-042
   362.441852094870       2.644558966767030E-039
   362.492958109433       1.285869822293058E-034
   362.602764580775       1.607046531655200E-037
   362.642093388486       1.011036263179137E-036
   362.710525755090       7.017022817347880E-040
   362.911954581267       4.882498061244264E-035
   363.380721581350       2.019593139679504E-040
   363.407599814458       7.113691288759421E-038
   363.661071271524       1.832766674744537E-038
   364.175964540415       3.493395519908599E-043
   362.479857737048       9.455775857321886E-042
   362.529265608145       1.329179410040902E-039
   362.637423329698       2.828548331271933E-039
   362.681419023298       4.869402967984245E-033
   362.748030259546       6.363165077278811E-033
   362.952309544876       1.181493819966096E-041
   363.418662357663       5.249597790006450E-046
   363.443899424179       1.134383181687626E-042
   363.700098967528       6.911733619887606E-035
   364.213491379227       1.112546863031929E-044
   587.239603030689       1.182191293056162E-040
   587.304157060143       1.875154062876515E-035
   587.427659808336       7.818279073819929E-038
   587.455786723721       3.934480191984809E-036
   587.538360015713       1.921327602965644E-037
   587.741885994581       2.905989066328779E-035
   588.179323134257       2.019721321863065E-039
   588.218838298451       1.043095976894369E-035
   588.477329354269       4.356592333294854E-037
   588.979296438227       2.619421000085429E-038
   1638.95025284068       1.491485958898167E-038
   1639.01200902442       2.695414552689709E-037
   1639.13230845620       5.430480550164681E-035
   1639.17042050613       2.871082431120412E-033
   1639.24544215657       1.669669809071620E-036
   1639.45492795765       1.537475955863789E-033
   1639.83846449578       1.990840402310909E-040
   1639.86233031757       1.871064490223922E-034
   1640.14153241553       3.527744483073602E-035
   1640.60025453251       2.194174784681099E-037
