                  1056
  -19.1322517842614       4.040177659117658E-040
  -19.0911072001145       9.048337574821255E-005
  -19.0849678771849       1.392592364304185E-035
  -19.0715476671485       1.007354300424616E-036
  -19.0373135706380       6.995536912636058E-008
  -19.0370103979699       1.389993348685818E-034
  -19.0115947123805       7.227528025529031E-005
  -18.9895252833158       2.529143037683922E-007
  -18.9045509835820       1.236132940992233E-004
  -18.4485012153359       6.787648651795304E-038
  -18.4025826417460       4.034156106802914E-004
  -18.3550945368049       5.576949359465439E-007
  -18.1881787426914       1.873834995046016E-039
  -18.1511133793938       2.554696320905124E-005
  -18.0727038635117       4.968102547847557E-008
  -17.4783948578126       4.599101155864575E-005
  -19.0801780612106       3.322130149726272E-036
  -19.0227320755589       2.711267083399064E-008
  -19.0085697808304       5.005222184582129E-033
  -19.0066483526484       1.726840022802225E-033
  -18.9594866697319       7.287330923076158E-005
  -18.9449803634237       7.705125418604183E-008
  -18.9124175155805       6.446379917110435E-036
  -18.8780349860467       1.433938576232175E-006
  -18.8125225638018       2.002409623771349E-008
  -18.4044507793083       1.857604121479128E-036
  -18.3670172263627       5.081974989187670E-010
  -18.2557924153902       8.527487643812369E-004
  -18.1239965926119       1.419020315188092E-035
  -18.0932427374182       1.069884703310212E-008
  -17.9886179950703       7.246988400518374E-006
  -17.4137770646145       3.274521373297042E-008
  -18.7623408696172       2.340973768166430E-034
  -18.7203918476466       3.319709010137066E-034
  -18.7134848601752       2.388104697613053E-006
  -18.6859185069590       8.446298690774424E-033
  -18.6528194164306       5.655563595108531E-005
  -18.6335185405355       1.275404376211675E-004
  -18.6072273060101       2.555152953796379E-033
  -18.5833134647151       6.104408304937456E-006
  -18.5342493214226       1.033332090666347E-006
  -18.0990670078675       4.043603946320805E-036
  -18.0387400044446       4.037058430626961E-006
  -17.9583270534644       4.931677500703488E-004
  -17.8251126675276       8.013981672344787E-035
  -17.7944866989676       4.897081994802040E-007
  -17.7102080060048       2.079898075393521E-005
  -17.1308766637056       2.243821901464290E-007
  -18.7326853609390       1.084389942713462E-039
  -18.7096830306417       1.442034269368895E-004
  -18.6983919013505       1.267036738056059E-043
  -18.6760112832148       1.506446223047199E-034
  -18.6480161127578       1.467745928899329E-033
  -18.6378444748450       3.709666533035117E-005
  -18.6162761770330       1.917980821976187E-006
  -18.6094219727044       1.620990642478292E-005
  -18.5407172015195       1.219872277306629E-005
  -18.0696296640704       9.582373961660259E-033
  -18.0066955565163       8.788111370909014E-004
  -17.9665160818571       2.947663480500743E-005
  -17.8199013301695       6.341079057567234E-036
  -17.7778069951181       3.859007972471349E-007
  -17.7160650194911       8.873553895048432E-007
  -17.1243062944748       3.665565080980350E-005
  -18.7460023281995       8.771993149481765E-005
  -18.6857632327365       3.349537769447629E-040
  -18.6761941114036       5.133272619431523E-008
  -18.6301551737609       6.135528254647169E-033
  -18.6055043064610       3.075073389876854E-038
  -18.5672552754442       1.837327547570778E-035
  -18.5561616002449       9.682655442966472E-005
  -18.4781998250500       9.261437317528026E-008
  -18.4513734187567       4.047265102915027E-041
  -18.0220124428951       3.426309788527532E-034
  -17.9732231300667       1.816450728134431E-003
  -17.9372307100643       1.834591182018402E-033
  -17.7655295519096       1.379690274508382E-035
  -17.7495657110593       3.686819540603819E-004
  -17.6373911076679       2.450109420592167E-036
  -17.0629394084888       2.862956206688937E-041
  -18.6644823300569       7.402311959318963E-038
  -18.6209234662956       7.817314858644497E-005
  -18.5736886248449       8.004890998409264E-036
  -18.5517466068266       3.819775467340807E-006
  -18.5441745017363       6.891716674520978E-035
  -18.5415795013063       1.480007506566907E-004
  -18.5326961959776       7.533611360448270E-033
  -18.4317957566947       5.728997446013877E-008
  -18.3746220797042       2.898387403841248E-005
  -17.9603104240104       1.041063685125573E-032
  -17.8844816315709       9.441403175830444E-004
  -17.8402552298974       8.673555905544014E-007
  -17.7028619503818       5.600949823267854E-038
  -17.6826870690982       1.948422582644427E-004
  -17.5475175359989       2.672549779642014E-008
  -16.9578784018634       5.113262202514791E-005
  -18.5116746541316       2.255899203608185E-036
  -18.4547489630028       7.950673329124048E-009
  -18.4361047487803       8.832828201293121E-033
  -18.4236440854571       1.619184637841083E-033
  -18.3855814748794       8.672414589414438E-006
  -18.3671816129486       3.155302241244638E-008
  -18.3171691961401       2.766511325735852E-033
  -18.2838587163858       1.474737876812073E-004
  -18.2163913019651       6.520764892551484E-008
  -17.8132110582343       1.289778534469144E-035
  -17.7842114975791       1.139105885319576E-007
  -17.6446626535882       1.035357869986939E-003
  -17.5468807955445       4.429776969903413E-036
  -17.5288587806042       5.894388911578753E-008
  -17.3900561749472       1.907945037589318E-005
  -16.8146179795166       1.032360366954660E-009
  -18.3847225470841       1.060815492240742E-040
  -18.3540726576839       4.852806452105763E-005
  -18.3366675100561       1.228202027307525E-039
  -18.3142702271475       6.497626121052891E-036
  -18.2786727582725       3.867428679186580E-035
  -18.2738128166590       1.654070416666356E-005
  -18.2679199968232       5.533434080558577E-008
  -18.2348798099434       1.031137989528520E-007
  -18.1382681140794       4.608039699644826E-004
  -17.6943663503387       5.007157582492431E-038
  -17.6540018542196       5.168843869707344E-005
  -17.5757133898918       1.550546531175398E-008
  -17.4489325012112       2.573612119940436E-039
  -17.4115917596374       2.146514412988649E-005
  -17.3188866052663       3.970255517161395E-008
  -16.7390296063429       9.448172084626574E-005
  -18.2102489702101       8.297613724486586E-009
  -18.1741695740459       1.924926021440615E-037
  -18.1485899684235       1.401258132018142E-005
  -18.1405026195974       1.942513498346872E-004
  -18.1367393069320       3.765685013823622E-030
  -18.1086899758117       9.986051242198663E-005
  -18.1027069391446       5.851333254392535E-034
  -18.0560346504277       3.844002848102496E-035
  -18.0090707833379       8.556296217796927E-037
  -17.5335195549965       3.557131557529203E-008
  -17.5287584424660       3.593065521826673E-034
  -17.4453217191342       3.818906659243914E-038
  -17.2930203093348       4.812793306858683E-009
  -17.2511317856091       5.538643699701141E-037
  -17.1904303345049       9.435601130260527E-038
  -16.6077309522047       4.175152728266169E-038
  -18.1301738794721       1.454879477737114E-038
  -18.1180095905903       9.570340768265086E-005
  -18.0889379379806       1.329055137348359E-037
  -18.0864658679254       1.059914973275627E-037
  -18.0575163404073       3.747243276257674E-036
  -18.0438893842654       1.042588729197761E-006
  -18.0322747779258       2.440790197401721E-004
  -17.9958130129760       2.087401307576718E-007
  -17.9192725217433       1.579375457496304E-005
  -17.4725142519356       5.015495086622485E-037
  -17.4183939089825       1.367444010345018E-005
  -17.3841033348124       1.595420294837135E-008
  -17.2244376344030       4.859238353797812E-039
  -17.1878828903906       1.033167169610006E-005
  -17.0992385004105       7.619367088927016E-009
  -16.5160674083243       1.160687274593021E-005
  -18.0311745070889       9.315135816819357E-036
  -18.0231677280920       3.526100639804914E-006
  -18.0134694655823       3.636303436283780E-004
  -18.0017840959342       3.258061308257694E-006
  -17.9641788922241       1.235948078932642E-031
  -17.9610322616100       1.332541566649406E-007
  -17.9509617092675       5.329465362376740E-034
  -17.9164618033212       7.841153042731461E-033
  -17.8369872561110       1.030927443518711E-037
  -17.3767007871619       1.737850673034460E-006
  -17.3439601676570       4.239717693987124E-037
  -17.3079256096172       8.282208748824388E-037
  -17.1409006599676       2.727150806930666E-006
  -17.1056989761809       4.986853155016898E-036
  -17.0196682959162       4.072383318752419E-038
  -16.4393729268569       7.763763384259095E-038
  -17.6363020479432       2.222690020033847E-038
  -17.5939767633235       1.510498851685744E-035
  -17.5636414977781       1.347474257936697E-008
  -17.5596322791257       2.017536329985448E-032
  -17.5588546120475       3.032611141024244E-006
  -17.5291549061791       6.849520744981229E-035
  -17.5204561917672       6.970412359848644E-008
  -17.5050076844661       1.452461610671490E-006
  -17.4310895188241       9.541475451865346E-009
  -16.9795139201086       1.482615977907117E-038
  -16.9532061202403       4.641409649640653E-009
  -16.9033912174950       1.056980696604114E-007
  -16.6843469715458       1.018781100382692E-036
  -16.6617942051834       7.250570537688002E-010
  -16.6041841566018       2.240780469279472E-007
  -16.0080068104154       2.386818802622961E-010
  -17.5426338030635       2.136594480188639E-036
  -17.5210542739200       5.479454486977919E-004
  -17.4758548850967       8.386338034023242E-035
  -17.4693795311507       3.100230704968995E-036
  -17.4515262782501       4.694830731846058E-006
  -17.4304015573505       6.049321672037993E-005
  -17.4291534475413       2.005848169938325E-030
  -17.4037167329606       3.277679327565010E-006
  -17.3205906012360       1.397955462595288E-005
  -16.8432370914449       1.705570748121504E-004
  -16.8406263107337       4.949357417125867E-034
  -16.7687206821093       1.321437528053454E-006
  -16.6262246052961       1.969185313305130E-037
  -16.5875773795741       4.819843392111753E-009
  -16.5035624003052       1.554929321125672E-007
  -15.9220319626832       1.735051029107652E-005
  -17.4411764461538       4.461621927351926E-035
  -17.3973529119782       2.174912974912627E-034
  -17.3964286426306       3.370644098911161E-006
  -17.3703916430187       1.429843837955438E-033
  -17.3322184721309       1.382879630164632E-005
  -17.3170009437725       2.979721746217720E-004
  -17.3160630936781       3.389548287984201E-033
  -17.2940725696368       5.881964860615376E-005
  -17.2247819612448       3.135146438614168E-008
  -16.7776416204717       1.385319555427338E-036
  -16.7189496402508       1.220552295656271E-007
  -16.6549163077212       2.869591925837822E-004
  -16.5096519442334       8.979839222114456E-036
  -16.4802683848718       9.606921830801156E-008
  -16.4027175878311       3.500933386018477E-005
  -15.8184712075816       5.710974309648967E-008
  -17.2587002572769       1.187062610853540E-036
  -17.2494066258768       8.899596813025214E-005
  -17.2345182807458       3.931612626369971E-004
  -17.2191775400356       1.103515337258589E-006
  -17.1801130220047       2.259994079533231E-034
  -17.1669225206490       1.460100133378572E-037
  -17.1522041179592       2.422575537193711E-007
  -17.1141617576937       5.796498812326700E-035
  -17.0168300250684       8.289388463210954E-039
  -16.5863176852471       2.170999800894939E-006
  -16.5588393068418       5.140230596882534E-035
  -16.5068094292561       3.331191699308731E-034
  -16.3545330634775       1.653312029874354E-006
  -16.3226182237812       2.984501039199474E-038
  -16.2052781637951       6.547409025254099E-038
  -15.6340477915301       2.199131152465462E-038
  -17.2821890967577       6.270039269283331E-007
  -17.2577946465200       5.592086346422327E-037
  -17.2124435278473       2.175754341844807E-005
  -17.1850394336509       3.427851728076232E-004
  -17.1746930313948       4.308705154330389E-032
  -17.1622237930973       1.195632646068471E-004
  -17.1528273961756       2.574533961767767E-033
  -17.1195691510201       1.344309081719482E-034
  -17.0240563216061       8.720888485935608E-037
  -16.5753176636399       5.639875436789917E-008
  -16.5721947751223       8.380423889530011E-036
  -16.4745485583272       3.894219767147337E-034
  -16.3496857576250       2.906563666944594E-008
  -16.3205112339886       7.955533486218873E-040
  -16.2025359879944       3.326182351557793E-037
  -15.6182008011021       4.615803007735582E-038
  -17.0131366499429       4.733847290016830E-039
  -16.9615557255946       1.636506731153253E-004
  -16.9323892991769       1.017053790843114E-037
  -16.9315961358479       9.411418042495421E-038
  -16.9027763764572       2.199068779162371E-004
  -16.8911508575824       1.210879875719706E-006
  -16.8824558627714       5.850493785161047E-034
  -16.8495482009022       1.846419479000113E-007
  -16.7503482152803       1.017421082495428E-004
  -16.3245405046036       1.306458705047790E-035
  -16.2751717450781       1.631020506394001E-006
  -16.2079544797084       5.114478047268898E-009
  -16.0616696792713       1.442861363845790E-035
  -16.0580666395085       2.559650240342225E-006
  -15.9311371164825       3.230431618344678E-010
  -15.3501353940840       4.590804557856653E-007
  -16.7050794614134       4.305368736792284E-038
  -16.6846403979972       6.304578904806300E-005
  -16.6601474427895       8.771456588340974E-036
  -16.6550913726218       1.462070697801086E-035
  -16.6244687623278       4.083984773283466E-034
  -16.6025234961017       3.014486379310977E-006
  -16.5982310831233       2.011536648408182E-006
  -16.5808603213653       4.816036418998363E-007
  -16.4941747461956       1.207010551319205E-004
  -16.0429035341412       3.524421718179051E-034
  -15.9931235303410       6.235801059827085E-004
  -15.9421721500245       3.123622079468166E-008
  -15.7922294264024       4.065432938579935E-037
  -15.7573652886178       5.273742797857681E-006
  -15.6723304948558       8.799563955585081E-009
  -15.0862139502918       3.956813376549701E-005
  -16.5677946243740       1.306517428213248E-034
  -16.5136122344276       2.640964215656652E-008
  -16.4989178476954       2.101544491816415E-033
  -16.4768681544908       1.672795408529935E-034
  -16.4484365060185       6.798628828286428E-008
  -16.4286156291681       6.722918807428976E-005
  -16.3935304340954       5.756066177962947E-031
  -16.3899347391739       3.172301723783591E-004
  -16.2828262239554       5.575247896844904E-009
  -15.8649297046255       3.460416527606467E-034
  -15.8337513488678       5.053395740641797E-007
  -15.7131082702282       6.282530523200405E-004
  -15.6121550073566       1.746431196179035E-007
  -15.6038597766229       8.285727825038275E-037
  -15.4563755899376       2.204932310554411E-005
  -14.8720453497542       5.717820132675014E-008
  -15.7685663576845       2.135203913629061E-036
  -15.7537035717100       2.009834579474604E-004
  -15.7154489326584       8.893073789183359E-035
  -15.6682955125979       4.325851480682292E-004
  -15.6545762663510       3.893317058430494E-033
  -15.6407553197291       5.904555956280656E-007
  -15.6331256392075       4.838281094403914E-034
  -15.5725553604044       1.011961407926263E-008
  -15.4479437924452       4.708471915886413E-004
  -15.0177521582027       7.485763121880271E-038
  -14.9705302568732       2.608995293432323E-004
  -14.8775775234628       2.690581778289078E-008
  -14.8118658564158       4.544030479459483E-004
  -14.8013847263738       9.766303403626444E-037
  -14.6114659465593       1.054534706714615E-007
  -14.0126634219552       3.473179040230914E-004
  -15.3659745214932       8.005234087164323E-005
  -15.3422247788713       4.033471970961436E-041
  -15.2700529026591       6.014546125770594E-008
  -15.1746155624210       3.756776681755661E-037
  -15.1583919217090       9.558256242222874E-033
  -15.1324251963262       2.119570345878911E-004
  -15.1088129968432       5.273381800868388E-039
  -15.0229325065860       4.969525623800157E-008
  -14.9652088965159       3.168673883726079E-039
  -14.5728054378245       7.763331622820589E-032
  -14.5695441306917       1.335500383442651E-003
  -14.4588750768037       6.465291726929793E-035
  -14.3445114881299       2.014931835008260E-003
  -14.3437906692461       4.581654775314087E-033
  -14.1739729374139       1.829306745090981E-036
  -13.6241504920163       3.637839031067918E-037
  -14.7177966966905       1.256374230681534E-003
  -14.6892156822120       3.787737111856561E-036
  -14.6317936930548       2.202232876701102E-033
  -14.6204358040986       1.835454805586888E-035
  -14.5762871848429       2.578233931624168E-006
  -14.5497183426793       2.616949017241115E-008
  -14.5238174398094       6.004047017872020E-033
  -14.5017960618788       3.848603443028374E-007
  -14.3896598768310       4.004088023781083E-005
  -13.9733816257236       3.406685827028432E-032
  -13.9420107742230       5.090573904732109E-004
  -13.8678270922436       8.956622949978643E-007
  -13.7924041485516       1.160229579757651E-033
  -13.7395354574107       9.453082977514148E-005
  -13.5986261875519       1.509364474958568E-007
  -13.0523960685434       3.741365944152601E-005
  -14.6412911617986       3.078144199316123E-040
  -14.6121744994259       1.575918156305563E-003
  -14.5644492432912       4.095905884396423E-005
  -14.5537467381797       3.437746841245010E-008
  -14.5272200950935       1.285508627177707E-036
  -14.5037354808074       3.377310047227836E-033
  -14.4397551839710       5.633092799809916E-009
  -14.4017796500147       7.358650534023831E-034
  -14.2894057576574       5.853416452410351E-040
  -13.8938868389327       2.501792855386300E-005
  -13.8602572455804       1.033029374359957E-037
  -13.7860043531694       2.343681504764828E-037
  -13.7120020382935       4.459601111263210E-006
  -13.6842727151943       1.589204497376622E-038
  -13.4998259990727       2.327733400097555E-037
  -12.9578365565706       3.231068454193042E-036
  -14.6102611688867       9.700661026525904E-009
  -14.6063300802106       1.843776009269439E-036
  -14.5047871881283       1.958135385068995E-006
  -14.4999498212318       1.354147735390654E-003
  -14.4651414985746       6.271625074980955E-032
  -14.4476109939616       7.768186876465285E-035
  -14.4374464031911       4.942947435103025E-005
  -14.3848718364240       9.586060204770076E-033
  -14.3101475122626       7.118237333734598E-036
  -13.8646634479063       3.901945842340793E-008
  -13.8598687374400       1.623278501944579E-032
  -13.7313432483239       1.016860100369460E-033
  -13.6817881565977       1.537593001671371E-009
  -13.6269969959824       1.065315431338368E-034
  -13.5001888549219       8.963088948345631E-037
  -12.9277400682204       2.293707279204634E-036
  -14.5963769227581       3.357054166727184E-034
  -14.5635880777384       2.894430772373797E-006
  -14.5308597978749       6.811464476259221E-033
  -14.5262165485544       3.163167658289240E-033
  -14.4806732457339       5.840850878253331E-012
  -14.4526561145867       7.055175236622242E-004
  -14.4263524933192       2.197286024594897E-033
  -14.3973226699647       1.681885114130681E-005
  -14.3322809868935       8.733343530786479E-007
  -13.9096021728796       1.547893599933108E-033
  -13.8432414816585       1.933541181080244E-006
  -13.7394435242523       4.818831016661229E-004
  -13.6640617361038       4.456166019330215E-035
  -13.6433897600828       4.807574162600393E-009
  -13.5195908918101       3.006812360153588E-004
  -12.9505892642231       5.081666554617650E-011
  -14.4268028994737       3.445573484154000E-039
  -14.3890307202446       1.404814943962817E-006
  -14.3560378645471       5.289231638733290E-036
  -14.3510789557977       1.089734741651623E-033
  -14.3127390524629       6.138997763592752E-004
  -14.2795723436371       3.949862365321901E-006
  -14.2640390772089       3.233756396246084E-033
  -14.2429521881651       1.970958732686156E-007
  -14.1572089985132       4.262254229874641E-004
  -13.7329725093878       9.078260004013363E-037
  -13.6734292526458       1.155823690723806E-004
  -13.5708001831621       4.160973961129549E-007
  -13.4893805599547       2.661899038789651E-037
  -13.4792672294900       3.478140085137139E-005
  -13.3459088035417       1.547500436077295E-007
  -12.7743070546585       8.232650926954734E-006
  -14.4123601721861       3.327124361683387E-040
  -14.3941855119765       3.143609297745957E-004
  -14.3113796362429       1.415853076717723E-038
  -14.3084936315487       1.049612387108661E-034
  -14.3006988901994       2.836506263663576E-004
  -14.2835780355209       2.993851878966630E-007
  -14.2637319553470       1.965171049444982E-035
  -14.1545219317061       5.102911204208654E-007
  -14.0756415265856       1.658265926011528E-005
  -13.7064809239503       7.056460331554722E-040
  -13.6300364846449       1.104503909582751E-003
  -13.5707690731540       3.041747313048352E-007
  -13.4787712191632       9.677497190306585E-039
  -13.4421697476561       3.178868648188446E-004
  -13.2852939682266       1.378510147000409E-007
  -12.7407013488889       6.579979168549464E-005
  -13.8583924490069       1.435048479352956E-034
  -13.8273900591419       1.279753685293953E-009
  -13.8033604638697       5.013222645059924E-033
  -13.7722708827661       6.432852183615224E-033
  -13.7298833641895       1.925019368348792E-007
  -13.7226272229605       1.114954580440256E-004
  -13.6818288529317       7.732503802248587E-032
  -13.6495441611368       5.040115741337122E-004
  -13.5664446276937       1.296240474587869E-008
  -13.1602357383263       3.849611726902367E-034
  -13.1221041529137       2.532512372615336E-007
  -12.9876403797244       8.174162224620649E-004
  -12.9134141524793       7.780229713788801E-036
  -12.9001558689175       1.352327731136692E-007
  -12.7437212618224       2.148585807243330E-004
  -12.1667157209476       4.980932014833569E-008
  -9.01683633344235       1.203602822117601E-038
  -9.00829144638608       2.385676264202820E-004
  -8.97861945203445       7.495558862507753E-037
  -8.90330964756536       5.633614960364004E-033
  -8.89537607247669       3.790820290117713E-004
  -8.87870080035211       8.032549628322511E-034
  -8.86105497867067       1.198735244451148E-007
  -8.82750701412615       2.860460707532327E-008
  -8.67741595126233       5.247795039273668E-004
  -8.28518529429711       4.116864965861668E-037
  -8.24215164413958       2.761243068599575E-005
  -8.12705055239843       1.149192050165991E-009
  -8.06327632840664       6.465901683630622E-037
  -8.04508549138047       4.981859014886145E-004
  -7.86042958486131       1.524290185968336E-007
  -7.28455141531133       9.221679508377041E-004
  -7.79341758876305       3.947910018115666E-037
  -7.75371235319306       2.057620595259732E-003
  -7.72487585426844       1.187474996683924E-004
  -7.66279534358504       1.168396428329953E-007
  -7.65447601791852       2.292231501993346E-034
  -7.60155729989009       9.736085815598934E-031
  -7.56375978478806       3.121698774663649E-008
  -7.51352878553636       2.505662012030691E-031
  -7.35980631605577       1.143513914983081E-036
  -7.04594025924269       2.011403665910138E-007
  -7.00070809151301       6.185291420380900E-034
  -6.88375386876867       1.773442951133307E-034
  -6.83886671762472       3.486842554013083E-005
  -6.80156821290563       3.120385663811026E-036
  -6.58636053133720       6.135263564902550E-037
  -6.05674431443169       7.397662668984938E-039
  -7.76971891126322       3.161917505899955E-022
  -7.74861544615944       6.560430217964226E-008
  -7.65407303593323       2.094711447796486E-006
  -7.63549536347067       1.716042245475505E-003
  -7.58716425626614       1.725522901572910E-004
  -7.57333980946779       3.066076426506323E-026
  -7.55939139786519       6.484058477676742E-024
  -7.50492556040429       2.123973826776764E-027
  -7.41350469594725       7.010649375678421E-024
  -7.02659502834735       4.219836492569550E-011
  -6.98562461900249       1.183726842963470E-027
  -6.86250519094170       6.368491245243186E-030
  -6.81861511225118       1.190562965961444E-008
  -6.74667641274182       5.405419914055054E-025
  -6.60502782373079       3.439308603640736E-028
  -6.03481649442347       1.083411537505505E-024
  -7.79894244360982       1.980327150870504E-003
  -7.76183059762317       9.589633935221350E-029
  -7.65877311661266       2.064023620884338E-023
  -7.65797312253946       1.744464499209427E-024
  -7.57832892147884       6.824289742231473E-005
  -7.54727324034391       9.921029134870833E-008
  -7.54491967349306       6.271582176313549E-024
  -7.50914881869750       1.930623957583508E-007
  -7.36065018439036       2.066231960940361E-004
  -7.02566657089408       3.099418091168057E-030
  -6.97820262398982       1.373862342658164E-007
  -6.85734172281868       4.327430592007542E-010
  -6.82292915710959       1.945153508292882E-028
  -6.75428184429633       1.409305034694946E-005
  -6.57505491516863       1.825460482156981E-008
  -6.02883081255609       4.365374940987839E-006
  -7.61825538824967       6.512785600316118E-038
  -7.56699890338549       2.435927452565477E-004
  -7.53175259746214       3.920693404934072E-036
  -7.50249335288900       1.553664637562255E-032
  -7.50086561066017       8.853679285280437E-004
  -7.44519631032331       2.552782075784249E-007
  -7.43526605526232       1.213302401993755E-033
  -7.41964241973635       1.422663464799840E-008
  -7.29148796425849       4.661956665216219E-004
  -6.90846227357499       1.771118771964861E-039
  -6.85808482997222       1.851521280564384E-009
  -6.74079023807067       1.173528623905636E-011
  -6.65835273072744       2.378115731659438E-005
  -6.65305900575790       5.592187678105169E-035
  -6.48511755141762       1.579693112738688E-008
  -5.91901208166926       5.975011726130182E-007
  -7.55607911643570       8.929760206429022E-035
  -7.50473470805102       4.717245276094156E-007
  -7.47103780787652       3.888596064744025E-033
  -7.44204500706228       3.901718199526335E-033
  -7.43896870089226       6.930555011412972E-007
  -7.38379157719706       1.384560190059297E-003
  -7.37262315704908       1.180865254635002E-029
  -7.36057727342721       1.028930577393976E-004
  -7.23249425685103       3.946078630336575E-008
  -6.84529941898790       3.133616386047666E-035
  -6.79654321142909       1.508647814280691E-012
  -6.67808125699297       2.180855060801987E-009
  -6.59709784605806       7.651180961465672E-009
  -6.59040790334052       2.338207913141282E-035
  -6.42406658365958       7.636293925990753E-005
  -5.85590277390275       2.970649702529174E-008
  -1.43407941664984       3.107947055478660E-038
  -1.39158849811257       7.481006526996040E-006
  -1.26959391493477       2.546753976423781E-004
  -1.26650302515546       7.568475353968163E-007
  -1.17145482762386       7.084470370005192E-039
  -1.14270463138624       1.237919788623453E-032
  -1.13449581042503       5.813443962827485E-008
  -1.08310267190130       9.768896972867071E-035
 -0.912223941410165       2.862011531825227E-041
 -0.623620786469562       2.458194172554958E-004
 -0.567223542728183       5.041349358892359E-033
 -0.424385786692770       3.821175113122646E-031
 -0.420451158986602       2.827327578628495E-003
 -0.336480840282039       1.843258556792025E-035
 -0.128497757861485       1.310093421268776E-035
  0.414491335874906       1.633444946539314E-037
  -1.01689909896868       1.195045866465385E-037
 -0.975930797032209       4.150809279189575E-005
 -0.919647419259370       1.012639824475670E-037
 -0.892717284983128       1.893231531224403E-004
 -0.851385465473889       1.339289026614320E-033
 -0.823209721445167       6.009104366196087E-008
 -0.802485036705210       2.034127661752524E-033
 -0.721863197803945       1.024696144105137E-007
 -0.563424974130555       7.079305216685325E-006
 -0.277408372342062       3.639569351271199E-036
 -0.208588639283271       3.671617839698156E-004
 -7.827523667610592E-002  5.422534524124765E-009
 -2.696423162678840E-002  7.473492714867359E-035
 -1.295334648496294E-002  1.950654787921562E-003
  0.213771073975455       6.261884058144895E-007
  0.745789900000922       1.957439421305932E-004
 -0.688485307208538       1.244006565398395E-038
 -0.670428695955287       7.868714741293123E-009
 -0.619168351014771       4.824608821929976E-033
 -0.590660594054349       6.479863477975990E-033
 -0.521444835354455       1.365080585996527E-005
 -0.514005695192104       4.553682008329055E-007
 -0.510100978798089       2.128396550870774E-032
 -0.442184898043173       2.467391860099407E-004
 -0.353210432574723       5.352122204767697E-009
  2.281192265571974E-002  2.346982583077942E-036
  8.394840576679741E-002  2.526265257092297E-007
  0.222684260673468       3.264749079348768E-004
  0.274024625231988       1.883596884476451E-035
  0.317394058539083       1.371081353518040E-006
  0.473262255294138       1.725266807027096E-003
   1.05766160675019       2.746017000927853E-007
   5.32509918223677       5.747513272191522E-038
   5.33489888642620       2.592184743345006E-004
   5.37695017535259       1.999815703094114E-035
   5.45898347466145       7.564127042833302E-033
   5.47583815093465       2.434431440152190E-004
   5.49473198150698       6.170130240400797E-033
   5.51260859736656       9.426699963232279E-009
   5.55791987604367       1.340504648865629E-009
   5.72670039282815       4.060090819436236E-004
   6.06084290242989       7.941718419647527E-036
   6.11246223232336       9.630703061371131E-006
   6.24942459818187       2.431501065179740E-010
   6.29456454470636       1.164003023086058E-034
   6.32473642182913       7.610245629938304E-004
   6.53088055984085       1.731284090842710E-007
   7.09493439646352       1.554202213813655E-003
   13.6452667387305       1.969724975168172E-037
   13.6819308287989       1.016131428274136E-004
   13.7038512661958       1.421092584407826E-003
   13.8184103929887       1.118161134345558E-037
   13.8206436742128       1.052308817858197E-009
   13.8919577622771       2.116072856501811E-009
   13.8932514944880       3.249876928253528E-030
   13.9635438415979       3.880326406288933E-031
   14.1668162546038       3.589990401099484E-038
   14.3938125777320       5.742706450758712E-007
   14.4553310218922       7.575723983620609E-035
   14.6205209804459       4.109589666777857E-033
   14.6400269051795       2.480447058278458E-005
   14.6898468164127       7.001220819654788E-037
   14.9390096912877       3.744125239089305E-036
   15.4697303778882       1.907147877515590E-037
   13.6643184586083       2.440626421354951E-039
   13.6984650236562       3.282485549107270E-009
   13.7785157667671       3.658998324154343E-008
   13.8350343234833       6.635818953998946E-004
   13.8553423160636       6.520144959405246E-004
   13.9135720849764       1.300452076331079E-030
   13.9187486244656       4.568909144124770E-034
   13.9770641977781       2.207556864879389E-032
   14.1048635074745       1.338428108680967E-036
   14.4105571196390       3.851459023310468E-010
   14.4878308659765       3.172040998846457E-032
   14.6213906052728       8.161878602551471E-032
   14.6570365002728       1.685667838568111E-008
   14.7438288662124       1.648335102976282E-036
   14.9170049205469       1.837235381959404E-034
   15.4899491419066       5.566524035524197E-038
   13.6378463722395       1.352416328688366E-003
   13.6894530928074       1.345813534684802E-038
   13.7592082354485       2.361400035485905E-039
   13.8247806460141       1.368029390334264E-037
   13.8956170463314       9.282975303714412E-005
   13.8988408897471       5.841304264853673E-032
   13.9348587178853       2.522610750310969E-008
   13.9906178547945       1.061560772269041E-007
   14.1688585992994       1.381745317140273E-004
   14.4108703515017       1.769233602294334E-037
   14.4913004582907       1.280580826493194E-007
   14.6421248719624       5.303219820999787E-010
   14.6516178871233       6.074394082688484E-037
   14.7378746505723       1.351040596867362E-005
   14.9534948781424       9.602960129455024E-009
   15.4986103456842       1.058587510903549E-006
   13.8011322995130       2.036822289786237E-040
   13.8505164365698       5.941222090431970E-005
   13.8755239091135       2.433106291023963E-038
   13.9384903913951       6.791000672287835E-004
   13.9423794817344       3.763825942046866E-032
   13.9982175362487       2.197938752641929E-033
   14.0009800295431       2.457710917144144E-009
   14.0196669371770       6.735855576446577E-008
   14.1927156810439       3.670407186205848E-004
   14.5209220085369       6.706276453141348E-037
   14.5645599532409       1.803867767255369E-007
   14.7111617062249       1.989739483588410E-010
   14.7961596067376       6.927066976718071E-033
   14.8003628857009       1.563867364376216E-005
   15.0042882173213       9.543835818053597E-009
   15.5743086476631       4.878376058231327E-007
   13.8682199312311       3.996541975057135E-035
   13.9190405245017       1.894138369800960E-007
   13.9431728687668       1.754553096681261E-033
   14.0037982441516       1.990872608360375E-007
   14.0125899324054       9.554947557806991E-033
   14.0679088903820       5.875065351668647E-028
   14.0685757157735       4.819442062415835E-005
   14.0881110384850       1.019723029514279E-003
   14.2640156323978       1.206894509476132E-008
   14.5903395207649       1.474535869941795E-037
   14.6324397720790       2.738985006120803E-011
   14.7809643306760       1.143223317261792E-006
   14.8653962487098       3.544642896618863E-035
   14.8672351074786       1.223261915578560E-012
   15.0744830990793       4.392411362544896E-005
   15.6435143681064       6.234909355357356E-009
   39.4336498817498       5.884660837548483E-040
   39.4860519561235       8.385455296011825E-006
   39.5598354106389       1.341947459744289E-004
   39.6358285218344       6.958025888510075E-009
   39.7004424653564       2.552246198060022E-008
   39.7261837612557       9.105618876139047E-039
   39.7540545209495       5.978110447850519E-032
   39.8263521032018       1.173777233448907E-035
   40.0118908278164       3.610180521784797E-039
   40.2266734658390       4.400728411788143E-006
   40.3260520356673       1.251187887964802E-032
   40.4579099886857       1.800044926524187E-003
   40.4853673008783       2.275293617610661E-031
   40.5648633702628       6.704092373775988E-035
   40.7920407826199       4.960255341806333E-036
   41.3317880034266       7.811752120271685E-038
   39.7325001592910       4.828284303306445E-038
   39.7789953953148       2.411470690441714E-005
   39.8038961808981       3.071360057823202E-036
   39.8734553400514       1.774430879838483E-004
   39.9123652350799       5.234237591334513E-033
   39.9540825683929       2.291423733001231E-009
   39.9743110734708       1.292036526904885E-033
   40.0207721548184       8.181332523564722E-009
   40.2365600142494       8.851145567047222E-006
   40.4811142267634       9.553589695511020E-035
   40.5296380043715       1.006104058362573E-005
   40.7049881224117       7.094960547393900E-009
   40.7443874125807       6.197476094763923E-033
   40.7553869455929       1.135077662321972E-003
   41.0098004575600       4.157687415942476E-007
   41.5382230433209       2.417731671248343E-004
   40.0250286438539       1.247991415971141E-038
   40.0507095115923       3.770450859872901E-009
   40.1094599695376       5.974097504438732E-036
   40.1462604624990       1.112928938243794E-033
   40.1989931316638       1.224932457160156E-031
   40.2184477951926       5.026757727153451E-006
   40.2240557355198       4.282213055439822E-010
   40.2776381039854       1.533512038390353E-004
   40.4120988267119       1.281094636492489E-008
   40.7521780744678       1.061334583332123E-035
   40.8201638810925       7.717660441193432E-009
   40.9512824425218       8.271014438703711E-006
   41.0141783845538       7.077390563747746E-036
   41.0602820037776       4.793382129541719E-007
   41.2346245905672       1.211485896115566E-003
   41.8213791192150       2.651946310633714E-007
   42.8551162411084       8.088847102915677E-039
   42.8770679728284       1.181698299892736E-004
   42.9269031976979       8.997703976480128E-037
   43.0108538438469       1.825813383017530E-033
   43.0354426684818       4.486475633285832E-005
   43.0629249835487       7.983081758438763E-035
   43.0718359255251       4.506882056351485E-010
   43.1330212488275       4.450475422676754E-009
   43.3216222401045       1.644083818067237E-004
   43.6048780311264       5.407239920948771E-036
   43.6638910825911       4.108500947890964E-006
   43.8225196651739       3.109906814489658E-011
   43.8552081873176       5.253390441463675E-034
   43.8881361506734       8.777041469715535E-004
   44.1201378928452       1.534005807203534E-007
   44.6796325414560       1.478874798215800E-003
   90.2049849563328       8.763881873119799E-008
   90.2092587998373       6.859865385175805E-037
   90.2755144053310       1.807352319813824E-004
   90.3873429652814       6.500034955623691E-010
   90.4016883322708       4.644378713313060E-036
   90.4502095171403       8.333927713021529E-009
   90.4640446968480       5.258676896530341E-030
   90.5383875039769       6.292221925326113E-032
   90.7591347827689       5.818047237221462E-039
   90.9441760747846       1.015481586102034E-009
   91.0172762258247       6.229969755642373E-032
   91.2055151300670       3.765675650878947E-032
   91.2113974906598       2.941457996283062E-006
   91.2664281220737       3.572010363443626E-037
   91.5298373534109       5.002091705753278E-038
   92.0603479934742       1.929935394831085E-039
   90.2229460132690       2.080503990035980E-038
   90.2354649022185       2.286411791712515E-010
   90.3214893612595       3.021883096251903E-008
   90.3827778902916       9.982657702009215E-007
   90.4306663970635       1.532434906509477E-004
   90.4753293622396       8.983131956345522E-034
   90.4778132508033       1.679917465380395E-031
   90.5515775127399       7.106496770675188E-035
   90.7150403719552       1.147227557900830E-037
   90.9572072758369       4.749070380645564E-013
   91.0501889946341       4.216999494055208E-033
   91.1994799083176       3.118480495858855E-032
   91.2239936857781       2.829832354644468E-009
   91.3075363469893       1.048467150259242E-036
   91.5139127581857       3.695517372909481E-036
   92.0759787872371       6.817059944030769E-038
   90.2055421626797       1.611125654050771E-004
   90.2264779647987       2.801317779175654E-038
   90.3032307162145       1.282684963373005E-039
   90.3928891685235       3.660539958662576E-036
   90.4508440251298       6.737909177864809E-034
   90.4571590557457       1.292067206089774E-005
   90.4918598703631       5.401382657264828E-010
   90.5671433457896       1.044752865895108E-008
   90.7641952968867       1.406507793150315E-005
   90.9563847702124       9.836635069452445E-040
   91.0494300837828       9.948414268759514E-011
   91.2193158749191       6.555259727692099E-038
   91.2211309383263       4.375735402383208E-012
   91.3031349065648       1.621617313030368E-006
   91.5428792291916       8.183267678766296E-010
   92.0828189122067       5.571489894523740E-008
   90.3064996810553       3.362499970048478E-040
   90.3576945294470       1.369564307075613E-006
   90.3937227744498       1.852470894899527E-037
   90.4687064443095       2.047172278694637E-036
   90.4859142838691       8.196864630878541E-005
   90.5231228317040       3.082337320279799E-011
   90.5312974414816       2.661768631782375E-036
   90.5841408962061       3.760514358026288E-009
   90.7741126608145       4.555026794739928E-005
   91.0438811230207       1.691991879449287E-042
   91.0945873038716       1.618814823131742E-010
   91.2601314790322       4.036773462201450E-013
   91.3247763979610       4.677408802889599E-036
   91.3447903733625       1.824049840699213E-006
   91.5734148095613       1.041464724788413E-009
   92.1342982313716       7.481576442204224E-008
   90.3600688435843       1.663251182328775E-036
   90.4130641799416       1.338410844388318E-008
   90.4468160528778       9.610404603290350E-034
   90.5257072437134       1.062829091955540E-033
   90.5364534970703       1.254149449648974E-008
   90.5780119454816       1.646712092281126E-007
   90.5887634235149       2.957928739605583E-032
   90.6389989173242       1.251771184863136E-004
   90.8333819616403       1.397172082285389E-010
   91.0993433880197       3.183209969821514E-037
   91.1481394675980       1.047259673678061E-012
   91.3167992365006       1.164252012771541E-008
   91.3803081989719       7.692657122965997E-036
   91.3976929751010       3.562374409557947E-011
   91.6306882573385       4.355363658643766E-006
   92.1893707630731       5.797118215322301E-010
   112.915614726731       3.047356216958480E-041
   112.939173861138       2.625167709946757E-005
   113.001258020849       3.361535491644890E-038
   113.074639166920       1.363173669163617E-035
   113.121625617987       1.527982560576197E-005
   113.137871904447       8.987173141689452E-038
   113.148745365665       9.052838542525626E-011
   113.222195891339       3.748331655132808E-010
   113.410296810735       4.716629662918927E-005
   113.649741293008       6.262805545950606E-038
   113.721340828431       6.915413365006545E-007
   113.883450725486       3.047288188824267E-011
   113.912941843485       3.129905366475123E-035
   113.962820411496       2.295810051684150E-004
   114.191300844407       5.037744173392024E-008
   114.732556427143       7.020556266168604E-004
   129.156367440277       1.753281085389767E-039
   129.183302513637       1.023782016324581E-006
   129.267460957232       3.035912515991498E-005
   129.348573950351       5.402964629951622E-010
   129.411016942399       5.723277376916398E-009
   129.436270948024       6.485102532854186E-037
   129.462456124106       3.648496311449374E-032
   129.542644720373       6.575629862309450E-035
   129.736710621251       1.308324473870746E-039
   129.912642090306       7.667918908154400E-007
   130.021041842022       5.553050070620061E-033
   130.167991143792       3.770311151064941E-004
   130.190745241811       2.713586144553920E-031
   130.264636255996       5.034574270598437E-035
   130.504790136072       7.426667882349347E-037
   131.033987030357       1.483470973454711E-038
   129.438229092993       2.261370084923868E-037
   129.498955151116       8.951234245802596E-006
   129.523916791537       3.143778082473575E-035
   129.605772640020       3.631089009310074E-005
   129.638235805762       1.691804886590569E-032
   129.676950941419       7.550823542127171E-012
   129.708578100131       8.776241747476944E-036
   129.750292023939       4.819206042039495E-010
   129.984728408249       1.802634470293456E-008
   130.197321478755       8.497257536177018E-036
   130.236045064032       7.617207248957958E-007
   130.437219197009       9.298291884368399E-009
   130.467535500432       7.926693055945122E-032
   130.472284573953       2.915204964929175E-004
   130.750987327109       1.942615996322029E-007
   131.276285023215       2.098326718457159E-005
   129.635750527768       1.117798038376670E-036
   129.667867808860       6.137438710446362E-009
   129.730292799309       3.627292248500719E-034
   129.770396515430       1.012037682443535E-031
   129.833128791651       3.026743868772188E-031
   129.844069249112       6.592212139974048E-007
   129.849947216371       3.428667825323119E-008
   129.915728941121       3.295458704258169E-005
   130.072115665307       2.745839060913332E-010
   130.361198574414       2.723360056003819E-036
   130.432057500912       5.961978275056991E-010
   130.571180305521       5.262497505218995E-007
   130.630806889891       2.503256614539076E-034
   130.676425103647       3.654873917934721E-007
   130.874950921764       2.572722524974893E-004
   131.442210028233       5.341641088662739E-008
   288.247205967218       4.053686326485907E-040
   288.279159421950       3.848332863176820E-006
   288.343235817444       7.932680276007381E-037
   288.417434873162       6.005792715858114E-036
   288.466085548583       9.958505503256160E-007
   288.488432348116       1.499625761585766E-036
   288.491693400048       3.251977113674889E-012
   288.572792134916       3.837301316647162E-010
   288.769886372971       8.007685103708495E-006
   288.970268052568       9.022258863260841E-037
   289.042150252599       1.628505191831894E-007
   289.215577887654       8.366125182540683E-012
   289.241100860125       2.465212406748800E-033
   289.286799315085       6.951060221355260E-005
   289.531238921683       1.351246986538154E-008
   290.055267682965       1.897924203943450E-004
   352.745011062639       3.854929480028526E-007
   352.752332276853       1.845204273571041E-035
   352.842445500992       3.474459144484447E-006
   352.922385545327       8.761884330700063E-011
   352.992057240268       4.179884110010841E-035
   352.993600426646       6.226022443351843E-010
   353.018623354624       9.364055235470384E-031
   353.103346641920       1.203620323483409E-033
   353.306012598565       1.073224138587267E-039
   353.449874711435       1.631777091199663E-006
   353.543269912853       4.195163857252448E-031
   353.714471817846       3.969809430264609E-005
   353.724226962949       2.526555381930960E-029
   353.781129320430       3.060608130648282E-032
   354.039750085236       3.623716681807260E-036
   354.537998130495       1.064692130505686E-035
   352.947982116293       1.963019139595498E-037
   353.004315557593       6.512564916611282E-007
   353.045904045002       7.343174968544507E-034
   353.145406540984       3.652858285558223E-029
   353.146024243252       4.560558996168451E-006
   353.196842430508       3.574875339934576E-010
   353.220579582250       3.025183608652884E-034
   353.278506719398       3.123488319134667E-010
   353.503852485614       9.025837231879435E-009
   353.670617230626       4.267025784013355E-034
   353.720543478030       1.614177790706012E-006
   353.920641234038       1.369766219545164E-009
   353.941260893394       4.453241003910457E-031
   353.957478115508       2.916168677618832E-005
   354.236147873584       2.428510800499015E-008
   354.731407092787       3.023965715394814E-006
   353.113299954198       1.011446246826009E-035
   353.151711053011       5.801785046494282E-010
   353.215200504462       2.250486583142482E-031
   353.271744316310       2.768669759987855E-031
   353.336783778358       6.319659026877644E-009
   353.343537844231       2.399425445150441E-007
   353.343844489059       4.019499037382930E-031
   353.424846646549       3.931804704814555E-006
   353.606844838847       3.926244859746580E-010
   353.816837770095       1.684880132947587E-035
   353.886287656708       1.840088564539883E-009
   354.048416827377       1.241527030965885E-006
   354.086832895867       2.877424363772492E-033
   354.124542778527       2.953986946758149E-008
   354.360155170645       2.664680677128901E-005
   354.879654764290       7.304029067889485E-009
   362.400133396430       6.079150765569050E-011
   362.430615552471       3.031345272394071E-038
   362.496842986155       1.598835708783619E-006
   362.590878933974       1.488711313176604E-013
   362.622619331476       5.492780173016317E-037
   362.663776965641       1.041162582027263E-010
   362.665195386199       9.035634204999367E-032
   362.749032296550       7.730580763424580E-035
   362.966761474550       3.248461084794227E-039
   363.114229080449       6.564565686680640E-011
   363.186250638311       1.156493088757618E-034
   363.380251954342       4.693701720293144E-031
   363.385951482091       3.061930123700244E-008
   363.429482057185       4.131440078170149E-037
   363.701044794144       9.344203442529631E-039
   364.199371797692       1.096286716053258E-039
   362.422009630347       3.793004632185538E-014
   362.440900166855       1.957273893314743E-038
   362.522140514369       2.171108939933556E-010
   362.588643135277       6.932777080298634E-010
   362.658734902767       1.383714843629817E-006
   362.662348791981       8.853522693438239E-033
   362.675514744853       1.343431642012462E-030
   362.759247376478       1.686910417840627E-035
   362.948695247190       5.219335909093764E-038
   363.124395093971       5.110797996974296E-014
   363.208691244566       1.379782691154853E-033
   363.378829436234       5.703702219432626E-033
   363.395698432103       2.705775039132380E-011
   363.453121571891       1.359116934975026E-036
   363.696798462851       2.860485055156788E-036
   364.211019799671       7.706516055705607E-039
   362.415104198322       3.150523815854551E-039
   362.432363643583       1.439924979306469E-006
   362.512603066260       6.149097888692287E-039
   362.596098475178       4.183422172891921E-035
   362.652347414459       1.193532784636726E-007
   362.667357944441       4.336928124412402E-035
   362.682557581544       1.734709873955981E-012
   362.767097625474       9.075686577707103E-011
   362.973370421460       1.301600696394766E-007
   363.122862410958       1.612057354756440E-038
   363.206661570236       8.893895372246761E-011
   363.391116836747       1.046449044403109E-014
   363.393083455245       1.147112005883985E-035
   363.450506378418       1.484732312837834E-008
   363.711244850282       8.588691007605223E-012
   364.213970901489       7.105746531037209E-010
   362.469788586495       7.092411995213825E-043
   362.519512529149       1.803734474996551E-009
   362.570561358695       4.623555818697523E-038
   362.646293775413       1.143787138307312E-035
   362.680016244331       7.227630517984184E-007
   362.706798515594       2.636041981520271E-012
   362.719703830344       4.281998284341211E-037
   362.787753285861       1.680273630997362E-011
   362.989245478310       4.437686272292521E-007
   363.182025291013       2.703780913369334E-040
   363.240349040408       1.077784142286354E-010
   363.420094017650       2.259039386058354E-014
   363.457695598212       7.804569757693651E-036
   363.483897073858       2.142803082132035E-008
   363.737761888466       9.608816720538712E-012
   364.251541466679       2.939457152792577E-010
   362.506565335391       3.970437233693254E-041
   362.557692769754       9.245785154754431E-011
   362.607029947819       3.925162432892905E-041
   362.685548751207       1.361155087979045E-034
   362.714775213225       6.832958155831377E-011
   362.744530675415       1.122039330564447E-009
   362.759214866934       6.231930873110711E-034
   362.825434711542       1.211400776135620E-006
   363.029808747961       1.463617385885098E-013
   363.220043797730       1.158560970753785E-040
   363.276900719962       1.912440089750787E-015
   363.459050224429       3.576557314235240E-010
   363.495814070774       1.010951635072139E-038
   363.520306759308       7.403070602276715E-012
   363.776993297655       3.371855182512085E-008
   364.289237295839       7.146581373504482E-013
   573.794089763992       3.009708458132226E-041
   573.832635039882       3.746117507328423E-007
   573.896537995708       5.678300033411022E-037
   573.973762287274       6.812134808570511E-036
   574.019175177141       1.075389264872519E-007
   574.044708758242       2.693201808478617E-013
   574.048518874755       2.306677186635373E-037
   574.129777387523       2.704407581232637E-011
   574.333506489278       7.672469352327813E-007
   574.491064820658       1.132079131671066E-037
   574.559790696407       8.535139584977192E-009
   574.742811958661       1.766920678595766E-013
   574.764003711925       4.277881763627649E-033
   574.801192643839       5.108586378934870E-006
   575.061792574949       9.355567040486070E-010
   575.556320515578       1.174817596544485E-005
