                  1056
  -19.1322517842614       6.909388140044623E-076
  -19.0911072001145       8.828657004083477E-013
  -19.0849678771849       4.426530100798901E-067
  -19.0715476671485       1.375132119780599E-070
  -19.0373135706380       2.183122884408592E-012
  -19.0370103979699       2.942359733943954E-066
  -19.0115947123805       1.836275333029217E-010
  -18.9895252833158       2.831541781959571E-010
  -18.9045509835820       3.656488906007543E-010
  -18.4485012153359       1.852400035435023E-074
  -18.4025826417460       3.931512753503866E-008
  -18.3550945368049       5.555102295337068E-007
  -18.1881787426914       2.528765646109022E-076
  -18.1511133793938       3.300221714769810E-010
  -18.0727038635117       1.315927743585398E-010
  -17.4783948578126       9.095031792166996E-011
  -19.0801780612106       9.849400932760090E-071
  -19.0227320755589       1.766370254243824E-018
  -19.0085697808304       1.950030015291701E-063
  -19.0066483526484       9.745596596997690E-065
  -18.9594866697319       4.362234864001376E-008
  -18.9449803634237       2.763050549225454E-014
  -18.9124175155805       3.185215217030301E-068
  -18.8780349860467       4.432323852964723E-010
  -18.8125225638018       1.267662825170890E-013
  -18.4044507793083       3.166260559180132E-069
  -18.3670172263627       7.592653747406990E-015
  -18.2557924153902       8.349499906716593E-004
  -18.1239965926119       2.998681819335983E-068
  -18.0932427374182       1.577724598696117E-015
  -17.9886179950703       1.445124001943257E-007
  -17.4137770646145       5.646025627658089E-014
  -18.7623408696172       1.438968488586991E-067
  -18.7203918476466       5.422449695350810E-065
  -18.7134848601752       1.469840583143825E-012
  -18.6859185069590       1.466275411221943E-063
  -18.6528194164306       6.944682490792294E-009
  -18.6335185405355       3.563925080805298E-009
  -18.6072273060101       4.818879204618577E-065
  -18.5833134647151       6.552775324312002E-009
  -18.5342493214226       7.897812091850727E-012
  -18.0990670078675       3.046354377630031E-067
  -18.0387400044446       4.023010473368771E-009
  -17.9583270534644       4.801301744996477E-004
  -17.8251126675276       8.929666609789915E-067
  -17.7944866989676       8.686531329671423E-010
  -17.7102080060048       4.663089868007342E-007
  -17.1308766637056       3.098194490374538E-012
  -18.7326853609390       1.217218716741660E-071
  -18.7096830306417       4.462169672310210E-011
  -18.6983919013505       6.219306311726307E-073
  -18.6760112832148       2.302172599875930E-064
  -18.6480161127578       2.317511524598328E-063
  -18.6378444748450       1.095308546191034E-012
  -18.6162761770330       3.657827717213645E-009
  -18.6094219727044       1.877554314855537E-010
  -18.5407172015195       6.489519944161039E-010
  -18.0696296640704       8.479890505728383E-064
  -18.0066955565163       8.446108787016193E-006
  -17.9665160818571       2.908831300703685E-005
  -17.8199013301695       3.617144361639825E-069
  -17.7778069951181       4.614958961183816E-010
  -17.7160650194911       3.179838733147512E-010
  -17.1243062944748       1.340244948086042E-009
  -18.7460023281995       9.858717251523733E-040
  -18.6857632327365       8.429826489179259E-050
  -18.6761941114036       1.033148305384388E-037
  -18.6301551737609       2.309412030877078E-037
  -18.6055043064610       7.381711118769548E-046
  -18.5672552754442       9.517305154424116E-040
  -18.5561616002449       1.767854831854132E-038
  -18.4781998250500       4.316322577565086E-037
  -18.4513734187567       5.867383848168839E-048
  -18.0220124428951       4.759751356289735E-039
  -17.9732231300667       1.526065201357594E-033
  -17.9372307100643       1.831019304506509E-033
  -17.7655295519096       9.505529045756985E-043
  -17.7495657110593       9.113778862847693E-036
  -17.6373911076679       4.516362475579971E-039
  -17.0629394084888       1.731635197241346E-048
  -18.6644823300569       7.514698092137152E-072
  -18.6209234662956       3.478396700837731E-013
  -18.5736886248449       5.181659496750717E-065
  -18.5517466068266       3.386647462933954E-009
  -18.5441745017363       1.432962425196111E-065
  -18.5415795013063       3.970968238854143E-009
  -18.5326961959776       4.185392835910206E-062
  -18.4317957566947       2.705247788585919E-011
  -18.3746220797042       7.120737669929857E-011
  -17.9603104240104       6.286615416726912E-064
  -17.8844816315709       1.426178492371281E-007
  -17.8402552298974       8.658772422309339E-007
  -17.7028619503818       8.874292477135552E-072
  -17.6826870690982       1.568735811395150E-008
  -17.5475175359989       2.255113992294709E-012
  -16.9578784018634       1.935235955604177E-011
  -18.5116746541316       3.348175309596360E-071
  -18.4547489630028       9.058297262708057E-017
  -18.4361047487803       1.205857863782131E-063
  -18.4236440854571       2.751244758416772E-063
  -18.3855814748794       3.013603063309973E-009
  -18.3671816129486       7.295658105305302E-014
  -18.3171691961401       8.660557403526723E-066
  -18.2838587163858       5.512783196489806E-008
  -18.2163913019651       7.322721065061643E-017
  -17.8132110582343       2.045647717039253E-068
  -17.7842114975791       1.639430427047816E-011
  -17.6446626535882       1.007089074182144E-003
  -17.5468807955445       2.730031674950615E-069
  -17.5288587806042       3.172486566578672E-012
  -17.3900561749472       5.033533914679619E-007
  -16.8146179795166       6.580639039428576E-017
  -18.3847225470841       1.228949966073594E-075
  -18.3540726576839       1.402725485987201E-014
  -18.3366675100561       5.512904354391845E-073
  -18.3142702271475       9.644370568758532E-066
  -18.2786727582725       1.193568207411242E-065
  -18.2738128166590       3.834581702199958E-011
  -18.2679199968232       3.312932798821315E-011
  -18.2348798099434       5.183701723399667E-011
  -18.1382681140794       1.634092365640950E-010
  -17.6943663503387       3.802684856750998E-071
  -17.6540018542196       8.886135044487876E-011
  -17.5757133898918       1.546757040318379E-008
  -17.4489325012112       1.490122503165147E-072
  -17.4115917596374       8.960207804518549E-012
  -17.3188866052663       5.311009782371924E-011
  -16.7390296063429       3.123582056456908E-012
  -18.2102489702101       9.278740479841964E-041
  -18.1741695740459       2.965060855254051E-044
  -18.1485899684235       1.384369323064123E-035
  -18.1405026195974       4.524443224001711E-033
  -18.1367393069320       4.381690804005803E-033
  -18.1086899758117       2.180115494371620E-035
  -18.1027069391446       1.568887399630346E-039
  -18.0560346504277       7.206724332713174E-038
  -18.0090707833379       2.373615448005538E-042
  -17.5335195549965       1.567196673071475E-039
  -17.5287584424660       6.025804688640283E-040
  -17.4453217191342       3.779620892775469E-038
  -17.2930203093348       7.950561279506167E-042
  -17.2511317856091       2.237958672336599E-041
  -17.1904303345049       6.794668585858467E-040
  -16.6077309522047       2.144367968028270E-046
  -18.1301738794721       3.795921758024812E-073
  -18.1180095905903       3.365960966075460E-014
  -18.0889379379806       3.579078805507121E-069
  -18.0864658679254       7.828860353290668E-070
  -18.0575163404073       8.123656009896442E-068
  -18.0438893842654       1.407802627245644E-010
  -18.0322747779258       1.418895040732343E-010
  -17.9958130129760       1.131890599023727E-011
  -17.9192725217433       5.673778025054040E-012
  -17.4725142519356       3.388233517329628E-072
  -17.4183939089825       4.411714459853898E-009
  -17.3841033348124       1.593436767975855E-008
  -17.2244376344030       2.022177896786476E-074
  -17.1878828903906       6.114110868131618E-011
  -17.0992385004105       5.519982568564468E-012
  -16.5160674083243       6.679416306199052E-013
  -18.0311745070889       1.450446574754633E-044
  -18.0231677280920       7.986362651035213E-039
  -18.0134694655823       2.622643113307409E-035
  -18.0017840959342       3.460090172373002E-037
  -17.9641788922241       4.979153300563913E-035
  -17.9610322616100       2.192604477223377E-037
  -17.9509617092675       1.228689621380644E-039
  -17.9164618033212       7.714091445122500E-038
  -17.8369872561110       1.562758051266695E-043
  -17.3767007871619       1.971408101000339E-038
  -17.3439601676570       1.426566220502210E-040
  -17.3079256096172       8.269259508189573E-037
  -17.1409006599676       7.429486264002721E-039
  -17.1056989761809       6.855379812857570E-041
  -17.0196682959162       3.243027151339960E-041
  -16.4393729268569       3.176417049577844E-044
  -17.6363020479432       5.339010621794077E-073
  -17.5939767633235       4.935862874978344E-067
  -17.5636414977781       3.859676052228019E-014
  -17.5596322791257       4.650528670648062E-061
  -17.5588546120475       1.042018221837786E-008
  -17.5291549061791       1.141083755858372E-066
  -17.5204561917672       1.181782423852589E-013
  -17.5050076844661       7.116101900952689E-010
  -17.4310895188241       1.565672094765351E-014
  -16.9795139201086       2.294611530872709E-071
  -16.9532061202403       4.400723666870174E-013
  -16.9033912174950       1.050931205303593E-007
  -16.6843469715458       1.389275555305863E-068
  -16.6617942051834       7.473261697045586E-016
  -16.6041841566018       3.798372515054081E-010
  -16.0080068104154       5.623733522539145E-017
  -17.5426338030635       7.178044289107442E-070
  -17.5210542739200       3.034149320085118E-011
  -17.4758548850967       1.941777647553520E-065
  -17.4693795311507       5.911521938981992E-067
  -17.4515262782501       2.070057225085520E-009
  -17.4304015573505       2.679940937392399E-009
  -17.4291534475413       9.573689694388959E-060
  -17.4037167329606       5.110639225105100E-010
  -17.3205906012360       1.442269814959692E-010
  -16.8432370914449       2.258844651203845E-008
  -16.8406263107337       8.028530441515902E-066
  -16.7687206821093       1.320022821304302E-006
  -16.6262246052961       5.940570317926093E-070
  -16.5875773795741       1.326581755027168E-012
  -16.5035624003052       9.074733941193957E-013
  -15.9220319626832       9.636315185197012E-011
  -17.4411764461538       8.910996869796643E-068
  -17.3973529119782       2.520028617395328E-065
  -17.3964286426306       6.779180600644796E-013
  -17.3703916430187       1.985914027039563E-065
  -17.3322184721309       1.094678841277102E-009
  -17.3170009437725       8.376765045218047E-008
  -17.3160630936781       2.566814036507841E-064
  -17.2940725696368       7.176940942630211E-008
  -17.2247819612448       6.751346579085862E-014
  -16.7776416204717       3.213044357879206E-068
  -16.7189496402508       3.013861622960358E-012
  -16.6549163077212       2.846417959705547E-004
  -16.5096519442334       3.135446214879068E-068
  -16.4802683848718       2.925348074543781E-011
  -16.4027175878311       2.156901244111991E-007
  -15.8184712075816       1.583073921823031E-013
  -17.2587002572769       9.932911231135159E-046
  -17.2494066258768       2.101809017886128E-036
  -17.2345182807458       2.096623391054537E-034
  -17.2191775400356       7.074540412629160E-036
  -17.1801130220047       7.420518122244837E-039
  -17.1669225206490       1.670714847364421E-045
  -17.1522041179592       7.061979928001371E-038
  -17.1141617576937       2.384253137156807E-039
  -17.0168300250684       8.379180057015374E-045
  -16.5863176852471       2.981585606040195E-038
  -16.5588393068418       5.867282527011520E-039
  -16.5068094292561       3.322103085519316E-034
  -16.3545330634775       2.321720384485717E-038
  -16.3226182237812       7.439173093014378E-042
  -16.2052781637951       1.499313473672339E-040
  -15.6340477915301       1.870690452676172E-046
  -17.2821890967577       5.610968560987131E-041
  -17.2577946465200       8.561506721106334E-046
  -17.2124435278473       4.469250444522874E-037
  -17.1850394336509       1.187532334501645E-033
  -17.1746930313948       6.513401777730975E-038
  -17.1622237930973       3.912861828446626E-034
  -17.1528273961756       1.244673948217597E-040
  -17.1195691510201       4.110081588854483E-038
  -17.0240563216061       3.123600119558892E-043
  -16.5753176636399       1.858708266810714E-039
  -16.5721947751223       5.954590815401654E-041
  -16.4745485583272       3.885721094826517E-034
  -16.3496857576250       1.364878808250577E-040
  -16.3205112339886       4.281740183126829E-043
  -16.2025359879944       4.420583252301775E-040
  -15.6182008011021       1.761715544229087E-044
  -17.0131366499429       1.358676639109605E-073
  -16.9615557255946       5.930886373302818E-015
  -16.9323892991769       6.292790209335250E-067
  -16.9315961358479       2.519854192183577E-068
  -16.9027763764572       2.801662628226622E-011
  -16.8911508575824       6.663918098939715E-011
  -16.8824558627714       9.906937804205480E-065
  -16.8495482009022       8.090293276915832E-013
  -16.7503482152803       2.657512418564754E-011
  -16.3245405046036       5.900786343658816E-067
  -16.2751717450781       5.801054468062914E-012
  -16.2079544797084       5.114073601854762E-009
  -16.0616696792713       4.328000896754894E-068
  -16.0580666395085       1.070694727121767E-011
  -15.9311371164825       3.709319190849988E-015
  -15.3501353940840       2.409944985699683E-014
  -16.7050794614134       3.114396644321407E-072
  -16.6846403979972       2.543882202677821E-013
  -16.6601474427895       1.788380320252594E-066
  -16.6550913726218       5.335149432421859E-065
  -16.6244687623278       1.904810011569955E-063
  -16.6025234961017       8.318402546524622E-012
  -16.5982310831233       6.968018989302454E-011
  -16.5808603213653       1.168760392736631E-010
  -16.4941747461956       1.111322120992883E-010
  -16.0429035341412       3.958715007441751E-067
  -15.9931235303410       7.396063100723618E-009
  -15.9421721500245       3.122535670338349E-008
  -15.7922294264024       5.341763552993358E-072
  -15.7573652886178       1.937234829303224E-010
  -15.6723304948558       1.599932943645681E-013
  -15.0862139502918       8.945744920602007E-013
  -16.5677946243740       4.139988290674147E-067
  -16.5136122344276       1.614772800769876E-015
  -16.4989178476954       2.634200288758696E-064
  -16.4768681544908       1.639142933635510E-064
  -16.4484365060185       2.018860818389574E-013
  -16.4286156291681       2.043091423971536E-008
  -16.3935304340954       1.284553623408675E-060
  -16.3899347391739       3.675648510895199E-007
  -16.2828262239554       2.231931690451774E-014
  -15.8649297046255       2.375389097074693E-065
  -15.8337513488678       9.863763198007774E-012
  -15.7131082702282       6.201901171709388E-004
  -15.6121550073566       4.050954044927069E-011
  -15.6038597766229       1.426626957028364E-068
  -15.4563755899376       2.450115933766117E-007
  -14.8720453497542       4.811079033851538E-014
  -15.7685663576845       3.350179614705846E-067
  -15.7537035717100       1.595898943122740E-012
  -15.7154489326584       6.973551156378508E-065
  -15.6682955125979       8.362159462801165E-010
  -15.6545762663510       1.218229978170848E-062
  -15.6407553197291       1.835101619385241E-009
  -15.6331256392075       6.568616012355877E-063
  -15.5725553604044       8.997103828372303E-013
  -15.4479437924452       8.237829031845958E-010
  -15.0177521582027       1.381230621335712E-070
  -14.9705302568732       4.768093565265175E-009
  -14.8775775234628       2.670584343066503E-008
  -14.8118658564158       2.748885764268825E-008
  -14.8013847263738       9.860098927354901E-067
  -14.6114659465593       4.378526964759784E-010
  -14.0126634219552       3.402406658706133E-010
  -15.3659745214932       5.028297040505268E-039
  -15.3422247788713       2.043178315684512E-050
  -15.2700529026591       1.321279923861293E-036
  -15.1746155624210       2.704724285323947E-044
  -15.1583919217090       1.125483757527132E-035
  -15.1324251963262       2.519472702218275E-036
  -15.1088129968432       1.972880975631939E-043
  -15.0229325065860       1.055732379889608E-036
  -14.9652088965159       1.080979010779029E-046
  -14.5728054378245       5.321218095518083E-036
  -14.5695441306917       1.954895071696956E-036
  -14.4588750768037       6.435222235783074E-035
  -14.3445114881299       1.081145326755940E-034
  -14.3437906692461       1.707046029611323E-040
  -14.1739729374139       6.159765122899310E-039
  -13.6241504920163       1.627871959934820E-044
  -14.7177966966905       2.541584365269008E-012
  -14.6892156822120       6.002043956404230E-069
  -14.6317936930548       7.364707690809316E-063
  -14.6204358040986       7.889733520475781E-067
  -14.5762871848429       7.699503596674121E-017
  -14.5497183426793       5.231980347900429E-013
  -14.5238174398094       2.212358905204406E-062
  -14.5017960618788       4.914836602244878E-011
  -14.3896598768310       2.467895713487841E-010
  -13.9733816257236       4.697739776751711E-065
  -13.9420107742230       1.495849234098639E-007
  -13.8678270922436       8.890294318372878E-007
  -13.7924041485516       3.945631493223195E-065
  -13.7395354574107       8.191464474198137E-009
  -13.5986261875519       1.036775037580132E-009
  -13.0523960685434       8.328442076975759E-011
  -14.6412911617986       6.148592905796018E-050
  -14.6121744994259       2.600996546587491E-036
  -14.5644492432912       5.415452426762229E-039
  -14.5537467381797       2.001314165747759E-038
  -14.5272200950935       2.746729358172870E-043
  -14.5037354808074       2.393537914888016E-036
  -14.4397551839710       2.223336340898018E-040
  -14.4017796500147       3.447270297298423E-037
  -14.2894057576574       2.086906662807392E-046
  -13.8938868389327       7.497775076752302E-039
  -13.8602572455804       5.265143976573503E-042
  -13.7860043531694       2.311385612751621E-037
  -13.7120020382935       1.839853031890913E-037
  -13.6842727151943       2.766825905254941E-045
  -13.4998259990727       2.921510715120680E-039
  -12.9578365565706       6.866010512601240E-043
  -14.6102611688867       2.819156839445611E-041
  -14.6063300802106       2.218360697360748E-046
  -14.5047871881283       8.052563353456175E-038
  -14.4999498212318       3.342181329800959E-034
  -14.4651414985746       1.018508319561224E-035
  -14.4476109939616       2.882763362999831E-042
  -14.4374464031911       7.065484948241026E-035
  -14.3848718364240       7.498247735625994E-036
  -14.3101475122626       1.104156175855110E-043
  -13.8646634479063       5.408720924729587E-039
  -13.8598687374400       7.101475326723230E-037
  -13.7313432483239       1.013115854694346E-033
  -13.6817881565977       2.249431150319650E-039
  -13.6269969959824       3.092632419369842E-041
  -13.5001888549219       2.414175811072791E-039
  -12.9277400682204       1.481438405440693E-044
  -14.5963769227581       1.788862025428840E-067
  -14.5635880777384       1.553368803815989E-014
  -14.5308597978749       6.391572469059920E-062
  -14.5262165485544       3.608769963587678E-064
  -14.4806732457339       1.197515644815025E-020
  -14.4526561145867       5.263593625454909E-008
  -14.4263524933192       1.739390390102325E-063
  -14.3973226699647       1.295641692203825E-009
  -14.3322809868935       1.827145540198382E-012
  -13.9096021728796       1.555018236687743E-064
  -13.8432414816585       4.328788111748431E-011
  -13.7394435242523       4.759876079965477E-004
  -13.6640617361038       1.479497064373271E-068
  -13.6433897600828       5.706161918559888E-013
  -13.5195908918101       3.589685229709459E-006
  -12.9505892642231       4.850142417401353E-017
  -14.4268028994737       4.835146505636460E-077
  -14.3890307202446       6.583843203345140E-019
  -14.3560378645471       1.369480596565102E-069
  -14.3510789557977       4.826013442254897E-065
  -14.3127390524629       3.970613023841871E-011
  -14.2795723436371       7.082677989939869E-010
  -14.2640390772089       1.079993702843614E-062
  -14.2429521881651       1.066740671286591E-010
  -14.1572089985132       3.428308256088946E-012
  -13.7329725093878       1.924385779262806E-068
  -13.6734292526458       5.251086418751796E-009
  -13.5708001831621       4.141064574271237E-007
  -13.4893805599547       2.677048233883357E-067
  -13.4792672294900       6.246191525436981E-011
  -13.3459088035417       6.216221307059508E-010
  -12.7743070546585       2.383665937662110E-014
  -14.4123601721861       1.916513358964454E-076
  -14.3941855119765       1.706130717947811E-013
  -14.3113796362429       4.367462642430952E-073
  -14.3084936315487       5.083915154114477E-065
  -14.3006988901994       6.434131711238770E-012
  -14.2835780355209       1.608998063370256E-011
  -14.2637319553470       5.930154815672677E-067
  -14.1545219317061       7.509293120992680E-010
  -14.0756415265856       7.316846985158576E-012
  -13.7064809239503       3.595423764605665E-072
  -13.6300364846449       6.078767047040702E-008
  -13.5707690731540       3.015769215322845E-007
  -13.4787712191632       1.891880487996106E-070
  -13.4421697476561       2.014525462767335E-010
  -13.2852939682266       9.592990421958110E-010
  -12.7407013488889       7.540045329324967E-012
  -13.8583924490069       9.017432611377893E-067
  -13.8273900591419       4.526937383147373E-018
  -13.8033604638697       4.421302871430469E-063
  -13.7722708827661       4.268904922230504E-062
  -13.7298833641895       4.405497722186551E-013
  -13.7226272229605       5.396568607578146E-008
  -13.6818288529317       4.727863607160609E-063
  -13.6495441611368       7.686625829764982E-007
  -13.5664446276937       2.724548343969203E-014
  -13.1602357383263       1.973954870464238E-065
  -13.1221041529137       8.831639213413680E-012
  -12.9876403797244       7.995404161491995E-004
  -12.9134141524793       2.167005023883201E-066
  -12.9001558689175       6.394451101205293E-012
  -12.7437212618224       4.248281489430582E-006
  -12.1667157209476       2.782441265253636E-014
  -9.01683633344235       5.235994273466987E-072
  -9.00829144638608       4.618514208045812E-013
  -8.97861945203445       3.389043239310789E-068
  -8.90330964756536       9.136296447543922E-063
  -8.89537607247669       6.564531923233897E-011
  -8.87870080035211       1.720186569741752E-063
  -8.86105497867067       2.091634439058380E-010
  -8.82750701412615       1.477313750138355E-012
  -8.67741595126233       9.393791082191401E-011
  -8.28518529429711       5.025125728395059E-069
  -8.24215164413958       1.747581567553180E-009
  -8.12705055239843       1.140532620026792E-009
  -8.06327632840664       5.632092361074789E-068
  -8.04508549138047       1.383378063480582E-009
  -7.86042958486131       8.645941538663929E-010
  -7.28455141531133       1.742405703256743E-010
  -7.79341758876305       1.426075715192465E-046
  -7.75371235319306       1.270054663244813E-033
  -7.72487585426844       7.024802048784065E-036
  -7.66279534358504       1.330868920936289E-036
  -7.65447601791852       2.204783412995635E-041
  -7.60155729989009       1.260885965699796E-033
  -7.56375978478806       6.604318700403711E-040
  -7.51352878553636       2.505181033588921E-034
  -7.35980631605577       2.532378816208821E-045
  -7.04594025924269       1.989771532345725E-038
  -7.00070809151301       5.016325168735519E-038
  -6.88375386876867       1.761402087135715E-034
  -6.83886671762472       8.976566431080757E-037
  -6.80156821290563       4.799143225113207E-041
  -6.58636053133720       2.698337174656155E-039
  -6.05674431443169       7.657664677573863E-047
  -7.76971891126322       9.653306011216033E-032
  -7.74861544615944       2.643939743467678E-031
  -7.65407303593323       2.074568356486326E-029
  -7.63549536347067       1.219147397424882E-029
  -7.58716425626614       1.174843818627667E-030
  -7.57333980946779       3.199204652314800E-029
  -7.55939139786519       2.121469366664346E-029
  -7.50492556040429       2.590503623737480E-030
  -7.41350469594725       4.575201580028159E-031
  -7.02659502834735       2.218090579624320E-031
  -6.98562461900249       1.028684706444910E-031
  -6.86250519094170       6.324815184378246E-030
  -6.81861511225118       3.898296632624619E-030
  -6.74667641274182       2.398151925925885E-030
  -6.60502782373079       1.547827488203062E-030
  -6.03481649442347       4.403396859913407E-034
  -7.79894244360982       3.491349704700532E-013
  -7.76183059762317       1.942689519844564E-052
  -7.65877311661266       3.179768445480271E-047
  -7.65797312253946       2.958054189697997E-047
  -7.57832892147884       7.762565392113736E-011
  -7.54727324034391       2.288064029669913E-010
  -7.54491967349306       3.032437793123569E-048
  -7.50914881869750       1.326289188448565E-012
  -7.36065018439036       3.675260376726466E-011
  -7.02566657089408       1.468524506100578E-050
  -6.97820262398982       1.083442881868156E-011
  -6.85734172281868       4.314788125504067E-010
  -6.82292915710959       1.675922566275058E-048
  -6.75428184429633       2.788149747373572E-010
  -6.57505491516863       9.279834713619601E-012
  -6.02883081255609       3.863286017836784E-014
  -7.61825538824967       3.160075008115535E-069
  -7.56699890338549       1.215900427714432E-013
  -7.53175259746214       1.949599155989552E-066
  -7.50249335288900       1.574014350662739E-061
  -7.50086561066017       3.032488352280735E-013
  -7.44519631032331       4.199104031392039E-011
  -7.43526605526232       1.372530201966564E-061
  -7.41964241973635       2.727527506686888E-011
  -7.29148796425849       1.569458319288906E-011
  -6.90846227357499       2.794545917333442E-069
  -6.85808482997222       1.483558296309053E-013
  -6.74079023807067       1.167334764376897E-011
  -6.65835273072744       7.644529234085280E-011
  -6.65305900575790       3.994802323241963E-065
  -6.48511755141762       4.917394249117645E-011
  -5.91901208166926       2.083692142424949E-014
  -7.55607911643570       1.187855102282029E-065
  -7.50473470805102       4.155936295850474E-015
  -7.47103780787652       6.165876649116725E-063
  -7.44204500706228       1.683667185350119E-061
  -7.43896870089226       8.908216096367891E-014
  -7.38379157719706       1.157320772065874E-007
  -7.37262315704908       1.660460104075732E-057
  -7.36057727342721       2.299977139720513E-007
  -7.23249425685103       6.945691126655771E-015
  -6.84529941898790       8.309120898562698E-065
  -6.79654321142909       1.047893541795362E-016
  -6.67808125699297       2.167600365457033E-009
  -6.59709784605806       2.518345400810601E-013
  -6.59040790334052       2.510883233965592E-064
  -6.42406658365958       2.791955585763465E-007
  -5.85590277390275       8.839936547162139E-017
  -1.43407941664984       8.811743514427247E-048
  -1.39158849811257       1.343177157248917E-037
  -1.26959391493477       1.099565219937825E-034
  -1.26650302515546       2.522631751047602E-035
  -1.17145482762386       1.088241574500157E-046
  -1.14270463138624       4.095193094782155E-035
  -1.13449581042503       1.210765141893087E-036
  -1.08310267190130       3.334304537492464E-039
 -0.912223941410165       1.959886697838965E-048
 -0.623620786469562       1.956890963497989E-034
 -0.567223542728183       5.660698680989028E-037
 -0.424385786692770       3.797912678626302E-031
 -0.420451158986602       3.608082900108813E-031
 -0.336480840282039       8.050698496406154E-043
 -0.128497757861485       3.449518798301736E-038
  0.414491335874906       1.100006121985731E-044
  -1.01689909896868       7.879338369926030E-070
 -0.975930797032209       6.843288071624412E-014
 -0.919647419259370       4.847564956534564E-069
 -0.892717284983128       1.796578692647057E-012
 -0.851385465473889       4.560378613714719E-063
 -0.823209721445167       3.372505155193956E-011
 -0.802485036705210       5.899575899316168E-062
 -0.721863197803945       1.378308456627093E-010
 -0.563424974130555       9.157992414619400E-012
 -0.277408372342062       5.528303123808795E-067
 -0.208588639283271       3.826742402225001E-008
 -7.827523667610592E-002  5.389580888551316E-009
 -2.696423162678840E-002  3.928916569868010E-064
 -1.295334648496294E-002  2.493026125134580E-007
  0.213771073975455       2.465408416905794E-009
  0.745789900000922       6.670489001312021E-011
 -0.688485307208538       7.125193870644837E-074
 -0.670428695955287       4.957357917998762E-017
 -0.619168351014771       1.571277217179350E-062
 -0.590660594054349       3.904770693878305E-062
 -0.521444835354455       1.472646242313679E-008
 -0.514005695192104       2.512859570202454E-011
 -0.510100978798089       7.445463275423011E-062
 -0.442184898043173       4.276947003545436E-007
 -0.353210432574723       1.517851309416495E-014
  2.281192265571974E-002  1.796118093732605E-069
  8.394840576679741E-002  2.245145442474031E-011
  0.222684260673468       3.214405383104334E-004
  0.274024625231988       7.158781864994417E-066
  0.317394058539083       1.616201505348503E-010
  0.473262255294138       2.129507405356146E-005
   1.05766160675019       1.002589474703072E-013
   5.32509918223677       3.458126860555484E-071
   5.33489888642620       3.151497721229041E-013
   5.37695017535259       1.317542506074656E-065
   5.45898347466145       6.249390446798312E-061
   5.47583815093465       8.192482731970206E-012
   5.49473198150698       8.278639497311924E-062
   5.51260859736656       2.927110879612466E-011
   5.55791987604367       3.231959155405995E-014
   5.72670039282815       3.900727868534184E-011
   6.06084290242989       9.611097174953293E-068
   6.11246223232336       9.998565040749380E-010
   6.24942459818187       2.414770334535553E-010
   6.29456454470636       1.509277312480713E-063
   6.32473642182913       6.962093681696931E-011
   6.53088055984085       6.314756416659339E-010
   7.09493439646352       1.600776775846820E-010
   13.6452667387305       1.104286395148770E-047
   13.6819308287989       2.954623979944408E-035
   13.7038512661958       7.730322586769427E-033
   13.8184103929887       5.743380293127011E-047
   13.8206436742128       2.431009213842535E-040
   13.8919577622771       1.348614626266081E-036
   13.8932514944880       1.036676208498833E-032
   13.9635438415979       4.380275818108495E-034
   14.1668162546038       9.537927055218928E-046
   14.3938125777320       1.192566398152855E-037
   14.4553310218922       8.229539216181469E-039
   14.6205209804459       4.090633551669738E-033
   14.6400269051795       1.223365268729003E-033
   14.6898468164127       2.710159173043478E-043
   14.9390096912877       6.921838338879024E-040
   15.4697303778882       2.889230030505491E-046
   13.6643184586083       6.414714474939145E-049
   13.6984650236562       2.394228148805022E-041
   13.7785157667671       5.059020688657018E-039
   13.8350343234833       2.082805401799415E-033
   13.8553423160636       1.000482849593511E-031
   13.9135720849764       5.458118425277578E-033
   13.9187486244656       1.978174406114566E-039
   13.9770641977781       1.744688518549750E-035
   14.1048635074745       1.320382015680384E-043
   14.4105571196390       1.542997192385576E-041
   14.4878308659765       4.484222053003648E-036
   14.6213906052728       8.083869678319277E-032
   14.6570365002728       2.134302761729760E-036
   14.7438288662124       4.010869291989031E-042
   14.9170049205469       8.124318132770823E-037
   15.4899491419066       1.938245301294896E-045
   13.6378463722395       5.378661019498169E-013
   13.6894530928074       7.830294383243735E-070
   13.7592082354485       1.049859082666365E-069
   13.8247806460141       7.330876518940969E-065
   13.8956170463314       4.576792862701169E-011
   13.8988408897471       3.139911292860140E-060
   13.9348587178853       1.197765642464104E-010
   13.9906178547945       3.890318358242713E-012
   14.1688585992994       1.307799690540467E-011
   14.4108703515017       6.210505766289267E-069
   14.4913004582907       1.932055959186208E-011
   14.6421248719624       5.276444822851015E-010
   14.6516178871233       3.455373048470175E-063
   14.7378746505723       1.449730953769979E-010
   14.9534948781424       9.779723006088373E-013
   15.4986103456842       2.141578621468565E-014
   13.8011322995130       2.863311799357681E-072
   13.8505164365698       6.785213038831465E-014
   13.8755239091135       1.258831611270094E-068
   13.9384903913951       1.359082786354810E-013
   13.9423794817344       1.363547191929256E-059
   13.9982175362487       9.866845831167387E-060
   14.0009800295431       9.722553424238800E-012
   14.0196669371770       1.127282012894428E-011
   14.1927156810439       1.307857377818252E-011
   14.5209220085369       2.797003262165655E-068
   14.5645599532409       2.187005254713322E-011
   14.7111617062249       1.972743027128032E-010
   14.7961596067376       5.181164608325905E-062
   14.8003628857009       2.461302327230735E-011
   15.0042882173213       4.099895771177752E-011
   15.5743086476631       2.397500587581953E-014
   13.8682199312311       7.831878090358195E-066
   13.9190405245017       1.639625520714724E-016
   13.9431728687668       8.819236782489614E-063
   14.0037982441516       2.082309609274402E-014
   14.0125899324054       5.662841785882008E-061
   14.0679088903820       2.855097434046495E-053
   14.0685757157735       1.862852678231712E-007
   14.0881110384850       3.671480565988179E-007
   14.2640156323978       5.795938548337672E-017
   14.5903395207649       2.282091989330826E-067
   14.6324397720790       2.487906718127132E-015
   14.7809643306760       1.133821723566552E-006
   14.8653962487098       8.063207930598784E-064
   14.8672351074786       5.474471560676732E-018
   15.0744830990793       1.714354828551555E-007
   15.6435143681064       9.080176152669068E-017
   39.4336498817498       1.686950378866971E-049
   39.4860519561235       2.072728329970826E-036
   39.5598354106389       6.170671320996900E-034
   39.6358285218344       5.185383426308056E-038
   39.7004424653564       1.839825588261613E-037
   39.7261837612557       6.896979786280431E-047
   39.7540545209495       2.773362025608033E-034
   39.8263521032018       4.685791750213280E-040
   40.0118908278164       2.081225334562014E-046
   40.2266734658390       9.513303829118179E-036
   40.3260520356673       1.646806605727335E-036
   40.4579099886857       2.329225675143581E-031
   40.4853673008783       2.258178816167337E-031
   40.5648633702628       9.856122195241992E-042
   40.7920407826199       1.344728794604851E-038
   41.3317880034266       5.000252717542456E-045
   39.7325001592910       1.167940429011879E-069
   39.7789953953148       1.535393369588886E-014
   39.8038961808981       2.168103816004785E-066
   39.8734553400514       2.684503908501529E-013
   39.9123652350799       4.156446316820422E-061
   39.9540825683929       3.524259760236437E-012
   39.9743110734708       1.497662205890193E-061
   40.0207721548184       1.979428128991809E-012
   40.2365600142494       3.403611426630734E-012
   40.4811142267634       4.783950889246689E-065
   40.5296380043715       7.285730808450680E-010
   40.7049881224117       7.057512322584532E-009
   40.7443874125807       5.316726708436865E-061
   40.7553869455929       2.520647984122275E-008
   41.0098004575600       1.414870674592365E-009
   41.5382230433209       3.526870043506241E-011
   40.0250286438539       3.322226185935120E-072
   40.0507095115923       4.657320022759287E-019
   40.1094599695376       1.556303389372825E-065
   40.1462604624990       1.492566345500190E-062
   40.1989931316638       5.587573552821761E-059
   40.2184477951926       1.841275735703101E-008
   40.2240557355198       2.791262668904683E-014
   40.2776381039854       1.103113541300707E-007
   40.4120988267119       4.559788915667208E-015
   40.7521780744678       1.236736773351608E-066
   40.8201638810925       1.616421734635011E-012
   40.9512824425218       8.231648869128973E-006
   41.0141783845538       6.593642410059143E-064
   41.0602820037776       4.040792340621047E-012
   41.2346245905672       1.135681050661160E-007
   41.8213791192150       4.705978506948810E-015
   42.8551162411084       3.167636564962328E-071
   42.8770679728284       1.299352656072043E-013
   42.9269031976979       1.021770491514679E-065
   43.0108538438469       1.888262993764298E-062
   43.0354426684818       6.440863616765008E-013
   43.0629249835487       1.032134515686568E-062
   43.0718359255251       2.258599819085130E-012
   43.1330212488275       1.195290070194830E-013
   43.3216222401045       1.450396753709115E-011
   43.6048780311264       4.184660322593773E-068
   43.6638910825911       5.425470703682904E-010
   43.8225196651739       3.084886944777226E-011
   43.8552081873176       1.835110100418596E-062
   43.8881361506734       4.545247029054261E-012
   44.1201378928452       4.409741837763439E-010
   44.6796325414560       1.327031354659003E-010
   90.2049849563328       2.454449118497839E-039
   90.2092587998373       3.872606658142882E-047
   90.2755144053310       1.751850206615393E-032
   90.3873429652814       7.918044983772048E-038
   90.4016883322708       2.631953563727843E-044
   90.4502095171403       3.262627962402903E-036
   90.4640446968480       2.774054146470325E-032
   90.5383875039769       7.882141679169258E-036
   90.7591347827689       2.042315809191298E-046
   90.9441760747846       2.039465264059109E-040
   91.0172762258247       7.001547754169143E-036
   91.2055151300670       3.743606567286851E-032
   91.2113974906598       2.596359327549336E-032
   91.2664281220737       6.157889298624424E-043
   91.5298373534109       1.730568042852386E-041
   92.0603479934742       1.922199489326676E-047
   90.2229460132690       3.636749514533695E-049
   90.2354649022185       3.042461495025168E-041
   90.3214893612595       7.028228801726870E-037
   90.3827778902916       8.949892703731183E-035
   90.4306663970635       1.859099994637256E-032
   90.4753293622396       3.509953406668197E-038
   90.4778132508033       1.065249273043096E-033
   90.5515775127399       9.759111150744354E-039
   90.7150403719552       2.367295171819792E-045
   90.9572072758369       5.434937633504826E-043
   91.0501889946341       7.830720545699384E-037
   91.1994799083176       3.097259195712326E-032
   91.2239936857781       2.176643697364397E-036
   91.3075363469893       1.176807640396617E-042
   91.5139127581857       3.721177155348511E-040
   92.0759787872371       7.342382221940957E-047
   90.2055421626797       8.388904783049860E-016
   90.2264779647987       5.455230716937812E-068
   90.3032307162145       3.234091239811717E-067
   90.3928891685235       3.242052971243876E-063
   90.4508440251298       1.797560614416043E-060
   90.4571590557457       1.285520735331956E-012
   90.4918598703631       3.275399839191112E-012
   90.5671433457896       1.492835686459183E-014
   90.7641952968867       3.492261326156695E-014
   90.9563847702124       2.008443727230310E-068
   91.0494300837828       1.698561521661758E-014
   91.2193158749191       6.065675853894979E-064
   91.2211309383263       4.347931547826408E-012
   91.3031349065648       2.065755772686729E-012
   91.5428792291916       9.537947588314783E-014
   92.0828189122067       9.199576828179948E-018
   90.3064996810553       6.290177332114054E-071
   90.3576945294470       1.313037902185702E-017
   90.3937227744498       1.377530583820082E-065
   90.4687064443095       2.061267863068229E-064
   90.4859142838691       5.771111210998519E-014
   90.5231228317040       1.662170723255982E-013
   90.5312974414816       3.195076051916725E-064
   90.5841408962061       2.086808595729066E-015
   90.7741126608145       1.469113685890468E-014
   91.0438811230207       3.802730299338865E-072
   91.0945873038716       2.297902900701512E-014
   91.2601314790322       4.013970703760851E-013
   91.3247763979610       6.106013664608413E-066
   91.3447903733625       1.979510812708295E-013
   91.5734148095613       1.182871796703819E-013
   92.1342982313716       5.011977596777991E-017
   90.3600688435843       1.388630409637107E-066
   90.4130641799416       1.524460880340887E-018
   90.4468160528778       2.500577268289806E-061
   90.5257072437134       2.396922931537065E-062
   90.5364534970703       3.980703412982827E-016
   90.5780119454816       8.769894101187279E-010
   90.5887634235149       1.642633051883439E-059
   90.6389989173242       9.221183732483838E-010
   90.8333819616403       9.348445977807208E-019
   91.0993433880197       3.035911907461039E-066
   91.1481394675980       1.200841935084303E-016
   91.3167992365006       1.157824755505122E-008
   91.3803081989719       2.348063938779956E-063
   91.3976929751010       2.075888201868769E-017
   91.6306882573385       3.142424560545758E-010
   92.1893707630731       8.163211764012799E-020
   112.915614726731       2.103123686627658E-073
   112.939173861138       1.664844400633261E-014
   113.001258020849       6.559362343599582E-066
   113.074639166920       1.892811999104425E-063
   113.121625617987       1.088089461982239E-013
   113.137871904447       5.259572565634480E-065
   113.148745365665       4.086423422099200E-013
   113.222195891339       1.302387461618810E-014
   113.410296810735       2.086149912516160E-012
   113.649741293008       6.586483313795199E-070
   113.721340828431       9.317378999404876E-011
   113.883450725486       3.025205904023641E-011
   113.912941843485       3.433783253163760E-062
   113.962820411496       3.245439857918277E-011
   114.191300844407       1.291093674917661E-010
   114.732556427143       3.769092410222565E-011
   129.156367440277       5.731242021762405E-049
   129.183302513637       3.979805718032437E-045
   129.267460957232       1.363193525388337E-036
   129.348573950351       5.744314655882494E-038
   129.411016942399       7.979414763618269E-036
   129.436270948024       4.198263767689672E-045
   129.462456124106       2.281668770992370E-034
   129.542644720373       2.570186895250812E-039
   129.736710621251       6.542878839867003E-047
   129.912642090306       3.294861817764403E-038
   130.021041842022       7.939867659608857E-037
   130.167991143792       2.875786264617162E-031
   130.190745241811       2.689683071654787E-031
   130.264636255996       1.000610772944769E-041
   130.504790136072       1.762021618515582E-039
   131.033987030357       8.541957480993887E-046
   129.438229092993       1.929764989621533E-067
   129.498955151116       1.773137533551626E-014
   129.523916791537       6.709517045032292E-063
   129.605772640020       5.272539188618194E-013
   129.638235805762       7.819853780690161E-060
   129.676950941419       3.618748969241731E-014
   129.708578100131       1.384609422313831E-063
   129.750292023939       1.513011098115175E-014
   129.984728408249       4.707841450442740E-015
   130.197321478755       9.436375796452451E-065
   130.236045064032       4.070216912276552E-011
   130.437219197009       9.229293131584899E-009
   130.467535500432       9.945239938817115E-059
   130.472284573953       8.767811054468820E-009
   130.750987327109       4.881347509097635E-010
   131.276285023215       2.255933565236240E-012
   129.635750527768       1.959812384498484E-068
   129.667867808860       5.204836141125519E-020
   129.730292799309       4.295650695677961E-063
   129.770396515430       1.361742694322740E-058
   129.833128791651       7.330699873171436E-060
   129.844069249112       3.878715180432635E-009
   129.849947216371       1.705166068076269E-012
   129.915728941121       6.940901537962122E-009
   130.072115665307       2.268113499349749E-017
   130.361198574414       3.570633806717115E-066
   130.432057500912       2.059764160668975E-013
   130.571180305521       5.225207785793998E-007
   130.630806889891       2.056856290032898E-061
   130.676425103647       1.395428639538424E-012
   130.874950921764       1.524114447724288E-007
   131.442210028233       1.094818576413917E-016
   288.247205967218       3.319154632064656E-071
   288.279159421950       2.340822070194136E-015
   288.343235817444       8.098220140270922E-064
   288.417434873162       3.558517255399631E-062
   288.466085548583       6.830713538455544E-015
   288.488432348116       6.010557144307610E-064
   288.491693400048       2.285142872385374E-014
   288.572792134916       1.222952616038947E-014
   288.769886372971       3.296263131138174E-013
   288.970268052568       1.471360013776571E-066
   289.042150252599       2.392738006165540E-011
   289.215577887654       8.289232295196678E-012
   289.241100860125       8.539958247018528E-060
   289.286799315085       1.200625447598254E-011
   289.531238921683       2.682194781886301E-011
   290.055267682965       9.170411798417937E-012
   352.745011062639       8.905354410555954E-039
   352.752332276853       1.355983890658474E-044
   352.842445500992       7.230352268942973E-034
   352.922385545327       4.911676144825598E-038
   352.992057240268       4.646899290100532E-043
   352.993600426646       4.536803941239925E-036
   353.018623354624       9.380080902321142E-033
   353.103346641920       6.579785131380635E-038
   353.306012598565       7.732401180556146E-047
   353.449874711435       7.012214494825226E-036
   353.543269912853       6.559299702668199E-035
   353.714471817846       2.553776303263556E-029
   353.724226962949       2.492925343576962E-029
   353.781129320430       1.083617134122603E-038
   354.039750085236       1.116817928734475E-038
   354.537998130495       9.291268712788893E-043
   352.947982116293       5.391058467489118E-068
   353.004315557593       1.001705771470423E-015
   353.045904045002       3.326731820815970E-061
   353.145406540984       9.829794136847055E-059
   353.146024243252       2.301831702747122E-014
   353.196842430508       3.059530297276999E-012
   353.220579582250       3.314349343837928E-060
   353.278506719398       1.848683997732501E-015
   353.503852485614       1.733477893020244E-015
   353.670617230626       1.853157729729860E-063
   353.720543478030       1.504077923178152E-010
   353.920641234038       1.353569187829482E-009
   353.941260893394       1.213211498432080E-057
   353.957478115508       1.620747691800451E-010
   354.236147873584       7.677182754175879E-011
   354.731407092787       3.551151485141374E-013
   353.113299954198       2.550626221749016E-066
   353.151711053011       4.729426109072128E-019
   353.215200504462       1.542001846048688E-057
   353.271744316310       2.621739381562823E-057
   353.336783778358       3.555422665413452E-014
   353.343537844231       2.370780643656474E-009
   353.343844489059       9.598054880166674E-057
   353.424846646549       4.478027944068247E-010
   353.606844838847       1.931888118389404E-019
   353.816837770095       4.750689798637788E-065
   353.886287656708       4.673483352017140E-013
   354.048416827377       1.226026744469164E-006
   354.086832895867       1.358914167354690E-059
   354.124542778527       6.569742474159896E-015
   354.360155170645       5.943504371315159E-008
   354.879654764290       2.872803657538791E-016
   362.400133396430       1.285147555180474E-043
   362.430615552471       1.513649321109380E-047
   362.496842986155       7.115055138093284E-034
   362.590878933974       4.492367187887295E-039
   362.622619331476       2.876665435333304E-046
   362.663776965641       3.478936382783649E-036
   362.665195386199       8.514986385754244E-034
   362.749032296550       1.692289427287546E-040
   362.966761474550       1.913224206385776E-046
   363.114229080449       5.703694606549323E-040
   363.186250638311       1.601299208427672E-038
   363.380251954342       4.641165453575012E-031
   363.385951482091       4.648426916250878E-031
   363.429482057185       2.600448274937929E-043
   363.701044794144       1.521008860950306E-041
   364.199371797692       5.236847352234508E-047
   362.422009630347       1.574508800576516E-044
   362.440900166855       6.769841770301280E-048
   362.522140514369       8.236880255701263E-037
   362.588643135277       9.168272337050099E-036
   362.658734902767       3.614512198028517E-032
   362.662348791981       2.059145144249566E-039
   362.675514744853       1.389053851939905E-032
   362.759247376478       1.090729471256992E-039
   362.948695247190       7.000127300283220E-046
   363.124395093971       1.866682443957839E-044
   363.208691244566       2.495005698285054E-037
   363.378829436234       5.637004514687596E-033
   363.395698432103       3.631423000786933E-035
   363.453121571891       3.114333781595883E-045
   363.696798462851       3.170560091243007E-039
   364.211019799671       2.266278503753418E-046
   362.415104198322       5.675394976050685E-071
   362.432363643583       4.937556594676709E-016
   362.512603066260       4.775720903163851E-067
   362.596098475178       1.293825977063268E-061
   362.652347414459       2.435985847361565E-015
   362.667357944441       4.003834519851360E-061
   362.682557581544       1.726650807281940E-014
   362.767097625474       1.641463743978520E-015
   362.973370421460       3.012478999501798E-015
   363.122862410958       2.920806109702208E-068
   363.206661570236       1.533704598399377E-014
   363.391116836747       1.034281823105765E-014
   363.393083455245       2.573069186289074E-059
   363.450506378418       1.628736863860344E-017
   363.711244850282       1.273700309066819E-014
   364.213970901489       2.552474864403005E-017
   362.469788586495       3.557800461192005E-074
   362.519512529149       9.745871021024597E-019
   362.570561358695       1.142617625734491E-065
   362.646293775413       7.300890499679920E-063
   362.680016244331       4.033093857699239E-015
   362.706798515594       2.496479416405652E-014
   362.719703830344       1.654039392246913E-063
   362.787753285861       3.635031467373932E-016
   362.989245478310       1.181109405934872E-014
   363.182025291013       1.393011245328912E-070
   363.240349040408       1.695547552387161E-014
   363.420094017650       2.234763300243438E-014
   363.457695598212       1.356838791035248E-062
   363.483897073858       1.777814047292265E-015
   363.737761888466       1.053645629448171E-014
   364.251541466679       9.043008645815441E-018
   362.506565335391       6.689393221487046E-074
   362.557692769754       6.044238277546423E-020
   362.607029947819       1.802736633114091E-071
   362.685548751207       4.646680547695789E-061
   362.714775213225       1.111940932415853E-020
   362.744530675415       1.050930625636367E-011
   362.759214866934       6.893510264842100E-060
   362.825434711542       1.924933798664197E-011
   363.029808747961       5.767592737484482E-021
   363.220043797730       1.433235780076047E-071
   363.276900719962       2.727688222133636E-019
   363.459050224429       3.538415106383112E-010
   363.495814070774       1.627358760393102E-067
   363.520306759308       2.609641911335495E-018
   363.776993297655       3.841561416688224E-011
   364.289237295839       2.507122336719063E-020
   573.794089763992       3.520080041202975E-072
   573.832635039882       2.621844135832825E-016
   573.896537995708       6.897903591911698E-064
   573.973762287274       4.959177266935763E-062
   574.019175177141       1.123315438382329E-015
   574.044708758242       2.985353010892409E-015
   574.048518874755       9.551342855247864E-067
   574.129777387523       8.327179301230134E-016
   574.333506489278       3.398316442893891E-014
   574.491064820658       1.553173141778813E-067
   574.559790696407       1.362859422530040E-012
   574.742811958661       1.743898405157452E-013
   574.764003711925       5.295851066206021E-058
   574.801192643839       9.574989849660008E-013
   575.061792574949       1.641029607950020E-012
   575.556320515578       6.056200544713286E-013
