                  1056
  -19.1322517842614       8.945344367479581E-046
  -19.0911072001145       1.332377984867105E-035
  -19.0849678771849       1.356853798541776E-035
  -19.0715476671485       8.577025906661717E-039
  -19.0373135706380       2.250443024727520E-036
  -19.0370103979699       2.383162493501916E-036
  -19.0115947123805       1.353463075448597E-036
  -18.9895252833158       4.226423366637703E-039
  -18.9045509835820       6.732583428184806E-038
  -18.4485012153359       5.825063916240407E-044
  -18.4025826417460       1.405778153540129E-035
  -18.3550945368049       1.205362798468512E-038
  -18.1881787426914       1.348001002513451E-045
  -18.1511133793938       2.494843984857203E-038
  -18.0727038635117       9.479844462698065E-043
  -17.4783948578126       7.485291804403733E-039
  -19.0801780612106       6.848435091747125E-041
  -19.0227320755589       4.634360456261967E-044
  -19.0085697808304       2.727215108993231E-033
  -19.0066483526484       1.005454048497645E-035
  -18.9594866697319       1.065617825777044E-033
  -18.9449803634237       9.918519005946095E-041
  -18.9124175155805       2.896223050737479E-036
  -18.8780349860467       1.817942111186911E-036
  -18.8125225638018       2.936354459606255E-042
  -18.4044507793083       5.851142052845880E-042
  -18.3670172263627       2.173248054441094E-040
  -18.2557924153902       5.214110592453409E-034
  -18.1239965926119       1.139527277900363E-041
  -18.0932427374182       4.685450452237079E-044
  -17.9886179950703       2.167999915823055E-037
  -17.4137770646145       1.409162646145878E-040
  -18.7623408696172       6.979746004887349E-037
  -18.7203918476466       1.636194920665208E-034
  -18.7134848601752       2.657772683803093E-037
  -18.6859185069590       6.691214688069084E-035
  -18.6528194164306       6.241477930764641E-035
  -18.6335185405355       4.598899858413416E-034
  -18.6072273060101       1.267581467173598E-033
  -18.5833134647151       1.142868707082281E-034
  -18.5342493214226       3.231727987297100E-038
  -18.0990670078675       5.247137801414882E-040
  -18.0387400044446       1.893088866921960E-036
  -17.9583270534644       8.936981988509688E-036
  -17.8251126675276       4.267134181395027E-040
  -17.7944866989676       2.047150588063304E-040
  -17.7102080060048       1.001618720358256E-038
  -17.1308766637056       2.685172398150234E-040
  -18.7326853609390       1.832291568545056E-042
  -18.7096830306417       3.507071141628338E-035
  -18.6983919013505       7.833249598276350E-044
  -18.6760112832148       1.655298398084677E-036
  -18.6480161127578       5.415315029616875E-034
  -18.6378444748450       2.502793998446872E-033
  -18.6162761770330       1.978632877772377E-036
  -18.6094219727044       3.885999099124583E-034
  -18.5407172015195       3.384707002303142E-037
  -18.0696296640704       1.156037546229987E-036
  -18.0066955565163       3.204023945605309E-034
  -17.9665160818571       4.663005975140759E-035
  -17.8199013301695       8.379716287530786E-041
  -17.7778069951181       2.799970524954475E-041
  -17.7160650194911       1.074267441417078E-039
  -17.1243062944748       1.666547044072824E-039
  -18.7460023281995       5.956956978452708E-011
  -18.6857632327365       5.240635774552300E-073
  -18.6761941114036       1.848168398712692E-008
  -18.6301551737609       2.271561546465384E-062
  -18.6055043064610       2.333528442300959E-071
  -18.5672552754442       1.665006591174824E-067
  -18.5561616002449       2.572863203550276E-011
  -18.4781998250500       5.926966781966498E-008
  -18.4513734187567       2.630891314852437E-076
  -18.0220124428951       9.025029312275883E-066
  -17.9732231300667       2.026245318880482E-010
  -17.9372307100643       1.425049508680093E-062
  -17.7655295519096       4.136552101479504E-070
  -17.7495657110593       2.348386192534808E-012
  -17.6373911076679       3.689035493403926E-068
  -17.0629394084888       1.268741548712865E-073
  -18.6644823300569       1.204691578289784E-042
  -18.6209234662956       8.926311648240849E-037
  -18.5736886248449       7.936146440603752E-036
  -18.5517466068266       6.645480134657018E-035
  -18.5441745017363       1.441341062160991E-037
  -18.5415795013063       1.418453429504906E-035
  -18.5326961959776       4.880990805745675E-035
  -18.4317957566947       1.177497236073195E-040
  -18.3746220797042       2.859212079258100E-038
  -17.9603104240104       6.760407596986196E-039
  -17.8844816315709       3.312793236332244E-034
  -17.8402552298974       5.818142629067906E-036
  -17.7028619503818       2.982118138366524E-044
  -17.6826870690982       1.452102993305345E-036
  -17.5475175359989       4.137893771327394E-043
  -16.9578784018634       5.414265796311635E-039
  -18.5116746541316       3.007979390918700E-040
  -18.4547489630028       4.141702119723968E-042
  -18.4361047487803       3.212881167492650E-035
  -18.4236440854571       7.746096328731783E-034
  -18.3855814748794       4.418612911171205E-035
  -18.3671816129486       1.421840175544142E-039
  -18.3171691961401       1.432594544140909E-033
  -18.2838587163858       1.636970382957442E-033
  -18.2163913019651       8.010424201987411E-041
  -17.8132110582343       2.362233099525441E-044
  -17.7842114975791       9.871616857192370E-038
  -17.6446626535882       9.593749120271211E-034
  -17.5468807955445       9.131115375951924E-044
  -17.5288587806042       1.226714755958743E-041
  -17.3900561749472       1.920254449712345E-037
  -16.8146179795166       3.321616906915977E-042
  -18.3847225470841       6.296216536568012E-047
  -18.3540726576839       1.351809555664272E-037
  -18.3366675100561       2.042287403895732E-043
  -18.3142702271475       5.406942288425475E-036
  -18.2786727582725       6.485352472360149E-036
  -18.2738128166590       1.350215634052576E-035
  -18.2679199968232       6.259233299635760E-036
  -18.2348798099434       6.840608815001829E-038
  -18.1382681140794       6.215148899433568E-037
  -17.6943663503387       1.699972296345443E-044
  -17.6540018542196       3.048249788784133E-035
  -17.5757133898918       8.233185543424034E-039
  -17.4489325012112       3.991067886055407E-047
  -17.4115917596374       4.231296807928737E-040
  -17.3188866052663       2.619981524983018E-041
  -16.7390296063429       6.672775277303736E-038
  -18.2102489702101       2.426354570265718E-013
  -18.1741695740459       2.012434090048667E-069
  -18.1485899684235       1.875543439322769E-007
  -18.1405026195974       4.731744935819189E-005
  -18.1367393069320       1.103126052928078E-056
  -18.1086899758117       7.419608629093297E-005
  -18.1027069391446       9.521931628057202E-063
  -18.0560346504277       1.414949722120730E-063
  -18.0090707833379       9.871806373272368E-069
  -17.5335195549965       3.940616617498250E-016
  -17.5287584424660       3.334655079590374E-064
  -17.4453217191342       4.219420444251361E-069
  -17.2930203093348       2.346841070489557E-017
  -17.2511317856091       4.573280006935054E-070
  -17.1904303345049       1.942407735860201E-070
  -16.6077309522047       1.783388283712973E-070
  -18.1301738794721       1.304213933351453E-042
  -18.1180095905903       1.202338069865514E-038
  -18.0889379379806       1.131957741025645E-037
  -18.0864658679254       1.444779962118231E-038
  -18.0575163404073       4.458550123855952E-038
  -18.0438893842654       7.656051747929282E-036
  -18.0322747779258       6.814720202559736E-036
  -17.9958130129760       1.503974805932056E-037
  -17.9192725217433       3.610283557290756E-038
  -17.4725142519356       3.068462514837729E-044
  -17.4183939089825       9.722200133941842E-040
  -17.3841033348124       6.525231507346685E-040
  -17.2244376344030       1.777071659742951E-046
  -17.1878828903906       6.613061967212539E-038
  -17.0992385004105       2.465669796194915E-041
  -16.5160674083243       1.036397506540934E-039
  -18.0311745070889       5.334780533592538E-068
  -18.0231677280920       3.995254603915771E-009
  -18.0134694655823       1.792955680222533E-006
  -18.0017840959342       2.274765760017157E-006
  -17.9641788922241       2.462693476279986E-059
  -17.9610322616100       3.940819863755860E-008
  -17.9509617092675       1.248149481619846E-063
  -17.9164618033212       1.164925268295520E-061
  -17.8369872561110       1.206055190989085E-069
  -17.3767007871619       4.576096192889764E-012
  -17.3439601676570       3.888639499633946E-069
  -17.3079256096172       4.753636860035145E-068
  -17.1409006599676       1.038156669618417E-012
  -17.1056989761809       2.736050555257106E-068
  -17.0196682959162       2.939482445262173E-072
  -16.4393729268569       9.432692864862478E-073
  -17.6363020479432       3.715970681636070E-042
  -17.5939767633235       1.335736319024709E-035
  -17.5636414977781       2.533029985317070E-039
  -17.5596322791257       7.926965792745534E-036
  -17.5588546120475       1.791981028853972E-035
  -17.5291549061791       7.886297847313114E-036
  -17.5204561917672       8.684425026839636E-042
  -17.5050076844661       3.512851321533573E-037
  -17.4310895188241       5.761342486713372E-041
  -16.9795139201086       2.775265501025916E-044
  -16.9532061202403       2.642477482465068E-038
  -16.9033912174950       3.531951815665100E-039
  -16.6843469715458       1.059859712249124E-043
  -16.6617942051834       3.662451995369760E-043
  -16.6041841566018       1.808579355365226E-039
  -16.0080068104154       4.065972907566628E-045
  -17.5426338030635       1.548228649745919E-039
  -17.5210542739200       4.295074327078329E-036
  -17.4758548850967       1.398545192001915E-035
  -17.4693795311507       4.513981776475913E-037
  -17.4515262782501       1.876558307347287E-033
  -17.4304015573505       1.449948197490817E-030
  -17.4291534475413       1.377650413102885E-030
  -17.4037167329606       2.226186042878194E-034
  -17.3205906012360       5.973381609474580E-037
  -16.8432370914449       5.634083692368327E-036
  -16.8406263107337       4.248791836616111E-038
  -16.7687206821093       8.364519261407031E-037
  -16.6262246052961       1.270045885048778E-042
  -16.5875773795741       4.371250420082961E-043
  -16.5035624003052       1.447538460922377E-040
  -15.9220319626832       2.077285112921997E-039
  -17.4411764461538       5.440879142113422E-038
  -17.3973529119782       1.260068393111097E-034
  -17.3964286426306       2.423598503054294E-035
  -17.3703916430187       5.527626992338640E-036
  -17.3322184721309       9.299380768075757E-037
  -17.3170009437725       6.465580825888908E-034
  -17.3160630936781       1.408163786617781E-033
  -17.2940725696368       8.544053813742231E-035
  -17.2247819612448       2.307133166516703E-040
  -16.7776416204717       1.476476894644676E-040
  -16.7189496402508       1.382639311454109E-037
  -16.6549163077212       3.255080836709582E-036
  -16.5096519442334       1.469102500215439E-042
  -16.4802683848718       9.056299712923778E-041
  -16.4027175878311       4.511505362200872E-038
  -15.8184712075816       2.357641134616932E-041
  -17.2587002572769       1.520751777080024E-068
  -17.2494066258768       3.195149419941465E-007
  -17.2345182807458       1.125333338983844E-009
  -17.2191775400356       7.228415222143368E-007
  -17.1801130220047       4.001620636671995E-065
  -17.1669225206490       2.713928691790023E-067
  -17.1522041179592       8.269368679872614E-008
  -17.1141617576937       9.468580826360390E-064
  -17.0168300250684       2.741598486265171E-071
  -16.5863176852471       5.502889489671183E-011
  -16.5588393068418       1.954511307931705E-066
  -16.5068094292561       2.055454457242772E-063
  -16.3545330634775       1.448328556914058E-013
  -16.3226182237812       1.622289384892644E-070
  -16.2052781637951       2.280542398028344E-070
  -15.6340477915301       3.921970588505017E-071
  -17.2821890967577       1.641558820205450E-010
  -17.2577946465200       4.817915589920301E-069
  -17.2124435278473       2.269357965877405E-008
  -17.1850394336509       9.106477851174207E-005
  -17.1746930313948       5.137362435457137E-060
  -17.1622237930973       8.764041744064506E-005
  -17.1528273961756       5.730164575311673E-062
  -17.1195691510201       7.414401304396033E-064
  -17.0240563216061       4.219612739086523E-071
  -16.5753176636399       1.631024243916235E-012
  -16.5721947751223       7.354318032642684E-069
  -16.4745485583272       3.077746358564858E-063
  -16.3496857576250       9.466005579827682E-015
  -16.3205112339886       5.109055113565673E-074
  -16.2025359879944       2.101964880578930E-069
  -15.6182008011021       8.082266855375663E-072
  -17.0131366499429       6.153748907863501E-044
  -16.9615557255946       1.284127102800401E-037
  -16.9323892991769       8.457025220001739E-038
  -16.9315961358479       2.978201895918884E-039
  -16.9027763764572       5.540880446347550E-035
  -16.8911508575824       4.529287057343807E-036
  -16.8824558627714       8.004671302920128E-035
  -16.8495482009022       3.356966056591380E-037
  -16.7503482152803       2.059313111097753E-037
  -16.3245405046036       2.307312097920687E-044
  -16.2751717450781       6.852480610994104E-036
  -16.2079544797084       3.306484330561514E-038
  -16.0616696792713       1.119663860234198E-042
  -16.0580666395085       5.677027039922752E-038
  -15.9311371164825       1.296044829369250E-044
  -15.3501353940840       7.085210256684286E-042
  -16.7050794614134       3.519884891805266E-042
  -16.6846403979972       8.111059561029552E-038
  -16.6601474427895       6.499900029414059E-037
  -16.6550913726218       1.142836931193154E-035
  -16.6244687623278       5.887408033993976E-035
  -16.6025234961017       7.688221606867079E-035
  -16.5982310831233       2.059377244624210E-034
  -16.5808603213653       1.684883644949257E-036
  -16.4941747461956       2.641895954017238E-038
  -16.0429035341412       1.780814432133121E-040
  -15.9931235303410       4.010090767964034E-034
  -15.9421721500245       4.274400960234509E-038
  -15.7922294264024       2.003118413753146E-044
  -15.7573652886178       3.043389487618197E-040
  -15.6723304948558       2.598465570678373E-041
  -15.0862139502918       2.876212569979605E-039
  -16.5677946243740       1.838162966290343E-038
  -16.5136122344276       5.398095561496022E-040
  -16.4989178476954       4.046644149423063E-036
  -16.4768681544908       9.174819301191740E-035
  -16.4484365060185       1.661534961807317E-038
  -16.4286156291681       2.205889935037925E-034
  -16.3935304340954       2.587125495650419E-031
  -16.3899347391739       2.857973329771916E-031
  -16.2828262239554       4.266372127670376E-041
  -15.8649297046255       1.950552142307457E-040
  -15.8337513488678       2.932567342808386E-036
  -15.7131082702282       4.317519165868709E-034
  -15.6121550073566       1.569193115210913E-039
  -15.6038597766229       1.681030980673159E-043
  -15.4563755899376       1.404504138268469E-037
  -14.8720453497542       4.727407763260679E-042
  -15.7685663576845       1.189586728770064E-040
  -15.7537035717100       1.434427143610468E-038
  -15.7154489326584       1.861322469622962E-039
  -15.6682955125979       7.933882465827792E-034
  -15.6545762663510       3.650471492999371E-033
  -15.6407553197291       6.937727542813286E-034
  -15.6331256392075       3.014107057939930E-035
  -15.5725553604044       1.197577352268880E-036
  -15.4479437924452       9.362706524189041E-039
  -15.0177521582027       3.610204823754079E-044
  -14.9705302568732       7.247279332969447E-038
  -14.8775775234628       4.214419426066543E-038
  -14.8118658564158       7.234347754072019E-038
  -14.8013847263738       7.703739308434222E-043
  -14.6114659465593       2.577059618254145E-042
  -14.0126634219552       4.542009732182204E-038
  -15.3659745214932       1.470310039854100E-009
  -15.3422247788713       2.344041551948841E-074
  -15.2700529026591       1.910656909465903E-008
  -15.1746155624210       9.029883581109725E-071
  -15.1583919217090       1.241476865524802E-062
  -15.1324251963262       9.779203620562504E-009
  -15.1088129968432       4.157926650709438E-070
  -15.0229325065860       3.390521651328094E-008
  -14.9652088965159       5.065538408620412E-071
  -14.5728054378245       1.441010329926809E-060
  -14.5695441306917       2.529148558894866E-010
  -14.4588750768037       9.899069011722504E-065
  -14.3445114881299       6.108558748270973E-012
  -14.3437906692461       1.463003972755760E-064
  -14.1739729374139       6.759041020035656E-070
  -13.6241504920163       1.432297489558068E-070
  -14.7177966966905       4.784821409228473E-037
  -14.6892156822120       9.967789391666671E-040
  -14.6317936930548       8.001872839277652E-034
  -14.6204358040986       1.141784547426263E-037
  -14.5762871848429       4.783810191988986E-037
  -14.5497183426793       6.325077092516974E-038
  -14.5238174398094       3.783504613713186E-033
  -14.5017960618788       5.060319183970797E-037
  -14.3896598768310       1.786590442648238E-037
  -13.9733816257236       1.001803503023502E-037
  -13.9420107742230       9.774315634173950E-034
  -13.8678270922436       8.139524248829880E-036
  -13.7924041485516       1.640948633421549E-039
  -13.7395354574107       2.221121238940956E-038
  -13.5986261875519       4.452547852157387E-039
  -13.0523960685434       2.410260929641994E-038
  -14.6412911617986       1.687173924806427E-075
  -14.6121744994259       4.470061105340214E-009
  -14.5644492432912       1.684921208831654E-009
  -14.5537467381797       1.581616778809654E-008
  -14.5272200950935       1.959919339690830E-068
  -14.5037354808074       1.940234027660841E-062
  -14.4397551839710       3.041206304429250E-009
  -14.4017796500147       5.136707115181976E-062
  -14.2894057576574       3.100383428275199E-074
  -13.8938868389327       3.411281585809387E-012
  -13.8602572455804       4.841165623154356E-068
  -13.7860043531694       6.370593951136219E-068
  -13.7120020382935       3.075876684862018E-013
  -13.6842727151943       1.704476417649477E-071
  -13.4998259990727       1.167528625875913E-069
  -12.9578365565706       7.277905300040825E-069
  -14.6102611688867       2.707251783749214E-013
  -14.6063300802106       5.031010266497113E-071
  -14.5047871881283       3.770554006195277E-010
  -14.4999498212318       5.427081680379879E-005
  -14.4651414985746       6.059570929215715E-059
  -14.4476109939616       3.075626409165941E-064
  -14.4374464031911       4.743753490166464E-005
  -14.3848718364240       1.963295425833088E-060
  -14.3101475122626       6.208032711960412E-071
  -13.8646634479063       2.646827003348258E-014
  -13.8598687374400       4.268073825185467E-063
  -13.7313432483239       1.395813309836243E-063
  -13.6817881565977       1.670841616298302E-018
  -13.6269969959824       2.018197670993633E-067
  -13.5001888549219       5.462717991898639E-070
  -12.9277400682204       8.072087799456502E-070
  -14.5963769227581       5.941396171498302E-038
  -14.5635880777384       6.864449885103986E-039
  -14.5308597978749       2.969029304048066E-033
  -14.5262165485544       1.484072097145503E-035
  -14.4806732457339       9.639333979275329E-046
  -14.4526561145867       7.536302111903576E-035
  -14.4263524933192       1.228815970174357E-033
  -14.3973226699647       2.538460258891025E-035
  -14.3322809868935       2.307026940434715E-040
  -13.9096021728796       1.948297064557744E-039
  -13.8432414816585       5.037430444478930E-036
  -13.7394435242523       1.182304319032863E-033
  -13.6640617361038       1.560508735054021E-041
  -13.6433897600828       6.488080217152091E-042
  -13.5195908918101       1.381276482057042E-035
  -12.9505892642231       2.327472259558157E-045
  -14.4268028994737       6.392401792800181E-044
  -14.3890307202446       5.937785536772912E-039
  -14.3560378645471       1.670700750376011E-038
  -14.3510789557977       5.265586716565836E-034
  -14.3127390524629       1.300078873511988E-034
  -14.2795723436371       1.035840230318907E-033
  -14.2640390772089       1.660933583016763E-033
  -14.2429521881651       5.759802008246323E-034
  -14.1572089985132       1.042360509266048E-037
  -13.7329725093878       2.087581149534774E-043
  -13.6734292526458       3.886396510586187E-036
  -13.5708001831621       4.840715135995038E-038
  -13.4893805599547       1.128982384388757E-046
  -13.4792672294900       3.718117752354514E-039
  -13.3459088035417       1.548817999934768E-040
  -12.7743070546585       1.939423433011248E-038
  -14.4123601721861       7.582997030913877E-045
  -14.3941855119765       1.206622705228761E-038
  -14.3113796362429       3.769823287134088E-043
  -14.3084936315487       8.917369242280668E-035
  -14.3006988901994       1.239170522986474E-034
  -14.2835780355209       3.187334421842446E-035
  -14.2637319553470       2.954790686792691E-036
  -14.1545219317061       5.064930691572652E-036
  -14.0756415265856       1.109668888087058E-040
  -13.7064809239503       4.015495772770186E-045
  -13.6300364846449       9.571135781394256E-036
  -13.5707690731540       1.560614212404997E-037
  -13.4787712191632       6.071669654875457E-046
  -13.4421697476561       2.951202084281757E-037
  -13.2852939682266       4.594132286310941E-044
  -12.7407013488889       3.515694638902134E-038
  -13.8583924490069       1.106120830410063E-038
  -13.8273900591419       1.068753644733243E-041
  -13.8033604638697       3.818342884202074E-037
  -13.7722708827661       2.766946017460884E-033
  -13.7298833641895       5.556843358833884E-040
  -13.7226272229605       3.244979446654141E-033
  -13.6818288529317       4.405355837264238E-032
  -13.6495441611368       2.563917525974468E-032
  -13.5664446276937       1.258512100838057E-040
  -13.1602357383263       3.524952085208665E-043
  -13.1221041529137       3.793713203206758E-036
  -12.9876403797244       3.574653764473364E-033
  -12.9134141524793       1.206436979585212E-042
  -12.9001558689175       6.766863083653782E-040
  -12.7437212618224       9.834936347193270E-036
  -12.1667157209476       6.815045723201169E-041
  -9.01683633344235       1.089769692014985E-042
  -9.00829144638608       7.964782721591814E-037
  -8.97861945203445       3.115777700599898E-042
  -8.90330964756536       5.532545306369047E-033
  -8.89537607247669       5.999661662560958E-033
  -8.87870080035211       1.433427461664709E-035
  -8.86105497867067       2.228553902541733E-036
  -8.82750701412615       1.997708441346356E-038
  -8.67741595126233       1.116493027012987E-036
  -8.28518529429711       1.766668858539013E-043
  -8.24215164413958       9.238332537575040E-035
  -8.12705055239843       1.741192631750776E-039
  -8.06327632840664       6.287648724682797E-044
  -8.04508549138047       3.388407149402692E-036
  -7.86042958486131       2.677840620156294E-039
  -7.28455141531133       2.780986470273888E-036
  -7.79341758876305       1.748028154979737E-071
  -7.75371235319306       4.820750649252866E-010
  -7.72487585426844       9.671422596558692E-009
  -7.66279534358504       5.909581210904234E-008
  -7.65447601791852       9.923172734165694E-067
  -7.60155729989009       1.214518543265229E-059
  -7.56375978478806       1.542531343817267E-008
  -7.51352878553636       1.212961527369196E-059
  -7.35980631605577       2.858494608393295E-070
  -7.04594025924269       1.317318786891335E-013
  -7.00070809151301       1.298376313553774E-062
  -6.88375386876867       1.053391705977675E-063
  -6.83886671762472       3.647254600866948E-013
  -6.80156821290563       4.659536803494777E-067
  -6.58636053133720       7.860354769848016E-069
  -6.05674431443169       5.024243726147185E-076
  -7.76971891126322       2.461729975771304E-044
  -7.74861544615944       5.060200075292377E-012
  -7.65407303593323       2.255496566553363E-010
  -7.63549536347067       1.506621227594668E-004
  -7.58716425626614       1.573708373711664E-004
  -7.57333980946779       2.790070229010917E-049
  -7.55939139786519       4.847111805816337E-046
  -7.50492556040429       2.798310301530987E-052
  -7.41350469594725       2.732727326229197E-046
  -7.02659502834735       2.772820009433383E-017
  -6.98562461900249       6.265711087834770E-060
  -6.86250519094170       1.182232384068048E-056
  -6.81861511225118       1.013198217316534E-016
  -6.74667641274182       4.480926772498120E-052
  -6.60502782373079       4.873463295269506E-057
  -6.03481649442347       4.336695155054360E-052
  -7.79894244360982       1.180526116659903E-024
  -7.76183059762317       1.376840963394093E-033
  -7.65877311661266       6.645682638110443E-024
  -7.65797312253946       5.943346791737488E-026
  -7.57832892147884       4.605821980115832E-028
  -7.54727324034391       1.629221803133687E-029
  -7.54491967349306       4.038512217053519E-024
  -7.50914881869750       9.668537586689444E-032
  -7.36065018439036       6.195855154629867E-026
  -7.02566657089408       1.518229418748015E-036
  -6.97820262398982       1.859232882682639E-035
  -6.85734172281868       5.922833499461374E-037
  -6.82292915710959       4.468870730831590E-041
  -6.75428184429633       2.003529583772218E-031
  -6.57505491516863       2.500740941498097E-037
  -6.02883081255609       2.894548014996157E-032
  -7.61825538824967       4.512982578644249E-042
  -7.56699890338549       2.834223420847746E-037
  -7.53175259746214       2.244367257530599E-040
  -7.50249335288900       9.626444358147604E-033
  -7.50086561066017       9.774694624627438E-033
  -7.44519631032331       2.019932794127020E-034
  -7.43526605526232       4.613908527994545E-034
  -7.41964241973635       6.498438555393808E-035
  -7.29148796425849       2.441532628215353E-037
  -6.90846227357499       9.744946054830342E-046
  -6.85808482997222       4.438382944797959E-038
  -6.74079023807067       2.928622827156885E-041
  -6.65835273072744       4.161224172957866E-036
  -6.65305900575790       2.411552380496446E-043
  -6.48511755141762       1.429973658918393E-041
  -5.91901208166926       4.200535157109669E-039
  -7.55607911643570       1.908516184521873E-039
  -7.50473470805102       2.348134730493455E-042
  -7.47103780787652       1.948098214401136E-036
  -7.44204500706228       2.355444342028371E-033
  -7.43896870089226       4.090069163664697E-036
  -7.38379157719706       8.798012647900844E-031
  -7.37262315704908       4.673663830281792E-030
  -7.36057727342721       1.378746105527338E-030
  -7.23249425685103       1.315884587472808E-040
  -6.84529941898790       1.672474760927784E-041
  -6.79654321142909       8.407750825814977E-042
  -6.67808125699297       2.200867878627387E-038
  -6.59709784605806       3.450135940660336E-040
  -6.59040790334052       7.423928583086432E-044
  -6.42406658365958       9.247515565203962E-037
  -5.85590277390275       1.759345389278910E-040
  -1.43407941664984       6.737507422722772E-071
  -1.39158849811257       4.466697633941118E-010
  -1.26959391493477       4.252562318852065E-007
  -1.26650302515546       3.130455478907685E-007
  -1.17145482762386       1.488220783136995E-068
  -1.14270463138624       3.045537877499887E-059
  -1.13449581042503       3.398841312568340E-008
  -1.08310267190130       1.334718554072098E-069
 -0.912223941410165       4.755012987038489E-073
 -0.623620786469562       1.882435620089258E-010
 -0.567223542728183       6.005244807012116E-061
 -0.424385786692770       4.108831871602022E-060
 -0.420451158986602       2.026090175821108E-010
 -0.336480840282039       3.277090876490480E-066
 -0.128497757861485       2.646450837666437E-067
  0.414491335874906       1.985758541661900E-070
  -1.01689909896868       3.780373568035253E-042
 -0.975930797032209       1.369236926832295E-038
 -0.919647419259370       3.471022470277494E-041
 -0.892717284983128       1.657048429863308E-035
 -0.851385465473889       1.334755929635051E-033
 -0.823209721445167       6.453504312129421E-035
 -0.802485036705210       6.119104767110837E-036
 -0.721863197803945       4.381126939375933E-036
 -0.563424974130555       4.940795465942877E-039
 -0.277408372342062       7.351191274754005E-042
 -0.208588639283271       3.554304001483999E-034
 -7.827523667610592E-002  5.859575495710541E-038
 -2.696423162678840E-002  4.500394238557913E-042
 -1.295334648496294E-002  1.953583981348752E-035
  0.213771073975455       1.397426575058869E-038
  0.745789900000922       3.375756409893947E-037
 -0.688485307208538       2.056652858125693E-042
 -0.670428695955287       2.402659467812472E-041
 -0.619168351014771       4.200691577860522E-036
 -0.590660594054349       3.219819149085278E-033
 -0.521444835354455       2.340667082279149E-035
 -0.514005695192104       7.852702359958710E-036
 -0.510100978798089       1.068599276242846E-032
 -0.442184898043173       1.070081910521339E-032
 -0.353210432574723       9.274721856847631E-041
  2.281192265571974E-002  8.214790160733173E-044
  8.394840576679741E-002  2.138681221951753E-036
  0.222684260673468       2.597211836156724E-033
  0.274024625231988       1.239672489960664E-042
  0.317394058539083       3.202249615038757E-038
  0.473262255294138       6.603951960984204E-035
   1.05766160675019       7.209542276993283E-040
   5.32509918223677       7.750103004236141E-042
   5.33489888642620       8.353883744866355E-036
   5.37695017535259       1.593060827597675E-041
   5.45898347466145       7.433082477623311E-033
   5.47583815093465       6.846518369118514E-033
   5.49473198150698       1.060527327278928E-034
   5.51260859736656       1.352627454098190E-034
   5.55791987604367       1.261429784966030E-037
   5.72670039282815       1.527319077860585E-035
   6.06084290242989       5.665926338584083E-042
   6.11246223232336       1.272573460381857E-033
   6.24942459818187       8.435503176317209E-040
   6.29456454470636       4.696187416043493E-042
   6.32473642182913       1.630058054532333E-034
   6.53088055984085       8.160185901826715E-040
   7.09493439646352       8.654705988414220E-038
   13.6452667387305       5.872538145323807E-071
   13.6819308287989       1.395810142388827E-008
   13.7038512661958       1.398425899509982E-008
   13.8184103929887       1.552378439372856E-067
   13.8206436742128       7.188466409232702E-010
   13.8919577622771       6.702390960538267E-010
   13.8932514944880       1.996774308278133E-055
   13.9635438415979       7.321262560642873E-060
   14.1668162546038       2.045743427669275E-072
   14.3938125777320       1.015331877878271E-012
   14.4553310218922       4.273935966629274E-064
   14.6205209804459       3.281248240780513E-064
   14.6400269051795       2.399455675764032E-013
   14.6898468164127       2.763702522199809E-068
   14.9390096912877       5.548280315695700E-069
   15.4697303778882       1.515024265918345E-070
   13.6643184586083       9.636718128652777E-073
   13.6984650236562       4.156720569497825E-013
   13.7785157667671       2.489067601953153E-012
   13.8350343234833       3.256840654904267E-004
   13.8553423160636       3.318800681753712E-004
   13.9135720849764       3.303795153350210E-056
   13.9187486244656       6.911585391557494E-063
   13.9770641977781       2.106886043787644E-059
   14.1048635074745       1.653024274217855E-068
   14.4105571196390       4.058475516236302E-016
   14.4878308659765       7.380874179758595E-060
   14.6213906052728       9.467714498721106E-061
   14.6570365002728       1.531106401250538E-017
   14.7438288662124       8.195201945957551E-069
   14.9170049205469       2.509497142773974E-066
   15.4899491419066       8.920235014193198E-072
   13.6378463722395       3.365499633635590E-037
   13.6894530928074       1.361079827980223E-042
   13.7592082354485       2.225911758829284E-043
   13.8247806460141       7.405298975795012E-038
   13.8956170463314       1.850259512075373E-032
   13.8988408897471       2.678191736449469E-032
   13.9348587178853       7.246717276956843E-034
   13.9906178547945       4.206661041891784E-036
   14.1688585992994       1.760012056403308E-037
   14.4108703515017       1.998066540370267E-043
   14.4913004582907       1.362732134111117E-035
   14.6421248719624       5.612742777737449E-038
   14.6516178871233       5.208178937158812E-048
   14.7378746505723       8.588238186688289E-037
   14.9534948781424       6.165045984468250E-041
   15.4986103456842       2.555369019757395E-040
   13.8011322995130       2.759304939747957E-044
   13.8505164365698       9.213366738912948E-036
   13.8755239091135       5.757955835117212E-043
   13.9384903913951       3.081397805292610E-032
   13.9423794817344       3.051277210566600E-032
   13.9982175362487       4.157507210926034E-034
   14.0009800295431       1.227280248940845E-033
   14.0196669371770       3.779960943228557E-035
   14.1927156810439       2.512992465701559E-037
   14.5209220085369       6.946638098343043E-043
   14.5645599532409       1.205309154835646E-034
   14.7111617062249       7.081574526497001E-040
   14.7961596067376       6.085603964996890E-041
   14.8003628857009       4.831874574557663E-035
   15.0042882173213       1.950559008933432E-040
   15.5743086476631       1.108195956037564E-039
   13.8682199312311       3.577966411569096E-039
   13.9190405245017       7.745930217733921E-039
   13.9431728687668       1.276526755475699E-037
   14.0037982441516       2.552237906218127E-036
   14.0125899324054       7.847947606345334E-033
   14.0679088903820       1.048624603490891E-028
   14.0685757157735       1.190442903164690E-028
   14.0881110384850       3.450275130728830E-031
   14.2640156323978       4.839174217216506E-041
   14.5903395207649       1.923393616300172E-043
   14.6324397720790       3.873235082276241E-039
   14.7809643306760       5.996116433055320E-036
   14.8653962487098       7.493156136194606E-044
   14.8672351074786       8.931003738623071E-043
   15.0744830990793       5.338815953869941E-037
   15.6435143681064       3.987711996436159E-042
   39.4336498817498       6.651162838633265E-073
   39.4860519561235       1.191543861608023E-009
   39.5598354106389       4.497325536073050E-009
   39.6358285218344       5.208071565511591E-009
   39.7004424653564       6.414426978928619E-009
   39.7261837612557       9.274288656896360E-068
   39.7540545209495       1.477467922992560E-058
   39.8263521032018       1.695601562974933E-065
   40.0118908278164       4.339449547520481E-071
   40.2266734658390       5.013569335689469E-012
   40.3260520356673       1.878331743959654E-060
   40.4579099886857       5.600204026139500E-011
   40.4853673008783       2.661109384388221E-062
   40.5648633702628       1.734571331201281E-065
   40.7920407826199       1.693160323950230E-068
   41.3317880034266       6.515532102114297E-071
   39.7325001592910       3.999290146287663E-042
   39.7789953953148       1.201895564130228E-038
   39.8038961808981       8.380069413114466E-041
   39.8734553400514       8.864268905260183E-035
   39.9123652350799       5.228754618837106E-033
   39.9540825683929       3.940397751307913E-035
   39.9743110734708       1.208286402491523E-036
   40.0207721548184       3.133231340633002E-036
   40.2365600142494       5.409764001689325E-038
   40.4811142267634       2.106427696252907E-040
   40.5296380043715       5.924911479493237E-033
   40.7049881224117       9.101666617544836E-038
   40.7443874125807       1.309269073464169E-040
   40.7553869455929       1.367995116779706E-034
   41.0098004575600       1.753174434317332E-038
   41.5382230433209       1.705019057930766E-036
   40.0250286438539       3.391642010515212E-042
   40.0507095115923       3.781238843830048E-041
   40.1094599695376       8.068615788503231E-040
   40.1462604624990       9.839217835167701E-034
   40.1989931316638       1.414918723093647E-032
   40.2184477951926       1.442190578474225E-031
   40.2240557355198       1.367921650592146E-037
   40.2776381039854       5.386349862244312E-032
   40.4120988267119       2.841861134236430E-040
   40.7521780744678       2.937365753754778E-043
   40.8201638810925       1.566294221570294E-037
   40.9512824425218       7.850671926064157E-038
   41.0141783845538       2.815931776031621E-045
   41.0602820037776       1.616026698674312E-038
   41.2346245905672       6.877688661460940E-036
   41.8213791192150       1.286698377828155E-040
   42.8551162411084       1.373113675633582E-042
   42.8770679728284       7.815923312564303E-036
   42.9269031976979       1.474562485263041E-043
   43.0108538438469       1.818301348347507E-033
   43.0354426684818       3.340090351498283E-033
   43.0629249835487       3.147770995983941E-037
   43.0718359255251       2.865586959373113E-036
   43.1330212488275       7.167516396849430E-038
   43.3216222401045       9.951600038305173E-036
   43.6048780311264       7.306216090705092E-042
   43.6638910825911       1.263120024786962E-033
   43.8225196651739       7.327846672544087E-041
   43.8552081873176       1.481993646661324E-041
   43.8881361506734       3.308123868123420E-034
   44.1201378928452       5.100020134955580E-040
   44.6796325414560       2.782597457861978E-035
   90.2049849563328       1.306138234594781E-011
   90.2092587998373       1.779451017131770E-070
   90.2755144053310       3.729500784394441E-012
   90.3873429652814       6.210044073142459E-010
   90.4016883322708       8.433592056283468E-065
   90.4502095171403       3.705472197325940E-010
   90.4640446968480       2.513703671941822E-055
   90.5383875039769       1.491655836304546E-059
   90.7591347827689       8.041082559531734E-071
   90.9441760747846       2.218362978068180E-015
   91.0172762258247       1.898540575475308E-058
   91.2055151300670       1.028659364129207E-061
   91.2113974906598       1.549798383731581E-014
   91.2664281220737       2.326308894856758E-067
   91.5298373534109       3.681766713421826E-070
   92.0603479934742       2.445598052276486E-073
   90.2229460132690       2.163544367970167E-071
   90.2354649022185       5.029036080925510E-014
   90.3214893612595       5.886695286418284E-013
   90.3827778902916       9.903529574508011E-007
   90.4306663970635       1.177822770790829E-006
   90.4753293622396       2.423079849477088E-062
   90.4778132508033       8.343751286480471E-058
   90.5515775127399       1.153403395459846E-063
   90.7150403719552       1.971945504476296E-070
   90.9572072758369       5.553652520238185E-019
   91.0501889946341       1.115492809311673E-060
   91.1994799083176       2.004379619947027E-061
   91.2239936857781       2.471823829427456E-019
   91.3075363469893       4.423921663409496E-068
   91.5139127581857       9.324186651889769E-069
   92.0759787872371       9.277248936583249E-072
   90.2055421626797       2.830931580868773E-038
   90.2264779647987       5.757147398717540E-042
   90.3032307162145       1.590678551309119E-044
   90.3928891685235       3.410187661648224E-036
   90.4508440251298       4.593422263136005E-035
   90.4571590557457       6.289992181122264E-035
   90.4918598703631       2.087008064911262E-037
   90.5671433457896       2.186560741776965E-039
   90.7641952968867       2.996634054259736E-038
   90.9563847702124       1.421648813791705E-045
   91.0494300837828       4.026070261149845E-038
   91.2193158749191       9.038505484310109E-047
   91.2211309383263       8.088605233734523E-040
   91.3031349065648       7.133348852614978E-040
   91.5428792291916       4.466546102923955E-042
   92.0828189122067       1.978757217090815E-042
   90.3064996810553       6.009355614767845E-044
   90.3576945294470       3.208415764994079E-041
   90.3937227744498       4.334911084071031E-043
   90.4687064443095       2.008726089037667E-036
   90.4859142838691       4.871327584733207E-037
   90.5231228317040       4.295159134924337E-037
   90.5312974414816       4.950307537756215E-038
   90.5841408962061       3.254196827665121E-039
   90.7741126608145       6.151307847655531E-039
   91.0438811230207       2.155000815894996E-048
   91.0945873038716       8.186789985960887E-039
   91.2601314790322       3.331221636797659E-044
   91.3247763979610       3.932138969219862E-046
   91.3447903733625       1.440110041881171E-038
   91.5734148095613       4.562417550664880E-043
   92.1342982313716       2.771890802250349E-041
   90.3600688435843       2.419290388578505E-040
   90.4130641799416       4.074830187656027E-042
   90.4468160528778       7.199077681367308E-039
   90.5257072437134       1.045672303967353E-033
   90.5364534970703       2.305685030382292E-037
   90.5780119454816       2.175629602731624E-033
   90.5887634235149       4.729154454155455E-034
   90.6389989173242       1.208648466383806E-033
   90.8333819616403       7.008917951184992E-043
   91.0993433880197       4.959447036137407E-043
   91.1481394675980       1.358686873155129E-039
   91.3167992365006       1.316086541497541E-036
   91.3803081989719       3.118899673945468E-046
   91.3976929751010       9.318842299382259E-042
   91.6306882573385       5.664263557380873E-039
   92.1893707630731       5.167590549198694E-045
   112.915614726731       5.275901111220702E-045
   112.939173861138       9.952211582967057E-038
   113.001258020849       4.007518770936438E-045
   113.074639166920       1.361719951930477E-035
   113.121625617987       5.350395669989272E-035
   113.137871904447       8.017722871279337E-041
   113.148745365665       4.983219804373900E-036
   113.222195891339       9.622358722497575E-039
   113.410296810735       1.484136305727517E-037
   113.649741293008       6.449929139646003E-044
   113.721340828431       2.801762352071161E-035
   113.883450725486       3.039687245486669E-040
   113.912941843485       3.772654837765302E-043
   113.962820411496       1.370581477563978E-035
   114.191300844407       3.105759150597496E-043
   114.732556427143       1.845397854669781E-036
   129.156367440277       6.342559511620093E-072
   129.183302513637       1.837828520925213E-010
   129.267460957232       1.432260596090422E-010
   129.348573950351       5.196767773779317E-010
   129.411016942399       2.173564425882884E-010
   129.436270948024       2.334790963540997E-066
   129.462456124106       6.409557876633706E-059
   129.542644720373       5.548073858089296E-065
   129.736710621251       1.522154616599593E-071
   129.912642090306       1.369047804215149E-012
   130.021041842022       1.446805648221283E-060
   130.167991143792       6.039438362617003E-012
   130.190745241811       1.093209469953311E-059
   130.264636255996       2.105008855088584E-065
   130.504790136072       3.313862275846033E-068
   131.033987030357       6.834545678801102E-071
   129.438229092993       1.693322421744429E-041
   129.498955151116       3.421983275882402E-036
   129.523916791537       2.037317671780068E-040
   129.605772640020       3.622527783434723E-033
   129.638235805762       1.691335048714115E-032
   129.676950941419       1.293001714887649E-036
   129.708578100131       1.698262420251750E-039
   129.750292023939       2.624956403969056E-037
   129.984728408249       2.789141120875354E-039
   130.197321478755       2.407204713978563E-041
   130.236045064032       2.728765607443493E-033
   130.437219197009       5.780087569927493E-037
   130.467535500432       1.063593880534059E-039
   130.472284573953       1.908160357763922E-034
   130.750987327109       9.692680287234743E-039
   131.276285023215       4.196166469180985E-037
   129.635750527768       4.693383538676466E-040
   129.667867808860       5.341251845052926E-039
   129.730292799309       2.266003315569184E-038
   129.770396515430       9.990284374613568E-032
   129.833128791651       3.744618546096131E-033
   129.844069249112       2.625651573696083E-031
   129.849947216371       6.415762829702122E-035
   129.915728941121       1.366500515458904E-032
   130.072115665307       1.645212898195825E-040
   130.361198574414       1.044868184879167E-042
   130.432057500912       2.443707702707719E-036
   130.571180305521       6.219163528626501E-035
   130.630806889891       5.455676281251615E-043
   130.676425103647       2.222542828237847E-036
   130.874950921764       2.703120419695594E-037
   131.442210028233       1.520911561902095E-039
   288.247205967218       7.599898320063906E-044
   288.279159421950       7.521449096299291E-037
   288.343235817444       2.002895037760960E-044
   288.417434873162       6.003680226656088E-036
   288.466085548583       1.100510030972083E-034
   288.488432348116       2.430965409613015E-040
   288.491693400048       3.283961882022992E-036
   288.572792134916       8.825351870027787E-038
   288.769886372971       1.150932126566937E-036
   288.970268052568       1.915901837582921E-042
   289.042150252599       4.892519547656939E-034
   289.215577887654       3.877357846174225E-040
   289.241100860125       1.774494762895818E-041
   289.286799315085       2.686775486677726E-034
   289.531238921683       2.104261778541849E-040
   290.055267682965       3.548997062438020E-036
   352.745011062639       7.637528849627026E-011
   352.752332276853       9.103475057378146E-065
   352.842445500992       1.766622442747607E-012
   352.922385545327       8.728905168050111E-011
   352.992057240268       2.908297331630160E-062
   352.993600426646       2.217445244439916E-012
   353.018623354624       1.634244283082671E-055
   353.103346641920       7.939028233790986E-062
   353.306012598565       7.100390362998900E-069
   353.449874711435       6.064296304161695E-012
   353.543269912853       4.802364407012081E-056
   353.714471817846       4.113404873955517E-013
   353.724226962949       1.960820971358890E-057
   353.781129320430       7.713049611710642E-060
   354.039750085236       2.071168524802754E-068
   354.537998130495       1.651458875585894E-065
   352.947982116293       2.438448295807090E-041
   353.004315557593       5.863043408043024E-036
   353.045904045002       7.727473439070385E-040
   353.145406540984       3.652296924549332E-029
   353.146024243252       4.143069912965062E-029
   353.196842430508       8.480204654768748E-037
   353.220579582250       7.163610506868095E-039
   353.278506719398       4.910744594644964E-040
   353.503852485614       3.383544866759191E-038
   353.670617230626       2.012907981241956E-039
   353.720543478030       1.134777024478929E-031
   353.920641234038       5.244433125715067E-038
   353.941260893394       3.696486550470373E-039
   353.957478115508       2.865661178160473E-033
   354.236147873584       1.364021262763623E-039
   354.731407092787       1.884663950730364E-036
   353.113299954198       3.154558593151890E-039
   353.151711053011       7.468924175922965E-039
   353.215200504462       6.094750231596075E-037
   353.271744316310       2.764642934212578E-031
   353.336783778358       5.546499876495532E-037
   353.343537844231       2.541898329400700E-031
   353.343844489059       4.573572566515218E-034
   353.424846646549       5.582763910818572E-036
   353.606844838847       2.053724514864609E-039
   353.816837770095       3.336998416295857E-041
   353.886287656708       1.605185063927518E-034
   354.048416827377       2.861287481309535E-034
   354.086832895867       1.461624629272493E-041
   354.124542778527       5.642786898627644E-036
   354.360155170645       1.061877087415416E-037
   354.879654764290       8.737804592483067E-039
   362.400133396430       1.080837065577159E-014
   362.430615552471       9.869645257354531E-071
   362.496842986155       2.018437418958754E-014
   362.590878933974       1.485387324653709E-013
   362.622619331476       7.456837748757965E-066
   362.663776965641       2.135371164242702E-013
   362.665195386199       3.830882594031659E-055
   362.749032296550       1.963161799922084E-061
   362.966761474550       1.301374188859488E-071
   363.114229080449       2.648746174790177E-016
   363.186250638311       1.570920210613898E-062
   363.380251954342       1.567886216042379E-058
   363.385951482091       1.672460714257797E-016
   363.429482057185       4.516344755615129E-068
   363.701044794144       7.381164852430463E-071
   364.199371797692       1.598799077758400E-072
   362.422009630347       8.537507780979591E-018
   362.440900166855       1.043696201744699E-068
   362.522140514369       2.160482257883653E-016
   362.588643135277       6.929488480985598E-010
   362.658734902767       3.391576461828722E-010
   362.662348791981       3.751574064209475E-060
   362.675514744853       2.484089921546834E-054
   362.759247376478       3.431198689819821E-068
   362.948695247190       2.913007084903802E-068
   363.124395093971       1.617006124397855E-019
   363.208691244566       1.868897622071666E-059
   363.378829436234       2.146295977743416E-060
   363.395698432103       1.093218258287549E-019
   363.453121571891       2.004956703194185E-065
   363.696798462851       3.679303763499615E-068
   364.211019799671       7.546871755798187E-070
   362.415104198322       6.828828255234515E-043
   362.432363643583       2.028788987517494E-036
   362.512603066260       3.645015801644166E-045
   362.596098475178       4.170855464369894E-035
   362.652347414459       8.124116161944114E-035
   362.667357944441       1.207025229563751E-037
   362.682557581544       4.703861280981232E-037
   362.767097625474       6.583742321985196E-039
   362.973370421460       2.255062108694992E-037
   363.122862410958       5.555590130268204E-044
   363.206661570236       4.986293081408812E-036
   363.391116836747       2.340461182685673E-044
   363.393083455245       5.775353811240155E-044
   363.450506378418       7.595065523561536E-037
   363.711244850282       6.131834616293701E-043
   364.213970901489       2.427624423228626E-040
   362.469788586495       1.409937454897594E-046
   362.519512529149       8.366473765329518E-041
   362.570561358695       4.571041396548511E-045
   362.646293775413       1.142595083205804E-035
   362.680016244331       1.644681966680388E-035
   362.706798515594       1.915967587791925E-037
   362.719703830344       3.597171172062465E-040
   362.787753285861       1.153728718212378E-040
   362.989245478310       9.233914847596704E-039
   363.182025291013       8.746771655833351E-046
   363.240349040408       6.936319103309989E-038
   363.420094017650       1.327119230166840E-043
   363.457695598212       2.117906363989169E-044
   363.483897073858       1.015209256779114E-038
   363.737761888466       3.366420816244891E-046
   364.251541466679       3.465798282910635E-043
   362.506565335391       7.207588140916756E-045
   362.557692769754       7.815580731270299E-043
   362.607029947819       1.426557123340336E-047
   362.685548751207       1.359947904299184E-034
   362.714775213225       4.520417288762162E-040
   362.744530675415       4.001026993769079E-034
   362.759214866934       4.371619891858430E-037
   362.825434711542       5.970555413928602E-035
   363.029808747961       5.282088398306375E-046
   363.220043797730       4.051338525074497E-046
   363.276900719962       2.237497084673480E-043
   363.459050224429       1.476195638680455E-039
   363.495814070774       2.955442689516285E-047
   363.520306759308       6.038781128117784E-043
   363.776993297655       1.812683897464944E-040
   364.289237295839       1.985597834332547E-045
   573.794089763992       6.060018669579923E-045
   573.832635039882       1.819506064516757E-037
   573.896537995708       3.101044744576880E-045
   573.973762287274       6.810516611473812E-036
   574.019175177141       1.177700477665879E-035
   574.044708758242       1.871046529036847E-037
   574.048518874755       7.349521596469149E-042
   574.129777387523       2.944564840882432E-039
   574.333506489278       2.082167599065436E-037
   574.491064820658       4.897084332390661E-043
   574.559790696407       6.659714948412451E-035
   574.742811958661       2.196574236944409E-042
   574.764003711925       1.744942706359245E-041
   574.801192643839       4.586706535460267E-035
   575.061792574949       2.261043904120659E-041
   575.556320515578       1.063480693129762E-036
