                   784
  -19.2278654569732       2.070342505051124E-074
  -19.1866268342295       1.039418578936628E-008
  -19.1804048836762       1.810101824139766E-067
  -19.1667148448684       1.514458299141892E-069
  -19.1323711717569       8.348702657478309E-013
  -19.1320058319273       2.479877323747974E-064
  -19.1065211195139       1.718316254223595E-007
  -19.0842963244872       4.102072159248817E-013
  -18.9988928780366       8.400337993274605E-008
  -18.5394123409637       1.522440794780243E-066
  -18.4933560671650       4.007535732468605E-004
  -18.4456908212089       4.525280804091820E-011
  -18.2784072736432       2.313373198000306E-073
  -18.2407902906469       1.685868511510727E-008
  -18.1624172046175       4.655011842511244E-013
  -17.5638206370166       3.665117639276928E-008
  -19.1773864183590       1.559434475034400E-073
  -19.1203004585994       5.075149637690028E-014
  -19.1054330672304       1.453239019476162E-064
  -19.1038254997803       3.737856612955690E-067
  -19.0561075932460       4.098909861036222E-010
  -19.0418136562240       1.461178981627540E-012
  -19.0095717548153       2.665203044654000E-063
  -18.9748516390180       6.384585424328515E-014
  -18.9086354578657       1.119487328212792E-013
  -18.4964945755777       7.808316727260599E-070
  -18.4590163952927       2.184888878622309E-010
  -18.3475809687612       1.275335314627919E-008
  -18.2161187479132       1.948919458630760E-068
  -18.1847077061341       1.538564257309471E-012
  -18.0801269873081       3.006260598943953E-012
  -17.5009659268599       2.960904896728880E-013
  -18.8565534493550       2.156747997311139E-067
  -18.8147283233075       2.458408169184689E-064
  -18.8079683787940       4.724182341381223E-011
  -18.7802457331366       7.336079154452239E-068
  -18.7476984511080       1.366389004333862E-008
  -18.7270503744711       4.517355093141746E-010
  -18.7018546640966       4.035085310336972E-064
  -18.6776771206366       1.199197422696372E-010
  -18.6280577881785       5.951228463893930E-011
  -18.1884756186796       1.358665554569620E-063
  -18.1284532372889       4.594097481242867E-006
  -18.0481491504809       3.795546481306321E-007
  -17.9144362788688       4.597620663729618E-062
  -17.8829555245724       1.026221563323677E-009
  -17.7995744340081       7.800343111438879E-009
  -17.2157019289694       1.915159528962214E-011
  -18.8255760294624       2.512444430123160E-068
  -18.8014640176917       2.906834641895243E-008
  -18.7920810550821       2.798785811297693E-066
  -18.7690467381105       8.207065283879486E-068
  -18.7393682390515       3.498972285077023E-062
  -18.7315152081989       1.256465613553063E-007
  -18.7084193040771       1.685429061148910E-010
  -18.7022156239870       6.627609535489874E-009
  -18.6333340982875       2.787747180024559E-008
  -18.1562008093941       9.266952049772801E-062
  -18.0942043813838       8.258801845080902E-004
  -18.0526327308452       2.707066547831892E-007
  -17.9061925167894       7.223214349909640E-068
  -17.8637969261784       2.083210612698213E-009
  -17.8036014394925       5.394936149452368E-010
  -17.2067087069570       7.048557212986819E-008
  -18.7689291158934       4.808753967189212E-071
  -18.7253692067004       3.038018808373987E-008
  -18.6736984203836       1.623314288859864E-064
  -18.6564611747920       3.702734055421406E-010
  -18.6539314550698       8.039210929761694E-062
  -18.6462689387284       7.442904674221430E-007
  -18.6297805875130       6.515921025974976E-063
  -18.5349965315654       2.867371862004214E-015
  -18.4653923884222       5.908070963000905E-008
  -18.0482597873109       2.301353319060862E-063
  -17.9783899150453       7.670823287731205E-004
  -17.9262414112707       7.574255094540894E-012
  -17.7920845646533       9.123353775832005E-069
  -17.7806217211300       1.589070612832595E-005
  -17.6282911750262       1.675930302939540E-013
  -17.0283951180475       8.382739848226779E-008
  -18.8424361036397       1.865048134894575E-040
  -18.7826704976336       8.202442406559464E-046
  -18.7720164908287       3.490468679527543E-039
  -18.7257453779541       1.208032057375363E-040
  -18.7013265381923       3.434493362957571E-043
  -18.6626967853644       4.021161252397103E-043
  -18.6528704803615       3.191041463823657E-041
  -18.5745025535959       1.303084675142387E-038
  -18.5461273502686       9.580661494787890E-047
  -18.1134907830458       2.156631862306307E-034
  -18.0648534118861       3.471889502290750E-034
  -18.0280751373041       1.617849363281485E-039
  -17.8563597859669       1.455718472170350E-038
  -17.8414843471081       1.616470822257539E-035
  -17.7279335720738       2.255707505277991E-044
  -17.1497639124533       3.819114380293150E-048
  -18.6093261424237       4.052081286182595E-072
  -18.5528646220531       2.037686857943744E-015
  -18.5337444458978       1.120292603913638E-064
  -18.5209268932453       2.354196130162752E-064
  -18.4825390444545       6.061781234747293E-013
  -18.4644462297370       4.503101434268840E-014
  -18.4142870393764       1.232218777627985E-063
  -18.3805794374384       2.652468281254183E-011
  -18.3126623115042       2.601647735010438E-014
  -17.9059253196154       6.153422000050994E-067
  -17.8767912265452       8.588358421876949E-008
  -17.7366459745572       1.305417241127002E-007
  -17.6398270845454       3.308879762852303E-067
  -17.6210032969043       9.539924626733492E-011
  -17.4821060392984       2.120977319405808E-010
  -16.9028987767076       4.509096342021736E-015
  -18.5160557218719       3.221084920624212E-074
  -18.4871893273031       1.115176848302650E-009
  -18.4682575023239       2.048479214730674E-071
  -18.4552399068578       1.796804640497456E-072
  -18.4188077502725       6.936704055058035E-065
  -18.4061819084618       3.007658416806873E-009
  -18.4043533732855       1.624620859225576E-011
  -18.3700323291360       7.827928770815023E-014
  -18.2817054556703       1.524969516892725E-007
  -17.8374594417939       1.397783591271346E-070
  -17.7924081202625       1.993357906565681E-004
  -17.7260000188295       6.430899194558695E-014
  -17.5840314117260       1.790988465503291E-073
  -17.5391513119024       9.363938953702808E-009
  -17.4612443208292       1.322338010844958E-014
  -16.8784602344780       4.086258892868136E-008
  -18.2810814458690       2.091292459282408E-042
  -18.2445142554554       4.581355555568750E-040
  -18.2217012345626       7.671046598121631E-036
  -18.2144436014101       9.962264845859779E-034
  -18.2084133618281       5.534947582689573E-038
  -18.1831405876788       4.484069383080460E-039
  -18.1745194531173       8.313467589521155E-038
  -18.1304049107586       2.874879228549027E-043
  -18.0820531567714       2.035519470483403E-039
  -17.6033871678145       9.746526336183844E-038
  -17.5961917027372       1.308350439083260E-033
  -17.5162819744161       2.626511414635885E-042
  -17.3587068630931       2.506998382273877E-041
  -17.3164918472987       9.893496215643741E-039
  -17.2583249740063       2.137184633327843E-041
  -16.6700167033529       3.636200380246225E-042
  -18.2114254415795       8.424523938037975E-074
  -18.1888389515601       2.162168479912817E-009
  -18.1663495986300       6.525569081423182E-069
  -18.1597457870777       3.832598790006197E-072
  -18.1331226666876       4.036717312044667E-067
  -18.1205166280503       2.067859077280575E-012
  -18.1111244261092       4.005742945295571E-008
  -18.0776726668043       2.820537923321913E-014
  -17.9996525033786       7.388791974893062E-011
  -17.5490229942722       3.535231893555086E-068
  -17.4959970646658       1.385690232433189E-005
  -17.4595474306501       3.334875602463067E-012
  -17.2934198273670       1.145625177569754E-071
  -17.2603038670040       2.488582161857136E-008
  -17.1743620586629       4.787438759452263E-015
  -16.5856151511046       5.218622136041646E-010
  -18.0844266016563       1.592693174706422E-040
  -18.0834361135140       1.162323236965116E-040
  -18.0667415458592       2.407525042863938E-034
  -18.0571660023993       3.997898213481492E-036
  -18.0222724259230       1.209401557000105E-039
  -18.0194429145726       7.130101396462362E-038
  -18.0050375775394       3.829857959314407E-039
  -17.9762032749964       7.489715839007774E-040
  -17.8962720364040       9.917875201475267E-041
  -17.4322141812737       2.450004023538758E-038
  -17.3989365364142       2.261288035262385E-034
  -17.3624711409332       4.353564526146253E-039
  -17.1904256958468       3.825910626093597E-040
  -17.1531653397450       6.725348367714424E-040
  -17.0733458182419       3.116665765717331E-044
  -16.4868725295071       8.821678631728080E-042
  -17.7326736042588       6.874054288786071E-070
  -17.6901376511271       1.935123596439000E-063
  -17.6602848242895       4.175267289306878E-013
  -17.6560741796891       6.135613695273105E-061
  -17.6548899742133       5.949581922930663E-012
  -17.6254330339524       2.437056757615942E-066
  -17.6166111232792       8.866550263446859E-012
  -17.6007865923403       2.235577567379080E-013
  -17.5266515794316       6.097028389735162E-013
  -17.0708993757345       3.717416299195200E-069
  -17.0446183246247       4.644934709544739E-009
  -16.9946015050676       8.319329339842573E-012
  -16.7756685551401       3.710559561174168E-069
  -16.7523469805909       1.005861617270101E-013
  -16.6950654754831       3.236649166317675E-016
  -16.0945432145548       1.363437143865512E-014
  -17.5842898255860       2.560495121481451E-065
  -17.5686620419935       3.165882164974789E-009
  -17.5278773199919       1.345482116745555E-064
  -17.5164982136583       3.053849575093145E-064
  -17.4996109831544       4.455519823561846E-009
  -17.4812248287865       1.365411171187323E-061
  -17.4726412907684       1.269131070791346E-010
  -17.4523534860411       2.140334626934576E-011
  -17.3692062804657       5.435492110256831E-010
  -16.8862276621707       2.999245923243535E-057
  -16.8823068271247       2.254440064475994E-004
  -16.8127826176650       2.219041607488057E-009
  -16.6704250291568       4.385794998242333E-064
  -16.6285780657683       6.244853545596600E-010
  -16.5494841886746       2.158059822147052E-010
  -15.9633856691234       6.630149266641743E-010
  -17.5144378643771       2.613596284680416E-065
  -17.4733056686250       1.026984592058825E-064
  -17.4703388323712       1.351008825305473E-010
  -17.4448434134917       1.596619136010177E-063
  -17.4110775344661       1.312402054278972E-008
  -17.3902641821373       1.389395730565643E-008
  -17.3893578837296       6.927269015411840E-058
  -17.3659099385643       5.893949228188151E-009
  -17.3003737649438       2.103341799286536E-011
  -16.8469404683630       5.602831923775627E-065
  -16.7901121377694       1.307923094890364E-006
  -16.7252478147643       9.761644388781607E-009
  -16.5793479228336       1.831562756035883E-062
  -16.5479879449250       5.686281195298172E-010
  -16.4744970260183       8.904848085038932E-009
  -15.8851834144054       5.095215650310434E-012
  -17.2927057609105       1.016731131428405E-041
  -17.2762103487395       6.002977347718551E-038
  -17.2647728314127       1.960995595028187E-037
  -17.2475970878336       4.033590532725951E-039
  -17.2070387148968       1.496438034499602E-038
  -17.1984058556429       3.287637015459494E-038
  -17.1732936407842       1.216722396129230E-039
  -17.1360292687921       8.801778259572338E-039
  -17.0369974249226       1.086580307060879E-042
  -16.6047249278815       1.363030142761827E-038
  -16.5768431075431       1.009178851556401E-036
  -16.5234939916499       2.543001601499265E-038
  -16.3811487484446       1.839464640816375E-040
  -16.3500386691305       2.668213152531665E-041
  -16.2237370691332       4.954020138892665E-042
  -15.6525133929124       7.987426953994024E-044
  -17.2973362240426       6.160407402245436E-040
  -17.2757627440736       1.090002484611219E-040
  -17.2238066201396       1.077334787766919E-036
  -17.1986235362083       1.142943858740052E-033
  -17.1850821817146       6.355122803655888E-036
  -17.1714666458443       1.579659193003766E-034
  -17.1656900848795       1.394849207247932E-035
  -17.1287938524919       2.126882710965891E-040
  -17.0352358564088       5.480441222763482E-040
  -16.5804127510312       3.077698868992734E-034
  -16.5780823543840       7.673510250617843E-034
  -16.4765023599242       5.494508396468694E-040
  -16.3613256809959       2.194451439707417E-039
  -16.3297599238969       9.505540037436123E-039
  -16.2101946686000       6.556468606882257E-041
  -15.6228095782765       3.391935895980250E-041
  -17.0354690738441       1.620337276180094E-072
  -16.9850456813423       9.490303012830579E-010
  -16.9512754332475       1.006844795625090E-067
  -16.9508187574244       2.688553286150803E-067
  -16.9260811616714       1.429611830789605E-008
  -16.9126117597549       4.213829223869910E-013
  -16.9029819574627       1.998705005909985E-064
  -16.8657052566610       1.237202204982942E-014
  -16.7685758627794       1.034780623673966E-009
  -16.3389587764953       1.057509940399066E-065
  -16.2877363262062       2.977104818109549E-006
  -16.2202846337761       1.588504442614736E-014
  -16.0800429383861       4.238937341637966E-068
  -16.0769389450605       2.853175096459210E-008
  -15.9469631945615       1.282563776903451E-016
  -15.3641897621428       1.515888913299508E-013
  -16.7552942616748       1.914414102129935E-071
  -16.7484663827715       5.792436341968538E-010
  -16.7214013891766       1.527303354463264E-066
  -16.6978652560605       1.124363216015867E-065
  -16.6800666233281       4.790108811961542E-063
  -16.6504157291299       3.125298163648315E-009
  -16.6473482082599       1.032572130084068E-009
  -16.6255662324824       4.981339517428476E-013
  -16.5352961542004       2.505366058669539E-008
  -16.0835548286433       5.902789787692910E-063
  -16.0383559437701       4.931952925360000E-004
  -15.9773516940449       1.360322023389772E-015
  -15.8446343043988       2.857750413951572E-069
  -15.8014829456351       2.554805598986789E-013
  -15.7116500597680       3.935153146478925E-014
  -15.1252936178228       1.070254125119736E-008
  -16.5720186956012       2.336920257598808E-068
  -16.5176290858104       2.681910640525461E-015
  -16.5006906917943       1.457703638734517E-065
  -16.4757132504177       1.221995935831171E-063
  -16.4536621853099       3.228207454303811E-013
  -16.4262205925483       4.673551477974781E-011
  -16.3966210274732       1.750154513044688E-010
  -16.3944694311588       7.025940054739604E-059
  -16.2801518183448       6.758997029156052E-012
  -15.8583326814568       4.225854224475179E-064
  -15.8272271685061       1.869053650512749E-007
  -15.7052868298278       1.970088932023121E-008
  -15.6140264665473       7.248444573770191E-011
  -15.5992580614072       4.444988033363252E-070
  -15.4488336245459       3.693313666593202E-011
  -14.8588563444614       7.313115096256858E-012
  -16.3568445304300       8.015208791872314E-071
  -16.3342508072149       9.040307710527074E-008
  -16.3048809284537       8.900993627303093E-068
  -16.2551985517275       1.452376591647058E-006
  -16.2551596152557       1.482990457696972E-052
  -16.2383339629350       1.950874008033861E-011
  -16.2278813348297       3.696383812559162E-062
  -16.1783830511540       7.848538438343079E-015
  -16.0551582971843       2.362468021629083E-007
  -15.6154694750131       3.494865001786815E-065
  -15.5738798044974       2.658302964074535E-004
  -15.4874635313487       1.290321909035425E-012
  -15.3975690806446       1.764522239986906E-006
  -15.3872270294558       6.174780838991197E-069
  -15.2126804597801       3.671856877364480E-013
  -14.6078318444717       3.780414114961786E-007
  -15.3419331718147       5.739372069461565E-041
  -15.3168222454760       1.716279929753060E-045
  -15.2430873426936       1.926798027463475E-040
  -15.1500033508028       1.123059426626709E-039
  -15.1309049774604       1.137158243581128E-038
  -15.1036812236087       6.230026392037300E-040
  -15.0819495206140       1.447392107094530E-042
  -14.9902756970379       1.684328907190060E-037
  -14.9342807921194       1.405380520213419E-043
  -14.5417791146865       1.128055058950290E-032
  -14.5379252414183       1.143894865686023E-032
  -14.4244249416219       8.737172303965311E-038
  -14.3147690606937       6.751714842277812E-038
  -14.3097197750408       1.171921696895589E-036
  -14.1391099123551       3.944341039262243E-042
  -13.5854067716622       1.943781412606121E-043
  -14.7407903091126       3.330324614713050E-010
  -14.7093997081165       8.823324001906991E-069
  -14.6461943342782       3.422505353918540E-062
  -14.6323272310668       9.668394251028668E-067
  -14.5926334165255       5.613097305202656E-011
  -14.5606491760417       1.494957385212532E-016
  -14.5287028808038       1.249088230034137E-064
  -14.5110771692834       4.385923627951167E-013
  -14.3944159929411       1.043595708456734E-010
  -13.9784340964763       9.871978798037408E-063
  -13.9469027718131       5.425849715620768E-004
  -13.8662355494010       1.392907444027031E-010
  -13.8023281773725       2.204294543542526E-058
  -13.7535853002866       3.213693878834013E-008
  -13.5994501861125       5.370426623676232E-013
  -13.0490248981395       1.786937502061955E-010
  -14.6707846213890       5.756829118621134E-045
  -14.6389733325034       8.578476701711593E-037
  -14.5800238231566       8.874822475141112E-036
  -14.5796488870209       9.033729874587518E-036
  -14.5512269342494       1.337502696004502E-039
  -14.5259815061803       1.940627941874527E-038
  -14.4555057591827       5.059129865155829E-041
  -14.4163829041078       2.679140681286657E-038
  -14.3081119782200       2.103196188479291E-043
  -13.9086752980032       8.537077208356133E-038
  -13.8727413371558       2.248479324223158E-037
  -13.8003720778226       2.831222702405111E-039
  -13.7334581782092       1.400833232706056E-038
  -13.7029369885779       1.938487819248996E-041
  -13.5161984012031       1.342933289900126E-043
  -12.9733762272360       3.894814839511212E-046
  -14.6349081011580       1.819829789905129E-047
  -14.6326260708272       1.777454808661311E-043
  -14.5207071355616       5.633424396860029E-038
  -14.5203959245694       7.960957958195255E-034
  -14.4828424960986       8.897991424312070E-039
  -14.4685821765414       1.058509685342495E-038
  -14.4466162295625       8.077240113642346E-039
  -14.3979302819617       4.777505086058813E-040
  -14.3243255637162       2.085305850736214E-040
  -13.8751518439034       7.327472314902287E-038
  -13.8728785276394       7.045916623680503E-034
  -13.7369967959580       9.311073658139311E-037
  -13.6989431078291       2.142462050276449E-044
  -13.6433272029597       2.067153606030742E-037
  -13.5115725970672       3.349327828752565E-041
  -12.9374240445376       1.476906771801995E-039
  -14.6008736759444       6.282353522870685E-070
  -14.5675012326778       1.488349900010286E-012
  -14.5265515263044       4.359519168222077E-064
  -14.5260056924926       2.615866351207054E-065
  -14.4831834269742       2.004602027670583E-013
  -14.4485935086394       9.493333243558376E-012
  -14.4168074409302       3.977820073129459E-063
  -14.3890000388293       1.661461693069823E-011
  -14.3196188572669       2.565719217170331E-013
  -13.8997789570333       1.520338966027604E-066
  -13.8325003458080       1.454534065288303E-006
  -13.7193242671110       2.510367856138861E-008
  -13.6572603053590       3.777283358635815E-067
  -13.6424397998530       7.479103234168108E-012
  -13.5021645635804       5.165033079628636E-010
  -12.9297565489872       3.311112000230170E-015
  -14.4380905037466       1.138666284374905E-073
  -14.3929110285788       9.186917182906419E-012
  -14.3491112009411       4.400551769029983E-065
  -14.3485917852014       1.064525915975831E-065
  -14.3207363511639       1.059515013373154E-009
  -14.2772718648418       1.442135134073578E-014
  -14.2560112846771       1.363537166762098E-067
  -14.2349325113222       5.343240728228025E-018
  -14.1466365504707       1.027643152449386E-010
  -13.7257154398204       5.584516550490079E-070
  -13.6593657703792       1.655590005605824E-005
  -13.5531882244051       7.443081034929684E-012
  -13.4824382802593       1.220579591920082E-066
  -13.4819147468682       1.153516621856210E-007
  -13.3316287155762       1.460721259017104E-014
  -12.7567291237938       2.840792837854064E-012
  -14.3765423406735       2.480348572518840E-070
  -14.3678007420918       1.398438402218990E-008
  -14.2794256161699       1.980016166298531E-066
  -14.2761656321046       8.660642401641581E-062
  -14.2648854441533       4.675550201207974E-008
  -14.2462868856702       6.270919633833890E-013
  -14.2320308629300       1.327507782854922E-061
  -14.1185055296643       4.731286926648266E-013
  -14.0425882887273       3.209528824518689E-009
  -13.6709448025725       1.276106267661694E-066
  -13.5922418166333       1.198126357701024E-003
  -13.5339305279751       1.560823341532338E-011
  -13.4472249277176       5.187350429059087E-069
  -13.4027318321226       2.654610464685477E-005
  -13.2503009426330       1.378691720916027E-015
  -12.7038459449591       2.228823850884489E-008
  -13.7661125023375       1.745748931162936E-069
  -13.7426254856064       5.387389652481305E-015
  -13.7138230205486       2.799352363008241E-066
  -13.6869230385692       1.684166872844210E-063
  -13.6369886088278       3.944013584302795E-011
  -13.6293148392129       5.371168366725707E-010
  -13.5905353855409       7.450085839616352E-062
  -13.5509881201188       6.364681824875787E-012
  -13.4773511837590       1.376265750513379E-013
  -13.0722335872231       1.255790021502628E-065
  -13.0263886314194       2.653972657901653E-007
  -12.8944714175158       2.285599137867303E-008
  -12.8265079452669       1.418738520375018E-067
  -12.8022415308401       5.001393224368058E-011
  -12.6550125532038       1.358578550710061E-010
  -12.0809837098269       1.579377963100327E-012
  -11.6275106669400       7.145108879589281E-073
  -11.6251276585961       1.440982812143642E-008
  -11.5955976955911       9.338844629782887E-070
  -11.5174919698184       5.454185771427973E-061
  -11.5125101003921       4.264551700728282E-007
  -11.4950185425342       8.886351229937017E-064
  -11.4768299974323       1.386080505156058E-015
  -11.4437890636246       1.387046339009256E-015
  -11.2952092829299       7.729235079953530E-008
  -10.8906168727537       5.701660260582771E-069
  -10.8488722287600       4.013090683567359E-005
  -10.7364676528668       1.573228954558780E-013
  -10.6746790116986       3.268196010282657E-070
  -10.6566570798572       1.587627506733918E-006
  -10.4719906828691       1.745008504411672E-013
  -9.89068997357482       3.646156162723961E-007
 -0.166897914496360       3.680544342616121E-045
 -0.124578705256081       9.874191271892493E-041
 -4.143930371213855E-003  2.307938962737414E-036
  3.450258050509802E-003  2.283083030525569E-036
  9.582149153581554E-002  4.560085078024515E-041
  0.125970561263696       3.252574028463891E-039
  0.133366808594793       4.768282589343087E-038
  0.186247157223022       2.561993687341406E-043
  0.360051852783005       1.975374072344050E-046
  0.649127969554950       8.163859932446165E-036
  0.705286694315099       1.433315836445626E-034
  0.851045346791739       2.794994940167420E-036
  0.852496889015033       8.838741523314800E-035
  0.936858332850058       1.333835671245784E-039
   1.14773468172231       4.994130922168076E-042
   1.69417744771356       3.895400145411714E-040
  0.347067063436128       1.212925107249650E-074
  0.386114810540906       3.666232260587164E-010
  0.442394296323489       1.956640089507971E-071
  0.473699534379367       8.275586356951421E-009
  0.514731402716912       5.276546388062801E-064
  0.545286455244536       3.435608291718076E-015
  0.564139721765557       1.404170162554343E-063
  0.644836130111525       3.205241860575705E-013
  0.808420555693786       2.463198910301474E-011
   1.09343985746228       7.014345642730383E-070
   1.16304713841940       3.192508092790857E-004
   1.29725484044430       1.423855127331320E-012
   1.34364475249961       1.761356094755597E-065
   1.35828545652584       5.770072268498668E-005
   1.59021429723244       1.862140982039370E-012
   2.12665911974187       2.005583866784697E-008
  0.707647479071635       1.539903450807458E-070
  0.725901418151892       1.460197024310156E-014
  0.778839934381221       1.035490234587908E-062
  0.811548934670423       2.973939128949666E-061
  0.879987078449503       6.205367246853739E-012
  0.886211046948954       2.519854948377917E-012
  0.890391960732224       4.532127592229862E-060
  0.960474637913382       7.093994491441670E-011
   1.05437985753275       3.041716860212858E-014
   1.42792448216905       3.869159083835853E-068
   1.48884370010011       3.017115200577567E-007
   1.63276722630632       2.510251010509048E-008
   1.67853745424943       3.369952266631340E-063
   1.72362344322795       6.482278255109791E-009
   1.88336237392830       5.669115218281590E-009
   2.47024083292685       1.429284149849230E-011
   4.85435740150420       5.246493207359654E-009
   4.85706122330838       9.741239528674357E-069
   4.90222918644169       5.151196595709906E-064
   4.99601334994895       8.889082358152611E-060
   5.00736595396514       1.605627726778101E-007
   5.02556174313228       1.436960095414230E-061
   5.05589572340575       1.363569076010718E-016
   5.09504480833209       5.101257169775632E-016
   5.26923992491402       3.753924179121689E-008
   5.60789371407485       2.322681272106239E-065
   5.66572059834948       1.718570145357984E-005
   5.80787080063800       1.992285965140093E-013
   5.83048151609384       3.488307988030625E-064
   5.86680013253229       6.341239472221682E-006
   6.07901619006959       2.080131011448174E-013
   6.64631857106535       5.573351234863116E-007
   5.38776916647343       7.888391377119867E-042
   5.44420488066490       4.130142108028341E-033
   5.47711048171355       8.046965605879928E-035
   5.55535425642200       6.686948194940863E-035
   5.56470565859888       1.752445624924233E-041
   5.63485808730791       1.049056063302055E-037
   5.66266379438170       2.117277366155590E-035
   5.72552801846152       8.643226290632727E-038
   5.90222612764603       2.631945582680923E-043
   6.16149725062116       2.436320354583935E-035
   6.22199123147836       9.535844150675784E-033
   6.36753982449433       1.000938412543480E-038
   6.39128072893664       5.057942675661607E-034
   6.43942805057465       6.142692180623602E-037
   6.68022904625229       2.687095603248807E-041
   7.21690688157858       1.315780804885496E-040
   5.40481424460419       4.970099294290805E-044
   5.43292813145528       3.109206928214503E-041
   5.53752642184874       8.083934945518716E-039
   5.58639364038748       4.211833822372037E-032
   5.64145582127131       1.579238957798744E-034
   5.64424314111418       1.263507252585311E-035
   5.65681411470104       1.391682092954446E-039
   5.73133205051543       1.843713198700049E-039
   5.85644919767099       1.389359898454297E-041
   6.17513997975474       1.294968251557686E-039
   6.22792471535067       4.903122958306000E-032
   6.38895450316144       4.443303843708324E-039
   6.40687449340646       2.950426038888530E-038
   6.47789638312976       1.866023544432670E-040
   6.66831373121954       4.392901725072966E-043
   7.23472088957373       1.520082272589465E-040
   5.40045393196824       2.803527267398901E-009
   5.45059743135647       4.162899007428536E-070
   5.54586032961195       1.177577589893730E-068
   5.57579474173442       3.799308774167148E-066
   5.63361761826689       8.341965442017599E-013
   5.69484811620605       1.189827693614841E-013
   5.70365685148243       1.586640920740694E-064
   5.74317732350970       1.073358323854496E-014
   5.92653169780441       1.699634132786055E-010
   6.19376691664430       2.634231065993526E-069
   6.25583022321756       1.425754533241914E-006
   6.40556860367099       2.646242911642102E-013
   6.42448471011250       4.162585081165671E-067
   6.48584154634316       1.701027680419911E-007
   6.71095633200230       4.842489195716567E-015
   7.25532054119774       2.012489862502360E-011
   5.52464953854975       2.259434861481086E-072
   5.55280378105352       3.358864521315468E-011
   5.60253691495973       2.865400922189176E-070
   5.66037021878419       1.311625834415315E-062
   5.66855967054685       3.581118467312018E-008
   5.73653352935558       7.193401219119613E-063
   5.75016362638944       1.958729652331699E-015
   5.77132029710763       7.133080523803601E-015
   5.92375764175959       5.875386437152749E-010
   6.24293486097196       2.541554486342468E-068
   6.31152492408514       9.375402957403390E-007
   6.46445669355605       1.529770164544038E-013
   6.50946038601481       5.937732205709442E-065
   6.53193559792134       8.006835948190954E-007
   6.73810207659429       2.858096823913029E-014
   7.30415369807308       3.623192683544707E-012
   5.62868557842193       1.323135270303378E-067
   5.66364818823590       2.882418029289712E-012
   5.71749864570256       3.313796979988815E-065
   5.77079862276107       4.207463229043339E-012
   5.77378933465357       7.428243840540060E-062
   5.84420250631199       3.329521545729214E-060
   5.85805614514335       1.950888564420746E-010
   5.88327016987794       2.045194514691604E-010
   6.03966170717150       3.282968416869953E-015
   6.35105218597934       8.849106439018587E-067
   6.42112665215220       7.921880855338155E-011
   6.57198059750616       9.107510792163136E-010
   6.61966588868856       3.280490893632257E-064
   6.64021786761653       4.484212917562979E-010
   6.84905283517539       2.011206762704634E-010
   7.41186474950587       3.260882986733671E-015
   58.8004089054100       6.324518619023576E-070
   58.8131196907133       9.282783577033733E-010
   58.8746165298318       2.936143218752061E-062
   58.9566249388928       5.760584330472570E-060
   58.9941165243951       2.146003007147237E-008
   59.0107653424194       7.199842301953466E-061
   59.0305329701484       2.212117501852673E-016
   59.0942265303775       3.201011973396457E-017
   59.2819257142196       6.501640269965199E-009
   59.5452942408467       1.410540346714024E-064
   59.6167104984486       5.811488649626493E-006
   59.7760016392169       3.699625004535128E-014
   59.7911312910053       1.576787769398860E-061
   59.8403263885337       6.094656345411681E-006
   60.0683440401159       1.965431065005855E-013
   60.6119838275488       3.506109673559066E-007
   174.991553590094       1.733680261847555E-038
   174.998191013261       6.259566962948013E-040
   175.078449492032       2.614292065269425E-032
   175.166548851882       7.542643575689174E-036
   175.217109106951       1.616526981287746E-037
   175.232535582098       2.169563796419101E-035
   175.248909976181       7.919080259537576E-037
   175.329796437766       2.881865059879122E-042
   175.534518913036       1.461138381530070E-040
   175.718163146815       7.777797662954663E-034
   175.794893461194       8.418928200510954E-031
   175.957843629321       1.051050429375917E-030
   175.974827931574       1.595178771569335E-033
   176.015067787850       4.544685106922043E-033
   176.275301362774       7.367645486792994E-041
   176.773494716147       2.031959583286849E-038
   175.056717208773       2.120055419214587E-073
   175.094224328354       3.538685979598311E-010
   175.147934417162       3.503209668749145E-068
   175.238677711050       6.262995930637825E-062
   175.257252934255       9.059270433790878E-008
   175.308066479220       3.699706254639561E-015
   175.312698313375       1.291495911741039E-061
   175.383996907837       1.598278048313452E-015
   175.599640239403       2.213281722006794E-011
   175.785602576578       4.717103591113205E-068
   175.857365221952       1.102355694603370E-005
   176.039344380234       5.102651521681082E-013
   176.041511453739       1.211138768080871E-058
   176.066358419261       1.250271336910701E-005
   176.339610612050       9.586831954851890E-013
   176.835849598998       3.640917264199091E-008
   175.106940495091       1.529200290900749E-070
   175.139803430038       2.566384700712798E-013
   175.204812613341       8.209565374180091E-063
   175.278120868384       9.585469462454614E-060
   175.327857065844       5.226126697530974E-011
   175.345264663169       2.428042303214234E-059
   175.354841891665       7.636059237623571E-017
   175.426847898254       1.592297785593983E-012
   175.620002220846       1.380486971417534E-012
   175.830412873064       7.496845570505537E-066
   175.904494093360       7.070005111431529E-009
   176.081223905902       9.473159835391862E-010
   176.086195413383       2.870059457483122E-057
   176.124933773968       1.235814195826438E-008
   176.370670237239       3.465966375001950E-009
   176.882267716802       9.530695280171306E-011
   245.738838123153       6.694632654524388E-069
   245.767631750372       6.157468749552636E-011
   245.831107616210       8.109156372388238E-061
   245.907853282793       1.494725936413707E-058
   245.952894131789       8.337571142126692E-010
   245.975774638875       4.005053447369438E-062
   245.981305211561       3.055715589868110E-017
   246.058824481982       1.263491407840548E-017
   246.255576470251       4.761916728791067E-010
   246.461915448921       7.046022238187365E-063
   246.532927560047       4.933757259465994E-007
   246.705148372908       2.398272592771121E-015
   246.725229921228       5.181624013066135E-058
   246.769415294371       5.986878352390899E-007
   247.014249567304       1.817660713745069E-014
   247.534671047005       3.390506106326268E-008
   281.064792877816       7.624280850759598E-040
   281.090224238644       3.163326121568119E-040
   281.157280214467       4.352647370587119E-031
   281.251127272126       1.913021203464298E-034
   281.283621276670       4.682338510846406E-037
   281.322054287152       2.891448675473966E-032
   281.325781120012       1.067759710660788E-034
   281.407718261837       8.317222285783344E-040
   281.623380471287       1.010632038618579E-040
   281.781678187172       6.385632221475051E-037
   281.853882571463       1.578953050738175E-031
   282.043545234164       1.395087332686237E-034
   282.047751698214       9.713120092437421E-033
   282.091688721130       1.572741749527599E-036
   282.361660010565       1.516367108121587E-042
   282.863327978980       1.614629114776491E-040
   281.072712554613       2.247149351020600E-041
   281.091493908971       4.445700443470582E-042
   281.170160862444       1.368190559626801E-033
   281.244970263885       1.003735688330647E-034
   281.307517154789       7.450617653531593E-034
   281.311333331716       5.327713072464557E-032
   281.327198193920       2.845691720853784E-035
   281.408649784236       1.739908343411727E-039
   281.602903798175       2.175483631518698E-040
   281.782712480003       7.359433610881970E-039
   281.861966539555       7.083077685653096E-032
   282.037835550176       4.579869451282384E-034
   282.048589624687       6.945589777465072E-035
   282.103445208887       8.950319382404132E-037
   282.351624397343       3.200255163499107E-039
   282.865616140113       6.652848201680567E-042
   281.072290837630       5.601812331236884E-067
   281.088077228876       1.126590316968598E-010
   281.165711929860       6.965033865686026E-063
   281.253197747450       6.551522695522271E-058
   281.302494003860       4.854362992922217E-010
   281.321837238529       8.853423151420664E-059
   281.335242876382       1.696994140411378E-016
   281.418056137659       3.395675169273449E-017
   281.625776617602       4.848607709232308E-011
   281.785771763077       8.944003826321732E-064
   281.864603529021       3.770901969466823E-009
   282.049188571632       2.504583701593790E-017
   282.049731571693       1.413862935864045E-059
   282.104298155499       1.332990166341223E-009
   282.366447139648       1.053663557949621E-016
   282.871128600250       9.160109972278314E-013
   281.085476112402       2.156674595634759E-070
   281.129195799932       2.552188956198094E-015
   281.184583435771       1.518137985861365E-062
   281.263123341468       2.755896173305878E-058
   281.298046020131       2.416394087776247E-009
   281.329684491386       1.252411088838359E-016
   281.334713045916       9.675550171623834E-063
   281.406838942352       9.990039748784749E-018
   281.609689161334       1.809025455959036E-010
   281.800912431878       2.817290088331051E-065
   281.865204207095       5.136422564625722E-009
   282.046108921046       1.877692272397131E-016
   282.073419826895       3.075624519661278E-056
   282.103614168888       1.141575532816585E-009
   282.359157379635       8.142654085358918E-017
   282.873340474914       9.591249965925443E-013
   281.102903924284       5.358585442943964E-069
   281.147926102357       8.829469621108332E-015
   281.201568308437       3.391523003552966E-062
   281.282585534532       9.815954097541907E-060
   281.313197250533       2.538499166769472E-013
   281.347834734246       1.110709645536424E-013
   281.354687574543       3.164947611970441E-059
   281.424969608708       8.085255262892677E-013
   281.630686002935       2.956989328364579E-017
   281.819392227915       5.071355412592478E-066
   281.882517719771       9.072099721124335E-013
   282.065273167370       4.536445937499717E-013
   282.092043495447       1.739682457932619E-058
   282.120419370810       1.065982179987304E-013
   282.378853335465       3.094819651691025E-013
   282.891495699790       3.853018573081510E-015
   496.611088725211       4.099037336772494E-073
   496.648306042569       3.679346595139567E-014
   496.710895118014       1.102332517954047E-063
   496.787892579465       1.651344014300681E-061
   496.831646382255       1.367485138958725E-011
   496.857311979771       2.083129563844482E-018
   496.860466048762       1.007693178646169E-066
   496.939942707407       1.631662967295116E-018
   497.141489128520       2.274010433499661E-012
   497.307592006635       1.352039593204771E-066
   497.374655964047       9.835891896068750E-009
   497.554816259817       8.196262089925176E-017
   497.576480931471       1.593224573640137E-059
   497.612482797776       1.964398074322945E-008
   497.870355893151       6.123359124646402E-016
   498.364777298666       1.307058394692181E-009
