                   784
  -19.2278654569732       1.833936104981876E-071
  -19.1866268342295       1.644614578433313E-009
  -19.1804048836762       3.079054245691988E-067
  -19.1667148448684       2.944745792174260E-067
  -19.1323711717569       1.377091198043293E-010
  -19.1320058319273       6.492623434916620E-061
  -19.1065211195139       1.040359538242574E-007
  -19.0842963244872       2.319266356560444E-007
  -18.9988928780366       3.422479705394010E-008
  -18.5394123409637       2.167947103695048E-075
  -18.4933560671650       4.765700411331592E-011
  -18.4456908212089       6.105881599401709E-010
  -18.2784072736432       1.315609479853787E-074
  -18.2407902906469       3.697701359831965E-011
  -18.1624172046175       3.714609751996754E-011
  -17.5638206370166       5.222108668193384E-013
  -19.1773864183590       5.855641602282369E-073
  -19.1203004585994       1.342166861178143E-014
  -19.1054330672304       8.017048539706174E-065
  -19.1038254997803       1.771355485950367E-066
  -19.0561075932460       3.008662787772588E-005
  -19.0418136562240       6.651707011213022E-011
  -19.0095717548153       3.234172606461564E-062
  -18.9748516390180       8.639455096808868E-007
  -18.9086354578657       3.818990568491644E-013
  -18.4964945755777       6.017567146838218E-072
  -18.4590163952927       5.459362992965574E-016
  -18.3475809687612       2.233681294066231E-008
  -18.2161187479132       7.991662544888988E-069
  -18.1847077061341       1.012350353051475E-013
  -18.0801269873081       2.324628637522906E-009
  -17.5009659268599       1.916706039029905E-016
  -18.8565534493550       4.362132603534401E-067
  -18.8147283233075       6.801161504389563E-064
  -18.8079683787940       2.574456901510513E-009
  -18.7802457331366       8.669985567630167E-065
  -18.7476984511080       1.091438955356960E-005
  -18.7270503744711       5.932893385449113E-005
  -18.7018546640966       2.126222413485946E-063
  -18.6776771206366       1.433202252097195E-006
  -18.6280577881785       1.542975264904001E-008
  -18.1884756186796       3.691243038674714E-068
  -18.1284532372889       7.441113036268331E-011
  -18.0481491504809       6.555634566242936E-009
  -17.9144362788688       6.111766149130615E-067
  -17.8829555245724       9.099987708260715E-011
  -17.7995744340081       2.112240381091197E-008
  -17.2157019289694       3.803346530655730E-014
  -18.8255760294624       1.007553726927390E-066
  -18.8014640176917       3.001444662007837E-008
  -18.7920810550821       7.994953616355479E-065
  -18.7690467381105       5.846073789877650E-067
  -18.7393682390515       3.622870139238229E-062
  -18.7315152081989       1.506950441050203E-006
  -18.7084193040771       6.425304426853378E-006
  -18.7022156239870       3.496199100273083E-007
  -18.6333340982875       1.075916904859614E-007
  -18.1562008093941       2.654101001831417E-065
  -18.0942043813838       3.333267103066656E-009
  -18.0526327308452       5.533450763955829E-008
  -17.9061925167894       1.937266419623067E-068
  -17.8637969261784       4.167746803130633E-010
  -17.8036014394925       1.731431979537893E-009
  -17.2067087069570       7.508953639055969E-012
  -18.7689291158934       1.864562301591993E-067
  -18.7253692067004       4.669880519381772E-010
  -18.6736984203836       3.042958631038534E-063
  -18.6564611747920       1.940706706675777E-006
  -18.6539314550698       2.611256042812436E-058
  -18.6462689387284       3.405015095682555E-006
  -18.6297805875130       1.045133697804950E-061
  -18.5349965315654       2.739034500721322E-008
  -18.4653923884222       4.037278061660160E-009
  -18.0482597873109       6.691168095421984E-066
  -17.9783899150453       1.111865580541201E-009
  -17.9262414112707       1.012401173585667E-009
  -17.7920845646533       6.718689205760330E-068
  -17.7806217211300       4.333779726430562E-009
  -17.6282911750262       5.536297819287968E-011
  -17.0283951180475       8.295774089444930E-012
  -18.8424361036397       7.313923991453288E-037
  -18.7826704976336       1.686527240919546E-046
  -18.7720164908287       2.934561961485136E-037
  -18.7257453779541       2.157194908301049E-036
  -18.7013265381923       8.506466030411305E-043
  -18.6626967853644       4.267692490883746E-036
  -18.6528704803615       1.420053675958206E-037
  -18.5745025535959       3.044542689276988E-037
  -18.5461273502686       2.916242240402394E-046
  -18.1134907830458       4.217761749101697E-041
  -18.0648534118861       3.628726685198332E-038
  -18.0280751373041       6.525868662098281E-039
  -17.8563597859669       3.881448510574400E-042
  -17.8414843471081       2.471931138700652E-038
  -17.7279335720738       4.356243783455686E-041
  -17.1497639124533       1.038527352640357E-053
  -18.6093261424237       1.959919228143274E-068
  -18.5528646220531       5.710148113817233E-015
  -18.5337444458978       1.389718074227680E-060
  -18.5209268932453       1.703645017031853E-061
  -18.4825390444545       3.733109394657609E-006
  -18.4644462297370       2.595977674179512E-010
  -18.4142870393764       3.335228103318244E-060
  -18.3805794374384       7.809283608435469E-005
  -18.3126623115042       2.574637892484803E-013
  -17.9059253196154       1.631215508091612E-068
  -17.8767912265452       2.587682681229210E-014
  -17.7366459745572       6.852078555560522E-009
  -17.6398270845454       3.348697369511313E-069
  -17.6210032969043       1.384871244697206E-014
  -17.4821060392984       7.868031737335187E-009
  -16.9028987767076       9.578993834148565E-018
  -18.5160557218719       3.603331561422291E-071
  -18.4871893273031       7.350503153484278E-011
  -18.4682575023239       4.327420425094745E-068
  -18.4552399068578       1.104545027005406E-067
  -18.4188077502725       1.703620546713176E-064
  -18.4061819084618       2.572310710294739E-009
  -18.4043533732855       4.279318314800296E-009
  -18.3700323291360       1.457850457041586E-007
  -18.2817054556703       9.596070240511908E-009
  -17.8374594417939       5.599742481995753E-072
  -17.7924081202625       4.719095601736809E-010
  -17.7260000188295       2.872660585101579E-011
  -17.5840314117260       4.831756960961452E-074
  -17.5391513119024       4.696888081553666E-011
  -17.4612443208292       8.831372561400137E-011
  -16.8784602344780       9.086847434190097E-013
  -18.2810814458690       4.287855217771825E-039
  -18.2445142554554       1.613904601709999E-039
  -18.2217012345626       1.036393486018770E-032
  -18.2144436014101       2.869295391791854E-032
  -18.2084133618281       8.280753762391657E-033
  -18.1831405876788       6.459179347795985E-034
  -18.1745194531173       4.111671926375655E-037
  -18.1304049107586       1.564975944695264E-036
  -18.0820531567714       1.082010602028594E-038
  -17.6033871678145       5.422638502901234E-041
  -17.5961917027372       1.602167860711784E-039
  -17.5162819744161       3.976708443878629E-038
  -17.3587068630931       1.333190252282619E-042
  -17.3164918472987       1.293274690613222E-042
  -17.2583249740063       5.831415281070667E-039
  -16.6700167033529       4.466279534497649E-049
  -18.2114254415795       1.341876470663429E-070
  -18.1888389515601       4.686465454416555E-010
  -18.1663495986300       8.390273687203408E-067
  -18.1597457870777       8.541144620575166E-069
  -18.1331226666876       2.348054286461708E-065
  -18.1205166280503       2.702163783719021E-007
  -18.1111244261092       8.114880523583746E-007
  -18.0776726668043       1.887034911456282E-007
  -17.9996525033786       4.627052285207592E-011
  -17.5490229942722       1.267793177097437E-069
  -17.4959970646658       1.019989918374287E-012
  -17.4595474306501       2.337697595162144E-012
  -17.2934198273670       3.459358532037502E-075
  -17.2603038670040       5.678670567975525E-012
  -17.1743620586629       8.812338480603090E-013
  -16.5856151511046       3.679648889460889E-016
  -18.0844266016563       1.030621690624611E-041
  -18.0834361135140       3.568931190728761E-039
  -18.0667415458592       2.112269197016406E-034
  -18.0571660023993       3.324460455654696E-035
  -18.0222724259230       1.008396987259451E-035
  -18.0194429145726       1.587283883156288E-033
  -18.0050375775394       6.073657605128029E-038
  -17.9762032749964       4.388635827958296E-034
  -17.8962720364040       1.039414098907938E-042
  -17.4322141812737       3.997074281914720E-041
  -17.3989365364142       1.086463349131386E-040
  -17.3624711409332       2.487168814331074E-039
  -17.1904256958468       6.604632218471944E-040
  -17.1531653397450       2.829692484339197E-042
  -17.0733458182419       5.533302938094610E-042
  -16.4868725295071       3.608405611447535E-047
  -17.7326736042588       8.293856909905269E-069
  -17.6901376511271       1.550735412600070E-063
  -17.6602848242895       5.468508986683862E-013
  -17.6560741796891       4.903973807203951E-057
  -17.6548899742133       9.428460340278337E-008
  -17.6254330339524       6.421803327474624E-063
  -17.6166111232792       5.593891964325923E-015
  -17.6007865923403       5.848189858610223E-007
  -17.5266515794316       2.136782442123560E-012
  -17.0708993757345       2.467657011788827E-072
  -17.0446183246247       3.721637067254658E-015
  -16.9946015050676       7.005869658396215E-012
  -16.7756685551401       7.646331789855728E-071
  -16.7523469805909       3.964140369842541E-015
  -16.6950654754831       5.423058415781631E-010
  -16.0945432145548       2.323348726728142E-018
  -17.5842898255860       5.707780836911010E-065
  -17.5686620419935       3.242408723721673E-007
  -17.5278773199919       1.135035637713910E-063
  -17.5164982136583       1.951993377643011E-064
  -17.4996109831544       7.865434947252363E-007
  -17.4812248287865       1.815738239348648E-060
  -17.4726412907684       2.789800054516398E-007
  -17.4523534860411       7.457510794686761E-006
  -17.3692062804657       1.430457906240829E-007
  -16.8862276621707       9.560466942620907E-062
  -16.8823068271247       6.184787645865596E-009
  -16.8127826176650       2.677596886732001E-010
  -16.6704250291568       3.158748107522564E-067
  -16.6285780657683       1.057619718015270E-010
  -16.5494841886746       3.778706256054361E-010
  -15.9633856691234       9.249365897227730E-015
  -17.5144378643771       6.391071445440967E-066
  -17.4733056686250       3.446770001507545E-064
  -17.4703388323712       1.686648267891096E-008
  -17.4448434134917       1.198673458044856E-060
  -17.4110775344661       8.130473325572764E-006
  -17.3902641821373       1.076965004109072E-004
  -17.3893578837296       3.598018321549129E-054
  -17.3659099385643       1.383054882183181E-005
  -17.3003737649438       8.103567166003206E-009
  -16.8469404683630       6.003238767563573E-068
  -16.7901121377694       1.735805179220275E-011
  -16.7252478147643       2.736303587062478E-009
  -16.5793479228336       1.485078377591259E-067
  -16.5479879449250       3.001519826945640E-010
  -16.4744970260183       4.707768048042783E-008
  -15.8851834144054       1.923508384461234E-014
  -17.2927057609105       8.877306716437332E-040
  -17.2762103487395       2.593157696604017E-034
  -17.2647728314127       6.196093363579324E-034
  -17.2475970878336       2.260668340094611E-038
  -17.2070387148968       5.205513578676149E-033
  -17.1984058556429       1.137810146800547E-035
  -17.1732936407842       6.736321450936195E-036
  -17.1360292687921       1.547622701742169E-033
  -17.0369974249226       7.453891155733533E-041
  -16.6047249278815       1.308136408318527E-038
  -16.5768431075431       5.880123151344505E-044
  -16.5234939916499       2.413491653957825E-039
  -16.3811487484446       1.504111825942154E-039
  -16.3500386691305       1.282361489327220E-044
  -16.2237370691332       2.049826207646973E-043
  -15.6525133929124       3.124191051954795E-045
  -17.2973362240426       5.915652602544604E-039
  -17.2757627440736       3.221939192278436E-040
  -17.2238066201396       9.474827699174654E-036
  -17.1986235362083       3.762295180898631E-032
  -17.1850821817146       7.613271101813847E-032
  -17.1714666458443       2.007010734283708E-032
  -17.1656900848795       2.003386639260995E-034
  -17.1287938524919       2.518664773409906E-035
  -17.0352358564088       1.051471908089530E-038
  -16.5804127510312       2.317274676705392E-040
  -16.5780823543840       7.033313989349463E-040
  -16.4765023599242       1.533208317365668E-038
  -16.3613256809959       2.129166692905536E-041
  -16.3297599238969       1.387021548895213E-042
  -16.2101946686000       4.742559470520074E-040
  -15.6228095782765       3.307545272801007E-044
  -17.0354690738441       1.610756765146238E-069
  -16.9850456813423       6.651267325218776E-009
  -16.9512754332475       1.969187292988805E-065
  -16.9508187574244       2.275425883763149E-066
  -16.9260811616714       7.023413552669289E-009
  -16.9126117597549       4.861587110467589E-007
  -16.9029819574627       2.778098813298627E-064
  -16.8657052566610       6.114182846306826E-008
  -16.7685758627794       5.565257329852319E-009
  -16.3389587764953       5.352419785206492E-068
  -16.2877363262062       9.417364412627981E-013
  -16.2202846337761       2.344732682096871E-014
  -16.0800429383861       2.646738826402387E-068
  -16.0769389450605       1.459371943873885E-012
  -15.9469631945615       2.626741930583043E-014
  -15.3641897621428       1.222839669903881E-016
  -16.7552942616748       2.286726923192278E-071
  -16.7484663827715       8.355994742345887E-010
  -16.7214013891766       6.645612463078947E-067
  -16.6978652560605       2.887538428997947E-065
  -16.6800666233281       1.424832221071082E-062
  -16.6504157291299       3.648717591337232E-008
  -16.6473482082599       2.548397800524853E-008
  -16.6255662324824       4.118054279096466E-007
  -16.5352961542004       3.068294944167241E-008
  -16.0835548286433       5.639111049448032E-068
  -16.0383559437701       6.648919361174108E-010
  -15.9773516940449       1.152947157674977E-014
  -15.8446343043988       2.689065229925828E-071
  -15.8014829456351       6.646897902497648E-015
  -15.7116500597680       1.148112261338825E-012
  -15.1252936178228       5.836815961765893E-013
  -16.5720186956012       1.521140129697612E-064
  -16.5176290858104       6.259408703088924E-015
  -16.5006906917943       1.153964210159555E-061
  -16.4757132504177       3.206046696730105E-063
  -16.4536621853099       1.442230247508198E-012
  -16.4262205925483       6.534354951976159E-005
  -16.3966210274732       9.286133497883390E-005
  -16.3944694311588       3.179743205889553E-055
  -16.2801518183448       3.142075340399459E-011
  -15.8583326814568       5.481213311354098E-066
  -15.8272271685061       2.430581449484757E-014
  -15.7052868298278       3.087256645082895E-008
  -15.6140264665473       2.011072444693115E-013
  -15.5992580614072       2.004924379855106E-072
  -15.4488336245459       3.361700685518192E-008
  -14.8588563444614       4.653393352018558E-016
  -16.3568445304300       8.003160518602851E-068
  -16.3342508072149       6.810972271306762E-009
  -16.3048809284537       9.619725873048291E-065
  -16.2551985517275       5.558528192981653E-009
  -16.2551596152557       1.623646848515684E-057
  -16.2383339629350       5.669984360184390E-007
  -16.2278813348297       1.435082737382056E-061
  -16.1783830511540       7.445019816085963E-009
  -16.0551582971843       8.160737928366731E-008
  -15.6154694750131       3.137180624092958E-068
  -15.5738798044974       1.494696455579836E-009
  -15.4874635313487       2.153803721334482E-010
  -15.3975690806446       8.083679697577099E-009
  -15.3872270294558       1.218390299029840E-069
  -15.2126804597801       2.676268379931339E-010
  -14.6078318444717       4.318145105620204E-011
  -15.3419331718147       5.188869404941010E-037
  -15.3168222454760       1.848460230447311E-045
  -15.2430873426936       4.326948457603701E-037
  -15.1500033508028       5.132700337022980E-039
  -15.1309049774604       1.866192921754883E-033
  -15.1036812236087       2.763846109449403E-033
  -15.0819495206140       4.654715307514328E-035
  -14.9902756970379       1.352273313863248E-037
  -14.9342807921194       1.495321437391897E-042
  -14.5417791146865       4.632962515724211E-039
  -14.5379252414183       5.504808875071929E-037
  -14.4244249416219       1.731389182875107E-037
  -14.3147690606937       1.076249167985911E-040
  -14.3097197750408       8.515369713451851E-037
  -14.1391099123551       1.013215881722817E-038
  -13.5854067716622       7.590254192331082E-049
  -14.7407903091126       1.081741404910735E-008
  -14.7093997081165       3.894339759189928E-067
  -14.6461943342782       3.625986306346588E-063
  -14.6323272310668       1.167483022327252E-065
  -14.5926334165255       3.150764225924212E-009
  -14.5606491760417       8.197186289347454E-009
  -14.5287028808038       1.210391255979874E-060
  -14.5110771692834       1.338136831287390E-007
  -14.3944159929411       3.816520530541171E-009
  -13.9784340964763       8.206174452501022E-066
  -13.9469027718131       5.242538009855047E-010
  -13.8662355494010       9.836298796297425E-013
  -13.8023281773725       1.670383484390426E-065
  -13.7535853002866       5.383792061889566E-010
  -13.5994501861125       2.141916636264145E-011
  -13.0490248981395       2.185597779452615E-013
  -14.6707846213890       8.967049479798717E-045
  -14.6389733325034       2.642366541676748E-032
  -14.5800238231566       2.752787291782617E-035
  -14.5796488870209       1.381243935132564E-035
  -14.5512269342494       1.273472396647196E-038
  -14.5259815061803       1.307303086656239E-031
  -14.4555057591827       2.822065056297930E-042
  -14.4163829041078       3.336881171607275E-032
  -14.3081119782200       5.105318830421495E-042
  -13.9086752980032       1.625272643071565E-037
  -13.8727413371558       7.372557155478856E-044
  -13.8003720778226       8.370279864509586E-040
  -13.7334581782092       8.723656358050836E-039
  -13.7029369885779       4.382256385626849E-045
  -13.5161984012031       9.017948012076571E-040
  -12.9733762272360       2.527810835265043E-048
  -14.6349081011580       2.391931418007073E-042
  -14.6326260708272       6.799877119968078E-044
  -14.5207071355616       3.824195911238116E-034
  -14.5203959245694       4.516218695144930E-032
  -14.4828424960986       2.432748911413777E-032
  -14.4685821765414       1.558529555141753E-038
  -14.4466162295625       4.477103285051283E-033
  -14.3979302819617       5.361602678452204E-034
  -14.3243255637162       8.405238434792142E-040
  -13.8751518439034       5.480757916867278E-039
  -13.8728785276394       8.097498569190875E-041
  -13.7369967959580       4.217479982092927E-036
  -13.6989431078291       2.777285026557813E-042
  -13.6433272029597       4.701553671006064E-041
  -13.5115725970672       6.054250177533956E-038
  -12.9374240445376       1.491971995054127E-043
  -14.6008736759444       1.523674662551983E-066
  -14.5675012326778       6.818126948020817E-011
  -14.5265515263044       2.485961428796669E-063
  -14.5260056924926       6.310798823147411E-065
  -14.4831834269742       1.698007840140576E-010
  -14.4485935086394       7.200214103820054E-004
  -14.4168074409302       4.771771531661755E-061
  -14.3890000388293       7.633113349616192E-007
  -14.3196188572669       3.248968317955737E-010
  -13.8997789570333       6.159813094163182E-068
  -13.8325003458080       9.321036336211560E-013
  -13.7193242671110       7.725697595590506E-009
  -13.6572603053590       7.425150970119655E-071
  -13.6424397998530       1.028889320572857E-014
  -13.5021645635804       1.090723944632043E-007
  -12.9297565489872       1.073292277784541E-017
  -14.4380905037466       6.824663096252809E-071
  -14.3929110285788       1.205360834291975E-009
  -14.3491112009411       5.423980495205741E-065
  -14.3485917852014       1.240654852192356E-065
  -14.3207363511639       3.178296613345206E-007
  -14.2772718648418       2.515891069058555E-006
  -14.2560112846771       1.854905001633341E-066
  -14.2349325113222       6.268785102681911E-014
  -14.1466365504707       5.528548334254834E-008
  -13.7257154398204       1.237591360929314E-071
  -13.6593657703792       7.110232867618683E-014
  -13.5531882244051       1.049578015692574E-012
  -13.4824382802593       9.358894537985632E-068
  -13.4819147468682       7.086661320509163E-011
  -13.3316287155762       3.621479285769209E-011
  -12.7567291237938       8.214607405134624E-015
  -14.3765423406735       5.243603874599861E-066
  -14.3678007420918       4.700327583136327E-011
  -14.2794256161699       9.323080414839497E-063
  -14.2761656321046       1.970931949080193E-061
  -14.2648854441533       7.389806338586910E-008
  -14.2462868856702       3.640582088204578E-007
  -14.2320308629300       2.991553460970805E-061
  -14.1185055296643       2.359148141793427E-007
  -14.0425882887273       8.646536191407705E-009
  -13.6709448025725       1.542338504271752E-065
  -13.5922418166333       3.605721995334964E-011
  -13.5339305279751       9.640033199610058E-011
  -13.4472249277176       5.030830168646527E-068
  -13.4027318321226       4.441852719923615E-010
  -13.2503009426330       6.522527626249300E-012
  -12.7038459449591       3.372044025892179E-012
  -13.7661125023375       8.604774724737905E-067
  -13.7426254856064       5.021513416827300E-015
  -13.7138230205486       1.475581169315041E-063
  -13.6869230385692       9.226400496161231E-063
  -13.6369886088278       3.156370744437398E-009
  -13.6293148392129       1.022168023680097E-004
  -13.5905353855409       3.012100956839847E-061
  -13.5509881201188       2.184329815339611E-004
  -13.4773511837590       2.819665228650452E-012
  -13.0722335872231       4.493051357922312E-068
  -13.0263886314194       1.101551953787731E-013
  -12.8944714175158       2.524552028436289E-009
  -12.8265079452669       4.907276750977686E-069
  -12.8022415308401       3.622882994566168E-014
  -12.6550125532038       2.416772648225903E-007
  -12.0809837098269       1.968750258967997E-016
  -11.6275106669400       2.463279576315962E-070
  -11.6251276585961       6.011470758937911E-010
  -11.5955976955911       2.580439587643421E-067
  -11.5174919698184       8.923390567311157E-061
  -11.5125101003921       2.831775489522859E-007
  -11.4950185425342       1.023907790033598E-061
  -11.4768299974323       1.028023453573185E-008
  -11.4437890636246       6.168238564942200E-009
  -11.2952092829299       1.366172220023308E-007
  -10.8906168727537       8.398205893793959E-071
  -10.8488722287600       8.494604200021859E-011
  -10.7364676528668       1.859734152277422E-012
  -10.6746790116986       3.294820489116218E-071
  -10.6566570798572       3.923327786808126E-009
  -10.4719906828691       2.232481567043175E-010
  -9.89068997357482       1.348092692725453E-011
 -0.166897914496360       4.130097794638092E-044
 -0.124578705256081       1.655273020848466E-038
 -4.143930371213855E-003  7.463375933276414E-036
  3.450258050509802E-003  5.049772467313887E-037
  9.582149153581554E-002  2.912216554400028E-040
  0.125970561263696       3.218214377052922E-035
  0.133366808594793       5.551244808524670E-036
  0.186247157223022       1.096126202273800E-035
  0.360051852783005       3.486571148006520E-045
  0.649127969554950       9.557356076672787E-037
  0.705286694315099       7.527856263907604E-041
  0.851045346791739       3.679996329272241E-036
  0.852496889015033       1.951056891588974E-036
  0.936858332850058       6.204160701474057E-042
   1.14773468172231       2.665665724538232E-038
   1.69417744771356       5.327617408976891E-045
  0.347067063436128       6.508769263769043E-067
  0.386114810540906       2.717958181683366E-010
  0.442394296323489       3.434382757127979E-065
  0.473699534379367       1.520671734215707E-007
  0.514731402716912       9.253995805330709E-060
  0.545286455244536       2.086916342872032E-008
  0.564139721765557       8.020184137501314E-062
  0.644836130111525       8.064241863681324E-008
  0.808420555693786       1.011935783603183E-009
   1.09343985746228       2.029572906003347E-068
   1.16304713841940       1.444431523803346E-011
   1.29725484044430       1.429122944728980E-012
   1.34364475249961       4.175702684503078E-065
   1.35828545652584       1.767680763461877E-008
   1.59021429723244       6.803134172799513E-010
   2.12665911974187       1.755488845400163E-012
  0.707647479071635       1.092553814820185E-070
  0.725901418151892       1.526017439937107E-015
  0.778839934381221       1.379790401038289E-063
  0.811548934670423       8.838676284383274E-060
  0.879987078449503       9.728237059217437E-007
  0.886211046948954       1.146273494373207E-009
  0.890391960732224       1.437260250451130E-057
  0.960474637913382       9.833165389883345E-005
   1.05437985753275       4.333075065554514E-012
   1.42792448216905       5.345395998729256E-072
   1.48884370010011       1.361740020485073E-013
   1.63276722630632       6.170686357111504E-010
   1.67853745424943       1.485036595254164E-064
   1.72362344322795       1.028619304886310E-011
   1.88336237392830       4.314912480008771E-006
   2.47024083292685       5.429481743349065E-015
   4.85435740150420       1.051497250294122E-010
   4.85706122330838       3.586119364824411E-071
   4.90222918644169       6.788071013630658E-067
   4.99601334994895       2.787816688133878E-060
   5.00736595396514       3.211681234173648E-007
   5.02556174313228       9.205422238440191E-062
   5.05589572340575       2.486293891295771E-011
   5.09504480833209       5.314376240432134E-009
   5.26923992491402       2.082299554864627E-007
   5.60789371407485       1.857773428258120E-068
   5.66572059834948       2.810591084212445E-011
   5.80787080063800       7.779295686637475E-013
   5.83048151609384       1.101909990396090E-065
   5.86680013253229       1.244429181270572E-008
   6.07901619006959       5.277355561368078E-010
   6.64631857106535       1.762109742727381E-011
   5.38776916647343       3.683327323687659E-042
   5.44420488066490       7.057474388663492E-033
   5.47711048171355       1.421741087325799E-034
   5.55535425642200       1.885581882541328E-035
   5.56470565859888       4.972425830225439E-040
   5.63485808730791       1.174549458363405E-031
   5.66266379438170       8.208930395286272E-034
   5.72552801846152       4.225681811658473E-032
   5.90222612764603       2.738172167142120E-040
   6.16149725062116       1.593549188776465E-038
   6.22199123147836       1.350676528077905E-039
   6.36753982449433       9.047011637985557E-039
   6.39128072893664       1.191235730978694E-037
   6.43942805057465       2.487978040705276E-040
   6.68022904625229       4.212857480340424E-038
   7.21690688157858       1.806702841974748E-046
   5.40481424460419       2.515287063908824E-042
   5.43292813145528       2.853464798391489E-038
   5.53752642184874       4.852863160579714E-036
   5.58639364038748       1.205994898486949E-031
   5.64145582127131       5.567149960244216E-031
   5.64424314111418       2.817846426326125E-033
   5.65681411470104       2.359474705315108E-031
   5.73133205051543       1.063931165071853E-033
   5.85644919767099       2.104378219763014E-039
   6.17513997975474       6.838775195835243E-041
   6.22792471535067       1.036346992773883E-038
   6.38895450316144       3.117847111179004E-040
   6.40687449340646       1.450143042368738E-038
   6.47789638312976       2.701939760190156E-041
   6.66831373121954       8.215243115913638E-039
   7.23472088957373       4.069421807683726E-044
   5.40045393196824       2.645179616615452E-008
   5.45059743135647       3.481557466794240E-066
   5.54586032961195       9.899010590757675E-065
   5.57579474173442       2.487438864932101E-067
   5.63361761826689       4.362835695860650E-007
   5.69484811620605       1.375613641092377E-008
   5.70365685148243       1.975954830972080E-059
   5.74317732350970       1.036805564889630E-007
   5.92653169780441       1.115202366989581E-007
   6.19376691664430       2.555365933560159E-068
   6.25583022321756       2.733618095072677E-013
   6.40556860367099       2.391201752608965E-014
   6.42448471011250       3.289019471080982E-067
   6.48584154634316       3.746362936995121E-010
   6.71095633200230       3.098664659848767E-011
   7.25532054119774       2.029910846533718E-014
   5.52464953854975       4.049720761389419E-076
   5.55280378105352       1.689616456305161E-011
   5.60253691495973       1.567220531971784E-069
   5.66037021878419       2.728131352076479E-063
   5.66855967054685       1.824825130579883E-006
   5.73653352935558       5.109707963524257E-062
   5.75016362638944       1.704377846452993E-007
   5.77132029710763       2.221724792690586E-010
   5.92375764175959       3.488397050484535E-007
   6.24293486097196       2.737940060901943E-070
   6.31152492408514       6.382145980647776E-013
   6.46445669355605       2.206780053778725E-013
   6.50946038601481       2.527352011038216E-067
   6.53193559792134       3.692985015309702E-010
   6.73810207659429       2.940682754864558E-011
   7.30415369807308       2.630750344517628E-017
   5.62868557842193       7.871180208956627E-066
   5.66364818823590       1.713639344042893E-012
   5.71749864570256       3.505154201569355E-063
   5.77079862276107       2.881704634764248E-010
   5.77378933465357       5.086328011181595E-062
   5.84420250631199       4.776680094000284E-059
   5.85805614514335       2.070553184341621E-003
   5.88327016987794       1.403336211590489E-005
   6.03966170717150       1.060729143909699E-011
   6.35105218597934       3.802627607457106E-068
   6.42112665215220       4.231287966598551E-017
   6.57198059750616       1.390354339071030E-009
   6.61966588868856       1.650545100683209E-065
   6.64021786761653       1.358593105667721E-013
   6.84905283517539       1.164036019850891E-007
   7.41186474950587       8.351624374181949E-021
   58.8004089054100       2.127338727082763E-072
   58.8131196907133       2.461763804055717E-010
   58.8746165298318       1.523212340556271E-065
   58.9566249388928       9.117747300017434E-063
   58.9941165243951       8.289948668362785E-008
   59.0107653424194       4.039181271936116E-061
   59.0305329701484       3.226549126016678E-012
   59.0942265303775       1.052864107373315E-009
   59.2819257142196       7.803486222451929E-008
   59.5452942408467       9.221131234635679E-069
   59.6167104984486       7.629958335705242E-012
   59.7760016392169       1.007632144017594E-013
   59.7911312910053       1.949247508254325E-063
   59.8403263885337       1.078259683461370E-008
   60.0683440401159       4.613794130784997E-010
   60.6119838275488       8.601259213575515E-012
   174.991553590094       6.259438539846758E-040
   174.998191013261       2.152291485246702E-040
   175.078449492032       8.503119015887360E-034
   175.166548851882       4.801773088863502E-039
   175.217109106951       2.813664151886594E-037
   175.232535582098       7.595870211218550E-037
   175.248909976181       2.426647899451952E-033
   175.329796437766       4.033551207508906E-035
   175.534518913036       1.059084957616310E-039
   175.718163146815       2.348011702952554E-038
   175.794893461194       3.783944691637546E-036
   175.957843629321       1.194476543144136E-032
   175.974827931574       1.067136460718924E-032
   176.015067787850       7.100402888059914E-036
   176.275301362774       1.523371625476351E-037
   176.773494716147       8.833495521111318E-042
   175.056717208773       2.448616297082410E-071
   175.094224328354       4.242491593918862E-012
   175.147934417162       2.175661136539525E-066
   175.238677711050       2.811344908811723E-060
   175.257252934255       1.916159821928922E-007
   175.308066479220       6.169897071362079E-011
   175.312698313375       9.627148012795633E-058
   175.383996907837       3.889636003764255E-009
   175.599640239403       1.559733463937038E-010
   175.785602576578       1.081490912724852E-068
   175.857365221952       4.030558796850882E-011
   176.039344380234       2.537433590032454E-012
   176.041511453739       1.194068872456734E-058
   176.066358419261       2.692937734217807E-008
   176.339610612050       3.342213422180511E-009
   176.835849598998       2.015875196677343E-011
   175.106940495091       1.527307235430348E-073
   175.139803430038       1.259210938787043E-014
   175.204812613341       1.541181707432089E-066
   175.278120868384       2.540500116924175E-063
   175.327857065844       1.134493589166751E-010
   175.345264663169       4.120258186228466E-060
   175.354841891665       4.661853368358982E-014
   175.426847898254       1.302659557765267E-004
   175.620002220846       1.220948660267134E-011
   175.830412873064       1.229777724591747E-072
   175.904494093360       2.525756176781931E-014
   176.081223905902       5.692235927377381E-009
   176.086195413383       6.055142719441145E-059
   176.124933773968       1.960513539020410E-011
   176.370670237239       5.658468346534730E-006
   176.882267716802       3.502583716873335E-014
   245.738838123153       1.790738949781591E-071
   245.767631750372       2.227948313875949E-011
   245.831107616210       1.551312539235441E-063
   245.907853282793       2.522352632644425E-062
   245.952894131789       5.296879542332932E-009
   245.975774638875       4.916928017016944E-061
   245.981305211561       3.872338325948011E-014
   246.058824481982       5.539656252228653E-010
   246.255576470251       9.952690485746334E-009
   246.461915448921       1.596389495389693E-068
   246.532927560047       4.635590474624749E-013
   246.705148372908       3.843511688676156E-015
   246.725229921228       3.177059819172676E-062
   246.769415294371       3.157500383489485E-009
   247.014249567304       1.221448507478927E-010
   247.534671047005       2.240232920406091E-011
   281.064792877816       1.678858534194078E-042
   281.090224238644       9.865205345814134E-040
   281.157280214467       2.065423761693413E-034
   281.251127272126       1.573186673255596E-037
   281.283621276670       2.175271381121051E-036
   281.322054287152       8.050251725956150E-032
   281.325781120012       1.141463406400901E-031
   281.407718261837       1.740525853958930E-033
   281.623380471287       1.177976478476635E-039
   281.781678187172       7.472418698046183E-042
   281.853882571463       1.721958120683398E-037
   282.043545234164       2.832456950506729E-034
   282.047751698214       2.909053538386086E-034
   282.091688721130       2.356878854148018E-038
   282.361660010565       7.142022290851394E-038
   282.863327978980       1.820658084901309E-042
   281.072712554613       5.024383576726409E-043
   281.091493908971       1.525556838336553E-042
   281.170160862444       9.376742055993074E-036
   281.244970263885       9.988446018162544E-037
   281.307517154789       1.434368850751613E-032
   281.311333331716       8.318796455697228E-033
   281.327198193920       8.257269496461549E-033
   281.408649784236       9.671968309415609E-033
   281.602903798175       1.540461004817007E-038
   281.782712480003       6.285227896462019E-044
   281.861966539555       2.262197686456129E-038
   282.037835550176       2.489495132881170E-034
   282.048589624687       3.370421636021807E-037
   282.103445208887       1.095911792280723E-038
   282.351624397343       7.169762710449540E-036
   282.865616140113       3.376237805800874E-047
   281.072290837630       2.707812826846851E-074
   281.088077228876       1.921270881140886E-010
   281.165711929860       7.091613833791773E-068
   281.253197747450       3.927569315523888E-061
   281.302494003860       5.175922381525787E-009
   281.321837238529       1.325555981066930E-060
   281.335242876382       1.293878833260029E-013
   281.418056137659       2.253012154466120E-009
   281.625776617602       1.734853262960822E-009
   281.785771763077       1.658737201721537E-070
   281.864603529021       2.367769355031436E-015
   282.049188571632       2.370251865817440E-017
   282.049731571693       3.112911159488558E-061
   282.104298155499       1.788972225558859E-011
   282.366447139648       1.164151486900917E-012
   282.871128600250       1.718067262072555E-015
   281.085476112402       5.518584749764512E-073
   281.129195799932       1.744051971818255E-016
   281.184583435771       8.525289902760627E-065
   281.263123341468       2.143160957850574E-060
   281.298046020131       2.787925616004808E-008
   281.329684491386       3.257172483792256E-014
   281.334713045916       2.689736540547817E-062
   281.406838942352       9.665850038999617E-010
   281.609689161334       6.549324352906381E-009
   281.800912431878       3.434199247979320E-070
   281.865204207095       2.648067203872065E-015
   282.046108921046       1.458317899339779E-016
   282.073419826895       1.428562877673991E-061
   282.103614168888       1.817342612213186E-011
   282.359157379635       1.585790265071311E-012
   282.873340474914       2.673441380612698E-015
   281.102903924284       2.206218604657718E-068
   281.147926102357       4.528943334563805E-016
   281.201568308437       1.001530895639747E-061
   281.282585534532       5.927572892923344E-060
   281.313197250533       2.898214470352605E-012
   281.347834734246       6.011237447996279E-011
   281.354687574543       4.511008998975736E-059
   281.424969608708       3.302405856168751E-005
   281.630686002935       1.017126623138420E-015
   281.819392227915       6.330423868637187E-068
   281.882517719771       4.722779013642846E-019
   282.065273167370       3.616474693220433E-013
   282.092043495447       1.411182478862378E-063
   282.120419370810       1.844140122639977E-015
   282.378853335465       7.432986819437718E-009
   282.891495699790       1.186659559855147E-017
   496.611088725211       5.951319970262011E-074
   496.648306042569       1.056862146540975E-014
   496.710895118014       5.045404360326109E-065
   496.787892579465       2.554365177241763E-062
   496.831646382255       1.089697411086137E-010
   496.857311979771       7.261894701999037E-016
   496.860466048762       1.325426076113939E-061
   496.939942707407       6.911077167901091E-011
   497.141489128520       6.396255332925832E-011
   497.307592006635       1.058984490064957E-069
   497.374655964047       8.252677498774316E-015
   497.554816259817       1.012412562766059E-016
   497.576480931471       2.898773649297215E-062
   497.612482797776       2.194295463230518E-010
   497.870355893151       8.327595107196759E-012
   498.364777298666       4.373903013652376E-012
