                   784
  -19.2278654569732       1.466771959344689E-041
  -19.1866268342295       8.640049608677788E-039
  -19.1804048836762       3.207689389107721E-041
  -19.1667148448684       5.323790202586537E-040
  -19.1323711717569       4.691226707416689E-038
  -19.1320058319273       1.136757335299654E-041
  -19.1065211195139       6.286177319461689E-038
  -19.0842963244872       9.303567050276936E-041
  -18.9988928780366       1.888114663934866E-040
  -18.5394123409637       2.475977105943168E-035
  -18.4933560671650       2.522789981042322E-035
  -18.4456908212089       2.483911917966194E-042
  -18.2784072736432       1.474232582726621E-041
  -18.2407902906469       1.444552790719461E-041
  -18.1624172046175       3.851842412987395E-042
  -17.5638206370166       1.966271002756413E-042
  -19.1773864183590       8.867045361814627E-041
  -19.1203004585994       1.408111629188638E-048
  -19.1054330672304       4.711626924749148E-039
  -19.1038254997803       7.520101163682767E-040
  -19.0561075932460       4.497248796098053E-039
  -19.0418136562240       3.978309866655366E-048
  -19.0095717548153       6.454600792758403E-041
  -18.9748516390180       6.747891112821781E-042
  -18.9086354578657       2.669102378424637E-046
  -18.4964945755777       6.614890842894562E-038
  -18.4590163952927       2.742506689105493E-042
  -18.3475809687612       5.706421370332651E-039
  -18.2161187479132       1.808684629508830E-038
  -18.1847077061341       1.155819920109472E-042
  -18.0801269873081       2.619872227911693E-041
  -17.5009659268599       2.687945147406790E-044
  -18.8565534493550       9.727917987320504E-039
  -18.8147283233075       7.591775105560954E-039
  -18.8079683787940       5.843390852177882E-040
  -18.7802457331366       1.904172889240772E-039
  -18.7476984511080       1.395881392892430E-036
  -18.7270503744711       3.664907933647531E-036
  -18.7018546640966       2.990516390811964E-039
  -18.6776771206366       4.768248551198265E-037
  -18.6280577881785       1.039601578786127E-038
  -18.1884756186796       9.236509641401990E-035
  -18.1284532372889       5.292324221427279E-035
  -18.0481491504809       3.699368335011778E-036
  -17.9144362788688       3.790814882788886E-036
  -17.8829555245724       2.359705147656421E-038
  -17.7995744340081       4.853014140450499E-038
  -17.2157019289694       5.157749387975815E-041
  -18.8255760294624       4.249536605301211E-039
  -18.8014640176917       6.499686023028350E-038
  -18.7920810550821       1.130332959678328E-038
  -18.7690467381105       2.132171937106047E-039
  -18.7393682390515       1.272349901850459E-037
  -18.7315152081989       5.895471197543982E-038
  -18.7084193040771       5.884693034515460E-040
  -18.7022156239870       4.830162886964838E-037
  -18.6333340982875       5.863748314061216E-041
  -18.1562008093941       8.933012179092062E-033
  -18.0942043813838       9.036306174693487E-033
  -18.0526327308452       1.731846824380562E-036
  -17.9061925167894       3.749559891447851E-038
  -17.8637969261784       1.200116388083454E-039
  -17.8036014394925       1.303276104399163E-040
  -17.2067087069570       1.859523632658267E-039
  -18.7689291158934       4.131837626617440E-040
  -18.7253692067004       4.253542973501130E-042
  -18.6736984203836       4.982543591963856E-040
  -18.6564611747920       1.277892506244227E-035
  -18.6539314550698       2.906522646279478E-035
  -18.6462689387284       3.099618647742384E-036
  -18.6297805875130       1.834975160009815E-038
  -18.5349965315654       1.102334865616574E-038
  -18.4653923884222       8.341330409393015E-039
  -18.0482597873109       1.475826299499787E-033
  -17.9783899150453       1.355557083719802E-033
  -17.9262414112707       8.656163700845543E-040
  -17.7920845646533       7.623372180430166E-039
  -17.7806217211300       2.431007129662764E-036
  -17.6282911750262       3.594494342536627E-042
  -17.0283951180475       3.122188836445206E-040
  -18.8424361036397       1.977740847591234E-009
  -18.7826704976336       3.608332182603245E-080
  -18.7720164908287       1.144038649926123E-015
  -18.7257453779541       1.168636666868577E-063
  -18.7013265381923       1.052084753281999E-074
  -18.6626967853644       4.094209857126276E-069
  -18.6528704803615       2.221346621432917E-008
  -18.5745025535959       2.806627111779666E-014
  -18.5461273502686       8.562270567575572E-080
  -18.1134907830458       2.234420996689665E-065
  -18.0648534118861       1.531528948823772E-003
  -18.0280751373041       5.704766768490963E-066
  -17.8563597859669       2.387577454499070E-068
  -17.8414843471081       5.800414525806992E-005
  -17.7279335720738       8.297416276973464E-071
  -17.1497639124533       1.893995243524459E-080
  -18.6093261424237       2.631709872119202E-039
  -18.5528646220531       6.242844113028610E-045
  -18.5337444458978       3.675562921281464E-038
  -18.5209268932453       1.584151052444222E-039
  -18.4825390444545       1.974730115139050E-037
  -18.4644462297370       5.170960926979279E-042
  -18.4142870393764       3.562388810322128E-040
  -18.3805794374384       5.998554913100496E-036
  -18.3126623115042       1.430760577366900E-042
  -17.9059253196154       1.789940988811251E-035
  -17.8767912265452       3.423756618525426E-039
  -17.7366459745572       1.480054515149427E-036
  -17.6398270845454       5.955956582010538E-039
  -17.6210032969043       5.038957260340948E-042
  -17.4821060392984       1.824825173297520E-040
  -16.9028987767076       1.060337957990781E-043
  -18.5160557218719       9.540819500604562E-042
  -18.4871893273031       2.250324509107755E-041
  -18.4682575023239       1.102911749378997E-041
  -18.4552399068578       1.288214732432279E-043
  -18.4188077502725       1.927830056153776E-041
  -18.4061819084618       4.186864275859791E-038
  -18.4043533732855       3.829239133820631E-038
  -18.3700323291360       1.728946207603589E-039
  -18.2817054556703       3.876572137707538E-039
  -17.8374594417939       1.666198070410134E-037
  -17.7924081202625       9.623048841181517E-038
  -17.7260000188295       2.878559751453017E-042
  -17.5840314117260       1.890677727243788E-041
  -17.5391513119024       1.230868421570754E-040
  -17.4612443208292       1.794768104379799E-042
  -16.8784602344780       8.911976037700699E-041
  -18.2810814458690       7.262668281726641E-012
  -18.2445142554554       5.054009740273671E-070
  -18.2217012345626       1.509568825159125E-008
  -18.2144436014101       1.206753715465776E-008
  -18.2084133618281       6.651992959866765E-062
  -18.1831405876788       3.787507198505610E-011
  -18.1745194531173       3.796401656834113E-071
  -18.1304049107586       5.390158428939359E-068
  -18.0820531567714       2.587590079173982E-069
  -17.6033871678145       3.659495640978472E-008
  -17.5961917027372       3.458389749460954E-063
  -17.5162819744161       1.204722025234360E-065
  -17.3587068630931       3.513816565116224E-012
  -17.3164918472987       2.354683075010524E-070
  -17.2583249740063       9.829207354674487E-070
  -16.6700167033529       2.923444751999799E-073
  -18.2114254415795       9.857606244644261E-043
  -18.1888389515601       9.261302602605539E-040
  -18.1663495986300       2.712663422349567E-043
  -18.1597457870777       1.453233175170032E-042
  -18.1331226666876       5.762507344371093E-043
  -18.1205166280503       8.277612786712771E-037
  -18.1111244261092       1.650387135969301E-036
  -18.0776726668043       7.754702245539577E-038
  -17.9996525033786       3.856567450352774E-041
  -17.5490229942722       7.192785646037973E-037
  -17.4959970646658       6.621589827581017E-037
  -17.4595474306501       1.232201167589803E-041
  -17.2934198273670       7.145058576765893E-042
  -17.2603038670040       3.273185896908116E-042
  -17.1743620586629       1.847348146269289E-042
  -16.5856151511046       1.194855809832846E-039
  -18.0844266016563       3.688332556982242E-070
  -18.0834361135140       7.565266353283481E-011
  -18.0667415458592       2.410968014995161E-008
  -18.0571660023993       5.024525665897436E-012
  -18.0222724259230       3.456571521984464E-013
  -18.0194429145726       1.593401296644410E-064
  -18.0050375775394       1.631043882712443E-069
  -17.9762032749964       1.986723621938802E-066
  -17.8962720364040       8.790549744987496E-071
  -17.4322141812737       2.723570661281579E-006
  -17.3989365364142       2.371004349921367E-066
  -17.3624711409332       2.992346344995546E-068
  -17.1904256958468       3.158297772169634E-009
  -17.1531653397450       8.477499176501084E-072
  -17.0733458182419       1.716026128584834E-073
  -16.4868725295071       7.764566394286976E-075
  -17.7326736042588       6.825362216895229E-039
  -17.6901376511271       1.707899274412537E-039
  -17.6602848242895       7.709988382094994E-044
  -17.6560741796891       4.005118566431273E-036
  -17.6548899742133       5.726919916879363E-036
  -17.6254330339524       1.287822410246151E-041
  -17.6166111232792       7.022291353686696E-043
  -17.6007865923403       8.495207900108679E-040
  -17.5266515794316       1.533268791948028E-045
  -17.0708993757345       6.512928684476140E-038
  -17.0446183246247       2.453121124638214E-040
  -16.9946015050676       6.982299100863826E-040
  -16.7756685551401       2.300893686024308E-040
  -16.7523469805909       1.145774664714103E-048
  -16.6950654754831       1.478267551646713E-041
  -16.0945432145548       1.612951586909660E-045
  -17.5842898255860       1.002174232391212E-037
  -17.5686620419935       2.678515337695535E-037
  -17.5278773199919       1.297376458067034E-038
  -17.5164982136583       3.120965072247549E-037
  -17.4996109831544       2.526122025368544E-036
  -17.4812248287865       5.161606403779798E-036
  -17.4726412907684       5.217106440112294E-035
  -17.4523534860411       2.123145352669864E-036
  -17.3692062804657       9.394934862289309E-038
  -16.8862276621707       8.187688446175309E-031
  -16.8823068271247       8.192367742172273E-031
  -16.8127826176650       3.136790917820494E-037
  -16.6704250291568       2.378405502158548E-036
  -16.6285780657683       3.764934667925278E-040
  -16.5494841886746       1.385291222096662E-042
  -15.9633856691234       3.491673296992706E-039
  -17.5144378643771       1.328323347166889E-036
  -17.4733056686250       7.324694670023528E-039
  -17.4703388323712       8.006765214911532E-038
  -17.4448434134917       5.179335151854298E-036
  -17.4110775344661       4.788463886388885E-035
  -17.3902641821373       6.820086842757901E-033
  -17.3893578837296       5.040603084623468E-033
  -17.3659099385643       1.129228140402983E-034
  -17.3003737649438       2.974618538745164E-038
  -16.8469404683630       1.621101905879931E-035
  -16.7901121377694       8.929464915191661E-036
  -16.7252478147643       5.943600624752080E-035
  -16.5793479228336       8.740918576745658E-037
  -16.5479879449250       1.467984919010911E-038
  -16.4744970260183       8.946123553220791E-038
  -15.8851834144054       3.430923598748334E-043
  -17.2927057609105       3.136885670658004E-069
  -17.2762103487395       5.231486550164830E-009
  -17.2647728314127       1.246990483164818E-009
  -17.2475970878336       2.085324166410824E-012
  -17.2070387148968       4.523958150855790E-062
  -17.1984058556429       3.058379062726043E-065
  -17.1732936407842       5.030791319985828E-013
  -17.1360292687921       2.008709118095150E-063
  -17.0369974249226       2.680390977237289E-072
  -16.6047249278815       1.154197963055584E-006
  -16.5768431075431       1.610741594689751E-074
  -16.5234939916499       1.604149949202436E-065
  -16.3811487484446       1.350480364448064E-008
  -16.3500386691305       1.163102135156243E-073
  -16.2237370691332       3.343625138165568E-071
  -15.6525133929124       4.130135057154791E-072
  -17.2973362240426       2.626066658851188E-012
  -17.2757627440736       3.985140308040653E-070
  -17.2238066201396       5.414869685930310E-009
  -17.1986235362083       7.648262186199825E-012
  -17.1850821817146       3.361059124896088E-063
  -17.1714666458443       9.432311186220204E-010
  -17.1656900848795       2.932393438153877E-064
  -17.1287938524919       8.065868000660709E-067
  -17.0352358564088       3.210454266642751E-069
  -16.5804127510312       2.655351661943966E-008
  -16.5780823543840       8.831998018230780E-060
  -16.4765023599242       2.560486055759591E-067
  -16.3613256809959       1.967526292202505E-010
  -16.3297599238969       1.979510638419769E-068
  -16.2101946686000       1.183214989367678E-071
  -15.6228095782765       5.021830167447607E-071
  -17.0354690738441       1.417172372695291E-042
  -16.9850456813423       4.055137534656913E-038
  -16.9512754332475       5.296399613399723E-041
  -16.9508187574244       9.469170648338587E-042
  -16.9260811616714       4.944863571915981E-037
  -16.9126117597549       1.354916587835822E-036
  -16.9029819574627       1.032060724796592E-042
  -16.8657052566610       2.284816379825040E-037
  -16.7685758627794       2.825553648067753E-039
  -16.3389587764953       5.726068284942871E-036
  -16.2877363262062       5.263582264265791E-036
  -16.2202846337761       6.515483147210178E-041
  -16.0800429383861       4.361530617501135E-038
  -16.0769389450605       1.848837529172899E-038
  -15.9469631945615       1.023859896743663E-045
  -15.3641897621428       2.029224309202570E-042
  -16.7552942616748       1.295725790165732E-042
  -16.7484663827715       2.294345720052118E-042
  -16.7214013891766       5.069703404035520E-039
  -16.6978652560605       1.932279927029955E-040
  -16.6800666233281       3.435461026682740E-040
  -16.6504157291299       1.476303055359609E-038
  -16.6473482082599       1.301687377439463E-038
  -16.6255662324824       5.247649170349542E-043
  -16.5352961542004       1.731011319449975E-041
  -16.0835548286433       1.708882340081436E-033
  -16.0383559437701       1.741817596383357E-033
  -15.9773516940449       3.896098822791197E-047
  -15.8446343043988       8.318804176768705E-040
  -15.8014829456351       1.556792581719486E-044
  -15.7116500597680       4.001428701831297E-043
  -15.1252936178228       4.578457025763579E-042
  -16.5720186956012       1.394548092772630E-036
  -16.5176290858104       1.501094489368266E-044
  -16.5006906917943       4.099197330458154E-037
  -16.4757132504177       5.057598630812729E-041
  -16.4536621853099       2.811481981921433E-042
  -16.4262205925483       2.211256545993249E-034
  -16.3966210274732       1.972843230737067E-033
  -16.3944694311588       3.109926199523025E-035
  -16.2801518183448       1.432645204136293E-040
  -15.8583326814568       1.317725875086663E-033
  -15.8272271685061       5.748156094541057E-038
  -15.7052868298278       1.297706159386934E-034
  -15.6140264665473       5.821852154240267E-042
  -15.5992580614072       5.303406740920164E-041
  -15.4488336245459       1.854934411746616E-038
  -14.8588563444614       5.075536314077255E-042
  -16.3568445304300       2.967723443941769E-040
  -16.3342508072149       5.650957081673215E-041
  -16.3048809284537       4.836132781911707E-039
  -16.2551985517275       2.466694856805348E-035
  -16.2551596152557       1.685668062848931E-034
  -16.2383339629350       1.991625229031295E-037
  -16.2278813348297       8.680048223890820E-039
  -16.1783830511540       1.021425017549283E-039
  -16.0551582971843       2.079842851941111E-038
  -15.6154694750131       4.422260653755693E-035
  -15.5738798044974       2.022236975438993E-034
  -15.4874635313487       7.261202873399422E-041
  -15.3975690806446       4.700325296338845E-038
  -15.3872270294558       2.063451161098831E-039
  -15.2126804597801       5.310023254911508E-043
  -14.6078318444717       3.888880450989496E-039
  -15.3419331718147       7.790785732159319E-009
  -15.3168222454760       7.085156865989283E-078
  -15.2430873426936       1.158525434600462E-015
  -15.1500033508028       3.197334518408150E-069
  -15.1309049774604       2.140689914457636E-060
  -15.1036812236087       4.454320489284144E-007
  -15.0819495206140       2.147767735712521E-066
  -14.9902756970379       6.607321235053108E-015
  -14.9342807921194       1.035950494748378E-074
  -14.5417791146865       7.246355766929173E-062
  -14.5379252414183       9.568895123279565E-004
  -14.4244249416219       5.958274940424613E-065
  -14.3147690606937       6.862773174388202E-068
  -14.3097197750408       5.841124472573249E-004
  -14.1391099123551       8.550766692939646E-069
  -13.5854067716622       1.105049494875626E-074
  -14.7407903091126       4.537423276369113E-039
  -14.7093997081165       1.917516157304410E-040
  -14.6461943342782       8.759783642192694E-039
  -14.6323272310668       1.089455754929805E-038
  -14.5926334165255       1.111691940549432E-038
  -14.5606491760417       2.301987053916190E-038
  -14.5287028808038       4.489152369106701E-040
  -14.5110771692834       2.429450864436114E-037
  -14.3944159929411       5.119875850893829E-039
  -13.9784340964763       2.197066078821227E-033
  -13.9469027718131       4.982731058393956E-033
  -13.8662355494010       5.964636136947095E-038
  -13.8023281773725       1.356897593519098E-032
  -13.7535853002866       9.127289440912032E-036
  -13.5994501861125       2.055790333858352E-040
  -13.0490248981395       3.443685627965066E-040
  -14.6707846213890       4.416826865202126E-074
  -14.6389733325034       3.159710926972352E-011
  -14.5800238231566       1.829056427398793E-008
  -14.5796488870209       7.479622399086801E-009
  -14.5512269342494       1.385928250295539E-070
  -14.5259815061803       4.536846934131475E-062
  -14.4555057591827       5.808531482547009E-017
  -14.4163829041078       2.381065707752299E-062
  -14.3081119782200       3.103162278275403E-075
  -13.9086752980032       2.158650993090483E-005
  -13.8727413371558       1.274156614597061E-069
  -13.8003720778226       9.302500465699058E-067
  -13.7334581782092       1.529948977896583E-007
  -13.7029369885779       2.354425974523660E-074
  -13.5161984012031       1.579382307520420E-070
  -12.9733762272360       5.515841406328002E-079
  -14.6349081011580       1.031643535838179E-015
  -14.6326260708272       4.561630084795069E-073
  -14.5207071355616       1.617850439543565E-008
  -14.5203959245694       1.712934044720820E-008
  -14.4828424960986       3.231092673769741E-061
  -14.4685821765414       4.780280097642319E-070
  -14.4466162295625       1.361447125190605E-011
  -14.3979302819617       8.551555304262233E-063
  -14.3243255637162       2.024511388777103E-069
  -13.8751518439034       4.952369041423151E-008
  -13.8728785276394       1.018495014589133E-063
  -13.7369967959580       1.410712691489767E-062
  -13.6989431078291       4.325243977688115E-011
  -13.6433272029597       2.158712592213337E-070
  -13.5115725970672       3.566546036119951E-067
  -12.9374240445376       6.108966120745405E-069
  -14.6008736759444       1.554662178258029E-038
  -14.5675012326778       9.915305121813809E-042
  -14.5265515263044       1.197701100732993E-037
  -14.5260056924926       6.501759326188929E-039
  -14.4831834269742       1.076630046350249E-041
  -14.4485935086394       5.920793525539531E-035
  -14.4168074409302       2.739686434530571E-038
  -14.3890000388293       5.516131650029161E-036
  -14.3196188572669       2.634915765912977E-040
  -13.8997789570333       5.933903701904509E-035
  -13.8325003458080       7.723755978451874E-038
  -13.7193242671110       2.925522548099535E-036
  -13.6572603053590       3.346617484788421E-038
  -13.6424397998530       5.800663686378775E-043
  -13.5021645635804       5.161085346874758E-038
  -12.9297565489872       1.237356642302490E-043
  -14.4380905037466       1.278141112075017E-041
  -14.3929110285788       1.390433771119810E-043
  -14.3491112009411       5.363395385066493E-039
  -14.3485917852014       4.044788021767158E-039
  -14.3207363511639       4.544969339054796E-041
  -14.2772718648418       1.285488102599136E-038
  -14.2560112846771       5.445296827374556E-044
  -14.2349325113222       1.817932959493794E-041
  -14.1466365504707       2.218235550079068E-041
  -13.7257154398204       1.775678665938365E-037
  -13.6593657703792       1.060627593663717E-037
  -13.5531882244051       1.326366901734329E-039
  -13.4824382802593       6.968264525723747E-036
  -13.4819147468682       7.400185365188490E-036
  -13.3316287155762       2.759836609308640E-042
  -12.7567291237938       7.369805344015564E-043
  -14.3765423406735       5.316530464384925E-042
  -14.3678007420918       1.379689345128518E-039
  -14.2794256161699       1.248635542383879E-037
  -14.2761656321046       4.897398557479269E-038
  -14.2648854441533       1.520318520677056E-038
  -14.2462868856702       2.541798798344614E-036
  -14.2320308629300       1.252772042103217E-038
  -14.1185055296643       7.133433644191094E-036
  -14.0425882887273       2.791903182161716E-039
  -13.6709448025725       4.835987996428985E-035
  -13.5922418166333       2.962713954466075E-035
  -13.5339305279751       7.048442783830903E-038
  -13.4472249277176       2.485311388331094E-040
  -13.4027318321226       6.842400866883611E-038
  -13.2503009426330       6.974987050742831E-040
  -12.7038459449591       1.374853252991526E-039
  -13.7661125023375       1.571771152728417E-038
  -13.7426254856064       9.350844814119511E-047
  -13.7138230205486       2.266190755938432E-044
  -13.6869230385692       8.456990597829352E-040
  -13.6369886088278       9.087172380959169E-041
  -13.6293148392129       4.978450271431824E-036
  -13.5905353855409       4.306576660166535E-040
  -13.5509881201188       3.318019495470016E-035
  -13.4773511837590       1.346138253246845E-043
  -13.0722335872231       4.804921891827909E-035
  -13.0263886314194       6.423905641874161E-038
  -12.8944714175158       4.327011771677411E-036
  -12.8265079452669       2.749247688262569E-039
  -12.8022415308401       7.682656005176742E-042
  -12.6550125532038       1.723399196906650E-041
  -12.0809837098269       6.566226421420020E-042
  -11.6275106669400       3.710880507728489E-041
  -11.6251276585961       5.180067573825767E-042
  -11.5955976955911       7.023436876334910E-041
  -11.5174919698184       5.889801765196838E-042
  -11.5125101003921       1.054866805847550E-038
  -11.4950185425342       1.554139692029805E-040
  -11.4768299974323       1.468325848187924E-038
  -11.4437890636246       2.734663465257285E-040
  -11.2952092829299       1.230264014073031E-038
  -10.8906168727537       4.681490366506391E-037
  -10.8488722287600       5.177828510978452E-037
  -10.7364676528668       7.011703251863751E-042
  -10.6746790116986       2.036675099066942E-039
  -10.6566570798572       5.894287087774900E-039
  -10.4719906828691       1.210001158363812E-041
  -9.89068997357482       2.867705077670294E-040
 -0.166897914496360       1.706628844019974E-075
 -0.124578705256081       8.624459385569158E-009
 -4.143930371213855E-003  6.887773273221760E-007
  3.450258050509802E-003  1.762988151588045E-013
  9.582149153581554E-002  4.195294860972333E-071
  0.125970561263696       1.571957478584460E-061
  0.133366808594793       6.226000702497075E-015
  0.186247157223022       1.323921674904043E-066
  0.360051852783005       5.590167265156528E-078
  0.649127969554950       2.014213423608896E-004
  0.705286694315099       7.565823910950904E-066
  0.851045346791739       3.117933788771078E-064
  0.852496889015033       1.813688503798919E-004
  0.936858332850058       7.804189985983764E-072
   1.14773468172231       2.924106373475037E-070
   1.69417744771356       5.490249728545314E-069
  0.347067063436128       3.333742705646849E-040
  0.386114810540906       6.602983736819673E-040
  0.442394296323489       2.757618411297348E-039
  0.473699534379367       5.578832357680056E-038
  0.514731402716912       3.620203386756557E-040
  0.545286455244536       6.770727426028580E-037
  0.564139721765557       7.880673127798255E-040
  0.644836130111525       3.368541286164847E-036
  0.808420555693786       3.248069441274818E-039
   1.09343985746228       5.627733860037200E-038
   1.16304713841940       5.717450710410709E-036
   1.29725484044430       7.196522822160311E-039
   1.34364475249961       2.827964210143565E-036
   1.35828545652584       1.451538487385170E-036
   1.59021429723244       2.578335190239808E-039
   2.12665911974187       4.389445419614263E-039
  0.707647479071635       2.885427708639059E-039
  0.725901418151892       2.140738622272232E-044
  0.778839934381221       3.981026023691203E-039
  0.811548934670423       6.943206644918655E-038
  0.879987078449503       1.082452589550155E-037
  0.886211046948954       9.664707171579701E-041
  0.890391960732224       3.974884420198767E-038
  0.960474637913382       1.137637653593712E-035
   1.05437985753275       8.606274137124365E-044
   1.42792448216905       4.953305868720300E-037
   1.48884370010011       8.248579268980871E-039
   1.63276722630632       2.483593798694205E-035
   1.67853745424943       5.907526825145857E-036
   1.72362344322795       9.631944393799390E-040
   1.88336237392830       3.602281787293538E-037
   2.47024083292685       2.736539083214806E-043
   4.85435740150420       2.107843689442286E-038
   4.85706122330838       6.156922599596112E-039
   4.90222918644169       7.935289930437319E-039
   4.99601334994895       9.720665359896955E-043
   5.00736595396514       2.742561734417800E-039
   5.02556174313228       4.048063048828903E-040
   5.05589572340575       2.056221859905813E-039
   5.09504480833209       7.165296497932039E-040
   5.26923992491402       8.420059393950560E-040
   5.60789371407485       1.774929893738501E-035
   5.66572059834948       2.100432719607026E-035
   5.80787080063800       9.521676628861360E-040
   5.83048151609384       2.331528284870815E-036
   5.86680013253229       3.534480050310149E-036
   6.07901619006959       1.650441189076757E-040
   6.64631857106535       3.793003534074861E-038
   5.38776916647343       5.647273583975085E-072
   5.44420488066490       1.997517869331575E-006
   5.47711048171355       1.465904863506779E-006
   5.55535425642200       9.937550081535605E-014
   5.56470565859888       2.264148964365424E-073
   5.63485808730791       7.244771021417060E-062
   5.66266379438170       6.631627238697812E-014
   5.72552801846152       1.084789390948984E-062
   5.90222612764603       7.830285558574215E-072
   6.16149725062116       3.861745367683050E-006
   6.22199123147836       9.822307230207238E-062
   6.36753982449433       3.164131179533193E-065
   6.39128072893664       2.445255606360942E-006
   6.43942805057465       2.893009275192476E-066
   6.68022904625229       1.927111316244995E-069
   7.21690688157858       3.758871129090122E-072
   5.40481424460419       1.594314423615063E-072
   5.43292813145528       6.296207662350406E-010
   5.53752642184874       5.605750644396988E-009
   5.58639364038748       3.611933780636447E-009
   5.64145582127131       2.382337567068561E-014
   5.64424314111418       9.699451765549571E-064
   5.65681411470104       2.743950184197391E-061
   5.73133205051543       5.379410371503669E-064
   5.85644919767099       1.498087432366409E-069
   6.17513997975474       5.474539844777344E-009
   6.22792471535067       1.348652759403513E-062
   6.38895450316144       2.563715872950255E-063
   6.40687449340646       3.164356452041146E-009
   6.47789638312976       2.926126779083719E-069
   6.66831373121954       1.280712517620971E-068
   7.23472088957373       1.147921855675472E-068
   5.40045393196824       8.754038430127987E-039
   5.45059743135647       1.787861998898971E-039
   5.54586032961195       2.296192029053815E-038
   5.57579474173442       1.801085719534964E-043
   5.63361761826689       4.196319449331524E-036
   5.69484811620605       2.848780793617888E-035
   5.70365685148243       1.349457624735977E-040
   5.74317732350970       4.942937362807851E-036
   5.92653169780441       9.117041268814529E-037
   6.19376691664430       7.996172935492945E-038
   6.25583022321756       1.852250958421675E-038
   6.40556860367099       8.982174676490057E-038
   6.42448471011250       2.545289766315408E-037
   6.48584154634316       2.497968264117955E-038
   6.71095633200230       1.198397385197110E-041
   7.25532054119774       8.395240361926026E-040
   5.52464953854975       1.641075190959147E-041
   5.55280378105352       6.380865503257869E-043
   5.60253691495973       7.151086321482182E-041
   5.66037021878419       2.308266018226560E-043
   5.66855967054685       2.172830154401968E-040
   5.73653352935558       7.946112231483088E-041
   5.75016362638944       6.790185793625683E-038
   5.77132029710763       6.271584021519356E-038
   5.92375764175959       1.244414563861241E-041
   6.24293486097196       1.365922768096918E-037
   6.31152492408514       1.796365122450725E-037
   6.46445669355605       6.260344418199001E-040
   6.50946038601481       5.047481177797122E-039
   6.53193559792134       7.859818528014116E-040
   6.73810207659429       3.899614844371665E-042
   7.30415369807308       4.240478494954838E-044
   5.62868557842193       7.428475438810010E-037
   5.66364818823590       1.388100739183461E-041
   5.71749864570256       9.077911869360299E-036
   5.77079862276107       3.409434767641727E-041
   5.77378933465357       6.317576261725350E-044
   5.84420250631199       4.821666208361501E-038
   5.85805614514335       8.543157041963028E-033
   5.88327016987794       9.407321566695218E-033
   6.03966170717150       1.341329093111340E-041
   6.35105218597934       4.348176817834307E-036
   6.42112665215220       1.532766778621581E-041
   6.57198059750616       1.700312279207160E-035
   6.61966588868856       8.177495884372234E-038
   6.64021786761653       2.331121809256103E-043
   6.84905283517539       2.878250751457806E-038
   7.41186474950587       6.280356954709252E-048
   58.8004089054100       1.907155868067127E-040
   58.8131196907133       3.308481069269176E-039
   58.8746165298318       1.286580714990777E-038
   58.9566249388928       1.850286191309985E-041
   58.9941165243951       6.874422042415001E-039
   59.0107653424194       1.971248121722931E-040
   59.0305329701484       2.869753256751116E-039
   59.0942265303775       4.833403731774898E-041
   59.2819257142196       8.892502684316325E-040
   59.5452942408467       2.236205604352385E-035
   59.6167104984486       2.566841936724379E-035
   59.7760016392169       3.392685991773384E-039
   59.7911312910053       4.157452619136948E-035
   59.8403263885337       4.680184406953804E-035
   60.0683440401159       3.777987021981605E-041
   60.6119838275488       4.923991023605593E-038
   174.991553590094       1.085384480979929E-009
   174.998191013261       2.135447402960135E-068
   175.078449492032       7.310757162223879E-008
   175.166548851882       5.390404710223625E-017
   175.217109106951       2.653865531403397E-066
   175.232535582098       2.849916555121391E-015
   175.248909976181       7.005056697658252E-060
   175.329796437766       1.485618265140275E-066
   175.534518913036       3.535238267062014E-069
   175.718163146815       1.473304493438427E-005
   175.794893461194       1.042668822628265E-059
   175.957843629321       1.612593453587988E-005
   175.974827931574       1.062899436114122E-057
   176.015067787850       5.645556661544616E-061
   176.275301362774       4.514072809995393E-069
   176.773494716147       2.620523572646474E-068
   175.056717208773       9.942649220239444E-042
   175.094224328354       2.104747697136713E-042
   175.147934417162       2.818601309375462E-042
   175.238677711050       3.891427318862249E-040
   175.257252934255       2.629994502707261E-038
   175.308066479220       9.248813979340413E-039
   175.312698313375       1.488800875612590E-039
   175.383996907837       2.494027895252153E-040
   175.599640239403       2.406627022534176E-041
   175.785602576578       4.376367284838060E-037
   175.857365221952       4.670210654622811E-035
   176.039344380234       6.969246836460854E-035
   176.041511453739       3.600310174088006E-033
   176.066358419261       3.662313539144170E-033
   176.339610612050       4.546055685182587E-040
   176.835849598998       9.398874744723901E-038
   175.106940495091       9.662275818801256E-042
   175.139803430038       5.955717735559850E-042
   175.204812613341       2.002907227586725E-039
   175.278120868384       5.059800821755677E-042
   175.327857065844       1.167220321972712E-041
   175.345264663169       1.772826786325123E-042
   175.354841891665       1.652754071392641E-039
   175.426847898254       9.493846854198232E-037
   175.620002220846       3.487508580596166E-041
   175.830412873064       1.170828165834754E-037
   175.904494093360       2.015134145705356E-038
   176.081223905902       1.580460559239124E-032
   176.086195413383       1.402459017569585E-032
   176.124933773968       3.023167995525632E-035
   176.370670237239       9.842764902590804E-037
   176.882267716802       9.020135327076331E-040
   245.738838123153       1.531916586254902E-040
   245.767631750372       4.521581641227272E-039
   245.831107616210       5.101149611344820E-039
   245.907853282793       3.380490014799343E-040
   245.952894131789       2.201015251199738E-039
   245.975774638875       2.699195798138918E-042
   245.981305211561       5.500998991139333E-040
   246.058824481982       2.119871699525679E-041
   246.255576470251       1.068434453677716E-038
   246.461915448921       4.550370112043481E-035
   246.532927560047       3.071718384649023E-035
   246.705148372908       1.048680705252851E-040
   246.725229921228       4.342606784853275E-034
   246.769415294371       4.041965589850682E-034
   247.014249567304       3.125539191663606E-044
   247.534671047005       2.073519711274429E-037
   281.064792877816       5.950203068274371E-011
   281.090224238644       1.656698136873644E-068
   281.157280214467       1.642508092374061E-009
   281.251127272126       1.282831105476759E-014
   281.283621276670       6.540675504015165E-065
   281.322054287152       2.690731543796246E-013
   281.325781120012       1.774256326840877E-057
   281.407718261837       5.058792918253827E-064
   281.623380471287       1.103810572721111E-068
   281.781678187172       6.551733641425420E-009
   281.853882571463       6.583746431528267E-060
   282.043545234164       9.734635937679102E-057
   282.047751698214       1.530652507284318E-009
   282.091688721130       5.010400478000660E-064
   282.361660010565       1.469071126744367E-069
   282.863327978980       5.616857402318803E-070
   281.072712554613       1.603252090033349E-012
   281.091493908971       1.747487049695744E-070
   281.170160862444       1.076569688167716E-010
   281.244970263885       9.122061798568447E-015
   281.307517154789       4.175963823731850E-061
   281.311333331716       8.153428358356446E-012
   281.327198193920       1.472100888400254E-057
   281.408649784236       8.537652174881146E-065
   281.602903798175       1.086273205712163E-067
   281.782712480003       1.261763520955847E-010
   281.861966539555       1.709642057645524E-060
   282.037835550176       4.515035358472084E-058
   282.048589624687       2.985001965025151E-011
   282.103445208887       8.327709334095924E-065
   282.351624397343       1.837798772154091E-066
   282.865616140113       4.206927752152546E-072
   281.072290837630       4.316084492908365E-039
   281.088077228876       2.839250773710713E-038
   281.165711929860       6.101198550481887E-041
   281.253197747450       8.634337993635244E-040
   281.302494003860       7.326905460039903E-038
   281.321837238529       1.291764358696276E-040
   281.335242876382       7.515759157462097E-042
   281.418056137659       6.955451629895897E-043
   281.625776617602       1.149002142125337E-038
   281.785771763077       1.793354443442192E-036
   281.864603529021       8.789376939398332E-037
   282.049188571632       5.072745523637291E-040
   282.049731571693       9.961978177158676E-037
   282.104298155499       7.333270540739699E-037
   282.366447139648       4.463938625530129E-045
   282.871128600250       5.469382421216141E-042
   281.085476112402       1.493476311988579E-041
   281.129195799932       2.667035484406916E-043
   281.184583435771       5.346914778046652E-041
   281.263123341468       2.382678371038391E-039
   281.298046020131       5.082602193043842E-037
   281.329684491386       9.517137180563052E-040
   281.334713045916       4.314668337340989E-043
   281.406838942352       1.667350083831984E-041
   281.609689161334       9.806607665941793E-038
   281.800912431878       3.455225428655771E-037
   281.865204207095       6.569577899449760E-036
   282.046108921046       1.141449936992561E-042
   282.073419826895       1.773376979998710E-034
   282.103614168888       1.099295491578846E-034
   282.359157379635       6.883207981828907E-044
   282.873340474914       1.421504183189857E-040
   281.102903924284       6.829248580356878E-039
   281.147926102357       8.083486981850975E-043
   281.201568308437       5.450335149194241E-040
   281.282585534532       3.594495746907857E-039
   281.313197250533       3.408617134684129E-041
   281.347834734246       1.883839900587040E-035
   281.354687574543       3.776102774680706E-040
   281.424969608708       2.713192872762985E-035
   281.630686002935       1.201090993544552E-044
   281.819392227915       1.547364501413477E-036
   281.882517719771       1.544468213895256E-039
   282.065273167370       8.633785445899641E-037
   282.092043495447       1.097195070160383E-036
   282.120419370810       1.074524384066007E-038
   282.378853335465       5.028686911858277E-039
   282.891495699790       5.880212880786029E-043
   496.611088725211       1.437504954795356E-043
   496.648306042569       4.182207427625832E-043
   496.710895118014       3.587145858808072E-041
   496.787892579465       9.262908738564335E-042
   496.831646382255       1.182714850471106E-040
   496.857311979771       7.681059449560003E-041
   496.860466048762       1.487747873082871E-043
   496.939942707407       9.067810972699407E-042
   497.141489128520       3.202031055735307E-041
   497.307592006635       8.194330816921392E-038
   497.374655964047       2.352438432578264E-039
   497.554816259817       1.391270178345767E-040
   497.576480931471       1.078925796974105E-035
   497.612482797776       9.622480404476047E-036
   497.870355893151       4.639211019069918E-045
   498.364777298666       2.109443344080565E-039
