                   784
  -19.2278654569732       1.501654364794408E-072
  -19.1866268342295       2.147626352410692E-008
  -19.1804048836762       5.195362399410967E-070
  -19.1667148448684       1.849492633636277E-069
  -19.1323711717569       5.342107224977619E-013
  -19.1320058319273       2.070223731679911E-063
  -19.1065211195139       9.708762576479978E-008
  -19.0842963244872       7.365588234415374E-014
  -18.9988928780366       4.444347087326111E-009
  -18.5394123409637       3.958990666013104E-069
  -18.4933560671650       2.637965718569552E-007
  -18.4456908212089       7.531419083460731E-012
  -18.2784072736432       2.068881473757239E-071
  -18.2407902906469       2.464296864734381E-005
  -18.1624172046175       8.311181236796550E-012
  -17.5638206370166       1.624533265432238E-007
  -19.1773864183590       8.934091900595980E-073
  -19.1203004585994       2.738802168397339E-012
  -19.1054330672304       2.610443491875312E-066
  -19.1038254997803       3.330358428910142E-068
  -19.0561075932460       2.919125887020723E-010
  -19.0418136562240       3.497376107970046E-011
  -19.0095717548153       1.091268615407707E-065
  -18.9748516390180       2.549586087888636E-012
  -18.9086354578657       1.007313804156346E-013
  -18.4964945755777       1.444639409464476E-072
  -18.4590163952927       3.289412907042967E-014
  -18.3475809687612       4.304556134909020E-010
  -18.2161187479132       7.693215000404817E-068
  -18.1847077061341       1.021329498791838E-008
  -18.0801269873081       1.002749385761107E-011
  -17.5009659268599       4.358184881632811E-011
  -18.8565534493550       3.783500833410046E-070
  -18.8147283233075       9.334738132256448E-067
  -18.8079683787940       9.503035528979169E-010
  -18.7802457331366       1.329658396779462E-068
  -18.7476984511080       7.960045053680104E-008
  -18.7270503744711       2.896369731060133E-008
  -18.7018546640966       6.126595241354817E-069
  -18.6776771206366       5.143610055228683E-010
  -18.6280577881785       3.230804293186390E-011
  -18.1884756186796       1.886870185939763E-066
  -18.1284532372889       8.236981274181831E-009
  -18.0481491504809       8.324947091024467E-007
  -17.9144362788688       5.716818708107805E-063
  -17.8829555245724       5.216615564622995E-007
  -17.7995744340081       2.466150051544789E-008
  -17.2157019289694       1.343646279124708E-009
  -18.8255760294624       4.764779947442158E-069
  -18.8014640176917       6.167979856694951E-008
  -18.7920810550821       2.536322612145299E-067
  -18.7690467381105       4.892650323028660E-070
  -18.7393682390515       8.112758416307832E-063
  -18.7315152081989       8.823548513868995E-008
  -18.7084193040771       4.846813069611426E-011
  -18.7022156239870       8.466417447925007E-009
  -18.6333340982875       2.438729063302184E-009
  -18.1562008093941       1.197659210220837E-064
  -18.0942043813838       1.278300322937688E-006
  -18.0526327308452       4.714360352010303E-008
  -17.9061925167894       1.126780959250246E-067
  -17.8637969261784       1.109148310375766E-006
  -17.8036014394925       2.244084869645547E-009
  -17.2067087069570       3.035418780555545E-007
  -18.7689291158934       2.252386859925310E-070
  -18.7253692067004       7.840923438271648E-008
  -18.6736984203836       1.564198210047058E-067
  -18.6564611747920       2.278994862797148E-010
  -18.6539314550698       5.087187644442131E-062
  -18.6462689387284       5.169849213445278E-007
  -18.6297805875130       2.234408554939336E-064
  -18.5349965315654       4.376592453720438E-014
  -18.4653923884222       3.542603518234510E-010
  -18.0482597873109       9.823926258387419E-065
  -17.9783899150453       6.289375940555391E-005
  -17.9262414112707       5.537000341530976E-011
  -17.7920845646533       1.929432835199907E-066
  -17.7806217211300       1.936179975692955E-004
  -17.6282911750262       1.458110485642348E-012
  -17.0283951180475       5.523271686356462E-007
  -18.8424361036397       4.729054571219334E-038
  -18.7826704976336       3.100346991087820E-045
  -18.7720164908287       4.772539506298266E-040
  -18.7257453779541       4.018129343471154E-041
  -18.7013265381923       7.292132765762039E-043
  -18.6626967853644       1.293774121884517E-042
  -18.6528704803615       3.796227655067189E-038
  -18.5745025535959       4.546475067099723E-040
  -18.5461273502686       4.899446463028473E-049
  -18.1134907830458       4.221885048178209E-037
  -18.0648534118861       3.153003711295764E-037
  -18.0280751373041       1.498181791008950E-043
  -17.8563597859669       7.433894631274133E-036
  -17.8414843471081       1.576482736333297E-035
  -17.7279335720738       4.453380757659612E-042
  -17.1497639124533       4.022637430292305E-047
  -18.6093261424237       2.635230576243872E-073
  -18.5528646220531       1.175362173515597E-012
  -18.5337444458978       9.981229198386194E-067
  -18.5209268932453       5.437117358094622E-065
  -18.4825390444545       5.696044563588405E-011
  -18.4644462297370       1.981719364248558E-011
  -18.4142870393764       1.379441565133978E-064
  -18.3805794374384       1.432224409072572E-011
  -18.3126623115042       2.919949080196437E-014
  -17.9059253196154       1.968969108118269E-069
  -17.8767912265452       1.353672459900269E-010
  -17.7366459745572       5.640412861251704E-008
  -17.6398270845454       5.742759463887508E-068
  -17.6210032969043       6.066299871910466E-008
  -17.4821060392984       3.923350494783548E-010
  -16.9028987767076       5.701610562321669E-012
  -18.5160557218719       1.466403603445558E-074
  -18.4871893273031       9.741171158545780E-009
  -18.4682575023239       9.486881086944087E-072
  -18.4552399068578       9.978087979172247E-071
  -18.4188077502725       5.030439043508691E-066
  -18.4061819084618       6.687468787604444E-009
  -18.4043533732855       3.329068109502168E-011
  -18.3700323291360       4.408874980057880E-013
  -18.2817054556703       2.015918508771930E-008
  -17.8374594417939       8.970706861821367E-072
  -17.7924081202625       1.547232199963270E-007
  -17.7260000188295       1.456762837217410E-014
  -17.5840314117260       4.614317721144131E-071
  -17.5391513119024       1.117155939812279E-005
  -17.4612443208292       2.740668304683972E-012
  -16.8784602344780       7.556585086748630E-007
  -18.2810814458690       8.103502284090433E-043
  -18.2445142554554       1.126936886617191E-038
  -18.2217012345626       7.807525335761606E-038
  -18.2144436014101       1.280276624006779E-035
  -18.2084133618281       2.714200348794304E-037
  -18.1831405876788       2.158081656199626E-037
  -18.1745194531173       5.625551422174088E-037
  -18.1304049107586       1.020935790374759E-042
  -18.0820531567714       2.273671217582695E-039
  -17.6033871678145       2.096956376852084E-040
  -17.5961917027372       2.802400339471068E-036
  -17.5162819744161       5.641870151230830E-039
  -17.3587068630931       1.652570465930942E-041
  -17.3164918472987       4.338360416189631E-036
  -17.2583249740063       1.026551454392403E-039
  -16.6700167033529       2.490305056827285E-040
  -18.2114254415795       8.119108689838127E-073
  -18.1888389515601       8.309876456108438E-009
  -18.1663495986300       8.900655153236291E-072
  -18.1597457870777       8.084392310223490E-072
  -18.1331226666876       2.620610203669682E-068
  -18.1205166280503       4.227858379802359E-012
  -18.1111244261092       9.488100501601331E-008
  -18.0776726668043       1.333869044978007E-013
  -17.9996525033786       1.401803227338408E-011
  -17.5490229942722       1.901268707917559E-070
  -17.4959970646658       7.274892030180880E-008
  -17.4595474306501       1.366723220899657E-013
  -17.2934198273670       1.784886294303671E-070
  -17.2603038670040       4.727836589089425E-006
  -17.1743620586629       5.542367004347982E-014
  -16.5856151511046       4.438158253972734E-009
  -18.0844266016563       1.740396209959424E-039
  -18.0834361135140       6.685010361902836E-042
  -18.0667415458592       2.016084812995106E-037
  -18.0571660023993       7.149170031160368E-039
  -18.0222724259230       1.209080422241748E-039
  -18.0194429145726       6.140979226086861E-038
  -18.0050375775394       1.969577871437357E-038
  -17.9762032749964       1.548679181523028E-039
  -17.8962720364040       4.322880495589024E-041
  -17.4322141812737       1.483742056158852E-040
  -17.3989365364142       4.734080191415247E-037
  -17.3624711409332       2.284521268687262E-040
  -17.1904256958468       1.772449490604414E-038
  -17.1531653397450       3.192487803847121E-037
  -17.0733458182419       1.771596705540135E-044
  -16.4868725295071       2.197476805887661E-040
  -17.7326736042588       1.120590876182666E-071
  -17.6901376511271       1.330821852706077E-066
  -17.6602848242895       1.411278249453776E-011
  -17.6560741796891       3.811874613533214E-061
  -17.6548899742133       4.586286642946796E-012
  -17.6254330339524       1.941889853493233E-066
  -17.6166111232792       1.804081443146882E-010
  -17.6007865923403       5.754154269479253E-012
  -17.5266515794316       1.858251571126195E-012
  -17.0708993757345       1.866703480956255E-075
  -17.0446183246247       7.308593653146928E-013
  -16.9946015050676       6.925643811425623E-015
  -16.7756685551401       1.640301039124824E-069
  -16.7523469805909       6.474304315976642E-010
  -16.6950654754831       4.665820307934609E-011
  -16.0945432145548       2.372664281216332E-012
  -17.5842898255860       1.527890540033346E-066
  -17.5686620419935       9.649496884103852E-008
  -17.5278773199919       1.879835805520961E-066
  -17.5164982136583       4.838241149554969E-065
  -17.4996109831544       5.547819937977964E-009
  -17.4812248287865       3.192350701804617E-062
  -17.4726412907684       3.415901791659609E-008
  -17.4523534860411       1.037070306456024E-009
  -17.3692062804657       1.755596422579185E-010
  -16.8862276621707       6.141841607699557E-060
  -16.8823068271247       4.736726840017388E-007
  -16.8127826176650       4.452002219922541E-009
  -16.6704250291568       6.314504924612322E-065
  -16.6285780657683       3.139847168803486E-007
  -16.5494841886746       3.274395830894424E-009
  -15.9633856691234       5.162434164996730E-008
  -17.5144378643771       9.289928483954915E-068
  -17.4733056686250       7.816145245574986E-067
  -17.4703388323712       5.302145306641658E-009
  -17.4448434134917       3.690474231922119E-063
  -17.4110775344661       1.010549153734906E-007
  -17.3902641821373       3.489039577876625E-008
  -17.3893578837296       5.715404159538603E-058
  -17.3659099385643       9.102318982340392E-009
  -17.3003737649438       2.955817211689125E-011
  -16.8469404683630       2.675989682334132E-069
  -16.7901121377694       1.027662135671892E-009
  -16.7252478147643       3.200773409776397E-007
  -16.5793479228336       1.011424416808514E-063
  -16.5479879449250       6.606837456569101E-007
  -16.4744970260183       1.458588617010473E-007
  -15.8851834144054       8.738575325232161E-010
  -17.2927057609105       2.375266953843563E-042
  -17.2762103487395       1.998362000295472E-037
  -17.2647728314127       7.533795022192947E-038
  -17.2475970878336       2.518650898258519E-039
  -17.2070387148968       4.686307659170622E-038
  -17.1984058556429       9.370824830977151E-041
  -17.1732936407842       2.036815919930541E-039
  -17.1360292687921       1.113490572020846E-039
  -17.0369974249226       6.290940164706669E-044
  -16.6047249278815       7.104002452959510E-044
  -16.5768431075431       2.966062148021481E-039
  -16.5234939916499       3.583517122352313E-038
  -16.3811487484446       1.548968920680802E-038
  -16.3500386691305       8.973921460220778E-039
  -16.2237370691332       3.656536423685085E-041
  -15.6525133929124       1.204798136900884E-043
  -17.2973362240426       1.034873214108710E-040
  -17.2757627440736       2.279818614580030E-040
  -17.2238066201396       2.731555188758753E-038
  -17.1986235362083       2.838561015948086E-037
  -17.1850821817146       1.763843865419068E-035
  -17.1714666458443       2.909619586162300E-035
  -17.1656900848795       1.315136248696277E-035
  -17.1287938524919       3.084078984892948E-041
  -17.0352358564088       1.278689635882716E-041
  -16.5804127510312       9.704856325629787E-037
  -16.5780823543840       2.474563776312767E-036
  -16.4765023599242       1.852711271034868E-038
  -16.3613256809959       1.097789239804096E-039
  -16.3297599238969       2.955559079262602E-036
  -16.2101946686000       6.003157329647198E-040
  -15.6228095782765       2.236008344286384E-040
  -17.0354690738441       7.232425497877734E-072
  -16.9850456813423       1.372313386840778E-008
  -16.9512754332475       4.040698305301087E-069
  -16.9508187574244       1.866267994127694E-069
  -16.9260811616714       1.752530114751509E-008
  -16.9126117597549       2.727474381644509E-013
  -16.9029819574627       1.068423389015932E-066
  -16.8657052566610       1.597793977612422E-014
  -16.7685758627794       2.454080263850285E-011
  -16.3389587764953       6.615924760120306E-068
  -16.2877363262062       3.316972666231484E-008
  -16.2202846337761       1.347254785665167E-014
  -16.0800429383861       2.066238719516630E-065
  -16.0769389450605       2.562285069100168E-006
  -15.9469631945615       5.363167207188318E-015
  -15.3641897621428       2.275684094939266E-011
  -16.7552942616748       5.917497161386835E-074
  -16.7484663827715       2.288315965688186E-009
  -16.7214013891766       1.542035983001880E-068
  -16.6978652560605       1.121791858731548E-067
  -16.6800666233281       2.756767808254221E-065
  -16.6504157291299       2.365562241121943E-009
  -16.6473482082599       7.352393127371859E-010
  -16.6255662324824       1.454382984565935E-012
  -16.5352961542004       1.753206489842259E-009
  -16.0835548286433       2.082470851402378E-067
  -16.0383559437701       4.207852602711183E-008
  -15.9773516940449       9.271761794961176E-016
  -15.8446343043988       8.643157720499766E-069
  -15.8014829456351       2.911129445332288E-009
  -15.7116500597680       4.408339239396735E-013
  -15.1252936178228       4.647910055893016E-008
  -16.5720186956012       1.087498342727950E-067
  -16.5176290858104       4.669428553507961E-014
  -16.5006906917943       1.947351516896779E-065
  -16.4757132504177       1.903689161399279E-065
  -16.4536621853099       1.911455210296950E-012
  -16.4262205925483       2.743654167688330E-010
  -16.3966210274732       4.531682331024148E-010
  -16.3944694311588       5.332523438877851E-061
  -16.2801518183448       2.493643239809004E-014
  -15.8583326814568       3.097626254599109E-067
  -15.8272271685061       4.023601933458809E-010
  -15.7052868298278       4.746630370870062E-008
  -15.6140264665473       3.373697361356733E-008
  -15.5992580614072       5.306339471520770E-070
  -15.4488336245459       1.688944936128753E-009
  -14.8588563444614       4.520172284959502E-010
  -16.3568445304300       1.071037782755814E-070
  -16.3342508072149       2.996771053412832E-007
  -16.3048809284537       1.924878016771010E-068
  -16.2551985517275       1.939863403320548E-006
  -16.2551596152557       2.026626312164717E-052
  -16.2383339629350       2.921915732495703E-011
  -16.2278813348297       2.024711758560118E-064
  -16.1783830511540       2.074123987807033E-014
  -16.0551582971843       9.168987044584962E-010
  -15.6154694750131       4.132390387027056E-068
  -15.5738798044974       1.594283110564336E-006
  -15.4874635313487       4.591985221098915E-012
  -15.3975690806446       2.989044858104416E-004
  -15.3872270294558       6.774344402874136E-070
  -15.2126804597801       8.722952117278961E-012
  -14.6078318444717       2.920306192019495E-006
  -15.3419331718147       5.869913457585713E-038
  -15.3168222454760       2.491694695949547E-044
  -15.2430873426936       7.202667204307673E-040
  -15.1500033508028       1.545527193250784E-038
  -15.1309049774604       1.302067686697706E-038
  -15.1036812236087       7.871573214812986E-038
  -15.0819495206140       7.269784372163977E-042
  -14.9902756970379       9.067784147182418E-041
  -14.9342807921194       6.652416860100169E-044
  -14.5417791146865       3.227191232350767E-035
  -14.5379252414183       5.608626080741224E-035
  -14.4244249416219       7.380854266772225E-040
  -14.3147690606937       2.326068781907666E-035
  -14.3097197750408       1.108354735637022E-036
  -14.1391099123551       5.059696478690068E-040
  -13.5854067716622       1.130421030402531E-041
  -14.7407903091126       2.196106210465384E-009
  -14.7093997081165       1.793029438975275E-069
  -14.6461943342782       3.614232022069711E-065
  -14.6323272310668       1.056256319196841E-068
  -14.5926334165255       1.941791241231610E-009
  -14.5606491760417       5.611241739167074E-016
  -14.5287028808038       6.785902080921610E-067
  -14.5110771692834       7.167788669040191E-013
  -14.3944159929411       2.278870273269819E-010
  -13.9784340964763       5.183684386425186E-066
  -13.9469027718131       1.307680964093262E-007
  -13.8662355494010       4.280163779221143E-011
  -13.8023281773725       8.658900999275639E-061
  -13.7535853002866       1.310331232910822E-004
  -13.5994501861125       3.065327804619354E-013
  -13.0490248981395       2.718502845664667E-008
  -14.6707846213890       4.403793237907939E-041
  -14.6389733325034       1.809143169787185E-036
  -14.5800238231566       1.084672154251924E-037
  -14.5796488870209       1.261895952252189E-037
  -14.5512269342494       3.870841849176843E-038
  -14.5259815061803       7.914942167741410E-038
  -14.4555057591827       1.668973177097452E-042
  -14.4163829041078       1.783637004618919E-038
  -14.3081119782200       4.892391290236965E-043
  -13.9086752980032       1.310931987597134E-039
  -13.8727413371558       3.429135035437302E-039
  -13.8003720778226       1.182084815085714E-040
  -13.7334581782092       9.473992122573129E-038
  -13.7029369885779       1.264339836187663E-039
  -13.5161984012031       3.947520037807686E-041
  -12.9733762272360       5.057429316226144E-042
  -14.6349081011580       5.488419389319794E-045
  -14.6326260708272       7.464590403241089E-043
  -14.5207071355616       2.109512566741850E-038
  -14.5203959245694       1.238720789610545E-035
  -14.4828424960986       1.763105428137419E-038
  -14.4685821765414       6.169500261170193E-038
  -14.4466162295625       5.110038349985322E-038
  -14.3979302819617       2.168790596062142E-040
  -14.3243255637162       7.359244367407296E-042
  -13.8751518439034       1.479359129374687E-039
  -13.8728785276394       1.209878179863398E-035
  -13.7369967959580       2.542591811516907E-037
  -13.6989431078291       1.326909660535429E-041
  -13.6433272029597       1.193346684476634E-035
  -13.5115725970672       3.675619336227739E-039
  -12.9374240445376       2.842929128454204E-038
  -14.6008736759444       1.680021068665920E-068
  -14.5675012326778       2.005540165290181E-010
  -14.5265515263044       3.933838875388526E-066
  -14.5260056924926       6.863130952605789E-068
  -14.4831834269742       4.261165838133466E-011
  -14.4485935086394       1.826382093012121E-012
  -14.4168074409302       6.383214575929220E-065
  -14.3890000388293       3.198791820811191E-012
  -14.3196188572669       1.805357543226252E-013
  -13.8997789570333       3.177973067189948E-069
  -13.8325003458080       1.935926299772397E-009
  -13.7193242671110       4.302304629091132E-008
  -13.6572603053590       1.839882142092435E-067
  -13.6424397998530       5.626444944752806E-009
  -13.5021645635804       3.354992637906673E-008
  -12.9297565489872       8.107322335571266E-013
  -14.4380905037466       7.526737859612356E-072
  -14.3929110285788       1.787064556429423E-008
  -14.3491112009411       3.239969979514520E-068
  -14.3485917852014       3.416247259950821E-068
  -14.3207363511639       8.228740067273045E-007
  -14.2772718648418       1.288966207920041E-012
  -14.2560112846771       1.344919341363092E-069
  -14.2349325113222       4.369528670005711E-020
  -14.1466365504707       4.611972996344411E-010
  -13.7257154398204       3.891959007467918E-071
  -13.6593657703792       6.685912237519889E-008
  -13.5531882244051       2.621137311358779E-014
  -13.4824382802593       5.601416159723049E-063
  -13.4819147468682       2.843274506997196E-005
  -13.3316287155762       1.915999969981347E-012
  -12.7567291237938       3.230710722372009E-009
  -14.3765423406735       8.734391148663620E-070
  -14.3678007420918       5.798848465139282E-010
  -14.2794256161699       1.805744590671862E-069
  -14.2761656321046       1.458095943737075E-064
  -14.2648854441533       9.197105307368527E-009
  -14.2462868856702       3.008635265345655E-013
  -14.2320308629300       9.887870137140368E-064
  -14.1185055296643       5.493087273071325E-013
  -14.0425882887273       7.257565718792028E-011
  -13.6709448025725       1.978300646928338E-068
  -13.5922418166333       7.068233158881855E-005
  -13.5339305279751       9.145206214052617E-013
  -13.4472249277176       3.156766675446873E-068
  -13.4027318321226       4.508134078861482E-004
  -13.2503009426330       1.649134940051267E-012
  -12.7038459449591       8.058282591157012E-009
  -13.7661125023375       6.804807010067433E-070
  -13.7426254856064       1.990181605160031E-013
  -13.7138230205486       2.394560194097534E-067
  -13.6869230385692       3.972980627938210E-066
  -13.6369886088278       5.821711483098528E-010
  -13.6293148392129       2.823738016938495E-009
  -13.5905353855409       7.351170551998735E-065
  -13.5509881201188       4.702354656202743E-012
  -13.4773511837590       3.618396373644877E-016
  -13.0722335872231       6.554062777364166E-069
  -13.0263886314194       6.978570039383171E-011
  -12.8944714175158       3.376887318433852E-008
  -12.8265079452669       3.313920753825807E-068
  -12.8022415308401       1.866188161316865E-007
  -12.6550125532038       1.526364953223659E-008
  -12.0809837098269       1.408596571945739E-010
  -11.6275106669400       1.386975401316605E-072
  -11.6251276585961       1.162835039556388E-007
  -11.5955976955911       4.328678090932745E-070
  -11.5174919698184       4.037475525805198E-062
  -11.5125101003921       1.665824232366910E-006
  -11.4950185425342       1.273361343853997E-066
  -11.4768299974323       2.556284146332268E-014
  -11.4437890636246       3.502168617984901E-015
  -11.2952092829299       2.564542076365534E-009
  -10.8906168727537       7.316820144862127E-073
  -10.8488722287600       1.392748688431767E-007
  -10.7364676528668       9.723015913834882E-015
  -10.6746790116986       1.601334164461027E-069
  -10.6566570798572       4.430046673052158E-004
  -10.4719906828691       8.613255967296829E-012
  -9.89068997357482       5.926358335729698E-006
 -0.166897914496360       2.043767659199466E-044
 -0.124578705256081       4.998279493777901E-039
 -4.143930371213855E-003  1.401289275765498E-037
  3.450258050509802E-003  6.629492937355231E-041
  9.582149153581554E-002  1.420128080834338E-039
  0.125970561263696       6.363011253322185E-041
  0.133366808594793       2.898452158147591E-040
  0.186247157223022       1.408458700994464E-042
  0.360051852783005       4.645307749228305E-046
  0.649127969554950       1.764925537211023E-037
  0.705286694315099       3.671838833849298E-037
  0.851045346791739       1.443418784922832E-038
  0.852496889015033       1.280503802364001E-035
  0.936858332850058       5.038418685363093E-037
   1.14773468172231       9.949839744906554E-040
   1.69417744771356       4.718262995369547E-038
  0.347067063436128       1.298385041224486E-070
  0.386114810540906       7.151183997820189E-009
  0.442394296323489       1.781795226942644E-070
  0.473699534379367       3.739736347976101E-007
  0.514731402716912       3.201055346632444E-067
  0.545286455244536       1.195870045247164E-014
  0.564139721765557       3.688203833583115E-065
  0.644836130111525       2.473927926984108E-013
  0.808420555693786       2.394710467619202E-010
   1.09343985746228       3.187221014465620E-071
   1.16304713841940       9.036714430834844E-006
   1.29725484044430       4.746866845715101E-012
   1.34364475249961       3.395819097275616E-064
   1.35828545652584       2.020168915402560E-003
   1.59021429723244       1.866951956195139E-011
   2.12665911974187       6.117375520911112E-007
  0.707647479071635       8.541752431123017E-073
  0.725901418151892       7.827346631419255E-013
  0.778839934381221       5.366187460331934E-066
  0.811548934670423       1.302204937690460E-063
  0.879987078449503       8.422976763017624E-010
  0.886211046948954       1.842422225881108E-010
  0.890391960732224       1.445683037704095E-060
  0.960474637913382       2.860265899967866E-012
   1.05437985753275       5.717263098522270E-015
   1.42792448216905       3.391580022674468E-071
   1.48884370010011       1.057576166179266E-009
   1.63276722630632       3.664865789789936E-008
   1.67853745424943       4.376521594173711E-064
   1.72362344322795       1.801395940780554E-006
   1.88336237392830       3.983424077729555E-007
   2.47024083292685       2.802968211422448E-009
   4.85435740150420       8.674035266739024E-008
   4.85706122330838       7.384774557264630E-072
   4.90222918644169       1.569660862824919E-067
   4.99601334994895       1.151510300863325E-061
   5.00736595396514       1.799963284046148E-006
   5.02556174313228       5.961419158775744E-065
   5.05589572340575       1.976911607053588E-019
   5.09504480833209       1.252095632336442E-015
   5.26923992491402       1.881698223649121E-008
   5.60789371407485       6.999984003449740E-068
   5.66572059834948       1.092482863180938E-007
   5.80787080063800       1.292856842143501E-015
   5.83048151609384       6.538688303353914E-065
   5.86680013253229       9.623072903796938E-004
   6.07901619006959       1.847929485487395E-011
   6.64631857106535       2.133500740690218E-005
   5.38776916647343       1.090002217293363E-040
   5.44420488066490       2.511268915175857E-037
   5.47711048171355       4.607522111331310E-038
   5.55535425642200       3.827569357174716E-037
   5.56470565859888       2.578015185063051E-039
   5.63485808730791       2.838423107458767E-039
   5.66266379438170       4.143262809649259E-038
   5.72552801846152       3.628193756338325E-038
   5.90222612764603       1.006411564515629E-040
   6.16149725062116       4.398638949244356E-037
   6.22199123147836       3.185440316594277E-034
   6.36753982449433       8.669738037062900E-039
   6.39128072893664       4.625866340085107E-034
   6.43942805057465       1.795782018179908E-035
   6.68022904625229       1.124328480451138E-039
   7.21690688157858       1.030491264743384E-038
   5.40481424460419       1.084545145001929E-041
   5.43292813145528       1.396499198449166E-040
   5.53752642184874       2.541450895205556E-039
   5.58639364038748       1.496248641531406E-035
   5.64145582127131       2.173687617209399E-033
   5.64424314111418       2.506682035453026E-033
   5.65681411470104       3.622427286356783E-035
   5.73133205051543       6.557670932558349E-041
   5.85644919767099       3.299129743933261E-041
   6.17513997975474       1.514319801100664E-042
   6.22792471535067       4.197685313035748E-036
   6.38895450316144       2.554691926348311E-039
   6.40687449340646       1.428951646509493E-038
   6.47789638312976       2.025588178913692E-036
   6.66831373121954       4.062138534750655E-040
   7.23472088957373       1.763902850320198E-037
   5.40045393196824       8.786397027652102E-008
   5.45059743135647       1.215319998498202E-069
   5.54586032961195       1.286253247369921E-068
   5.57579474173442       7.426467811234231E-070
   5.63361761826689       1.862366239217149E-006
   5.69484811620605       6.377422038704140E-014
   5.70365685148243       1.335209134790168E-064
   5.74317732350970       5.596237657147074E-015
   5.92653169780441       1.739194097718198E-008
   6.19376691664430       2.714202236498080E-071
   6.25583022321756       8.617505664696166E-009
   6.40556860367099       4.415289185871952E-014
   6.42448471011250       2.229533296627631E-067
   6.48584154634316       2.750329340386660E-005
   6.71095633200230       1.419562484858445E-012
   7.25532054119774       1.840794046426999E-008
   5.52464953854975       1.300512534469030E-072
   5.55280378105352       1.612206129930191E-009
   5.60253691495973       2.296851412351626E-071
   5.66037021878419       1.034982026550111E-064
   5.66855967054685       7.576497068798732E-006
   5.73653352935558       1.880663364784588E-066
   5.75016362638944       5.076477079772290E-015
   5.77132029710763       4.476018006461738E-016
   5.92375764175959       2.455046647477143E-008
   6.24293486097196       3.142031892575410E-070
   6.31152492408514       2.016612501696656E-008
   6.46445669355605       9.610162334477810E-016
   6.50946038601481       1.867462800144078E-064
   6.53193559792134       3.641219611538428E-005
   6.73810207659429       1.242296237773052E-012
   7.30415369807308       4.130612009949182E-010
   5.62868557842193       1.485362306231377E-067
   5.66364818823590       1.220457316188976E-010
   5.71749864570256       7.690885663337446E-066
   5.77079862276107       1.240415571767982E-009
   5.77378933465357       2.916687525464134E-064
   5.84420250631199       2.422046541352248E-062
   5.85805614514335       3.890850637492292E-010
   5.88327016987794       4.703074506212611E-013
   6.03966170717150       1.098048030949719E-012
   6.35105218597934       1.887512707602442E-068
   6.42112665215220       2.539639924875390E-012
   6.57198059750616       1.992822072416415E-010
   6.61966588868856       1.872257336262512E-063
   6.64021786761653       1.370876610007702E-008
   6.84905283517539       4.645536371573526E-009
   7.41186474950587       2.868320458507927E-013
   58.8004089054100       1.081952389524307E-072
   58.8131196907133       1.954796493607207E-008
   58.8746165298318       2.965971318850444E-065
   58.9566249388928       1.352155444692525E-062
   58.9941165243951       4.570446806302952E-007
   59.0107653424194       1.322632300691447E-063
   59.0305329701484       2.588650417535666E-019
   59.0942265303775       6.573073665783963E-017
   59.2819257142196       1.651895749077435E-008
   59.5452942408467       7.440657300850678E-067
   59.6167104984486       4.991786937127184E-008
   59.7760016392169       4.679776956799142E-016
   59.7911312910053       3.642446431288794E-062
   59.8403263885337       6.832850243599258E-004
   60.0683440401159       1.588325320292126E-011
   60.6119838275488       2.323653971776255E-005
   174.991553590094       4.238587674112389E-041
   174.998191013261       1.325570575773606E-038
   175.078449492032       6.008289520439520E-035
   175.166548851882       4.229875353469789E-038
   175.217109106951       2.749620774609577E-036
   175.232535582098       1.615005683586496E-037
   175.248909976181       2.521046363338655E-039
   175.329796437766       3.562864641979581E-042
   175.534518913036       1.053857221136433E-039
   175.718163146815       8.986936730016635E-036
   175.794893461194       1.762119419332095E-032
   175.957843629321       3.549544743684402E-031
   175.974827931574       3.448688606296042E-035
   176.015067787850       2.018349495798843E-031
   176.275301362774       3.244940332639305E-039
   176.773494716147       1.153352366806186E-036
   175.056717208773       4.832913912589251E-074
   175.094224328354       1.223009824532348E-008
   175.147934417162       7.700506414190495E-070
   175.238677711050       4.195475662310421E-064
   175.257252934255       1.939968375889157E-006
   175.308066479220       3.042035422228541E-016
   175.312698313375       3.245339000849103E-063
   175.383996907837       2.135424497141261E-015
   175.599640239403       2.058265738080656E-010
   175.785602576578       6.260214073015494E-070
   175.857365221952       1.479830270998996E-007
   176.039344380234       3.726502639378710E-014
   176.041511453739       2.473256278242718E-059
   176.066358419261       8.708946248046919E-004
   176.339610612050       6.244714846592225E-011
   176.835849598998       2.637562962816866E-006
   175.106940495091       3.964284242529123E-073
   175.139803430038       6.156409150536099E-012
   175.204812613341       2.017541458155840E-065
   175.278120868384       4.875668607010581E-062
   175.327857065844       8.833635722257754E-010
   175.345264663169       7.728655052146673E-062
   175.354841891665       1.572106542952001E-016
   175.426847898254       7.680970011193174E-012
   175.620002220846       7.412083970904629E-012
   175.830412873064       8.826476670154886E-068
   175.904494093360       1.475788091151281E-010
   176.081223905902       1.797906025498929E-010
   176.086195413383       2.272524168677228E-057
   176.124933773968       5.503225200396721E-007
   176.370670237239       1.448990522022084E-007
   176.882267716802       5.398134641358211E-009
   245.738838123153       2.561921953947771E-072
   245.767631750372       3.751545998946247E-009
   245.831107616210       4.662597662067747E-064
   245.907853282793       2.032542806355148E-061
   245.952894131789       3.941343519307212E-008
   245.975774638875       7.920876728223046E-068
   245.981305211561       9.206692646828967E-020
   246.058824481982       4.074559533047663E-017
   246.255576470251       5.463567512351233E-009
   246.461915448921       1.825850012120768E-065
   246.532927560047       2.222721056042274E-009
   246.705148372908       1.345427144538178E-017
   246.725229921228       7.006454781765385E-059
   246.769415294371       1.255271727494830E-004
   247.014249567304       3.073785613060852E-012
   247.534671047005       5.853512704759444E-006
   281.064792877816       2.057864119331875E-043
   281.090224238644       5.098596915881057E-038
   281.157280214467       1.222809769027910E-034
   281.251127272126       1.917614023911748E-037
   281.283621276670       4.941375751929744E-035
   281.322054287152       2.921102728372212E-035
   281.325781120012       3.700560577408743E-035
   281.407718261837       8.380131672277323E-039
   281.623380471287       3.768565771796186E-039
   281.781678187172       6.623713348770219E-040
   281.853882571463       2.749642039258315E-034
   282.043545234164       1.333991058256288E-034
   282.047751698214       3.236927496683557E-035
   282.091688721130       8.420159797435913E-034
   282.361660010565       5.348445007175146E-040
   282.863327978980       6.935381273294338E-038
   281.072712554613       4.306586964791356E-046
   281.091493908971       4.605741584700776E-040
   281.170160862444       4.373438700605156E-038
   281.244970263885       1.728005734445052E-037
   281.307517154789       6.050807075019423E-032
   281.311333331716       8.098503805350556E-032
   281.327198193920       1.864552522508810E-033
   281.408649784236       3.951817889933633E-038
   281.602903798175       5.225547803189557E-039
   281.782712480003       1.300586796425652E-041
   281.861966539555       2.202503126063321E-034
   282.037835550176       9.132794813370976E-035
   282.048589624687       5.356910671291677E-036
   282.103445208887       2.658331240519768E-034
   282.351624397343       3.090226245155088E-037
   282.865616140113       2.115157673386352E-039
   281.072290837630       1.460325376661417E-070
   281.088077228876       1.369466136523969E-008
   281.165711929860       2.233497071822884E-066
   281.253197747450       5.463048551411127E-061
   281.302494003860       4.457294305679825E-008
   281.321837238529       4.884332501655215E-062
   281.335242876382       2.693497876444298E-018
   281.418056137659       2.679279015584753E-017
   281.625776617602       1.577004771012935E-009
   281.785771763077       1.219056395106113E-066
   281.864603529021       9.156227804413190E-012
   282.049188571632       2.485911569238530E-019
   282.049731571693       7.995406621173167E-061
   282.104298155499       5.094967684404187E-007
   282.366447139648       2.619064951477914E-014
   282.871128600250       3.336207185717674E-010
   281.085476112402       8.638937498623278E-074
   281.129195799932       4.195088046453558E-013
   281.184583435771       4.628621257177292E-066
   281.263123341468       2.531951750357893E-061
   281.298046020131       2.423855341899277E-007
   281.329684491386       8.622890538496808E-020
   281.334713045916       6.827046455191351E-067
   281.406838942352       5.280700679200929E-017
   281.609689161334       5.234367193872452E-009
   281.800912431878       3.351044947902293E-068
   281.865204207095       9.706335969326758E-012
   282.046108921046       5.115031803506856E-019
   282.073419826895       3.748067294652509E-057
   282.103614168888       5.614269326900491E-007
   282.359157379635       3.434160969905942E-014
   282.873340474914       3.936602791814698E-010
   281.102903924284       2.185149802480355E-071
   281.147926102357       1.540132234122870E-012
   281.201568308437       4.652286766373617E-065
   281.282585534532       8.754615926480481E-063
   281.313197250533       2.636158519012865E-011
   281.347834734246       3.561136495103957E-016
   281.354687574543       2.596887406412706E-064
   281.424969608708       4.488364163808637E-012
   281.630686002935       9.044153726902518E-016
   281.819392227915       7.021498692489009E-069
   281.882517719771       1.557751388760319E-015
   282.065273167370       5.012081206914722E-017
   282.092043495447       2.145003992327115E-059
   282.120419370810       5.772549209977690E-011
   282.378853335465       1.528960353338736E-010
   282.891495699790       1.654516792004221E-012
   496.611088725211       1.254285641322681E-077
   496.648306042569       4.715667121824779E-012
   496.710895118014       3.337146049001682E-067
   496.787892579465       2.585368428636459E-064
   496.831646382255       1.041648948855254E-009
   496.857311979771       6.024069493851250E-021
   496.860466048762       9.665286471932415E-067
   496.939942707407       7.672675971592205E-018
   497.141489128520       7.606452601097368E-011
   497.307592006635       2.288872032008693E-069
   497.374655964047       2.992590364452803E-011
   497.554816259817       2.900188712183947E-019
   497.576480931471       2.007656718683955E-060
   497.612482797776       5.966005596802725E-006
   497.870355893151       1.634099382569840E-013
   498.364777298666       4.206049415567728E-007
