                   784
  -19.2278654569732       9.956465557518693E-041
  -19.1866268342295       4.239239363316524E-038
  -19.1804048836762       2.387312898454184E-041
  -19.1667148448684       3.315917164538365E-040
  -19.1323711717569       7.536958308629569E-038
  -19.1320058319273       7.608566139743190E-040
  -19.1065211195139       3.802791093015261E-037
  -19.0842963244872       4.873331540666070E-040
  -18.9988928780366       3.839637726858982E-038
  -18.5394123409637       1.249111501679650E-037
  -18.4933560671650       3.406969242674801E-037
  -18.4456908212089       1.170573555536423E-041
  -18.2784072736432       2.822172034500248E-039
  -18.2407902906469       1.972344816978115E-037
  -18.1624172046175       2.783045750567648E-040
  -17.5638206370166       1.741685149519147E-039
  -19.1773864183590       6.289492573826905E-044
  -19.1203004585994       1.752657205391277E-043
  -19.1054330672304       1.137675851511887E-040
  -19.1038254997803       1.116852951342801E-038
  -19.0561075932460       2.652844013615897E-036
  -19.0418136562240       6.124543091235165E-042
  -19.0095717548153       2.328520127083001E-039
  -18.9748516390180       7.310680080014993E-038
  -18.9086354578657       3.929863969823946E-042
  -18.4964945755777       9.707834837714613E-041
  -18.4590163952927       1.898982064803203E-043
  -18.3475809687612       3.017238319134060E-036
  -18.2161187479132       1.242417673059701E-035
  -18.1847077061341       5.496619070478356E-041
  -18.0801269873081       1.521279518484658E-039
  -17.5009659268599       1.206605446479069E-041
  -18.8565534493550       3.149691547389834E-039
  -18.8147283233075       3.162594545832066E-038
  -18.8079683787940       2.570392812805903E-040
  -18.7802457331366       3.961727856677533E-038
  -18.7476984511080       3.502372944817047E-037
  -18.7270503744711       8.214558928837744E-037
  -18.7018546640966       5.007122316483028E-039
  -18.6776771206366       1.884726398004760E-037
  -18.6280577881785       6.516940786610626E-039
  -18.1884756186796       4.287422683549749E-037
  -18.1284532372889       2.662151377097694E-034
  -18.0481491504809       1.869840073383079E-034
  -17.9144362788688       8.016014115902520E-034
  -17.8829555245724       2.944134311368683E-036
  -17.7995744340081       2.327579215540628E-036
  -17.2157019289694       2.200900154499964E-040
  -18.8255760294624       1.187296915856891E-038
  -18.8014640176917       2.048891242828442E-038
  -18.7920810550821       4.464195272415710E-039
  -18.7690467381105       6.545614429753263E-040
  -18.7393682390515       8.319110912776390E-037
  -18.7315152081989       1.188438006175873E-036
  -18.7084193040771       1.276057742987830E-041
  -18.7022156239870       2.456159228317533E-040
  -18.6333340982875       6.517010091879900E-039
  -18.1562008093941       3.912525828837007E-035
  -18.0942043813838       8.457340269290716E-035
  -18.0526327308452       2.508344554257627E-038
  -17.9061925167894       7.940880909633491E-036
  -17.8637969261784       1.742302969142566E-038
  -17.8036014394925       1.240398521673523E-039
  -17.2067087069570       1.217964628451601E-037
  -18.7689291158934       8.906822276214402E-040
  -18.7253692067004       9.008423301731348E-041
  -18.6736984203836       1.632895650383277E-040
  -18.6564611747920       1.647452318767815E-037
  -18.6539314550698       5.846740823275159E-036
  -18.6462689387284       4.262324969841496E-036
  -18.6297805875130       1.551377035684379E-038
  -18.5349965315654       4.948763808118172E-038
  -18.4653923884222       3.970739630356550E-038
  -18.0482597873109       9.035933062092585E-037
  -17.9783899150453       1.350434852890593E-035
  -17.9262414112707       4.004989531903597E-039
  -17.7920845646533       1.007439644183225E-035
  -17.7806217211300       4.438952161034443E-035
  -17.6282911750262       7.476912106213228E-040
  -17.0283951180475       5.955954599330025E-040
  -18.8424361036397       5.564815156591892E-009
  -18.7826704976336       2.712688631653228E-076
  -18.7720164908287       4.296260627562699E-015
  -18.7257453779541       1.586189248682668E-063
  -18.7013265381923       7.259797955618458E-073
  -18.6626967853644       5.561536248373865E-069
  -18.6528704803615       1.617279803565011E-009
  -18.5745025535959       2.090891128386676E-015
  -18.5461273502686       1.828538540187554E-075
  -18.1134907830458       3.406259912552818E-065
  -18.0648534118861       2.865677665577665E-004
  -18.0280751373041       1.066242951559500E-066
  -17.8563597859669       3.393094674010119E-067
  -17.8414843471081       3.102154604874894E-004
  -17.7279335720738       4.116179525620209E-070
  -17.1497639124533       1.922290959236191E-078
  -18.6093261424237       6.750497369244173E-042
  -18.5528646220531       6.354754268702053E-043
  -18.5337444458978       8.020843806641011E-036
  -18.5209268932453       7.131090348861521E-039
  -18.4825390444545       4.061832738983002E-036
  -18.4644462297370       4.122736435821559E-041
  -18.4142870393764       3.997905988337261E-040
  -18.3805794374384       4.251383865840672E-035
  -18.3126623115042       2.938031365539089E-042
  -17.9059253196154       4.039428765813870E-038
  -17.8767912265452       9.034793347305240E-039
  -17.7366459745572       1.485818687113751E-035
  -17.6398270845454       2.640037461594520E-036
  -17.6210032969043       1.166982157694550E-039
  -17.4821060392984       1.548097715547032E-039
  -16.9028987767076       3.906597519811456E-044
  -18.5160557218719       3.749246923089583E-042
  -18.4871893273031       3.979699155455032E-040
  -18.4682575023239       5.011805283398313E-041
  -18.4552399068578       2.123114835727893E-043
  -18.4188077502725       1.371399788397815E-040
  -18.4061819084618       3.614150630469868E-037
  -18.4043533732855       3.649930982720328E-037
  -18.3700323291360       1.010298444835662E-038
  -18.2817054556703       6.508081136248186E-038
  -17.8374594417939       6.212600076718542E-040
  -17.7924081202625       5.870083168166489E-038
  -17.7260000188295       1.071844925419423E-039
  -17.5840314117260       4.672486399523575E-039
  -17.5391513119024       1.103802506545207E-037
  -17.4612443208292       2.973546289120569E-040
  -16.8784602344780       8.848855729932770E-039
  -18.2810814458690       3.535525060655938E-013
  -18.2445142554554       2.676751080397338E-068
  -18.2217012345626       4.172058474015820E-008
  -18.2144436014101       3.369449638337760E-008
  -18.2084133618281       2.562679312770175E-061
  -18.1831405876788       1.126985313255860E-011
  -18.1745194531173       3.191835725801375E-067
  -18.1304049107586       1.265999763222742E-068
  -18.0820531567714       1.234135848822156E-068
  -17.6033871678145       3.378233694251528E-011
  -17.5961917027372       5.668492473797025E-067
  -17.5162819744161       1.546414319474961E-065
  -17.3587068630931       4.236826120062985E-009
  -17.3164918472987       2.379902464486750E-068
  -17.2583249740063       2.570944030456807E-068
  -16.6700167033529       5.248192728491407E-075
  -18.2114254415795       1.196689067186555E-042
  -18.1888389515601       1.349683507982584E-039
  -18.1663495986300       5.706434290481329E-043
  -18.1597457870777       3.963975718214612E-042
  -18.1331226666876       1.155867856390357E-042
  -18.1205166280503       2.366446670470334E-038
  -18.1111244261092       1.672846661694409E-039
  -18.0776726668043       1.414048828349243E-039
  -17.9996525033786       3.338191776942533E-040
  -17.5490229942722       3.117478674200798E-040
  -17.4959970646658       6.724367668707486E-038
  -17.4595474306501       1.153574097870261E-042
  -17.2934198273670       1.597672755408143E-038
  -17.2603038670040       3.117994352582034E-038
  -17.1743620586629       1.915259655880146E-042
  -16.5856151511046       4.431860138416042E-042
  -18.0844266016563       6.662751249096186E-069
  -18.0834361135140       1.779311543041107E-011
  -18.0667415458592       2.312663042439809E-007
  -18.0571660023993       2.164129102618655E-011
  -18.0222724259230       6.575459530435398E-013
  -18.0194429145726       3.370551782752574E-063
  -18.0050375775394       7.859685883706365E-070
  -17.9762032749964       1.637916638960007E-065
  -17.8962720364040       1.114244572986267E-069
  -17.4322141812737       4.181490882055507E-009
  -17.3989365364142       3.551470891266034E-067
  -17.3624711409332       3.409015525759793E-068
  -17.1904256958468       2.113451974619678E-006
  -17.1531653397450       2.168181314885899E-069
  -17.0733458182419       1.954031546380099E-072
  -16.4868725295071       1.245464817519331E-072
  -17.7326736042588       3.514041320448111E-040
  -17.6901376511271       7.885845102750520E-041
  -17.6602848242895       2.218143346704872E-040
  -17.6560741796891       1.878937332815930E-033
  -17.6548899742133       1.945447150212149E-033
  -17.6254330339524       1.624744704207172E-039
  -17.6166111232792       9.590075428206265E-043
  -17.6007865923403       1.653807895990383E-038
  -17.5266515794316       1.009694040629121E-042
  -17.0708993757345       4.097702118181390E-041
  -17.0446183246247       3.988067703671682E-041
  -16.9946015050676       8.864950207032411E-040
  -16.7756685551401       3.373333801980865E-037
  -16.7523469805909       2.897202602491273E-042
  -16.6950654754831       7.629049044353128E-040
  -16.0945432145548       2.627049145429776E-044
  -17.5842898255860       4.905815567706363E-038
  -17.5686620419935       7.869189223365924E-037
  -17.5278773199919       4.793258965462477E-038
  -17.5164982136583       3.438934844976122E-038
  -17.4996109831544       2.670197003111821E-037
  -17.4812248287865       9.843233210985058E-037
  -17.4726412907684       2.247396583942950E-036
  -17.4523534860411       2.757099149979862E-037
  -17.3692062804657       1.847980217114004E-039
  -16.8862276621707       5.904018910812972E-033
  -16.8823068271247       3.725320304616575E-033
  -16.8127826176650       1.444739997157021E-037
  -16.6704250291568       3.340997321166165E-034
  -16.6285780657683       4.503287694420440E-038
  -16.5494841886746       3.541569233592302E-039
  -15.9633856691234       4.917998309530236E-039
  -17.5144378643771       3.364258622145451E-037
  -17.4733056686250       2.403624958935504E-038
  -17.4703388323712       3.232080649509887E-038
  -17.4448434134917       3.043277547898167E-035
  -17.4110775344661       5.699081754584505E-036
  -17.3902641821373       4.404043499303598E-033
  -17.3893578837296       5.681971408799663E-033
  -17.3659099385643       2.769324550441056E-035
  -17.3003737649438       7.252438344579527E-041
  -16.8469404683630       8.626771109461254E-038
  -16.7901121377694       1.333755233846137E-034
  -16.7252478147643       1.264054011365375E-035
  -16.5793479228336       1.616965318644552E-034
  -16.5479879449250       3.312131667877460E-036
  -16.4744970260183       5.039912866109161E-036
  -15.8851834144054       1.215818600038544E-040
  -17.2927057609105       8.500322501217054E-069
  -17.2762103487395       1.822699094251182E-010
  -17.2647728314127       8.091743367903413E-010
  -17.2475970878336       9.476560994315292E-013
  -17.2070387148968       1.647870261594387E-063
  -17.1984058556429       1.000714294218880E-066
  -17.1732936407842       1.619077041260889E-013
  -17.1360292687921       1.119244321855651E-064
  -17.0369974249226       2.513253040303539E-071
  -16.6047249278815       7.736172885367699E-009
  -16.5768431075431       4.177289744965357E-069
  -16.5234939916499       2.954082388941258E-066
  -16.3811487484446       2.014889624961439E-006
  -16.3500386691305       1.041825214996741E-070
  -16.2237370691332       2.787561050029502E-070
  -15.6525133929124       8.160035217744457E-072
  -17.2973362240426       2.325165765916005E-012
  -17.2757627440736       6.796396284962307E-069
  -17.2238066201396       6.610539226743953E-009
  -17.1986235362083       4.198406792419614E-009
  -17.1850821817146       6.933973529482994E-062
  -17.1714666458443       1.026194284711662E-010
  -17.1656900848795       5.567811312112020E-064
  -17.1287938524919       4.417667693494975E-066
  -17.0352358564088       7.176161543934684E-069
  -16.5804127510312       2.153773264181006E-010
  -16.5780823543840       6.729263830096725E-062
  -16.4765023599242       7.588881654875060E-068
  -16.3613256809959       2.451639893544973E-008
  -16.3297599238969       9.062923048282274E-068
  -16.2101946686000       8.540628847244203E-069
  -15.6228095782765       1.323849335469189E-071
  -17.0354690738441       1.924594884650406E-042
  -16.9850456813423       8.257072135678268E-039
  -16.9512754332475       6.752780137831682E-041
  -16.9508187574244       6.749683805555800E-042
  -16.9260811616714       4.463233389934437E-037
  -16.9126117597549       1.439382669803334E-036
  -16.9029819574627       1.161061630325709E-042
  -16.8657052566610       2.167679767149515E-037
  -16.7685758627794       1.460912432998919E-038
  -16.3389587764953       2.742590500269457E-038
  -16.2877363262062       2.316102722690661E-037
  -16.2202846337761       5.207244255343080E-041
  -16.0800429383861       9.090602265721056E-036
  -16.0769389450605       5.705250436289781E-036
  -15.9469631945615       2.700432385363023E-043
  -15.3641897621428       3.345731823429937E-042
  -16.7552942616748       1.316178450901246E-041
  -16.7484663827715       6.895298318857229E-040
  -16.7214013891766       4.491604579368589E-039
  -16.6978652560605       1.218038201410653E-040
  -16.6800666233281       2.419563617140103E-039
  -16.6504157291299       1.907598072625106E-037
  -16.6473482082599       1.888691603545372E-037
  -16.6255662324824       2.217494534555900E-040
  -16.5352961542004       4.208732322034081E-038
  -16.0835548286433       1.213915658269654E-036
  -16.0383559437701       6.843969423610266E-036
  -15.9773516940449       2.479185973033816E-045
  -15.8446343043988       1.147812231567855E-036
  -15.8014829456351       2.267321565421956E-041
  -15.7116500597680       1.287460070894691E-041
  -15.1252936178228       9.510421470183213E-040
  -16.5720186956012       5.403192127456487E-037
  -16.5176290858104       4.572672713508799E-045
  -16.5006906917943       1.415971570057698E-035
  -16.4757132504177       4.177365353158509E-039
  -16.4536621853099       3.578923129803688E-042
  -16.4262205925483       8.981567146427931E-035
  -16.3966210274732       2.710711759990934E-034
  -16.3944694311588       2.298043925260889E-036
  -16.2801518183448       1.164923680205564E-041
  -15.8583326814568       4.852232147056242E-036
  -15.8272271685061       8.045525264938329E-039
  -15.7052868298278       6.131795804846943E-036
  -15.6140264665473       1.474436628787436E-039
  -15.5992580614072       1.393864955411885E-038
  -15.4488336245459       5.904754703051748E-038
  -14.8588563444614       2.852470044243807E-041
  -16.3568445304300       5.243427546784620E-040
  -16.3342508072149       3.443043551202148E-037
  -16.3048809284537       1.430064365962602E-038
  -16.2551985517275       1.075497695529790E-034
  -16.2551596152557       3.166625147101291E-035
  -16.2383339629350       1.240500493252998E-036
  -16.2278813348297       1.728829422383878E-038
  -16.1783830511540       7.790074260457293E-039
  -16.0551582971843       9.569192908854257E-037
  -15.6154694750131       1.312463905408158E-037
  -15.5738798044974       6.769106821676626E-036
  -15.4874635313487       4.095645112681534E-039
  -15.3975690806446       7.683381427441137E-037
  -15.3872270294558       6.077724122387299E-037
  -15.2126804597801       9.500478868460147E-040
  -14.6078318444717       2.989447324783212E-038
  -15.3419331718147       7.182089217407783E-008
  -15.3168222454760       1.005363630551215E-077
  -15.2430873426936       3.305160104038671E-015
  -15.1500033508028       4.768783011813901E-070
  -15.1309049774604       7.367269504139255E-061
  -15.1036812236087       8.589699599164355E-008
  -15.0819495206140       1.010670387125533E-066
  -14.9902756970379       3.795546935261167E-017
  -14.9342807921194       1.838617283968201E-072
  -14.5417791146865       2.733635789705038E-062
  -14.5379252414183       3.445917400539416E-004
  -14.4244249416219       1.245052758404248E-063
  -14.3147690606937       8.470490018422990E-070
  -14.3097197750408       1.626342187572148E-003
  -14.1391099123551       8.530994646306255E-069
  -13.5854067716622       1.793628017384320E-073
  -14.7407903091126       4.813905601803667E-038
  -14.7093997081165       4.721025452211094E-040
  -14.6461943342782       1.048603845949812E-039
  -14.6323272310668       1.443524406381596E-040
  -14.5926334165255       2.394240196690765E-039
  -14.5606491760417       3.174130914204688E-039
  -14.5287028808038       4.508577632808494E-040
  -14.5110771692834       2.738792003236055E-038
  -14.3944159929411       7.189014690143712E-039
  -13.9784340964763       9.179738753850919E-035
  -13.9469027718131       3.442357763507522E-031
  -13.8662355494010       4.003222670041723E-036
  -13.8023281773725       3.246880129675952E-031
  -13.7535853002866       1.933347196760931E-034
  -13.5994501861125       1.446038492021008E-039
  -13.0490248981395       1.559459685952810E-039
  -14.6707846213890       1.367964296825237E-073
  -14.6389733325034       1.551523305639489E-006
  -14.5800238231566       2.401058966814442E-010
  -14.5796488870209       1.199743256824763E-010
  -14.5512269342494       1.595125616649939E-069
  -14.5259815061803       4.944589048688616E-063
  -14.4555057591827       8.443228154353447E-017
  -14.4163829041078       2.038710214684052E-064
  -14.3081119782200       7.673243992291600E-072
  -13.9086752980032       5.745002974418108E-007
  -13.8727413371558       4.761842096836460E-070
  -13.8003720778226       1.417053274911052E-066
  -13.7334581782092       5.764021248529552E-006
  -13.7029369885779       1.912576510191896E-071
  -13.5161984012031       2.056664190521867E-071
  -12.9733762272360       5.927608128809035E-074
  -14.6349081011580       3.270130349914846E-015
  -14.6326260708272       7.623307693135652E-073
  -14.5207071355616       1.287745435660376E-008
  -14.5203959245694       8.678726739477762E-009
  -14.4828424960986       1.052864334292873E-061
  -14.4685821765414       2.464252877761831E-069
  -14.4466162295625       3.052639860147530E-012
  -14.3979302819617       1.382129284909584E-063
  -14.3243255637162       1.864167527488394E-069
  -13.8751518439034       1.235125658687711E-009
  -13.8728785276394       3.042785315656142E-065
  -13.7369967959580       4.019999528674299E-063
  -13.6989431078291       1.751002006035101E-009
  -13.6433272029597       9.594498499131247E-068
  -13.5115725970672       2.049933335695352E-067
  -12.9374240445376       5.666500106514845E-068
  -14.6008736759444       5.639766288832342E-039
  -14.5675012326778       2.463194910097567E-042
  -14.5265515263044       6.106101335742685E-038
  -14.5260056924926       3.309754594117308E-039
  -14.4831834269742       6.307169103844699E-042
  -14.4485935086394       2.162204826941309E-036
  -14.4168074409302       2.621731996616962E-039
  -14.3890000388293       1.701421487726410E-038
  -14.3196188572669       3.124755876204728E-041
  -13.8997789570333       8.129038616302438E-037
  -13.8325003458080       1.530626445127898E-037
  -13.7193242671110       4.588730049851121E-036
  -13.6572603053590       2.447336079399711E-036
  -13.6424397998530       4.114757918652614E-040
  -13.5021645635804       2.754080374390688E-037
  -12.9297565489872       1.064851800220277E-042
  -14.4380905037466       6.623463477996930E-042
  -14.3929110285788       7.115895352870303E-041
  -14.3491112009411       2.814119845249436E-039
  -14.3485917852014       2.375123241995656E-039
  -14.3207363511639       3.235475697469300E-038
  -14.2772718648418       1.052934029255496E-038
  -14.2560112846771       1.161703176157101E-044
  -14.2349325113222       1.365294680738371E-041
  -14.1466365504707       1.238911794320248E-037
  -13.7257154398204       3.176585302691542E-039
  -13.6593657703792       4.324310962353302E-037
  -13.5531882244051       5.406895869812624E-038
  -13.4824382802593       3.901514129331534E-034
  -13.4819147468682       3.966224607850419E-034
  -13.3316287155762       7.398004771536950E-041
  -12.7567291237938       6.339072989831924E-041
  -14.3765423406735       3.388801223666503E-042
  -14.3678007420918       1.432670614555031E-039
  -14.2794256161699       1.336456299614089E-038
  -14.2761656321046       6.020010215300143E-039
  -14.2648854441533       3.211407084414458E-040
  -14.2462868856702       6.242230837934757E-037
  -14.2320308629300       1.744513889629742E-038
  -14.1185055296643       1.186363938488283E-036
  -14.0425882887273       1.215545613278586E-038
  -13.6709448025725       9.756275817251643E-039
  -13.5922418166333       1.758943165495455E-035
  -13.5339305279751       9.161962008034078E-038
  -13.4472249277176       1.317238184234582E-036
  -13.4027318321226       7.823799249068126E-036
  -13.2503009426330       1.586140349227029E-039
  -12.7038459449591       2.218434121359559E-038
  -13.7661125023375       1.580463781495193E-039
  -13.7426254856064       1.995550614686438E-045
  -13.7138230205486       1.509030346851692E-037
  -13.6869230385692       1.467306373822375E-039
  -13.6369886088278       3.487685762514062E-039
  -13.6293148392129       1.631395287381978E-034
  -13.5905353855409       8.290839310752053E-040
  -13.5509881201188       8.257236390418502E-034
  -13.4773511837590       8.494315200159340E-044
  -13.0722335872231       1.222084703400563E-037
  -13.0263886314194       3.996471281950759E-038
  -12.8944714175158       2.508697531675748E-034
  -12.8265079452669       1.066041364731548E-036
  -12.8022415308401       5.384568161847601E-039
  -12.6550125532038       1.655686084580602E-036
  -12.0809837098269       1.336806327548699E-041
  -11.6275106669400       1.411822008398299E-041
  -11.6251276585961       1.655755633096424E-039
  -11.5955976955911       6.684865019360679E-040
  -11.5174919698184       3.039693837555347E-043
  -11.5125101003921       2.898221872768159E-039
  -11.4950185425342       4.240401959156817E-040
  -11.4768299974323       3.181643836744403E-038
  -11.4437890636246       2.357765494847278E-040
  -11.2952092829299       4.283206769783050E-038
  -10.8906168727537       2.751716441469920E-039
  -10.8488722287600       3.177941431826130E-038
  -10.7364676528668       1.493658937580188E-041
  -10.6746790116986       3.316225184913479E-037
  -10.6566570798572       2.107438512279228E-036
  -10.4719906828691       3.788461815979103E-041
  -9.89068997357482       1.987366108624248E-038
 -0.166897914496360       1.104165037506494E-074
 -0.124578705256081       1.117044840775134E-008
 -4.143930371213855E-003  4.113210628884024E-007
  3.450258050509802E-003  1.782504237133477E-013
  9.582149153581554E-002  1.425370153089166E-071
  0.125970561263696       2.088454572046422E-062
  0.133366808594793       2.037630693503386E-015
  0.186247157223022       1.052661294596691E-067
  0.360051852783005       2.459349747734060E-075
  0.649127969554950       1.294949932455921E-005
  0.705286694315099       1.842502104954346E-066
  0.851045346791739       2.506455281177341E-061
  0.852496889015033       2.844072979463350E-003
  0.936858332850058       3.313108346254297E-069
   1.14773468172231       6.822147968285101E-068
   1.69417744771356       3.980635507327458E-069
  0.347067063436128       1.467685703958214E-040
  0.386114810540906       6.957891576129987E-041
  0.442394296323489       1.212165626605102E-039
  0.473699534379367       4.475299721466502E-041
  0.514731402716912       1.486529310908194E-039
  0.545286455244536       9.376209269679451E-038
  0.564139721765557       1.837912711448302E-039
  0.644836130111525       5.082543139531938E-037
  0.808420555693786       7.950464642866942E-039
   1.09343985746228       2.095445684049430E-040
   1.16304713841940       1.252489911791922E-035
   1.29725484044430       1.858480038177012E-037
   1.34364475249961       7.741975726526261E-034
   1.35828545652584       7.341851349119525E-034
   1.59021429723244       7.873209428929835E-039
   2.12665911974187       6.220704409152343E-039
  0.707647479071635       1.595266507184945E-041
  0.725901418151892       3.879723776690537E-044
  0.778839934381221       3.274645126578098E-037
  0.811548934670423       2.500031238334457E-037
  0.879987078449503       4.512816127284012E-035
  0.886211046948954       7.751317197284534E-038
  0.890391960732224       1.734806974253130E-038
  0.960474637913382       2.744177329882711E-033
   1.05437985753275       4.714065878121166E-041
   1.42792448216905       1.458452313092170E-039
   1.48884370010011       2.139133755242654E-037
   1.63276722630632       1.008986754322071E-032
   1.67853745424943       1.970555124788928E-033
   1.72362344322795       2.000805993871506E-037
   1.88336237392830       6.385800157066325E-035
   2.47024083292685       3.150427891952050E-041
   4.85435740150420       4.118403555244684E-038
   4.85706122330838       4.299685794944490E-040
   4.90222918644169       1.552067624798036E-037
   4.99601334994895       3.227579095181258E-040
   5.00736595396514       8.135729674607175E-037
   5.02556174313228       1.211262138587902E-039
   5.05589572340575       2.709807017396091E-038
   5.09504480833209       8.503504931975571E-039
   5.26923992491402       5.737907402160754E-038
   5.60789371407485       1.145411069780357E-037
   5.66572059834948       3.375258426955797E-035
   5.80787080063800       2.390418755089706E-037
   5.83048151609384       3.477625009837337E-034
   5.86680013253229       1.084627043286616E-034
   6.07901619006959       5.651698299582592E-039
   6.64631857106535       1.259578475004421E-038
   5.38776916647343       1.817708175501448E-073
   5.44420488066490       9.219992632274330E-006
   5.47711048171355       1.426065299845214E-008
   5.55535425642200       2.859433187071620E-014
   5.56470565859888       6.147584403330425E-071
   5.63485808730791       1.957474281580117E-061
   5.66266379438170       5.275919464996113E-014
   5.72552801846152       2.798010140618308E-062
   5.90222612764603       2.965205829994957E-070
   6.16149725062116       1.831537237737696E-007
   6.22199123147836       8.081479663837784E-062
   6.36753982449433       3.476403671786522E-064
   6.39128072893664       5.145711100522506E-005
   6.43942805057465       1.031160417948733E-064
   6.68022904625229       4.105659980204554E-069
   7.21690688157858       2.911293161573303E-070
   5.40481424460419       2.662003753054649E-070
   5.43292813145528       3.679085324697545E-010
   5.53752642184874       4.063056117947285E-009
   5.58639364038748       2.092138233836241E-010
   5.64145582127131       1.507397759108231E-010
   5.64424314111418       2.240923250691981E-061
   5.65681411470104       5.221421959969229E-059
   5.73133205051543       6.877196136216954E-062
   5.85644919767099       1.821215235322798E-068
   6.17513997975474       2.691043964980365E-010
   6.22792471535067       1.609099966375425E-063
   6.38895450316144       4.880208957091667E-062
   6.40687449340646       6.483761881055651E-008
   6.47789638312976       7.040177313006947E-068
   6.66831373121954       4.121636380701722E-067
   7.23472088957373       1.867602517631687E-068
   5.40045393196824       4.353441430490629E-037
   5.45059743135647       2.281815241222425E-039
   5.54586032961195       5.586615987700229E-039
   5.57579474173442       3.170015519271526E-044
   5.63361761826689       3.264961071514404E-040
   5.69484811620605       5.007784226772959E-037
   5.70365685148243       1.031381691896430E-040
   5.74317732350970       1.302236329188529E-037
   5.92653169780441       6.131012985857357E-039
   6.19376691664430       7.496246071074767E-039
   6.25583022321756       4.492088806186119E-039
   6.40556860367099       2.092687614925505E-036
   6.42448471011250       2.724074076178409E-036
   6.48584154634316       4.440893545760919E-037
   6.71095633200230       2.036141280836645E-043
   7.25532054119774       1.464179601939757E-039
   5.52464953854975       2.852987523124051E-042
   5.55280378105352       1.331633131378540E-042
   5.60253691495973       7.837708190909445E-041
   5.66037021878419       2.975791133314768E-041
   5.66855967054685       3.023155800047040E-039
   5.73653352935558       1.596788423332699E-041
   5.75016362638944       1.235349736926689E-037
   5.77132029710763       9.410568440581454E-038
   5.92375764175959       2.637801411737805E-037
   6.24293486097196       1.005749750917839E-041
   6.31152492408514       9.263379054504453E-037
   6.46445669355605       3.260828537209160E-038
   6.50946038601481       8.171825525308815E-035
   6.53193559792134       7.333552280635363E-035
   6.73810207659429       5.320289462028883E-041
   7.30415369807308       2.647424076990464E-042
   5.62868557842193       1.883189020770758E-037
   5.66364818823590       2.529051132874547E-041
   5.71749864570256       7.339060602920979E-036
   5.77079862276107       1.299763512551851E-040
   5.77378933465357       1.008298894216489E-039
   5.84420250631199       2.579553500787949E-038
   5.85805614514335       1.286857203922484E-032
   5.88327016987794       1.209902182169132E-032
   6.03966170717150       4.819402292887733E-041
   6.35105218597934       6.477794236783498E-040
   6.42112665215220       7.048055000206095E-041
   6.57198059750616       6.196716407492202E-034
   6.61966588868856       6.195327163901268E-034
   6.64021786761653       3.483946388226394E-038
   6.84905283517539       2.511622722293007E-037
   7.41186474950587       3.168417192965285E-045
   58.8004089054100       5.490349778463027E-042
   58.8131196907133       1.480728808694066E-037
   58.8746165298318       4.364136005654452E-037
   58.9566249388928       3.163882128395377E-041
   58.9941165243951       1.595469837532750E-036
   59.0107653424194       7.030993377338569E-040
   59.0305329701484       9.083753807501860E-038
   59.0942265303775       1.385068302984685E-039
   59.2819257142196       1.741862441915933E-037
   59.5452942408467       1.835531407298690E-037
   59.6167104984486       3.282583669752808E-034
   59.7760016392169       4.544103045836133E-037
   59.7911312910053       4.920633555188038E-033
   59.8403263885337       3.052545980305023E-033
   60.0683440401159       2.208053252900673E-039
   60.6119838275488       1.379651895855408E-036
   174.991553590094       8.924457550828453E-012
   174.998191013261       1.687443562257352E-067
   175.078449492032       9.381910001132665E-007
   175.166548851882       6.974882931942174E-019
   175.217109106951       3.655115067633918E-067
   175.232535582098       8.457629064291861E-015
   175.248909976181       6.225386266993999E-059
   175.329796437766       7.185721371773443E-065
   175.534518913036       2.067016368885224E-068
   175.718163146815       1.788788251051108E-007
   175.794893461194       7.131330323254476E-058
   175.957843629321       1.263434860045928E-003
   175.974827931574       9.080934146707603E-056
   176.015067787850       3.356048556848328E-059
   176.275301362774       3.230401449708762E-067
   176.773494716147       1.437640937724785E-066
   175.056717208773       7.295143488355619E-043
   175.094224328354       6.293490039818462E-039
   175.147934417162       2.615676120431678E-039
   175.238677711050       2.044915379593436E-040
   175.257252934255       3.216820491984807E-036
   175.308066479220       1.554951676182882E-036
   175.312698313375       5.203594100451561E-039
   175.383996907837       1.078749985301202E-037
   175.599640239403       3.015189800895419E-039
   175.785602576578       9.213268791222279E-039
   175.857365221952       2.943006308891225E-033
   176.039344380234       3.185830877554198E-033
   176.041511453739       1.658954623067228E-031
   176.066358419261       1.687721683839627E-031
   176.339610612050       1.143158865700048E-038
   176.835849598998       2.900414735829002E-036
   175.106940495091       3.828138560478990E-043
   175.139803430038       8.240566809247202E-041
   175.204812613341       7.477766718542410E-038
   175.278120868384       6.417604457676561E-042
   175.327857065844       1.660382539002673E-038
   175.345264663169       2.222349312838495E-039
   175.354841891665       7.906325295413636E-038
   175.426847898254       3.392475248570085E-035
   175.620002220846       1.017062671731478E-039
   175.830412873064       2.405380448666276E-039
   175.904494093360       3.690436930404120E-035
   176.081223905902       7.476848810933321E-031
   176.086195413383       6.574840637965383E-031
   176.124933773968       1.275631591189962E-033
   176.370670237239       4.761675372771632E-035
   176.882267716802       2.264259948140558E-038
   245.738838123153       1.626565918502388E-042
   245.767631750372       3.579858651191115E-037
   245.831107616210       4.716357142434156E-037
   245.907853282793       1.409387342950016E-041
   245.952894131789       3.764722010471285E-036
   245.975774638875       2.717905036371857E-041
   245.981305211561       2.622210406269913E-038
   246.058824481982       7.844371685659109E-040
   246.255576470251       6.643490317046879E-037
   246.461915448921       2.044481639101844E-037
   246.532927560047       3.498266156518885E-033
   246.705148372908       1.529257956020090E-038
   246.725229921228       9.322596871727134E-032
   246.769415294371       6.272402492074986E-032
   247.014249567304       3.714885332039385E-041
   247.534671047005       8.124512319712896E-036
   281.064792877816       2.233660420252729E-013
   281.090224238644       8.421325822250243E-067
   281.157280214467       3.222850321112856E-007
   281.251127272126       9.416880564354378E-016
   281.283621276670       1.567697030888597E-062
   281.322054287152       1.579442511705849E-012
   281.325781120012       1.784425148980452E-055
   281.407718261837       1.405767825398399E-061
   281.623380471287       1.558254014501784E-066
   281.781678187172       1.080873807767763E-011
   281.853882571463       1.587352610821469E-057
   282.043545234164       5.665070933802535E-054
   282.047751698214       8.845254772914703E-007
   282.091688721130       2.067273774986121E-061
   282.361660010565       2.466664027360408E-067
   282.863327978980       8.167794373533596E-068
   281.072712554613       1.738362852768550E-015
   281.091493908971       6.909936206532903E-071
   281.170160862444       5.933954541468633E-009
   281.244970263885       6.065102824837593E-015
   281.307517154789       1.257872245428296E-059
   281.311333331716       2.479323285725773E-011
   281.327198193920       1.777512040086462E-055
   281.408649784236       2.406516372621326E-064
   281.602903798175       2.939814471541717E-069
   281.782712480003       2.001985783751108E-013
   281.861966539555       2.039044946105842E-058
   282.037835550176       1.979365631229773E-055
   282.048589624687       1.770928019506996E-008
   282.103445208887       3.801969678621272E-062
   282.351624397343       7.821067435751044E-067
   282.865616140113       1.268871098124480E-069
   281.072290837630       3.993033560038847E-042
   281.088077228876       8.337170273655153E-037
   281.165711929860       3.773936528016884E-039
   281.253197747450       5.877578958470724E-042
   281.302494003860       1.183680973133618E-038
   281.321837238529       1.570808620067019E-039
   281.335242876382       2.079289541260797E-038
   281.418056137659       1.676799545599561E-039
   281.625776617602       1.743937383614762E-037
   281.785771763077       2.157042126974453E-039
   281.864603529021       8.111664610808443E-035
   282.049188571632       3.927406965459808E-037
   282.049731571693       7.769842357484959E-034
   282.104298155499       3.848913042879774E-034
   282.366447139648       3.866793794099472E-043
   282.871128600250       1.724783204727809E-039
   281.085476112402       1.546392506586057E-043
   281.129195799932       5.308101947544429E-041
   281.184583435771       1.808160691896123E-037
   281.263123341468       9.628647854206385E-041
   281.298046020131       1.128655815738910E-034
   281.329684491386       3.657609878263576E-039
   281.334713045916       2.970847562094723E-041
   281.406838942352       4.974451226294499E-043
   281.609689161334       2.253219105641990E-035
   281.800912431878       1.129099251075997E-039
   281.865204207095       3.060476906599919E-033
   282.046108921046       5.440889729302449E-041
   282.073419826895       5.250436791338720E-032
   282.103614168888       3.215062736258466E-032
   282.359157379635       1.244138131217410E-041
   282.873340474914       3.897852291967318E-038
   281.102903924284       7.769441781476144E-041
   281.147926102357       2.257250613732470E-040
   281.201568308437       1.126949820422389E-035
   281.282585534532       2.270868577816683E-040
   281.313197250533       1.029340791386857E-038
   281.347834734246       1.396095949506543E-034
   281.354687574543       1.512047344450029E-038
   281.424969608708       7.540762283106785E-035
   281.630686002935       3.366357956651896E-042
   281.819392227915       5.120556379671865E-039
   281.882517719771       4.908766087799279E-037
   282.065273167370       3.709078172562720E-034
   282.092043495447       3.211997225045722E-034
   282.120419370810       3.142251915032098E-036
   282.378853335465       2.370768534692501E-036
   282.891495699790       1.608894130409231E-040
   496.611088725211       8.365274107656988E-046
   496.648306042569       1.057401785688818E-041
   496.710895118014       6.504538902717775E-039
   496.787892579465       9.206822086943280E-044
   496.831646382255       2.342033512932477E-039
   496.857311979771       1.030680773803369E-038
   496.860466048762       3.256500062548474E-042
   496.939942707407       1.070138031545056E-039
   497.141489128520       1.884796339971411E-039
   497.307592006635       2.526175941442099E-040
   497.374655964047       4.822826666976310E-035
   497.554816259817       3.519725315059501E-038
   497.576480931471       3.350548207033470E-033
   497.612482797776       2.649979775851660E-033
   497.870355893151       1.260277957047357E-041
   498.364777298666       2.378461568803397E-037
