                  1184
  -19.1165760494181       4.466358000351916E-068
  -19.0757992378188       9.131115109881252E-005
  -19.0686781322644       2.626976163549225E-066
  -19.0559687712147       1.135322113983504E-065
  -19.0208990736663       2.056796083770417E-064
  -19.0208493250376       1.998977752773158E-014
  -18.9955920978658       3.300652174699490E-007
  -18.9728461274957       1.160549700031381E-011
  -18.8876934555996       1.354915696513964E-009
  -18.4355316993013       1.412665746692589E-064
  -18.3893603589482       9.130009457089546E-008
  -18.3413182722129       2.120665933930960E-015
  -18.1757301831811       2.065047309392684E-068
  -18.1385249935974       8.419172669270481E-009
  -18.0589444239319       2.139827754408750E-016
  -17.4678631434269       4.336202708565191E-012
  -19.0650752041304       5.207819843089316E-065
  -19.0079425141194       2.767758367948556E-008
  -18.9929405279640       1.699966278884702E-062
  -18.9916099098353       4.175636692733970E-060
  -18.9434537770948       1.227358149212417E-010
  -18.9296447202861       8.525525118072094E-011
  -18.8967577225509       4.287852933843124E-066
  -18.8620034396866       2.369147802055178E-012
  -18.7961918304702       5.220780538462267E-013
  -18.3920947571552       2.103752546286820E-069
  -18.3543451945658       1.212126808802546E-015
  -18.2425914501347       3.618740871793736E-013
  -18.1120528218242       1.245207864928461E-065
  -18.0812275500188       1.508156359980411E-012
  -17.9753879785202       5.381360559966162E-013
  -17.4037272271375       2.397397726115209E-016
  -18.7480085016174       1.980799353808429E-065
  -18.7053153281806       3.546415830457925E-065
  -18.6993699217077       2.201608293570892E-006
  -18.6715615606855       3.701570901515259E-062
  -18.6374436072669       1.267139795575504E-008
  -18.6185139868695       1.616104571900290E-007
  -18.5926135343137       6.402955727331851E-063
  -18.5683890106953       4.509312323335048E-010
  -18.5185903851099       3.441707477252251E-011
  -18.0873867899341       3.793122880463939E-067
  -18.0267143722193       2.769918800190170E-011
  -17.9458559216435       4.515119926432404E-010
  -17.8138092718588       5.798746223787639E-066
  -17.7831947228106       1.499771042008742E-010
  -17.6975406985225       2.353298673134145E-011
  -17.1213361395238       1.502860070475323E-013
  -18.7178766014237       2.744971954079472E-065
  -18.6957130147144       1.452584462834771E-004
  -18.6829818722498       4.395062428992914E-064
  -18.6619561123322       6.306467733810690E-062
  -18.6334000615533       8.688044800064253E-064
  -18.6226283549681       1.602104196086738E-007
  -18.6008064479716       5.459789522066238E-010
  -18.5947403289800       4.137518063461096E-008
  -18.5251103862904       6.453140349273117E-011
  -18.0577472407309       3.801511197981828E-062
  -17.9948914320780       2.560096733342026E-007
  -17.9540664214094       4.084034550609665E-012
  -17.8088114397881       7.568615737764456E-066
  -17.7665823782043       2.562594388118401E-010
  -17.7034897792886       1.053747610536080E-012
  -17.1150538050821       2.405309925924336E-012
  -18.7275114477809       8.148723420327430E-033
  -18.6680342268943       8.870228553764483E-041
  -18.6576326598375       1.145888360006833E-039
  -18.6132182600973       8.880117844552029E-044
  -18.5879018267316       1.729101842290540E-042
  -18.5493873500140       5.566149792362588E-041
  -18.5423598679482       5.817192087160368E-033
  -18.4645059331266       3.082512767172772E-040
  -18.4338222766512       2.645923870668876E-045
  -18.0080142401117       1.611757409011946E-039
  -17.9599511927610       2.495837744248584E-035
  -17.9232988911852       5.986086489826755E-045
  -17.7508836012860       3.169420069300972E-040
  -17.7364051901999       7.028752600909250E-036
  -17.6223555576443       1.055654876737068E-048
  -17.0502602128543       3.875604657466770E-046
  -18.6481918138754       1.089443899373586E-067
  -18.6050568892238       7.669049630248663E-005
  -18.5584724231046       1.268850466212739E-066
  -18.5348484320270       1.291970847332495E-010
  -18.5293159111210       8.036760672804680E-062
  -18.5251548048012       5.684831932957633E-008
  -18.5171811286010       6.019900972329457E-064
  -18.4170908505041       5.763280391591909E-013
  -18.3592104238296       1.618298121405361E-009
  -17.9489008542146       7.150880527827017E-066
  -17.8728712313028       5.034545442548748E-008
  -17.8287589591999       1.847447712986514E-014
  -17.6908585982514       3.965775344157032E-071
  -17.6700852864649       8.480888984004663E-008
  -17.5354808683609       1.259538780393404E-017
  -16.9491632679930       1.136832378730184E-010
  -18.4967979220845       1.044433816491117E-070
  -18.4396615255311       6.620260741837926E-009
  -18.4209026823732       1.879001753216502E-062
  -18.4080410108930       2.822007728760211E-064
  -18.3699359391861       1.124428886011795E-012
  -18.3518109790020       5.255400590381430E-011
  -18.3020184234660       3.731558267175872E-064
  -18.2683451944021       1.628453816864349E-009
  -18.2003187258473       6.582724888277196E-012
  -17.8009995377853       4.044264888104279E-072
  -17.7720022626808       9.452470809255390E-014
  -17.6322130529968       6.110092224416849E-012
  -17.5345724201920       3.828540607867729E-068
  -17.5165702529859       6.637344084030763E-012
  -17.3768452509957       2.821038638997698E-013
  -16.8041890335523       5.362083914905467E-016
  -18.3687674933697       1.034040943872678E-070
  -18.3380919618364       5.258812177077847E-005
  -18.3206146222188       2.496261887393508E-065
  -18.2966777322349       1.319780682013609E-071
  -18.2608755438412       1.947037305369942E-065
  -18.2575680090281       4.400178242530325E-008
  -18.2501442004235       3.425288222502654E-013
  -18.2175546301327       4.100220783286342E-016
  -18.1194819089642       2.860174908312139E-008
  -17.6795945260473       6.906729195081655E-070
  -17.6392139303052       2.500304142694882E-009
  -17.5590609322087       2.787600448159846E-019
  -17.4350754695401       1.247381638132974E-071
  -17.3987529482068       8.214860208682140E-009
  -17.3029178080952       4.355096960921541E-016
  -16.7261317702663       4.770975566534162E-011
  -18.2089731045969       3.165761709920591E-037
  -18.1734826526765       2.863159710726521E-036
  -18.1460828201017       1.466979136192089E-033
  -18.1370129370409       1.413807512567004E-033
  -18.1335588294484       1.106396977489922E-035
  -18.1055052260665       2.108773570336111E-036
  -18.0999311198340       2.451392965162463E-036
  -18.0521104719911       1.558959751588381E-041
  -18.0047549969631       3.244372764592467E-043
  -17.5331588253014       4.967720612938289E-040
  -17.5288781378555       3.763466468488487E-038
  -17.4435130807138       1.597932572300740E-043
  -17.2947462693926       2.195107439415480E-039
  -17.2524871658511       1.274070513596938E-039
  -17.1893679817234       2.697708563384452E-044
  -16.6104386371461       6.787113820001063E-045
  -18.1291076072882       4.154722509666499E-069
  -18.1189266246426       9.400549922214089E-005
  -18.0876947660288       1.194778990709212E-064
  -18.0859085735209       3.783268542021891E-065
  -18.0556364406639       1.670072596438668E-070
  -18.0421848718550       3.299840482155497E-011
  -18.0308923389225       1.593598783842086E-006
  -17.9922924827215       1.122478989649046E-014
  -17.9153599738452       1.698098584996176E-009
  -17.4732587476620       7.730612337551086E-067
  -17.4184598819413       2.262652673294792E-010
  -17.3835464431530       3.165085843422388E-017
  -17.2271594548402       1.117279074906993E-068
  -17.1902981332800       9.552387644883006E-010
  -17.0985807199242       3.987527223300905E-017
  -16.5190107905267       4.224418009935385E-014
  -18.0404556709450       7.542391055264595E-037
  -18.0297242756665       4.088515683898084E-035
  -18.0224057022015       5.646454681294106E-032
  -18.0089872130121       1.469664383117410E-036
  -17.9712443188292       6.683250115497979E-040
  -17.9652319343221       3.306746375291825E-040
  -17.9590185041611       4.474421548363606E-039
  -17.9209503924111       1.579745203238583E-040
  -17.8405656437524       2.760342886699412E-042
  -17.3851006602126       2.304796891098565E-038
  -17.3525387363009       2.067875037803217E-040
  -17.3152823573747       9.261747803201358E-046
  -17.1520696796073       2.534826735745460E-037
  -17.1177099443167       2.445551300868416E-045
  -17.0268911314971       5.387194466852999E-046
  -16.4508333804647       8.167104356096491E-045
  -17.6224385045314       4.316173142972935E-065
  -17.5795203326409       6.926391056418351E-067
  -17.5499696670592       1.072242811845392E-008
  -17.5457658028418       2.382856520941513E-057
  -17.5440180297815       2.234106267968275E-009
  -17.5147209718740       1.782381370387393E-065
  -17.5061916834137       1.492206203988052E-009
  -17.4900929588248       2.224213249308201E-011
  -17.4160890986645       2.635764944534883E-011
  -16.9684332244892       2.589344696105691E-068
  -16.9417179255062       6.981077132805562E-014
  -16.8913418477234       3.345334024911228E-016
  -16.6737454186768       7.768037759074479E-067
  -16.6510262594418       6.728650075208725E-013
  -16.5922103845840       6.078970217033581E-014
  -15.9994027952981       6.883427358349939E-016
  -17.5527902981405       8.054487922994263E-065
  -17.5284539263200       5.252628005246143E-004
  -17.4821055078114       5.201301223087898E-064
  -17.4774074426619       2.664034406865253E-062
  -17.4599741384169       1.140619308345328E-010
  -17.4382637653439       5.009709188588712E-007
  -17.4369479160398       3.239368497104321E-058
  -17.4097312171740       1.891909882338390E-010
  -17.3256821445287       1.833114987753863E-009
  -16.8557285761744       2.602895747814589E-010
  -16.8518941565757       1.411330254977856E-065
  -16.7784451144674       1.255293361543898E-014
  -16.6355896669807       6.256392952977305E-066
  -16.5982389081806       2.019768833249811E-012
  -16.5106711862720       2.011937764663146E-014
  -15.9316449704032       2.089892089524179E-014
  -17.4354934283232       6.914594776261216E-063
  -17.3901501261798       1.832024203366453E-006
  -17.3892127306221       4.114419651753744E-063
  -17.3640510143150       1.069363623776023E-060
  -17.3247975643848       6.921439804649292E-011
  -17.3112352777108       9.290746372944412E-064
  -17.3088266861384       7.407068649053608E-008
  -17.2902807795887       9.705864333610626E-012
  -17.2159403502029       1.403397649901204E-017
  -16.7740069101943       1.177113267623296E-067
  -16.7153273494043       2.983313005199138E-014
  -16.6517717622721       1.779238839247849E-011
  -16.5056827589466       4.723291031078123E-067
  -16.4771972745586       1.036344962392918E-011
  -16.3967058520332       7.001673636167773E-012
  -15.8153684168672       4.303799929000662E-014
  -17.2655178899287       8.213396922604372E-035
  -17.2637476055145       6.773828896898868E-034
  -17.2428009446823       5.633793685985881E-032
  -17.2277992584213       1.495290752601487E-037
  -17.1901156064450       3.381822453423084E-036
  -17.1744904838894       7.815151794196428E-036
  -17.1668437052642       5.364536003128163E-040
  -17.1270441607762       4.037207727019996E-037
  -17.0289109027554       1.191257387228951E-041
  -16.6035051153985       1.608906730632864E-038
  -16.5760115711326       5.710178203181745E-039
  -16.5222261603577       3.733981608053128E-043
  -16.3654619763752       1.559084473916302E-038
  -16.3327419658514       2.772698817136163E-041
  -16.2190436541486       6.478649920051811E-044
  -15.6486157650269       6.415583994869516E-044
  -17.2979093143239       2.402888941405286E-035
  -17.2723657246964       1.012588124707082E-038
  -17.2319701304022       2.985620145563085E-033
  -17.2026553127466       1.831122723501108E-034
  -17.1928949635769       3.274824703231642E-035
  -17.1832666105241       2.007008287870296E-034
  -17.1687012838461       2.365098858259342E-035
  -17.1384336608754       1.838922325396945E-037
  -17.0407699292064       1.173412424384506E-040
  -16.5991477268946       1.177257018423011E-037
  -16.5931433036184       2.601513389927702E-040
  -16.4992278566733       9.623185414397447E-042
  -16.3678851648687       1.033030403547657E-039
  -16.3391290354253       9.460828317675652E-041
  -16.2216374035520       1.215898696996719E-042
  -15.6393793478049       6.538865088321878E-044
  -17.0220872542650       3.370481275867549E-068
  -16.9695767827134       1.411528124896758E-004
  -16.9437618613128       2.708699969483627E-066
  -16.9428097972932       4.671918420882791E-066
  -16.9111272332239       6.216091587297790E-006
  -16.9016299131403       1.282205618509144E-010
  -16.8922687735183       1.739907299609619E-067
  -16.8627340591079       1.596979042711878E-012
  -16.7599792938322       7.701512130336272E-009
  -16.3378649921641       5.625599563561050E-069
  -16.2917621989198       1.023884468744223E-012
  -16.2234680757080       2.120337148616157E-018
  -16.0725599157026       1.061592855379358E-068
  -16.0694146523432       8.704173440129310E-011
  -15.9424253445515       9.630507024643508E-020
  -15.3629417105548       1.077308249935976E-012
  -16.7292898441779       7.017905519359669E-066
  -16.7033394666079       3.728434742643748E-005
  -16.6821150936748       8.676750919918911E-064
  -16.6756460852325       3.519166825751088E-066
  -16.6441993570017       4.073730831026272E-067
  -16.6243309633808       1.426363758286122E-008
  -16.6196431662194       2.236385138248349E-009
  -16.6010829374117       5.862397041900409E-011
  -16.5173034789942       1.205096384154966E-009
  -16.0700813213594       1.202195691513776E-065
  -16.0153001393965       4.587340858373899E-008
  -15.9686778521026       1.223491307207232E-015
  -15.8153340954516       3.824692158453926E-068
  -15.7806363718064       1.495592671192244E-009
  -15.6983361605512       8.655484033681241E-016
  -15.1148806034792       1.253404593407843E-011
  -16.6078114557097       1.449651515211238E-063
  -16.5525415239925       2.554150707905120E-008
  -16.5395644798755       4.140273971106421E-061
  -16.5167547306561       7.969265172403371E-063
  -16.4868289160387       5.068038249735011E-009
  -16.4718090098496       1.255668619113456E-010
  -16.4311278961880       1.013188859337250E-059
  -16.4253705694634       3.993977609883815E-009
  -16.3220953603055       1.494194602455309E-016
  -15.9076788766143       9.564390183048438E-066
  -15.8789305606539       7.755095651901333E-012
  -15.7549552975723       1.265286091140367E-010
  -15.6534359814235       1.463209936747760E-010
  -15.6460022559805       2.239309403190189E-066
  -15.4976809322245       4.303183888160276E-012
  -14.9161136597273       2.143604123895562E-014
  -15.8259502000574       2.308757394308379E-066
  -15.8020816284029       1.459411380925907E-004
  -15.7541968829134       1.798742588486461E-063
  -15.7210698259792       4.710315980898518E-006
  -15.6956834193283       1.772018131361422E-062
  -15.6929653317253       1.194058482401492E-011
  -15.6723692795922       1.906137430833619E-064
  -15.6051068226955       1.452402524939114E-013
  -15.4811152270174       1.251371561895277E-007
  -15.0629177306352       6.678495811270920E-066
  -15.0158496315591       4.113681697140293E-008
  -14.9160196420536       1.682533561735217E-016
  -14.8635117818364       1.511034052372037E-006
  -14.8434275906035       3.208822601990940E-066
  -14.6449670189915       1.320861554197183E-014
  -14.0438361500121       1.412842661132566E-008
  -15.7654789186641       6.638116027602450E-033
  -15.7425376204102       6.262874474789290E-042
  -15.6738358124785       1.099922693845591E-039
  -15.5812268150312       1.525988328183115E-038
  -15.5718771615663       1.699986167476526E-038
  -15.5519672090098       1.086386567843545E-032
  -15.5194328945902       3.810772706518436E-043
  -15.4478275778365       3.569380040500312E-040
  -15.3808807519730       1.145827058646245E-042
  -14.9865398635036       2.877135626108962E-037
  -14.9802166137234       9.032385759260789E-038
  -14.8774392031076       3.661348982354549E-044
  -14.7623671690117       2.340490415019942E-034
  -14.7535743033062       2.049480515531253E-039
  -14.5897152933659       2.180089690748589E-043
  -14.0396695156377       1.447592669682828E-042
  -14.9526287744113       7.966944016521426E-004
  -14.9259626162444       3.835648687667687E-061
  -14.9009559967477       2.475474193472521E-063
  -14.8842249567171       3.420442313356190E-064
  -14.8483301786945       5.727266226061198E-008
  -14.8302298856913       9.187368908667479E-012
  -14.8185153730327       5.331373491810198E-065
  -14.7563472823114       1.060230226035014E-009
  -14.6701924943750       1.322029408085102E-009
  -14.2566277923168       2.882303711618179E-063
  -14.2059222132674       8.197204501937395E-008
  -14.1583703418054       1.978677008499020E-013
  -14.0508524013093       1.038745969081668E-064
  -13.9967421623341       9.316587913194699E-008
  -13.8813980472344       1.599788913137036E-013
  -13.3379115774684       3.823908926558673E-010
  -14.8445958548878       3.578340898420690E-064
  -14.8164526900789       1.767166398052064E-005
  -14.7893919705077       2.287669947446902E-063
  -14.7809601992266       2.047478044648394E-062
  -14.7317486164050       7.913471659062121E-008
  -14.7093181403568       7.423275389301894E-007
  -14.6889189898394       3.455430664196941E-062
  -14.6563370062123       1.444230650847478E-009
  -14.5951641566981       2.950929994788880E-012
  -14.1691468472548       8.582366742674353E-066
  -14.1060739903652       6.587808082659945E-015
  -14.0088745741943       2.038681906907947E-011
  -13.9223163832917       7.820835051240120E-068
  -13.8945790680241       1.468725184204636E-011
  -13.7828677956832       1.861090752757223E-010
  -13.2134659706781       1.725576306587103E-015
  -14.8180703186166       9.380351965728186E-038
  -14.7898330631622       2.310974482513399E-031
  -14.7474191800847       7.850023638927014E-035
  -14.7340612549633       9.312239748004814E-041
  -14.7063001484753       2.876681995191499E-037
  -14.6852806598848       4.617615675742086E-038
  -14.6253165981585       6.154990731417738E-040
  -14.5866401445851       5.232907231459873E-038
  -14.4751213402565       8.780409840954924E-042
  -14.0796593750200       2.488553642988843E-040
  -14.0462825410289       1.958071156304270E-040
  -13.9737701276644       3.149119501296550E-044
  -13.8941551677853       1.029977872063292E-036
  -13.8664335431106       1.486895610174735E-041
  -13.6864141129299       4.044901203301645E-046
  -13.1447387735921       1.086006314980332E-042
  -14.7932100286328       4.400789030994940E-036
  -14.7868384568058       3.295016629468553E-036
  -14.6909857306983       7.680769065523229E-034
  -14.6831082725816       4.375442137648783E-034
  -14.6514628429457       5.090591947208238E-036
  -14.6332222563115       9.361349748421458E-036
  -14.6253120990490       1.782994577795963E-035
  -14.5722795190724       1.060571747734472E-038
  -14.4964685216463       5.617709745186041E-039
  -14.0536133801120       2.586979623769451E-040
  -14.0492925177854       5.021577887116936E-037
  -13.9226216555510       5.113263045678837E-046
  -13.8671320928623       4.529642688745545E-040
  -13.8143726845438       9.121928981756643E-039
  -13.6882509910195       3.204423105914805E-044
  -13.1174847553417       2.074758406017866E-041
  -14.7049621795355       5.332837253777618E-004
  -14.6891108887554       2.315318859559401E-064
  -14.6475477180743       2.911955525086979E-063
  -14.6009131059247       8.950710634436221E-065
  -14.5753434876697       1.246088013680411E-063
  -14.5687085452319       2.233214655380532E-007
  -14.5490035945621       6.697732867595987E-010
  -14.5194091304687       1.916583536231551E-011
  -14.4159573380227       3.760689943817106E-007
  -13.9979912722092       2.715202911193136E-065
  -13.9644729056789       3.252882181473928E-009
  -13.8637572586910       2.709047191743966E-015
  -13.7942924379187       5.350761874034696E-066
  -13.7420560278229       3.870976233780152E-011
  -13.6167595347285       2.649973370897239E-014
  -13.0565164372687       2.036860727215392E-010
  -14.6032563721100       2.402524638566322E-067
  -14.5542534914850       4.142315988163308E-004
  -14.4985008683481       1.342973906713203E-063
  -14.4896638550112       1.734483325898799E-005
  -14.4847372569401       3.882359980958292E-066
  -14.4572601447868       3.124421469380762E-012
  -14.4424896623428       1.090208072589391E-065
  -14.3830574702793       8.333971603884041E-016
  -14.2857254036909       7.857898285089774E-009
  -13.8884371686045       4.959824966243496E-069
  -13.8259192316744       2.727382544151961E-009
  -13.7404293527745       3.899009406274112E-017
  -13.6485723996344       3.355180997258824E-010
  -13.6461689547505       7.462886857962770E-065
  -13.4837150419950       1.020505052740261E-015
  -12.9208301552356       2.653698712803325E-013
  -14.1695866441396       2.412827931102509E-063
  -14.1335130059939       1.669340255629527E-008
  -14.1123603885050       9.959564432122382E-061
  -14.0819974131492       2.886700012662201E-067
  -14.0445942542985       4.353893963191239E-011
  -14.0319696868300       1.503697189465729E-009
  -14.0058581979991       4.819786033282518E-064
  -13.9797530374989       1.768408510490099E-009
  -13.8833645401111       6.096781801773921E-012
  -13.4753408734174       7.570737680159188E-066
  -13.4381508468588       8.630986100936191E-013
  -13.3143685305514       2.190233830167526E-012
  -13.2259813766817       3.960951576339878E-068
  -13.2172081079837       9.334037350857790E-012
  -13.0646131280933       6.662730995231582E-012
  -12.4872515177913       6.815175058846196E-014
  -8.99201683992675       1.165307465375536E-003
  -8.96304953062613       4.954880984970485E-042
  -8.90663799636286       8.489871376749544E-042
  -8.86394774008278       9.981388072559331E-049
  -8.81696584779055       3.911541761412730E-006
  -8.80319185969770       1.043400343748732E-046
  -8.78401313835615       1.059847176864706E-010
  -8.75520440284811       6.347499762966611E-011
  -8.61388767421047       5.040059037455048E-007
  -8.25426437156849       5.197134864968419E-050
  -8.21156441521841       4.439229573137901E-011
  -8.09696535085990       4.071427177532340E-016
  -8.04696796283603       5.483770767741591E-047
  -7.99210979698583       2.426600365526286E-008
  -7.82202987985315       1.336673854064968E-014
  -7.26886002295165       1.950080146212696E-009
  -8.98989691513984       1.130737399204167E-021
  -8.95407360905162       5.590169856415892E-023
  -8.93308130133413       1.587197082112561E-023
  -8.86918659178575       9.802968894562577E-031
  -8.85896672389786       2.603700192373608E-024
  -8.81229216191106       1.456249538968754E-032
  -8.77759478140738       4.557748021513275E-034
  -8.72900479020774       1.631135985359579E-031
  -8.57846718845934       1.323173187876806E-025
  -8.25692162955826       2.059633419401574E-034
  -8.21479430624895       4.112208218312464E-031
  -8.10316399391400       9.207892307008508E-039
  -8.04732140411687       3.212036188118921E-028
  -8.01203050616668       3.020156626828294E-028
  -7.80523724901389       2.303202810255492E-035
  -7.27592787469363       1.838015473852274E-029
  -8.97062973323376       1.435975131173196E-036
  -8.95434325440979       1.717023271835436E-035
  -8.86558832549913       9.429626949551635E-034
  -8.84665936465024       1.262805959787451E-034
  -8.80651026114694       3.215923962544459E-034
  -8.79034273243890       5.019791860800201E-034
  -8.77163520413996       1.170944413445857E-034
  -8.72419869969329       3.486864261775502E-039
  -8.63497850074002       1.113662095868007E-038
  -8.24200421776578       5.052596919255540E-044
  -8.20322037597914       4.534315278502938E-037
  -8.08793832730284       8.987228302678118E-045
  -8.03174570257612       4.188793284552014E-040
  -7.96225280310197       4.221949483885152E-039
  -7.82826519158010       8.618429450339478E-046
  -7.25875502416202       6.202799485423698E-041
  -8.83446950835349       8.542844365378608E-067
  -8.78067666636287       2.372382057765915E-004
  -8.74919563047014       9.566051995248004E-065
  -8.72197402476529       1.993389953251353E-063
  -8.71925856094309       3.867744507694575E-005
  -8.67090985733994       1.582456948172289E-011
  -8.65974972985916       1.017977482427003E-064
  -8.64640654767673       8.367019830149423E-013
  -8.51825605025240       8.335965258173703E-009
  -8.13024382055925       6.291362420063689E-071
  -8.08426656809333       5.743671639034601E-012
  -7.97393756537731       2.496992637140055E-020
  -7.88235702079232       1.241059283333956E-008
  -7.87382843870468       8.526382074359214E-066
  -7.71455461053158       3.027915127676721E-019
  -7.15023723453746       5.730426465497028E-015
  -8.80373289699046       1.269880314830423E-063
  -8.75265779797926       1.339033347723227E-005
  -8.72421113474857       1.834709482675239E-061
  -8.69825025648093       8.998490087525477E-065
  -8.68958353286138       2.254067240002524E-007
  -8.64069961124939       6.784951599805360E-008
  -8.63322194792116       3.911367993035779E-063
  -8.62485902067000       2.544378668995321E-009
  -8.49813309524968       7.860947281515649E-011
  -8.10235295070684       5.083774476460832E-068
  -8.05708467405326       9.023937337303769E-013
  -7.94712851188677       2.486430724686267E-014
  -7.85343717663496       1.870721911783714E-009
  -7.84738504549803       2.367704357149302E-064
  -7.69134144908025       2.760178260428593E-015
  -7.12400324280900       6.338559329243364E-014
  -8.69346669017959       7.701656210545397E-004
  -8.68357255674367       1.767472818056089E-064
  -8.64650100035709       1.809317638897338E-063
  -8.57864422650307       2.782712512154348E-064
  -8.55411855237469       3.954683397195687E-006
  -8.53412115672253       1.374188408341592E-067
  -8.52665716672712       2.289113461627578E-009
  -8.48418569789099       1.136656092705037E-009
  -8.33198392410176       2.941337783983441E-007
  -7.94953660491323       3.888727182306980E-065
  -7.91446391451175       5.948297839220391E-009
  -7.79721211058146       9.151505476615532E-015
  -7.74318435618041       9.334322079578312E-065
  -7.71088571396634       2.675800677724988E-007
  -7.52127454106264       2.671360484038567E-015
  -6.95127058000368       3.480631946432561E-008
  -6.40472214940416       2.500124375269980E-040
  -6.36826856145451       3.712208153895126E-035
  -6.25328495051065       1.868725467337046E-039
  -6.24119017268136       1.723908781553820E-032
  -6.15467120362400       1.294211972740392E-037
  -6.13308891205885       7.708251568129907E-038
  -6.11592941958388       2.707234226368848E-039
  -6.07447202846852       9.270422896976442E-040
  -5.91392020348024       1.037112945992096E-041
  -5.61124902174486       8.279514253962212E-038
  -5.56115949678860       8.252443513569549E-040
  -5.42863150958419       6.682146456240093E-040
  -5.40664338467073       7.759649207105026E-034
  -5.32870738934389       1.921978219151912E-042
  -5.13289365369953       1.040291621250842E-042
  -4.59225605148707       1.569073662934435E-041
  -5.97975659888978       7.823460944999652E-065
  -5.93610149597511       2.368527888099879E-005
  -5.88202492943497       2.169174802915443E-064
  -5.86269944634556       9.629116002475321E-007
  -5.82769287802063       6.550536715037938E-065
  -5.80274961856297       2.079819514164700E-013
  -5.78074232244686       7.163106057512754E-066
  -5.70264772102609       1.159520580156339E-013
  -5.56058424449744       4.934728726944147E-009
  -5.25832742490911       1.676935569315359E-065
  -5.19254503111351       2.310720780674611E-008
  -5.07767955003388       1.300791984615623E-016
  -5.00714083550466       4.477694082064649E-066
  -4.99176925741352       2.287042173049851E-008
  -4.78768641919056       5.158406793782457E-016
  -4.26040550789536       5.633435453354531E-010
  -5.63045666284534       3.618735125975564E-068
  -5.60772068653939       3.808923379432050E-010
  -5.56268100237955       4.624550325122434E-061
  -5.54784445124470       5.623929617578676E-063
  -5.48368342748865       6.370186442609772E-011
  -5.46618338362325       2.706575435239316E-010
  -5.46323192160555       4.997829847559530E-063
  -5.40165569541703       5.761386183496345E-010
  -5.32836380100511       9.002315703626275E-013
  -4.93388936060756       4.375665538866457E-067
  -4.87851091856074       3.925586917985108E-012
  -4.75242383918763       9.248887566877431E-012
  -4.68205266541129       9.521140782518337E-067
  -4.64309545532295       1.796554369603599E-010
  -4.50257972063293       2.488162974139460E-010
  -3.91908583378635       3.353436566663995E-012
   2.90869420769254       8.056149585935692E-069
   2.92800161223074       1.806992437918133E-004
   2.96388690011372       1.387655858035942E-063
   3.03853138150420       3.784514666011449E-063
   3.05579025491885       3.099653129462545E-006
   3.07596172100646       3.250616362253697E-063
   3.08669235560167       3.586628363565335E-014
   3.13270264041235       6.435564728037402E-013
   3.29640317696210       3.109190986567963E-007
   3.63784643437400       2.764915023134323E-067
   3.68441715836187       3.236850785291270E-010
   3.81675469761320       3.068459259511843E-018
   3.87749135550709       4.262534801094722E-065
   3.90110550448601       4.264285423784690E-007
   4.10123700869699       1.725138070421378E-014
   4.66684601595029       5.139863608026782E-008
   4.62538794183769       1.987042650535721E-038
   4.66039593391256       2.987744041658427E-033
   4.67716176115616       1.940408494116928E-031
   4.78322993454690       6.120594710599640E-036
   4.78676328830874       2.608963540845631E-038
   4.85294419339686       7.863860840418059E-036
   4.85976310854007       8.479464952321920E-039
   4.92418674918597       1.128511817570744E-035
   5.11687053710727       4.204930868687472E-040
   5.36145439095655       1.419412379718375E-039
   5.41616370737121       6.474766569709530E-038
   5.57031477421471       2.350451820738395E-042
   5.59951504443992       8.899028188149469E-036
   5.64393863009225       2.002329346146627E-038
   5.88334412062985       4.993437621133721E-043
   6.40798204314931       3.947247446401533E-043
   4.64257818287602       4.123111548921099E-037
   4.67510029583778       1.065392865789764E-036
   4.75422533819119       6.916130744371869E-035
   4.79615960672398       5.784446458274855E-036
   4.81725523460388       4.729130180504743E-035
   4.87135063027597       1.008608879227705E-035
   4.88674680882525       1.552642203971013E-036
   4.93359287222111       2.748973100540402E-040
   5.04553205952180       1.616803784269929E-040
   5.37575700798257       5.611279251136331E-044
   5.44741689684488       3.109004592832773E-040
   5.56673693420695       5.908073921168481E-043
   5.61396026648863       2.401516579521119E-039
   5.69887777140169       6.568504405670380E-045
   5.85439686519259       7.611636702971050E-043
   6.42555234520970       2.406037537047329E-042
   4.60751584378306       1.329459972615730E-003
   4.65937475080246       3.242009934162163E-066
   4.73513761861849       1.795226887349916E-066
   4.78138921820976       3.347134302522519E-067
   4.85950547230525       6.283275536950568E-062
   4.86575616765504       4.048788947597480E-006
   4.89371046359289       3.192129841866994E-013
   4.94749089772499       2.219656069531568E-012
   5.11041726277471       2.808467700388133E-007
   5.37244312800023       7.470924161344147E-071
   5.44993438487430       6.751105540836311E-014
   5.58687284916001       8.909783009880700E-019
   5.60400712608974       8.098432767604513E-067
   5.69268887528601       2.126727190452433E-009
   5.89131467272888       1.460563649797562E-015
   6.43315073831808       6.618381780849451E-010
   4.78124120251916       1.360879489382317E-066
   4.83641440322763       1.536631661826947E-004
   4.85573605349294       1.354462056424060E-064
   4.90591606249810       1.458567106032138E-005
   4.91299751477327       2.249807900031708E-066
   4.96144023407087       6.468072685984689E-014
   4.96839990151876       6.549368477245540E-064
   4.97796796786035       2.818194963329937E-012
   5.14107921745313       6.523219231052921E-008
   5.49224175762717       5.499087196484889E-071
   5.52682436120062       1.441706650148311E-012
   5.66180858617657       2.122574284918561E-020
   5.75516945615126       1.017425702444975E-008
   5.76224613075870       1.715642804743820E-065
   5.94768094512230       3.091606184452480E-016
   6.51381940350723       2.107049826684201E-012
   4.82385241945654       3.146780273681244E-063
   4.87914020944829       2.063086011066548E-007
   4.89819027362674       9.020779542956813E-061
   4.94825459819625       1.086452115262498E-008
   4.95461587444368       2.337679526008198E-061
   5.00355897056252       2.078956068045902E-010
   5.01048972683280       5.035424562148326E-058
   5.01884995409322       7.648266605186064E-009
   5.18129315520394       5.232830662998246E-012
   5.53497810105311       2.175487754389236E-073
   5.56916799340298       1.134191997456787E-015
   5.70376567819089       7.729770498190523E-015
   5.79744594056835       4.995363882605151E-012
   5.80477160149918       2.292203486926078E-065
   5.98883982970582       5.580030579288911E-013
   6.55588092953479       1.878696078137316E-013
   18.0345922482155       1.626795635381344E-040
   18.0932766059525       3.036545578598037E-034
   18.1707547777089       1.915678808283678E-032
   18.2311387148947       1.258638416078010E-042
   18.3059693093106       5.299209354319471E-039
   18.3291274980488       6.411212677772862E-037
   18.3535658621450       2.653826395628946E-037
   18.4225086062396       1.194202961161863E-038
   18.5990885125839       2.108828398399678E-042
   18.8283006509028       2.261784176007353E-037
   18.9219990866570       3.600434629753227E-038
   19.0517470679664       1.100562359803381E-033
   19.0721892003061       1.328990101651590E-040
   19.1601900988042       1.499610013229200E-039
   19.3770265127809       8.655604371929842E-043
   19.9147808858870       5.652335874639559E-043
   18.3830769577570       1.235048250900174E-065
   18.4345162782084       6.587931817724721E-005
   18.4552999462385       6.788076727264019E-063
   18.5075659914941       3.076878166849540E-006
   18.5640823989051       2.602392272853776E-063
   18.5890459363713       1.464655599126517E-014
   18.6222661300472       1.332726236150419E-066
   18.6597711650041       1.406927532433522E-013
   18.8707229349327       2.177053716977844E-009
   19.1307112006330       1.022479776530712E-069
   19.1693678936892       2.198594451377296E-010
   19.3403038730628       2.321523514150966E-016
   19.3857723770494       6.056128674794763E-007
   19.3912879017032       6.609428648209493E-062
   19.6433632315996       2.893605534167826E-015
   20.1719477672264       2.699286457580984E-009
   18.6750773723464       4.487975721981491E-069
   18.7013618854630       8.525813787820278E-009
   18.7547563142921       2.716143951919017E-061
   18.7800737696533       3.753296433252677E-064
   18.8336388315168       5.057423387968684E-064
   18.8477520279869       2.682984464459334E-010
   18.8620580008436       1.768502702556940E-010
   18.9063151942061       6.736004437787426E-009
   19.0201636980128       4.401758126457711E-012
   19.3882370515984       2.698205192301354E-070
   19.4506402848039       1.033657605526759E-012
   19.5706241325727       1.232110410143633E-012
   19.6480020236491       2.589179983382719E-067
   19.6905921987444       3.870195293849914E-010
   19.8462824582427       4.338270235102668E-010
   20.4368685407248       8.378885976738157E-012
   36.4779585711924       2.425045375599896E-069
   36.4962180203071       1.323874297079745E-004
   36.5482596647466       1.769874775589822E-062
   36.6267948012257       2.768033412949170E-062
   36.6582346942741       2.782345841763862E-006
   36.6774426401634       2.319309028546941E-063
   36.6913111232493       7.412331067515447E-016
   36.7517143720755       5.294429718267985E-015
   36.9323555875001       2.603320636798984E-007
   37.2200229691896       6.904577451847946E-067
   37.2823384716053       2.152834117189154E-010
   37.4340189435436       1.296563617606068E-021
   37.4681269871183       1.332243298521985E-063
   37.5082548608378       5.022177596326830E-007
   37.7280200596316       2.460619923755623E-014
   38.2830590795129       1.409415037535843E-007
   40.9688133781702       3.026401950646121E-036
   40.9782858882278       1.297040876583364E-036
   41.0301718984754       8.383475000291509E-032
   41.1504561617501       3.159043293860209E-038
   41.1507599734071       4.222120984634055E-037
   41.2111131274828       7.401992164846803E-042
   41.2235601396509       7.997660133271687E-036
   41.2932508978772       5.055231936799935E-036
   41.5120830888994       5.373339734917470E-042
   41.7082407204131       9.683462444073060E-041
   41.7757537455189       2.868537656025475E-037
   41.9589123822590       4.037873846845075E-041
   41.9698358854188       5.215152513736139E-036
   42.0232503961790       1.047700859065304E-038
   42.2829782674068       1.952233844014460E-043
   42.8125740432166       1.280300046326985E-042
   40.9840782333629       6.117534811681582E-039
   41.0125205303562       1.873666354246770E-041
   41.0922383265718       2.796250423640078E-039
   41.1446826610611       9.739689149245824E-039
   41.1771153575592       1.909814206589136E-035
   41.2386721170305       4.648984098525542E-038
   41.2483203409738       4.035733592811201E-038
   41.3067561013969       7.791589399559863E-039
   41.4468000680815       8.134968694783406E-042
   41.7222701479146       4.622317820495271E-046
   41.8159392483210       8.810942027328645E-040
   41.9473832300447       8.470610285723520E-044
   41.9833782326031       2.387555213217265E-039
   42.0755466147990       1.113847163178163E-041
   42.2569829644870       7.528756989449497E-043
   42.8298321986678       8.123448898029066E-040
   40.9541460488669       4.538428142484760E-004
   40.9974691279898       2.361129915230746E-067
   41.0661331665767       3.550506193970649E-066
   41.1483812356697       5.416168787526173E-067
   41.2044427622170       2.907987573580914E-066
   41.2248691416886       1.988540432137627E-006
   41.2565263210034       6.221578332547128E-015
   41.3249579043916       7.185853362479267E-013
   41.5093025640449       8.558528975848998E-008
   41.7172564169390       2.042482105076068E-071
   41.8138006105034       1.202815866371614E-016
   41.9728382681168       2.606265603752810E-020
   41.9731244826798       4.774988476145558E-065
   42.0685379514964       1.244002959816887E-009
   42.2926138648852       5.073080003794628E-016
   42.8366213447728       1.774011838790313E-010
   41.1022303178409       2.396431670511276E-069
   41.1600526578544       1.912060475419282E-005
   41.1813285367492       3.724101295710037E-065
   41.2535144425264       2.380323304191616E-063
   41.2540217273921       3.271641688464426E-009
   41.2966536721360       4.646564143926174E-018
   41.3104272273435       1.342606818964441E-066
   41.3425952557512       6.284678339630296E-013
   41.5234291919501       6.939875064632942E-008
   41.8327291064689       1.863294131245518E-070
   41.8696953687678       1.452194091946517E-013
   42.0244916145823       3.310036947531366E-021
   42.1135962569331       4.099792240049751E-064
   42.1181790784867       4.027977086449236E-009
   42.3327742530337       2.318835893007028E-016
   42.9023252498158       5.633472329524476E-012
   41.1499661146488       5.124318763869437E-066
   41.2087115820256       3.919278999454405E-008
   41.2288746368749       2.851773810062542E-062
   41.3000761188489       7.284674649757515E-012
   41.3033091257545       2.477206734670340E-064
   41.3450326419067       5.751269709531727E-013
   41.3602937665571       4.880661089533463E-063
   41.3909350300137       4.714495972804027E-009
   41.5742335731635       1.999789468328158E-012
   41.8817182733364       8.826578101489743E-072
   41.9174667593885       7.807015751572298E-017
   42.0740060884009       5.017498684809867E-016
   42.1625487173484       2.990800483185860E-067
   42.1655437545022       8.864198785292448E-013
   42.3825171672764       7.734298869502390E-013
   42.9509164080837       3.195824479455047E-013
   71.4117587065811       3.415069967755857E-041
   71.4580859398967       1.523265799573364E-035
   71.5354173611827       9.963264300570302E-033
   71.6142464880267       2.543914114352387E-041
   71.6737927054493       5.194770184748614E-039
   71.7123802443298       1.646130325933608E-037
   71.7368114266413       6.411233659771003E-038
   71.8139211399442       4.258973303938358E-039
   72.0007993512950       2.691043498944200E-042
   72.1870186164709       5.250049661131206E-042
   72.3006459405142       1.731120821648399E-039
   72.4347139840736       5.471051154383209E-034
   72.4625952290317       1.842840385319249E-040
   72.5448248583705       1.309862437897418E-040
   72.7752465193389       1.299045594458935E-044
   73.3101917020622       2.338611591816712E-044
   71.7058129303843       7.437717398667041E-067
   71.7683981275393       2.485781468837553E-005
   71.7838179306026       1.659935007868516E-063
   71.8526132113468       3.229770029474548E-007
   71.9038957338886       1.243131511875922E-066
   71.9323375425602       4.989668966524211E-017
   71.9704552528121       9.162691725412515E-070
   72.0014401632226       2.008692764690175E-014
   72.2358063495107       4.742680916234059E-010
   72.4664724226181       1.166029753354929E-069
   72.4967648148430       4.649206484251243E-014
   72.6944182256223       7.993009526794350E-017
   72.7315794435433       4.189236280643489E-007
   72.7355650536822       1.369467505407665E-063
   73.0063852735899       5.803776819688947E-015
   73.5343241227702       2.385253086220754E-009
   71.9608485921442       1.658005111505122E-071
   71.9917315136825       4.984962383453581E-009
   72.0506642604005       8.417596360264158E-062
   72.0784540723670       5.875149761981606E-064
   72.1352333660231       1.313820323548388E-060
   72.1492906598134       2.438732380112401E-011
   72.1654124619425       1.396543574752031E-009
   72.2150122138201       5.126486253226407E-009
   72.3515431421285       2.614569429280749E-012
   72.6827578815495       1.015116018327578E-068
   72.7504071040748       6.225838900720241E-015
   72.8736597041351       1.537238474016998E-015
   72.9507363399316       5.253771476697875E-065
   72.9956946375428       2.634225303493386E-010
   73.1711126019905       2.286415763462070E-010
   73.7555742852765       6.430210064643786E-012
   110.706662361088       7.796120483230123E-071
   110.731634698415       2.648128314947349E-005
   110.792113403586       8.901024230825775E-063
   110.868665088412       9.462636610761453E-064
   110.911307456313       3.939628527501915E-007
   110.931499578046       1.745867031554158E-064
   110.940606839559       4.997065987105036E-018
   111.013722020722       1.829668309988643E-014
   111.204812907893       6.359662177534943E-008
   111.443654818032       1.044193956016097E-067
   111.513252304481       3.044977916063739E-011
   111.678256023760       1.263313586141592E-019
   111.704965913329       1.754009441817182E-063
   111.750648429982       2.387513653979423E-007
   111.985100078267       1.158456069723684E-014
   112.526186489295       7.036790952125668E-008
   140.460923270827       7.735579243090951E-041
   140.476012130617       8.000451633621229E-037
   140.542417308991       6.864764672444063E-033
   140.650344093114       6.544653558930788E-042
   140.668913368653       7.648328005687231E-040
   140.716494619586       5.018877394971101E-038
   140.727218573549       1.508881668616796E-039
   140.805527284695       4.460259535013022E-040
   141.028043985225       4.994302299830999E-043
   141.200729063256       2.808826352881913E-044
   141.274754803185       3.359203903531660E-041
   141.468179113363       2.753944872276292E-046
   141.472458452065       1.840827509333375E-036
   141.526401207171       2.214782585113550E-044
   141.792861282547       3.434844221847069E-044
   142.317939597739       9.446296722737721E-047
   140.489461598383       1.001440270278225E-038
   140.495584618847       2.952055013241610E-042
   140.586534377247       1.857429788148287E-037
   140.641146984637       6.684152826103524E-039
   140.698817361732       1.671601552306616E-037
   140.740737082013       6.043282349346416E-034
   140.741193772962       5.584398776949286E-034
   140.818927874135       1.785041508650078E-038
   140.984919766698       6.971416663462860E-041
   141.213785412046       3.936316492128923E-046
   141.310906205761       9.744813236880861E-039
   141.459276570950       4.119316131843404E-040
   141.484873452602       3.078214476542894E-040
   141.566832726486       5.031552826466677E-040
   141.777302176141       6.846014915899069E-043
   142.333458477368       1.294817759214226E-041
   140.468918261256       3.704317672572569E-005
   140.480941016413       3.937663799856030E-069
   140.565757109219       1.007933936208375E-065
   140.650565020280       9.939192078521474E-067
   140.712678250381       3.437838296130695E-065
   140.721260460107       1.674126293367204E-007
   140.751976036537       3.398396899091932E-017
   140.831617100393       6.132203319995549E-014
   141.029155360707       6.577794051129286E-009
   141.208259515713       3.927506002280371E-073
   141.305789646865       7.507716508970864E-016
   141.476703209680       4.007811994521361E-067
   141.479317523528       1.266984556396714E-021
   141.559871652219       2.405013237424682E-010
   141.802180102061       5.552780260335790E-017
   142.336954520251       4.349295329174190E-012
   140.568080388813       2.338574761019126E-072
   140.624230781678       4.403557248156499E-007
   140.659896773794       1.716954260586357E-066
   140.733217604497       3.134419168659760E-067
   140.752991049521       2.309917002530014E-007
   140.783416055374       2.072910887029077E-020
   140.800063499830       2.283402540758443E-067
   140.853777947721       3.047714096112046E-014
   141.046222048282       1.056924827702826E-008
   141.305560482695       1.750216909239448E-075
   141.352991383369       2.660214219423110E-017
   141.521168493134       6.428697473022770E-023
   141.586551873199       2.946127616672645E-067
   141.605323669101       4.612516239105841E-010
   141.838589991892       3.738869919614901E-017
   142.393061128866       9.338532904302572E-013
   140.609524506088       1.464822390916988E-067
   140.667106315037       2.593985647167906E-009
   140.700977029769       2.827636134952241E-062
   140.777489954500       6.216831804481117E-066
   140.792226030104       3.140126284026701E-011
   140.825991918168       3.690858761188597E-015
   140.844623032537       1.740943494862559E-066
   140.896306588214       5.496072483484521E-010
   141.092109754899       6.677694699869974E-014
   141.348485685551       1.097487043072559E-072
   141.394295635584       9.024164618839538E-020
   141.565185128830       1.459576797650301E-019
   141.629532666874       1.296901980205458E-067
   141.646372048637       2.512319042135750E-015
   141.882925509057       1.502291161404639E-013
   142.435647789132       1.210162911123398E-014
   177.191673841756       3.569684963510700E-040
   177.213885233717       6.511605855625210E-037
   177.302730637851       2.219546111919567E-033
   177.381121959511       3.054151188701520E-043
   177.446317883673       1.039265868384550E-039
   177.472784124313       5.426611359360734E-038
   177.497356531493       2.967026527790948E-038
   177.579797249036       7.682715670364695E-040
   177.774250610835       3.313818814004131E-043
   177.937079279775       2.191935234837532E-038
   178.049301180003       2.058954772829357E-038
   178.199776907783       1.405841972707381E-034
   178.220317360060       2.277587092971328E-039
   178.295950206414       3.980801101749333E-039
   178.537950394249       1.307992204350627E-043
   179.063545737912       6.200881747377582E-042
   177.432463388990       6.402602255885641E-068
   177.497303731130       3.693261610704866E-006
   177.521824468682       1.658714916423071E-063
   177.604311252378       3.019720245557762E-008
   177.634866910849       7.906982293865672E-063
   177.671798954546       5.717660904619021E-017
   177.706832641763       1.594796631089702E-066
   177.748496252497       9.447109688320231E-017
   177.982941083510       1.439757257053434E-010
   178.186257906473       2.827259068739705E-067
   178.222093549670       1.545996284143962E-011
   178.426432920802       4.512200241034166E-018
   178.460258659502       1.242515878268312E-061
   178.466231952516       1.198947130113966E-007
   178.743857922585       3.805222323602328E-015
   179.264185269432       7.900266426992651E-010
   177.660375216489       7.591562961359955E-070
   177.695035402418       1.282943094661868E-009
   177.757263580506       3.134046258927715E-061
   177.793678057099       8.753082929819232E-066
   177.859744761840       9.006962736790897E-062
   177.866447677853       7.559291069046766E-012
   177.876745917486       3.382990361048765E-010
   177.942405816849       1.014120654526245E-009
   178.098836542228       1.513130671975584E-012
   178.380545141326       1.936634992340526E-068
   178.450692863226       2.831751357476353E-014
   178.587831640290       1.963950901526895E-014
   178.653491578617       1.281600167142992E-063
   178.698077800712       7.985988021722689E-011
   178.898067473394       5.141838800349408E-011
   179.462137259372       1.994051728575164E-012
   287.905412274755       8.262265826905422E-072
   287.938526512640       4.496484034298783E-006
   288.001202553220       1.213936149310813E-064
   288.075579169574       1.681240611113061E-065
   288.122754507313       4.525149863447314E-008
   288.146269049146       6.881136057916825E-066
   288.148196337093       3.297416959052325E-019
   288.229307723286       8.541795269922238E-015
   288.426137949653       1.300921285645288E-008
   288.627638123787       1.151929591189817E-068
   288.697951612095       4.487939961058575E-012
   288.871230939581       2.598887764304812E-020
   288.898131977600       1.007018932239611E-063
   288.941741111210       8.405014850013583E-008
   289.186987364495       3.667414342067411E-015
   289.710825051096       1.919425155405921E-008
   413.529456467323       3.365283489494406E-039
   413.537564514206       1.527469559464029E-036
   413.628467325550       2.486887026461859E-034
   413.707393801786       1.605685310425937E-040
   413.778999702086       1.071967567073028E-037
   413.779556648168       2.517468626585197E-036
   413.804800482422       8.132784249591298E-039
   413.890523898696       2.456169610953078E-039
   414.092919962807       7.720932594015292E-041
   414.230517747111       3.271495925625228E-038
   414.325300790152       1.363800090418459E-036
   414.498238733544       5.191088233807585E-035
   414.506666345902       7.518239096101161E-038
   414.565385953739       2.774339321855691E-036
   414.824597607857       2.203078565987966E-043
   415.321415925585       2.176326974440157E-040
   413.725446317893       1.486803422267548E-068
   413.784204374339       2.428112102015589E-007
   413.824585624894       9.600394127523289E-062
   413.923717590137       3.026844549936090E-008
   413.924743761735       2.324061283908712E-055
   413.973994859145       1.192063632213730E-017
   414.000204135978       9.820460980766924E-072
   414.057106738322       3.047564650712507E-016
   414.283068321906       2.444154322239533E-012
   414.445590668301       3.170611375218039E-067
   414.493111212765       3.233162332969736E-011
   414.695189784178       1.669157697359220E-021
   414.718361427831       1.731557622562235E-059
   414.733510021498       1.991580553588773E-008
   415.013116103954       1.365165767538990E-015
   415.506639100797       1.305181180582182E-010
   413.919156408074       7.737144826975162E-068
   413.958661063318       1.316755934588419E-010
   414.021804745967       1.051257977013697E-061
   414.076515684706       3.066518034340129E-061
   414.143095051387       6.638530671614006E-011
   414.147464623196       4.063916140077465E-012
   414.149434864573       6.019978817496162E-058
   414.230402455674       6.853870980534334E-011
   414.411184707137       2.218493059251255E-013
   414.618986334138       2.020852609184492E-067
   414.687652676957       3.671117317465895E-014
   414.848514236066       1.269514198989324E-014
   414.891014367844       1.816750698379516E-062
   414.928129077671       1.324556890254436E-011
   415.163393009704       5.854406037219786E-012
   415.682318306852       3.078203839018031E-013
   419.969775271156       1.987834865595696E-042
   420.002124150000       4.097968879835019E-036
   420.068049295809       1.217951251498725E-034
   420.162281845678       8.346332430253432E-045
   420.193615067285       1.770373140153079E-036
   420.235842131539       1.037791663467848E-042
   420.236168752882       7.005726357619182E-042
   420.321068614581       2.717638763507587E-046
   420.539429373865       6.438854127161605E-040
   420.681693715071       8.933247695406835E-042
   420.753325997107       3.403619828524324E-037
   420.949011065999       1.287434052449560E-042
   420.955323257973       1.012302722153314E-037
   420.998331059431       6.772232347594344E-038
   421.271249679018       4.587170847454179E-046
   421.767428420233       1.705401365746584E-041
   419.994859780599       6.476495391251006E-040
   420.014228250123       9.480630912542269E-026
   420.096048951912       1.613053992066340E-034
   420.160424791997       1.622919898964172E-034
   420.231741308019       1.925200254808352E-025
   420.236917805915       1.453404819658951E-026
   420.248262572209       2.141028347996803E-036
   420.333160359416       8.141206732040914E-034
   420.521461496302       1.142698960985297E-028
   420.693725642223       1.573392292848815E-040
   420.779108883610       2.068161605395713E-036
   420.948064170648       1.452924976551479E-039
   420.966865104098       2.094067683668347E-037
   421.024502527900       2.244498402057073E-031
   421.267992665545       8.577898086657294E-038
   421.780991771279       1.526230884737447E-032
   419.984326010980       1.332151150911107E-056
   420.002203322818       8.227688825808072E-007
   420.083361132740       2.778854800364974E-052
   420.165500691064       1.651886051219813E-049
   420.224126289153       2.987940436151672E-009
   420.237664884150       4.890906821422711E-045
   420.253179248525       5.189845181239481E-020
   420.338718655754       1.087042639544799E-015
   420.544344245253       1.135463598716142E-010
   420.688893857338       1.170934140851555E-059
   420.774061129242       7.994651098777593E-015
   420.958577358371       1.507526238624767E-022
   420.961204488400       2.422215649706876E-056
   421.019236304282       9.970855771569542E-012
   421.280224412722       1.610184504864622E-018
   421.781334676223       3.222876106760659E-014
   420.051667656188       5.867482451948908E-072
   420.103685409689       2.365205149032511E-009
   420.153179437592       1.235056523733144E-064
   420.228678919898       1.694460663847681E-064
   420.261190844821       1.006995362207273E-008
   420.286808336928       1.427248699328940E-020
   420.302712791468       4.932795865290039E-070
   420.369398393121       4.022740166864121E-016
   420.570972741175       3.250170543508944E-010
   420.761811908984       2.040531382196624E-070
   420.817779725015       3.623852460424285E-015
   420.997959220218       3.457060138499126E-022
   421.038621550071       2.031616671074426E-063
   421.063016968252       1.939638784210312E-011
   421.317712804560       1.553308280224081E-018
   421.829961317051       2.987025404661837E-014
   420.084761589195       2.367790975063446E-071
   420.138015806382       4.524391700502726E-011
   420.186036076975       2.392692684783281E-065
   420.264052828671       2.107770076948718E-066
   420.292590665239       9.822208860729670E-013
   420.320818480426       1.204550160048079E-020
   420.338256169596       5.105217298538784E-067
   420.403362309327       1.423523937312571E-011
   420.607475687942       1.020062745241716E-017
   420.796038371706       1.645119854446927E-071
   420.850674886987       5.741509901600411E-022
   421.033089274802       9.907601125541170E-019
   421.072924537176       4.798343720982228E-065
   421.095867356738       2.389394395498896E-015
   421.353029527432       3.687777774514642E-015
   421.863917567892       3.333454826728046E-016
   562.805976113526       2.992789504802287E-072
   562.845810121866       2.090391191967034E-007
   562.908187457286       5.520411011803846E-062
   562.985139985347       8.691471576963625E-062
   563.029320482891       9.234324631683789E-010
   563.054278299890       1.172269331652145E-021
   563.059588038411       1.964933413535601E-067
   563.139363648982       8.217086769231255E-016
   563.342283680438       8.454844471844380E-010
   563.500804012791       1.396127981196132E-068
   563.567791631081       1.239392464927180E-013
   563.750224948171       1.175799541446979E-023
   563.772868264566       3.089646589589940E-059
   563.807811374077       8.917431474815917E-009
   564.068732962693       3.243158823093829E-016
   564.561725141997       1.134672354169390E-009
