                  1184
  -19.1165760494181       4.608608956133086E-073
  -19.0757992378188       6.084767527563687E-012
  -19.0686781322644       2.206132591106276E-068
  -19.0559687712147       1.219251955703165E-070
  -19.0208990736663       3.931525135043846E-066
  -19.0208493250376       1.085191060956126E-015
  -18.9955920978658       2.420612308334345E-010
  -18.9728461274957       2.579918932131486E-016
  -18.8876934555996       7.294817191225659E-011
  -18.4355316993013       5.521920609752260E-067
  -18.3893603589482       2.958190171103967E-007
  -18.3413182722129       1.650083462181052E-012
  -18.1757301831811       1.184363725896262E-072
  -18.1385249935974       9.535077501100498E-008
  -18.0589444239319       6.715836325986422E-013
  -17.4678631434269       4.523614843660683E-005
  -19.0650752041304       5.446464296786433E-070
  -19.0079425141194       6.765997009917636E-015
  -18.9929405279640       1.502536420971058E-067
  -18.9916099098353       3.930108028134578E-065
  -18.9434537770948       3.376106850901542E-012
  -18.9296447202861       2.286128821320571E-013
  -18.8967577225509       9.484089437169132E-069
  -18.8620034396866       3.468759297420925E-014
  -18.7961918304702       6.673850000603637E-014
  -18.3920947571552       4.544805336158860E-076
  -18.3543451945658       6.791281352438225E-015
  -18.2425914501347       3.752037558426057E-009
  -18.1120528218242       1.995005398148616E-070
  -18.0812275500188       1.598706854336544E-011
  -17.9753879785202       2.107705975961286E-010
  -17.4037272271375       3.254693196516802E-008
  -18.7480085016174       2.085498055772651E-070
  -18.7053153281806       2.373315577550802E-069
  -18.6993699217077       9.087493476679362E-012
  -18.6715615606855       4.486440767552049E-067
  -18.6374436072669       1.938226394690101E-010
  -18.6185139868695       1.373938672175218E-011
  -18.5926135343137       4.019715942313207E-066
  -18.5683890106953       3.137927883317813E-012
  -18.5185903851099       1.607182827155440E-012
  -18.0873867899341       1.772235153638455E-069
  -18.0267143722193       4.074980210433559E-010
  -17.9458559216435       5.042234898632095E-008
  -17.8138092718588       2.230541680050381E-067
  -17.7831947228106       1.709895081190278E-009
  -17.6975406985225       1.218280515449669E-008
  -17.1213361395238       1.999764374314291E-007
  -18.7178766014237       2.990799071524103E-070
  -18.6957130147144       2.838029852208965E-010
  -18.6829818722498       6.919681120276935E-070
  -18.6619561123322       4.962270167431718E-067
  -18.6334000615533       6.582233408500562E-067
  -18.6226283549681       1.873027789169350E-011
  -18.6008064479716       3.500162515621664E-012
  -18.5947403289800       9.049660874174701E-012
  -18.5251103862904       4.676494533832128E-012
  -18.0577472407309       6.858037171471769E-063
  -17.9948914320780       1.582628699967923E-006
  -17.9540664214094       4.596644995071323E-009
  -17.8088114397881       5.487709391790314E-069
  -17.7665823782043       2.508869495077999E-009
  -17.7034897792886       5.555919977622712E-010
  -17.1150538050821       3.517775982995830E-005
  -18.7275114477809       8.872993651506328E-038
  -18.6680342268943       1.747236202770382E-050
  -18.6576326598375       8.753951932925973E-044
  -18.6132182600973       9.845191543251967E-045
  -18.5879018267316       3.309910550788899E-044
  -18.5493873500140       2.661038967703717E-046
  -18.5423598679482       6.326582828484838E-038
  -18.4645059331266       5.395190097697490E-044
  -18.4338222766512       5.813354772217843E-046
  -18.0080142401117       4.203881705638269E-039
  -17.9599511927610       4.634772375312839E-039
  -17.9232988911852       1.089855982993860E-041
  -17.7508836012860       3.890356405454975E-039
  -17.7364051901999       6.492311624565575E-039
  -17.6223555576443       5.012198495437560E-044
  -17.0502602128543       3.267554464535776E-038
  -18.6481918138754       1.191602314505630E-072
  -18.6050568892238       4.753467522422872E-011
  -18.5584724231046       7.389187757642315E-071
  -18.5348484320270       3.817461546364778E-013
  -18.5293159111210       6.234315981862289E-067
  -18.5251548048012       5.910986789184008E-010
  -18.5171811286010       5.949660596646462E-069
  -18.4170908505041       3.524153147117553E-017
  -18.3592104238296       1.647601532723548E-010
  -17.9489008542146       4.402989607779372E-070
  -17.8728712313028       1.647041017339295E-006
  -17.8287589591999       1.799499099416395E-012
  -17.6908585982514       4.999677750173438E-077
  -17.6700852864649       4.749291600227330E-007
  -17.5354808683609       1.002047635559686E-013
  -16.9491632679930       4.661996318263572E-005
  -18.4967979220845       1.139322869867609E-075
  -18.4396615255311       1.739972271662417E-015
  -18.4209026823732       2.055056661143260E-067
  -18.4080410108930       3.445309635156874E-069
  -18.3699359391861       1.606036677438253E-013
  -18.3518109790020       1.174490660923499E-013
  -18.3020184234660       1.922483438802014E-069
  -18.2683451944021       7.777738054264213E-014
  -18.2003187258473       4.632367294199529E-013
  -17.8009995377853       1.259778087622847E-080
  -17.7720022626808       3.516256726453545E-015
  -17.6322130529968       3.856182413403624E-010
  -17.5345724201920       8.762511254487848E-071
  -17.5165702529859       7.893003406070841E-011
  -17.3768452509957       9.482925223795399E-012
  -16.8041890335523       4.734335232849777E-010
  -18.3687674933697       1.120239167599566E-075
  -18.3380919618364       4.990835871245507E-012
  -18.3206146222188       2.689717564851329E-070
  -18.2966777322349       3.486934873920005E-076
  -18.2608755438412       1.584376360170169E-067
  -18.2575680090281       3.327995430767769E-010
  -18.2501442004235       2.310136039618224E-015
  -18.2175546301327       5.077062152621229E-015
  -18.1194819089642       7.421097747438402E-010
  -17.6795945260473       6.647618513503636E-075
  -17.6392139303052       3.206859164029958E-009
  -17.5590609322087       1.399149066388836E-016
  -17.4350754695401       3.165846218311656E-076
  -17.3987529482068       9.556462274047683E-008
  -17.3029178080952       6.506697674562893E-014
  -16.7261317702663       9.211035017425970E-005
  -18.2089731045969       3.412022892907131E-042
  -18.1734826526765       2.167334960721596E-041
  -18.1460828201017       1.453673218404933E-038
  -18.1370129370409       1.533762627864648E-038
  -18.1335588294484       4.526676701589512E-039
  -18.1055052260665       3.684059955965464E-039
  -18.0999311198340       7.766611244342045E-039
  -18.0521104719911       8.672014973249568E-044
  -18.0047549969631       2.108376994664961E-042
  -17.5331588253014       2.808386869700660E-042
  -17.5288781378555       2.408363312855816E-038
  -17.4435130807138       1.703271544873209E-042
  -17.2947462693926       7.745309442248399E-044
  -17.2524871658511       1.536203655591176E-038
  -17.1893679817234       2.078285555410722E-043
  -16.6104386371461       4.176731985324686E-037
  -18.1291076072882       4.600906842926788E-074
  -18.1189266246426       8.017716501207854E-012
  -18.0876947660288       2.797079707730031E-069
  -18.0859085735209       2.043356996697824E-070
  -18.0556364406639       8.848349580708412E-073
  -18.0421848718550       7.476577618290039E-015
  -18.0308923389225       5.454575749556290E-011
  -17.9922924827215       4.015566988932452E-016
  -17.9153599738452       7.405897492309155E-011
  -17.4732587476620       1.246804088752405E-068
  -17.4184598819413       1.826309872677301E-009
  -17.3835464431530       3.382347212590337E-015
  -17.2271594548402       4.621070674533522E-073
  -17.1902981332800       7.260414071352445E-009
  -17.0985807199242       5.016832490751052E-015
  -16.5190107905267       1.205633062313854E-005
  -18.0404556709450       5.745128000421585E-043
  -18.0297242756665       4.522823315098950E-040
  -18.0224057022015       6.340989677459287E-037
  -18.0089872130121       8.472724521619432E-042
  -17.9712443188292       3.608250921573935E-043
  -17.9652319343221       1.016961679611119E-044
  -17.9590185041611       1.316773878602278E-043
  -17.9209503924111       5.910129835310609E-043
  -17.8405656437524       5.073244042819790E-043
  -17.3851006602126       1.578612338063233E-044
  -17.3525387363009       1.849936845015800E-039
  -17.3152823573747       1.883535271681586E-042
  -17.1520696796073       9.612234083166540E-042
  -17.1177099443167       2.320447120066658E-044
  -17.0268911314971       2.069687745276305E-043
  -16.4508333804647       3.972582120120000E-038
  -17.6224385045314       4.779678421588774E-070
  -17.5795203326409       5.882792379401899E-070
  -17.5499696670592       3.419334096965207E-013
  -17.5457658028418       7.318954831065920E-062
  -17.5440180297815       1.081519216943549E-013
  -17.5147209718740       3.652093505053116E-070
  -17.5061916834137       1.078558075498478E-012
  -17.4900929588248       2.078500498547779E-013
  -17.4160890986645       2.742451280393122E-014
  -16.9684332244892       1.906574142924128E-073
  -16.9417179255062       4.142164158629162E-013
  -16.8913418477234       6.913533261465037E-014
  -16.6737454186768       2.979088967463768E-071
  -16.6510262594418       8.735443408230964E-012
  -16.5922103845840       4.527244691002707E-012
  -15.9994027952981       2.616022717866273E-010
  -17.5527902981405       8.794868430506948E-070
  -17.5284539263200       9.820749141435786E-011
  -17.4821055078114       6.930460667110769E-069
  -17.4774074426619       1.611384526462387E-067
  -17.4599741384169       1.543478237414954E-013
  -17.4382637653439       8.346569616983647E-013
  -17.4369479160398       1.074304866459851E-064
  -17.4097312171740       5.335731954591848E-013
  -17.3256821445287       6.085077266364937E-011
  -16.8557285761744       1.365495343838316E-010
  -16.8518941565757       9.798476150394169E-065
  -16.7784451144674       3.291045789102432E-012
  -16.6355896669807       1.166003151330256E-068
  -16.5982389081806       1.913673319884919E-011
  -16.5106711862720       1.794277917967000E-011
  -15.9316449704032       1.604849573640575E-005
  -17.4354934283232       7.461205676008778E-068
  -17.3901501261798       9.100218812666686E-012
  -17.3892127306221       3.536568783593018E-068
  -17.3640510143150       9.378323597634502E-066
  -17.3247975643848       1.298983420955297E-011
  -17.3112352777108       1.701101674265858E-066
  -17.3088266861384       2.523303356247240E-011
  -17.2902807795887       2.866222357215095E-011
  -17.2159403502029       1.479271235983402E-019
  -16.7740069101943       3.466349271431323E-070
  -16.7153273494043       1.016005067940243E-012
  -16.6517717622721       2.008505464829036E-009
  -16.5056827589466       8.846296556612800E-069
  -16.4771972745586       1.225068575845473E-010
  -16.3967058520332       5.694877230335722E-009
  -15.8153684168672       3.655599533637518E-008
  -17.2655178899287       1.385266775724217E-041
  -17.2637476055145       4.378832586362955E-039
  -17.2428009446823       5.897158586170528E-037
  -17.2277992584213       6.415017606624302E-042
  -17.1901156064450       2.479327754959738E-039
  -17.1744904838894       1.386780716677564E-040
  -17.1668437052642       2.654653481141426E-040
  -17.1270441607762       2.325658173390501E-040
  -17.0289109027554       7.485710064745226E-043
  -16.6035051153985       7.172459491792178E-040
  -16.5760115711326       5.796219412952910E-039
  -16.5222261603577       2.146297071802681E-041
  -16.3654619763752       1.159703201914970E-040
  -16.3327419658514       1.947591480785558E-040
  -16.2190436541486       6.780597094632328E-041
  -15.6486157650269       2.325232129191201E-037
  -17.2979093143239       2.666034502298876E-040
  -17.2723657246964       7.097499044258847E-045
  -17.2319701304022       3.999031485472199E-038
  -17.2026553127466       3.469582066144684E-039
  -17.1928949635769       1.779175452950515E-037
  -17.1832666105241       1.158556327191827E-039
  -17.1687012838461       1.879242442186215E-038
  -17.1384336608754       3.829665040849707E-040
  -17.0407699292064       2.694675770039083E-042
  -16.5991477268946       2.008192334774168E-037
  -16.5931433036184       6.789159950722291E-040
  -16.4992278566733       2.174984768916904E-040
  -16.3678851648687       4.607834018727362E-043
  -16.3391290354253       1.675320148526493E-039
  -16.2216374035520       2.944386734842667E-040
  -15.6393793478049       3.855363484631146E-038
  -17.0220872542650       3.667912945018560E-073
  -16.9695767827134       2.275473627211988E-010
  -16.9437618613128       2.931383120571533E-071
  -16.9428097972932       5.495826393473913E-071
  -16.9111272332239       1.445814678872292E-010
  -16.9016299131403       6.319561041351034E-016
  -16.8922687735183       5.179713986194807E-070
  -16.8627340591079       3.033224359696540E-016
  -16.7599792938322       5.448734190558502E-010
  -16.3378649921641       1.078312684027093E-070
  -16.2917621989198       2.112839852486886E-011
  -16.2234680757080       3.103961147881181E-016
  -16.0725599157026       2.244018319736136E-070
  -16.0694146523432       4.090705189721991E-010
  -15.9424253445515       8.948642290313821E-018
  -15.3629417105548       6.195783304348683E-007
  -16.7292898441779       7.791553545791856E-071
  -16.7033394666079       3.288325765073738E-011
  -16.6821150936748       2.452769697079001E-068
  -16.6756460852325       3.443844603688271E-071
  -16.6441993570017       7.963411225724450E-071
  -16.6243309633808       7.876911482379602E-014
  -16.6196431662194       6.623464806474214E-016
  -16.6010829374117       4.525868957618874E-015
  -16.5173034789942       1.986976262532363E-010
  -16.0700813213594       7.438445361312600E-069
  -16.0153001393965       2.621611117056093E-007
  -15.9686778521026       1.442857781380145E-014
  -15.8153340954516       2.996938462238974E-073
  -15.7806363718064       1.406034165738222E-008
  -15.6983361605512       4.570256546547574E-014
  -15.1148806034792       4.155514252269297E-005
  -16.6078114557097       1.630832711146829E-068
  -16.5525415239925       1.232426752262044E-014
  -16.5395644798755       4.044732561992120E-066
  -16.5167547306561       2.426044437742116E-067
  -16.4868289160387       6.838835148120418E-013
  -16.4718090098496       4.597759460619511E-012
  -16.4311278961880       1.901981871009373E-063
  -16.4253705694634       2.949483079014993E-012
  -16.3220953603055       2.028776888184824E-015
  -15.9076788766143       5.130384021473475E-068
  -15.8789305606539       5.475024107177892E-011
  -15.7549552975723       8.493032674416802E-011
  -15.6534359814235       1.240938832897060E-009
  -15.6460022559805       6.565790304804490E-070
  -15.4976809322245       2.345774711034751E-010
  -14.9161136597273       7.228752353656155E-008
  -15.8259502000574       2.590875957213957E-071
  -15.8020816284029       6.546297007474035E-011
  -15.7541968829134       2.252197261867705E-068
  -15.7210698259792       2.864453120834005E-009
  -15.6956834193283       3.059309918886388E-066
  -15.6929653317253       1.957733531617737E-016
  -15.6723692795922       8.343084849591363E-066
  -15.6051068226955       1.932661850833785E-018
  -15.4811152270174       4.228229594300230E-009
  -15.0629177306352       1.647907041549932E-069
  -15.0158496315591       1.515069883976760E-006
  -14.9160196420536       1.257520254841633E-015
  -14.8635117818364       1.028406294029315E-005
  -14.8434275906035       1.315126869416365E-070
  -14.6449670189915       2.209636136253523E-014
  -14.0438361500121       3.010486260511724E-004
  -15.7654789186641       7.240366971964608E-038
  -15.7425376204102       1.183525639099911E-046
  -15.6738358124785       6.995488126461171E-042
  -15.5812268150312       1.416437364936928E-042
  -15.5718771615663       4.065398627277007E-042
  -15.5519672090098       1.177305255095827E-037
  -15.5194328945902       3.558870350835889E-047
  -15.4478275778365       3.637593811401184E-042
  -15.3808807519730       7.219333352500198E-044
  -14.9865398635036       3.426682834453528E-037
  -14.9802166137234       3.226518349555309E-037
  -14.8774392031076       6.963128785410699E-043
  -14.7623671690117       3.255705358494906E-038
  -14.7535743033062       5.027313579938909E-038
  -14.5897152933659       1.167550698528734E-043
  -14.0396695156377       4.827535157380550E-038
  -14.9526287744113       4.102505320068684E-010
  -14.9259626162444       5.541054589424796E-067
  -14.9009559967477       2.903255433265015E-069
  -14.8842249567171       7.062030453932750E-067
  -14.8483301786945       8.589364573339568E-011
  -14.8302298856913       3.755607714671046E-014
  -14.8185153730327       7.275461578636487E-065
  -14.7563472823114       8.312441243032768E-014
  -14.6701924943750       1.641567839418262E-010
  -14.2566277923168       4.973624158721572E-064
  -14.2059222132674       8.387340806771151E-007
  -14.1583703418054       1.730236143152659E-010
  -14.0508524013093       5.388001660026091E-067
  -13.9967421623341       8.535418155410881E-007
  -13.8813980472344       4.899988080138706E-010
  -13.3379115774684       9.093522329581281E-005
  -14.8445958548878       3.958088735298283E-069
  -14.8164526900789       1.084645054067815E-012
  -14.7893919705077       3.892215608552249E-068
  -14.7809601992266       1.796287805213890E-067
  -14.7317486164050       3.258355428586603E-011
  -14.7093181403568       5.000190788497381E-010
  -14.6889189898394       5.097913598126631E-065
  -14.6563370062123       7.119788801464093E-014
  -14.5951641566981       3.979211565258672E-013
  -14.1691468472548       1.399276721247841E-066
  -14.1060739903652       3.665214799190482E-014
  -14.0088745741943       1.543863636415375E-008
  -13.9223163832917       5.421848694946976E-071
  -13.8945790680241       7.697386545054708E-011
  -13.7828677956832       7.252440194045887E-008
  -13.2134659706781       1.743482411478355E-007
  -14.8180703186166       5.649509593896740E-043
  -14.7898330631622       2.464837578814729E-036
  -14.7474191800847       7.758631108726744E-040
  -14.7340612549633       5.972885352057234E-042
  -14.7063001484753       2.003096475894647E-044
  -14.6852806598848       2.330831727430566E-041
  -14.6253165981585       1.182043698812509E-042
  -14.5866401445851       2.329283625973120E-041
  -14.4751213402565       1.178494119988387E-042
  -14.0796593750200       2.764944004241699E-040
  -14.0462825410289       9.659052465392548E-039
  -13.9737701276644       1.774264202137959E-042
  -13.8941551677853       8.718637805890736E-039
  -13.8664335431106       2.193657209494789E-040
  -13.6864141129299       6.931018028663888E-045
  -13.1447387735921       1.019576616928725E-037
  -14.7932100286328       4.828173953876302E-041
  -14.7868384568058       2.342592500572607E-041
  -14.6909857306983       9.167239046886264E-039
  -14.6831082725816       2.825372345895888E-037
  -14.6514628429457       1.807866478427999E-039
  -14.6332222563115       5.074145060119589E-039
  -14.6253120990490       6.839794009237690E-039
  -14.5722795190724       6.689836541121481E-043
  -14.4964685216463       1.248450604672736E-040
  -14.0536133801120       1.014673160607832E-041
  -14.0492925177854       3.217408656089594E-037
  -13.9226216555510       3.029708255813851E-044
  -13.8671320928623       2.715168339034809E-044
  -13.8143726845438       2.352300582347602E-037
  -13.6882509910195       4.206107408252911E-043
  -13.1174847553417       1.169274707327359E-036
  -14.7049621795355       2.846383532341732E-009
  -14.6891108887554       2.480449512717037E-069
  -14.6475477180743       2.969213452189004E-068
  -14.6009131059247       3.122282929110690E-066
  -14.5753434876697       2.104231148302295E-067
  -14.5687085452319       4.602208455813701E-011
  -14.5490035945621       1.970691504957871E-013
  -14.5194091304687       1.450393730981680E-015
  -14.4159573380227       1.597159015824172E-008
  -13.9979912722092       1.737729696791085E-066
  -13.9644729056789       1.396246667024624E-008
  -13.8637572586910       1.566797268300703E-014
  -13.7942924379187       7.219171056988243E-068
  -13.7420560278229       3.713729502309174E-009
  -13.6167595347285       5.178490599891921E-012
  -13.0565164372687       2.500073234102113E-005
  -14.6032563721100       2.613350078367914E-072
  -14.5542534914850       1.890608670259821E-010
  -14.4985008683481       1.457557010996877E-068
  -14.4896638550112       1.736129701151813E-010
  -14.4847372569401       4.676217867164796E-070
  -14.4572601447868       1.170620246750236E-017
  -14.4424896623428       7.492086752566559E-070
  -14.3830574702793       3.924068107225067E-021
  -14.2857254036909       5.081825948463810E-009
  -13.8884371686045       1.637793044337666E-072
  -13.8259192316744       3.242376845456795E-009
  -13.7404293527745       3.027030669331463E-016
  -13.6485723996344       2.867388355719887E-009
  -13.6461689547505       5.634196379593816E-065
  -13.4837150419950       6.186747338136676E-014
  -12.9208301552356       6.784098005811862E-006
  -14.1695866441396       2.578056611296230E-068
  -14.1335130059939       1.137353709595985E-015
  -14.1123603885050       1.083719585289123E-065
  -14.0819974131492       9.688677792521624E-071
  -14.0445942542985       5.038322187713002E-013
  -14.0319696868300       8.336468157658647E-014
  -14.0058581979991       1.141416373375054E-066
  -13.9797530374989       5.951166652457790E-013
  -13.8833645401111       5.639164126834325E-013
  -13.4753408734174       6.900426836388629E-070
  -13.4381508468588       2.807647359543960E-012
  -13.3143685305514       2.355763565171926E-010
  -13.2259813766817       6.851914926397127E-072
  -13.2172081079837       9.976447778748863E-011
  -13.0646131280933       3.726831879929410E-010
  -12.4872515177913       1.792940253223287E-008
  -8.99201683992675       2.936268250856748E-008
  -8.96304953062613       1.171902896603035E-045
  -8.90663799636286       3.879939281744291E-049
  -8.86394774008278       7.323698552039587E-053
  -8.81696584779055       3.363455937979437E-010
  -8.80319185969770       1.977785019643194E-050
  -8.78401313835615       1.234849069151348E-014
  -8.75520440284811       4.130265791183611E-014
  -8.61388767421047       2.764610608001734E-008
  -8.25426437156849       1.435769728017576E-048
  -8.21156441521841       1.064388865779063E-010
  -8.09696535085990       7.992931180434916E-016
  -8.04696796283603       7.210541511627243E-046
  -7.99210979698583       5.179265813139067E-007
  -7.82202987985315       2.717887891109844E-013
  -7.26886002295165       4.433954388270259E-005
  -8.98989691513984       2.076026200201778E-026
  -8.95407360905162       2.693111417447245E-027
  -8.93308130133413       1.600417505024143E-028
  -8.86918659178575       7.324069928734467E-034
  -8.85896672389786       2.996285447912461E-028
  -8.81229216191106       8.029371678142465E-034
  -8.77759478140738       1.495991415035719E-034
  -8.72900479020774       8.682291498305152E-035
  -8.57846718845934       2.178837054704262E-026
  -8.25692162955826       2.103692970387458E-032
  -8.21479430624895       1.577194693216298E-030
  -8.10316399391400       9.753840609805359E-038
  -8.04732140411687       4.824789477933021E-027
  -8.01203050616668       5.056952966812424E-027
  -7.80523724901389       3.152913291696290E-035
  -7.27592787469363       6.774320804502778E-025
  -8.97062973323376       3.089057672145600E-041
  -8.95434325440979       1.855155190606611E-040
  -8.86558832549913       1.003794551800962E-038
  -8.84665936465024       3.469384021791101E-037
  -8.80651026114694       4.543336404635033E-038
  -8.79034273243890       1.562562863554706E-037
  -8.77163520413996       5.468695520382706E-038
  -8.72419869969329       2.784068079752367E-041
  -8.63497850074002       1.829842983101861E-040
  -8.24200421776578       5.883341666846611E-047
  -8.20322037597914       2.842340307609569E-037
  -8.08793832730284       1.324082262571218E-043
  -8.03174570257612       7.395472611867014E-045
  -7.96225280310197       1.155305637493756E-037
  -7.82826519158010       4.601560598338943E-044
  -7.25875502416202       1.320771249318289E-036
  -8.83446950835349       9.340413939296231E-072
  -8.78067666636287       2.420377824955663E-010
  -8.74919563047014       1.044601280776761E-069
  -8.72197402476529       2.118250718720812E-068
  -8.71925856094309       4.180810167946980E-010
  -8.67090985733994       1.457080336065037E-015
  -8.65974972985916       2.344344316017630E-069
  -8.64640654767673       8.489611764194947E-017
  -8.51825605025240       1.212043127347445E-008
  -8.13024382055925       2.039535043875424E-074
  -8.08426656809333       2.131422072915732E-012
  -7.97393756537731       4.937277991397074E-019
  -7.88235702079232       9.789635238590457E-008
  -7.87382843870468       2.349398371829908E-067
  -7.71455461053158       9.456690617870008E-021
  -7.15023723453746       3.328952302002239E-007
  -8.80373289699046       1.444883571562792E-068
  -8.75265779797926       9.667089954719015E-012
  -8.72421113474857       1.847373910415315E-066
  -8.69825025648093       1.016760542089449E-068
  -8.68958353286138       6.092435886268031E-012
  -8.64069961124939       5.558606638476038E-011
  -8.63322194792116       4.557695891142580E-067
  -8.62485902067000       2.018108432400580E-012
  -8.49813309524968       1.226827433694470E-010
  -8.10235295070684       8.483259707098931E-071
  -8.05708467405326       1.204863040759273E-013
  -7.94712851188677       1.265962096780145E-013
  -7.85343717663496       1.525530309550379E-008
  -7.84738504549803       2.702310214297170E-064
  -7.69134144908025       8.488485063508956E-010
  -7.12400324280900       1.175388212714847E-005
  -8.69346669017959       1.551940914277352E-008
  -8.68357255674367       1.407618387175182E-069
  -8.64650100035709       1.287027826351951E-068
  -8.57864422650307       1.202686038535798E-066
  -8.55411855237469       1.038143251187896E-010
  -8.53412115672253       5.906517412890031E-066
  -8.52665716672712       3.878287304431231E-013
  -8.48418569789099       3.000845990917303E-012
  -8.33198392410176       9.709339717368647E-009
  -7.94953660491323       3.736376502969774E-066
  -7.91446391451175       9.220927306659301E-009
  -7.79721211058146       5.973413744866043E-014
  -7.74318435618041       7.158890146871540E-068
  -7.71088571396634       4.011417318599757E-006
  -7.52127454106264       6.812308516916164E-014
  -6.95127058000368       7.868658622173099E-004
  -6.40472214940416       2.181683685213212E-044
  -6.36826856145451       4.060845531406456E-040
  -6.25328495051065       8.517871261307152E-043
  -6.24119017268136       1.886258587036906E-037
  -6.15467120362400       1.759847428653162E-042
  -6.13308891205885       1.872107292595206E-041
  -6.11592941958388       3.578552879925295E-043
  -6.07447202846852       1.500265188109013E-043
  -5.91392020348024       7.061972745673452E-043
  -5.61124902174486       4.200062417912440E-042
  -5.56115949678860       6.332606532320852E-040
  -5.42863150958419       5.200652350371884E-039
  -5.40664338467073       1.187503157355578E-038
  -5.32870738934389       5.747496714804116E-041
  -5.13289365369953       2.251639831663509E-042
  -4.59225605148707       1.298724478290574E-037
  -5.97975659888978       8.528766637269430E-070
  -5.93610149597511       3.696332797919131E-011
  -5.88202492943497       2.163809587518488E-069
  -5.86269944634556       3.203958982003792E-009
  -5.82769287802063       2.258078208062790E-066
  -5.80274961856297       8.263787968698019E-017
  -5.78074232244686       6.142158710202024E-066
  -5.70264772102609       4.676350799989066E-016
  -5.56058424449744       1.341068230796448E-009
  -5.25832742490911       3.743470383974161E-068
  -5.19254503111351       6.422386968092978E-008
  -5.07767955003388       9.920234851739394E-016
  -5.00714083550466       1.238164306590981E-068
  -4.99176925741352       3.830364922565860E-007
  -4.78768641919056       1.786395182026906E-012
  -4.26040550789536       1.571095453978416E-004
  -5.63045666284534       3.659254786292057E-073
  -5.60772068653939       2.746874433754030E-015
  -5.56268100237955       4.296804536021152E-066
  -5.54784445124470       3.202997762523191E-068
  -5.48368342748865       5.533983593650676E-014
  -5.46618338362325       1.039790353488382E-013
  -5.46323192160555       3.069796001906401E-066
  -5.40165569541703       5.050960804124759E-014
  -5.32836380100511       6.464163957032004E-015
  -4.93388936060756       2.100271941519691E-071
  -4.87851091856074       2.714299027093526E-012
  -4.75242383918763       1.050856763990222E-010
  -4.68205266541129       2.828050444146748E-072
  -4.64309545532295       2.872607283328969E-009
  -4.50257972063293       1.247290188809841E-008
  -3.91908583378635       1.446468545715673E-007
   2.90869420769254       6.775685903430766E-074
   2.92800161223074       2.903501583440338E-009
   2.96388690011372       9.975749907261151E-069
   3.03853138150420       2.522100289343020E-065
   3.05579025491885       6.877543538978332E-010
   3.07596172100646       3.265628801819868E-065
   3.08669235560167       5.460188692076864E-018
   3.13270264041235       1.633733037133563E-016
   3.29640317696210       1.528043209018833E-008
   3.63784643437400       7.310432426670817E-070
   3.68441715836187       3.985036717174404E-010
   3.81675469761320       1.647636895284003E-017
   3.87749135550709       2.522116274475223E-068
   3.90110550448601       5.594287131848867E-006
   4.10123700869699       1.827055921773722E-015
   4.66684601595029       1.260783472847364E-003
   4.62538794183769       9.964631174539361E-043
   4.66039593391256       3.345124507394775E-038
   4.67716176115616       2.180429281879632E-036
   4.78322993454690       3.293624872454713E-039
   4.78676328830874       1.673798315593238E-041
   4.85294419339686       1.863508400728784E-038
   4.85976310854007       3.985776022033753E-042
   4.92418674918597       5.109305764718039E-039
   5.11687053710727       6.942137968585083E-041
   5.36145439095655       6.888883612566903E-042
   5.41616370737121       4.061926393179329E-038
   5.57031477421471       1.371893884352952E-040
   5.59951504443992       8.605811729448676E-037
   5.64393863009225       3.545417284680880E-037
   5.88334412062985       8.142689471335325E-043
   6.40798204314931       6.026432533005369E-039
   4.64257818287602       2.405480930887522E-041
   4.67510029583778       1.153965224962537E-041
   4.75422533819119       7.278268319857042E-040
   4.79615960672398       8.878124817905639E-042
   4.81725523460388       5.089683998729356E-041
   4.87135063027597       1.056687830598383E-039
   4.88674680882525       2.741165266137761E-040
   4.93359287222111       1.539796848635679E-042
   5.04553205952180       2.120800258700274E-042
   5.37575700798257       1.216301147902314E-047
   5.44741689684488       2.010058081616070E-040
   5.56673693420695       5.376372810773526E-041
   5.61396026648863       6.017041453877949E-044
   5.69887777140169       1.696394709197578E-043
   5.85439686519259       1.026632659550001E-042
   6.42555234520970       2.304254497825097E-038
   4.60751584378306       1.305112282714049E-007
   4.65937475080246       3.535750057675351E-071
   4.73513761861849       1.929736290093481E-071
   4.78138921820976       2.025998637449812E-070
   4.85950547230525       3.964612321313567E-066
   4.86575616765504       1.831750576576073E-011
   4.89371046359289       3.029152057947978E-018
   4.94749089772499       7.645588359499244E-016
   5.11041726277471       1.829467464463090E-008
   5.37244312800023       1.164639753749975E-072
   5.44993438487430       4.662209618027033E-013
   5.58687284916001       4.702493229390005E-018
   5.60400712608974       4.629000171700893E-070
   5.69268887528601       6.214949710717022E-008
   5.89131467272888       4.933173004892316E-016
   6.43315073831808       4.970856733124684E-006
   4.78124120251916       1.503649511196470E-071
   4.83641440322763       1.585287792097296E-012
   4.85573605349294       1.484087094299695E-069
   4.90591606249810       2.039484490897634E-009
   4.91299751477327       5.129658851362608E-069
   4.96144023407087       2.482480304183449E-017
   4.96839990151876       1.175746785916652E-068
   4.97796796786035       4.666848376252286E-016
   5.14107921745313       1.050439717152897E-008
   5.49224175762717       3.995496159290155E-074
   5.52682436120062       3.240146174847745E-013
   5.66180858617657       1.513203149292247E-018
   5.75516945615126       9.110029389283281E-008
   5.76224613075870       9.264190148015999E-067
   5.94768094512230       2.866296850065668E-018
   6.51381940350723       4.513212139268183E-007
   4.82385241945654       3.438431686378683E-068
   4.87914020944829       9.093941379453098E-016
   4.89819027362674       8.190974516086319E-066
   4.94825459819625       1.395292619693490E-012
   4.95461587444368       2.205708333460951E-065
   5.00355897056252       9.033097318812781E-015
   5.01048972683280       1.236524133358602E-061
   5.01884995409322       2.052641878801475E-013
   5.18129315520394       8.439385044858274E-013
   5.53497810105311       1.457528890735670E-076
   5.56916799340298       1.557377609743586E-016
   5.70376567819089       4.173944204654833E-014
   5.79744594056835       4.462964786733238E-011
   5.80477160149918       8.189582164277747E-066
   5.98883982970582       2.532425419158045E-011
   6.55588092953479       4.235339666843615E-008
   18.0345922482155       2.410772548028261E-044
   18.0932766059525       3.261629896393473E-039
   18.1707547777089       2.058982185148376E-037
   18.2311387148947       5.864916032658922E-042
   18.3059693093106       2.397430788727742E-042
   18.3291274980488       3.241279567499462E-042
   18.3535658621450       5.787463631515471E-041
   18.4225086062396       2.329035923283860E-042
   18.5990885125839       1.571473046013445E-043
   18.8283006509028       8.227778726311152E-041
   18.9219990866570       1.296088975892919E-038
   19.0517470679664       2.531746205281257E-039
   19.0721892003061       6.946454390982055E-040
   19.1601900988042       4.593015828993514E-038
   19.3770265127809       9.380767913666028E-043
   19.9147808858870       2.951506580631963E-039
   18.3830769577570       1.342387350762855E-070
   18.4345162782084       1.778595693881978E-010
   18.4552999462385       5.405647636315108E-068
   18.5075659914941       7.705715455721293E-009
   18.5640823989051       1.928616813490981E-068
   18.5890459363713       1.160537511888613E-018
   18.6222661300472       1.062924796054887E-069
   18.6597711650041       8.630072987916058E-017
   18.8707229349327       4.947766934738203E-010
   19.1307112006330       3.067762445400446E-070
   19.1693678936892       2.880019281495488E-010
   19.3403038730628       2.438744480484710E-016
   19.3857723770494       5.522720513087778E-006
   19.3912879017032       4.953474661202996E-062
   19.6433632315996       1.440609160672943E-012
   20.1719477672264       1.544630760039183E-004
   18.6750773723464       6.049714523254947E-074
   18.7013618854630       1.598861405733745E-013
   18.7547563142921       5.110126447008006E-066
   18.7800737696533       5.642309057413171E-071
   18.8336388315168       3.321284328067193E-066
   18.8477520279869       1.119622155899951E-015
   18.8620580008436       1.174283791168428E-014
   18.9063151942061       3.602554289974599E-012
   19.0201636980128       1.605843058830463E-014
   19.3882370515984       6.689938578358870E-075
   19.4506402848039       3.335466011434358E-013
   19.5706241325727       1.292937320519168E-013
   19.6480020236491       1.346356121860128E-070
   19.6905921987444       6.059996993121261E-009
   19.8462824582427       8.362995854306228E-009
   20.4368685407248       1.673626448224016E-007
   36.4779585711924       1.004187262606131E-073
   36.4962180203071       5.502248521723141E-009
   36.5482596647466       1.199863264906097E-066
   36.6267948012257       2.882779530678995E-064
   36.6582346942741       8.167640333596181E-010
   36.6774426401634       8.632098551568515E-066
   36.6913111232493       4.946834635668186E-021
   36.7517143720755       1.306685884705201E-018
   36.9323555875001       1.612977874608721E-008
   37.2200229691896       8.055769329428963E-069
   37.2823384716053       8.406859981017320E-011
   37.4340189435436       7.160410110548620E-021
   37.4681269871183       5.870110851020231E-065
   37.5082548608378       7.739110331001881E-006
   37.7280200596316       1.745209734007246E-015
   38.2830590795129       1.844829343319824E-003
   40.9688133781702       2.733330896271676E-040
   40.9782858882278       1.418833897712785E-041
   41.0301718984754       1.101726366269453E-036
   41.1504561617501       3.095401108730407E-041
   41.1507599734071       4.260544128862837E-040
   41.2111131274828       1.329574447036743E-044
   41.2235601396509       6.067654731723018E-039
   41.2932508978772       2.111294190609029E-039
   41.5120830888994       7.085503977844377E-043
   41.7082407204131       8.319614547669721E-043
   41.7757537455189       1.383934606714707E-037
   41.9589123822590       5.587896243988146E-043
   41.9698358854188       1.277288489804983E-036
   42.0232503961790       1.872281716160359E-037
   42.2829782674068       9.616271852234090E-043
   42.8125740432166       1.180826214670802E-038
   40.9840782333629       6.303145932416016E-043
   41.0125205303562       2.087479222856441E-046
   41.0922383265718       3.114584130470866E-044
   41.1446826610611       8.419710622181493E-043
   41.1771153575592       1.380370828846049E-039
   41.2386721170305       3.549693884672642E-042
   41.2483203409738       3.874967938764395E-044
   41.3067561013969       1.125090024440147E-042
   41.4468000680815       1.033263735897676E-043
   41.7222701479146       7.767151071563168E-049
   41.8159392483210       7.384908792381069E-040
   41.9473832300447       3.101749716617260E-042
   41.9833782326031       1.326700053219977E-044
   42.0755466147990       2.681573393299672E-040
   42.2569829644870       3.825894857598519E-043
   42.8298321986678       5.267760376115024E-036
   40.9541460488669       6.555912077998890E-008
   40.9974691279898       2.609706087028291E-072
   41.0661331665767       3.876708986897812E-071
   41.1483812356697       3.119189518655407E-070
   41.2044427622170       6.454534881966948E-070
   41.2248691416886       1.764637735612490E-010
   41.2565263210034       8.873504865406847E-019
   41.3249579043916       2.505236462038436E-016
   41.5093025640449       5.388895098976627E-009
   41.7172564169390       3.166215960331386E-074
   41.8138006105034       2.568564266343927E-014
   41.9728382681168       2.340028078631791E-019
   41.9731244826798       1.950732570007017E-066
   42.0685379514964       3.234668147128138E-008
   42.2926138648852       8.394007591970135E-017
   42.8366213447728       9.997202226386233E-007
   41.1022303178409       2.587043291048754E-074
   41.1600526578544       1.661726274384753E-010
   41.1813285367492       4.012646219660742E-070
   41.2535144425264       1.274706932109749E-061
   41.2540217273921       5.112378424317650E-009
   41.2966536721360       3.385763056895199E-020
   41.3104272273435       9.742411886422098E-070
   41.3425952557512       1.688607354809847E-016
   41.5234291919501       3.141439248124589E-009
   41.8327291064689       5.127401130113020E-072
   41.8696953687678       4.046408141140061E-014
   42.0244916145823       7.597198473939956E-020
   42.1135962569331       8.503681974153391E-062
   42.1181790784867       4.276895738209853E-008
   42.3327742530337       2.433215695335683E-017
   42.9023252498158       1.941459519846387E-007
   41.1499661146488       5.531122221823667E-071
   41.2087115820256       3.102408803076575E-013
   41.2288746368749       2.840310383594524E-067
   41.3000761188489       1.819113944643399E-012
   41.3033091257545       4.210831299622406E-066
   41.3450326419067       1.950872188114611E-016
   41.3602937665571       1.602311514508688E-066
   41.3909350300137       4.688809661047081E-013
   41.5742335731635       9.944515036583086E-014
   41.8817182733364       1.621559014135103E-074
   41.9174667593885       1.573427238364493E-017
   42.0740060884009       3.275209574942572E-015
   42.1625487173484       1.783099141766593E-065
   42.1655437545022       9.269226587276125E-012
   42.3825171672764       3.833673146227670E-012
   42.9509164080837       1.142283238208099E-008
   71.4117587065811       5.467068210385380E-045
   71.4580859398967       1.634325097168114E-040
   71.5354173611827       1.053650178861582E-037
   71.6142464880267       3.021284275819910E-043
   71.6737927054493       8.597517840666013E-042
   71.7123802443298       4.670470437061109E-042
   71.7368114266413       1.741704171686777E-041
   71.8139211399442       7.935864665357289E-043
   72.0007993512950       2.420777318300092E-043
   72.1870186164709       8.917665774787536E-047
   72.3006459405142       2.836412010515274E-040
   72.4347139840736       3.043246831400689E-039
   72.4625952290317       7.909142488062960E-040
   72.5448248583705       3.599296656625001E-039
   72.7752465193389       1.108530577215804E-044
   73.3101917020622       1.083494650496137E-040
   71.7058129303843       8.349306138032786E-072
   71.7683981275393       2.103918404594127E-010
   71.7838179306026       9.908407638322027E-069
   71.8526132113468       4.380541104899391E-009
   71.9038957338886       3.376909451921135E-069
   71.9323375425602       2.384668977435688E-022
   71.9704552528121       3.481647941284564E-072
   72.0014401632226       5.441034759506848E-018
   72.2358063495107       1.035070949446968E-010
   72.4664724226181       3.254856007832186E-072
   72.4967648148430       2.579743907441010E-013
   72.6944182256223       2.365144535819392E-016
   72.7315794435433       4.128661131355811E-006
   72.7355650536822       6.358291945181883E-065
   73.0063852735899       7.345637119808515E-013
   73.5343241227702       6.830884581922360E-005
   71.9608485921442       6.345994912258968E-076
   71.9917315136825       1.410012787428489E-013
   72.0506642604005       1.909998525003706E-065
   72.0784540723670       7.481069603353409E-065
   72.1352333660231       1.131326981355939E-063
   72.1492906598134       1.333898544719898E-015
   72.1654124619425       1.110297145935525E-015
   72.2150122138201       2.029304174044540E-012
   72.3515431421285       2.522880120174599E-014
   72.6827578815495       1.598756688164081E-071
   72.7504071040748       9.504815193402103E-016
   72.8736597041351       1.875274463695754E-015
   72.9507363399316       1.788945446513103E-066
   72.9956946375428       4.066676114305835E-009
   73.1711126019905       2.657353558116599E-009
   73.7555742852765       8.780416657052785E-008
   110.706662361088       4.766685933378782E-075
   110.731634698415       1.175301300032138E-009
   110.792113403586       1.252145361592812E-066
   110.868665088412       3.030341519159561E-065
   110.911307456313       5.884716994489010E-011
   110.931499578046       9.440877671552319E-067
   110.940606839559       3.499248998213100E-021
   111.013722020722       2.879355085357268E-018
   111.204812907893       7.326994391593187E-009
   111.443654818032       9.249244156900798E-070
   111.513252304481       4.313000906507831E-012
   111.678256023760       5.805167240085307E-019
   111.704965913329       4.615090570794723E-064
   111.750648429982       3.710760586974643E-006
   111.985100078267       7.085263719404702E-015
   112.526186489295       7.195931469286774E-004
   140.460923270827       8.601014432144343E-046
   140.476012130617       6.507250324980106E-041
   140.542417308991       7.864988500952205E-038
   140.650344093114       4.038271487973270E-046
   140.668913368653       4.746361698819862E-043
   140.716494619586       3.999614414790704E-042
   140.727218573549       1.208721366564414E-043
   140.805527284695       1.160270290160471E-043
   141.028043985225       8.501835375070602E-044
   141.200729063256       2.119653845259598E-047
   141.274754803185       1.067527985840954E-040
   141.468179113363       2.728076195597789E-044
   141.472458452065       2.679264452267726E-041
   141.526401207171       3.654000592084691E-043
   141.792861282547       1.468764170602433E-043
   142.317939597739       7.488066332387256E-043
   140.489461598383       9.023030671790090E-043
   140.495584618847       3.396292506576686E-047
   140.586534377247       1.203757691607838E-042
   140.641146984637       7.752113938442474E-040
   140.698817361732       5.864197425821901E-039
   140.740737082013       6.571470569750446E-039
   140.741193772962       5.010638664426903E-039
   140.818927874135       2.633946374504723E-042
   140.984919766698       3.391929262723342E-042
   141.213785412046       1.421138049867767E-048
   141.310906205761       9.876113999318240E-040
   141.459276570950       7.614983431821223E-040
   141.484873452602       1.594359012287589E-042
   141.566832726486       1.012255645343438E-038
   141.777302176141       1.206786547423658E-043
   142.333458477368       7.967035370239693E-038
   140.468918261256       4.255116004148987E-009
   140.480941016413       3.593953802326775E-074
   140.565757109219       8.039323537210131E-071
   140.650565020280       1.001154761787995E-068
   140.712678250381       3.012057886154877E-069
   140.721260460107       1.947760729501375E-011
   140.751976036537       1.747296110468293E-021
   140.831617100393       1.531496712975316E-017
   141.029155360707       7.259765515078831E-010
   141.208259515713       2.793002967417197E-075
   141.305789646865       2.790036015030745E-016
   141.476703209680       3.271867941383690E-069
   141.479317523528       7.404107770298929E-021
   141.559871652219       4.974914977336466E-009
   141.802180102061       4.044896104474208E-019
   142.336954520251       2.480701449478109E-008
   140.568080388813       2.517724312143161E-077
   140.624230781678       9.280912461572783E-012
   140.659896773794       1.781470037264505E-071
   140.733217604497       8.242034627858570E-073
   140.752991049521       3.076315400655188E-010
   140.783416055374       9.880446535416470E-023
   140.800063499830       9.135882713742457E-071
   140.853777947721       5.765462826755786E-018
   141.046222048282       9.505679876274395E-010
   141.305560482695       5.440577690650734E-079
   141.352991383369       7.090717636732816E-017
   141.521168493134       1.582769133184797E-022
   141.586551873199       7.426188554326503E-069
   141.605323669101       5.590977259650981E-009
   141.838589991892       2.335467108390546E-018
   142.393061128866       1.541942940346659E-008
   140.609524506088       1.605583782499659E-072
   140.667106315037       5.236367190339511E-014
   140.700977029769       3.314315688309706E-067
   140.777489954500       5.312842833416523E-069
   140.792226030104       5.656082682157305E-014
   140.825991918168       1.260895287143797E-018
   140.844623032537       9.160536451706938E-071
   140.896306588214       6.854445429656135E-014
   141.092109754899       6.523676518349216E-015
   141.348485685551       2.514338844871747E-075
   141.394295635584       3.226676144471832E-019
   141.565185128830       1.020360827058305E-018
   141.629532666874       1.505904297893549E-068
   141.646372048637       2.997379982943907E-014
   141.882925509057       2.870377862307609E-013
   142.435647789132       2.058315908296307E-010
   177.191673841756       4.279605918038454E-044
   177.213885233717       7.669626329299635E-042
   177.302730637851       2.901345234640490E-038
   177.381121959511       8.582131914068398E-044
   177.446317883673       1.233050852449157E-042
   177.472784124313       7.619794011671296E-043
   177.497356531493       2.053570743033201E-041
   177.579797249036       1.032892513547610E-043
   177.774250610835       4.789372934253800E-044
   177.937079279775       3.051248256325271E-042
   178.049301180003       1.038712397327269E-039
   178.199776907783       8.174492473254055E-039
   178.220317360060       8.108834480325578E-039
   178.295950206414       8.984253712095949E-038
   178.537950394249       1.428371941983006E-043
   179.063545737912       3.026825329603765E-038
   177.432463388990       5.910336125524642E-073
   177.497303731130       5.405814986017891E-011
   177.521824468682       1.803952857695265E-068
   177.604311252378       5.719309669143587E-010
   177.634866910849       3.772742709551042E-064
   177.671798954546       8.396478484959547E-021
   177.706832641763       6.703100645996527E-069
   177.748496252497       1.127461063597277E-020
   177.982941083510       3.924436526759112E-011
   178.186257906473       3.927269275064344E-069
   178.222093549670       7.852283439682317E-012
   178.426432920802       1.901934273467940E-017
   178.460258659502       2.737918888205145E-061
   178.466231952516       1.319361566933989E-006
   178.743857922585       2.028875032240634E-013
   179.264185269432       1.486158897119938E-005
   177.660375216489       6.597083809573067E-075
   177.695035402418       3.389750122112761E-014
   177.757263580506       9.002696460318092E-067
   177.793678057099       4.649631485556445E-067
   177.859744761840       1.134589103761548E-065
   177.866447677853       1.339227248946191E-016
   177.876745917486       1.656225111570669E-016
   177.942405816849       2.676193175792768E-013
   178.098836542228       7.710811450759296E-014
   178.380545141326       1.586096036196101E-072
   178.450692863226       1.441134542263197E-015
   178.587831640290       4.352755185459172E-014
   178.653491578617       1.802632336161855E-066
   178.698077800712       1.192912089446790E-009
   178.898067473394       2.941016200957715E-010
   179.462137259372       2.224625213289254E-008
   287.905412274755       3.094317875295174E-076
   287.938526512640       1.241253076423643E-010
   288.001202553220       1.247505942164099E-068
   288.075579169574       6.179918027882791E-067
   288.122754507313       2.973782193166409E-013
   288.146269049146       1.126933307439321E-068
   288.148196337093       6.491659746471203E-022
   288.229307723286       7.532994306364547E-019
   288.426137949653       2.880578581871893E-009
   288.627638123787       3.260500977315377E-071
   288.697951612095       1.688039628559070E-013
   288.871230939581       9.199760036167771E-020
   288.898131977600       8.897758981309129E-064
   288.941741111210       1.239138454740589E-006
   289.186987364495       4.991633616007690E-015
   289.710825051096       1.847556174309595E-004
   413.529456467323       6.409745972218178E-043
   413.537564514206       4.829550945490899E-041
   413.628467325550       1.220203167370623E-037
   413.707393801786       6.645020914689056E-042
   413.778999702086       1.054167549698564E-041
   413.779556648168       2.459273315943538E-040
   413.804800482422       3.001383399986803E-041
   413.890523898696       1.169582429215877E-043
   414.092919962807       3.047103131072342E-041
   414.230517747111       5.700805096579120E-041
   414.325300790152       2.024676052739363E-039
   414.498238733544       2.809679799940996E-035
   414.506666345902       1.793209408589593E-037
   414.565385953739       4.689536098789330E-035
   414.824597607857       5.456719398494668E-043
   415.321415925585       1.275683312622572E-036
   413.725446317893       5.925137533843112E-073
   413.784204374339       8.023703720431079E-013
   413.824585624894       9.140572632326495E-066
   413.923717590137       1.928211735295192E-015
   413.924743761735       2.742839131909913E-060
   413.973994859145       2.175798162276492E-020
   414.000204135978       3.746177834508853E-077
   414.057106738322       8.824564376873988E-021
   414.283068321906       1.335613566246415E-012
   414.445590668301       2.066484738281134E-067
   414.493111212765       3.830263859198910E-013
   414.695189784178       7.710750541505910E-019
   414.718361427831       1.709441230061670E-058
   414.733510021498       2.343251568988441E-007
   415.013116103954       2.903209958111163E-014
   415.506639100797       1.771195596414931E-006
   413.919156408074       3.510046269645702E-072
   413.958661063318       5.986750552432939E-016
   414.021804745967       3.194479718316279E-064
   414.076515684706       1.386528916782638E-061
   414.143095051387       1.672402769970801E-014
   414.147464623196       1.509509817538772E-015
   414.149434864573       2.101682423729267E-061
   414.230402455674       5.269879788105035E-015
   414.411184707137       6.587255027318094E-014
   414.618986334138       7.897166970447533E-070
   414.687652676957       5.522183166413233E-017
   414.848514236066       3.541011871953818E-014
   414.891014367844       7.340742638372686E-062
   414.928129077671       1.810610262047525E-010
   415.163393009704       2.023382144009891E-012
   415.682318306852       3.044842451543198E-009
   419.969775271156       6.035180954085990E-047
   420.002124150000       8.217940541064000E-041
   420.068049295809       6.892161866473913E-038
   420.162281845678       7.697367958005085E-047
   420.193615067285       4.134444930304800E-042
   420.235842131539       4.457471911155544E-044
   420.236168752882       1.300573368088176E-043
   420.321068614581       2.241812079265287E-050
   420.539429373865       2.855919606434134E-040
   420.681693715071       8.002869812224768E-044
   420.753325997107       5.202925195149254E-039
   420.949011065999       3.093336802462155E-042
   420.955323257973       1.596244302363263E-037
   420.998331059431       9.668717442730615E-037
   421.271249679018       2.108995196857252E-045
   421.767428420233       1.390966354039514E-037
   419.994859780599       4.701412406454483E-045
   420.014228250123       2.045775579595769E-030
   420.096048951912       4.385568120218645E-038
   420.160424791997       1.603864317415542E-038
   420.231741308019       1.344656384879776E-029
   420.236917805915       1.612649434528282E-030
   420.248262572209       1.212059428502953E-039
   420.333160359416       2.797873946736355E-038
   420.521461496302       3.328257058192061E-029
   420.693725642223       1.367297314832202E-040
   420.779108883610       3.878975560906296E-040
   420.948064170648       3.756066208986317E-039
   420.966865104098       7.919194476466303E-036
   421.024502527900       3.520660876909707E-030
   421.267992665545       5.683507665664911E-038
   421.780991771279       1.052096088110976E-028
   419.984326010980       5.461252620496979E-063
   420.002203322818       2.347251245267066E-011
   420.083361132740       6.006520146282066E-056
   420.165500691064       1.747511515311688E-053
   420.224126289153       1.113739612969516E-013
   420.237664884150       2.286006133267608E-048
   420.253179248525       9.112769195376572E-023
   420.338718655754       8.834942791808918E-020
   420.544344245253       4.256420837924092E-011
   420.688893857338       1.020590073335669E-059
   420.774061129242       1.338687450092289E-017
   420.958577358371       4.952316022264213E-022
   420.961204488400       8.261051173995252E-055
   421.019236304282       1.576095010779482E-010
   421.280224412722       2.023385613125985E-018
   421.781334676223       2.142483757375697E-010
   420.051667656188       2.348411334464756E-077
   420.103685409689       1.110612342148218E-014
   420.153179437592       2.295124069220726E-070
   420.228678919898       6.804509731499799E-066
   420.261190844821       4.062051943878696E-013
   420.286808336928       8.848664825001094E-023
   420.302712791468       2.629680836950964E-073
   420.369398393121       1.821322389481204E-020
   420.570972741175       1.200442414363421E-010
   420.761811908984       7.706890670842604E-073
   420.817779725015       4.777832588434390E-017
   420.997959220218       9.768500447280108E-022
   421.038621550071       8.359864428711708E-063
   421.063016968252       2.415063783753309E-010
   421.317712804560       2.642129522190673E-018
   421.829961317051       3.565469081154300E-010
   420.084761589195       5.518328846773182E-077
   420.138015806382       2.048594495211085E-016
   420.186036076975       1.662722448978953E-070
   420.264052828671       4.714531310487414E-068
   420.292590665239       2.868731041205821E-017
   420.320818480426       2.830985333256326E-021
   420.338256169596       3.404266218402925E-070
   420.403362309327       4.510171182956878E-016
   420.607475687942       3.904556180627407E-018
   420.796038371706       1.042859467946687E-073
   420.850674886987       1.059118874507392E-023
   421.033089274802       2.108498958814831E-018
   421.072924537176       2.209587601873357E-064
   421.095867356738       2.945399398104412E-014
   421.353029527432       1.248306234972130E-014
   421.863917567892       4.070271519966146E-012
   562.805976113526       5.042298721795681E-075
   562.845810121866       4.896909569955903E-013
   562.908187457286       1.875428510527053E-064
   562.985139985347       4.131807049294346E-063
   563.029320482891       3.042840666610151E-013
   563.054278299890       8.450379206014142E-024
   563.059588038411       5.621365747154757E-069
   563.139363648982       2.131132861096279E-020
   563.342283680438       4.428288386072976E-010
   563.500804012791       1.631840789371096E-069
   563.567791631081       2.054986727643780E-016
   563.750224948171       2.726823174679349E-023
   563.772868264566       2.236395646621289E-058
   563.807811374077       1.191686215216634E-007
   564.068732962693       9.821783685905695E-016
   564.561725141997       1.064356521414349E-005
