                  1184
  -19.1165760494181       7.072479423177615E-042
  -19.0757992378188       5.794558048019581E-038
  -19.0686781322644       9.256885794143070E-040
  -19.0559687712147       5.633002404799044E-041
  -19.0208990736663       7.522123066972169E-040
  -19.0208493250376       3.642064913207720E-038
  -18.9955920978658       1.628113697328047E-037
  -18.9728461274957       1.462196956702541E-040
  -18.8876934555996       8.684733577676797E-037
  -18.4355316993013       2.783926992492149E-036
  -18.3893603589482       3.795252293353520E-036
  -18.3413182722129       1.143148056932537E-041
  -18.1757301831811       1.414911467911405E-037
  -18.1385249935974       6.856252208393099E-036
  -18.0589444239319       3.690371889581539E-040
  -17.4678631434269       4.596285246286451E-038
  -19.0650752041304       1.812523380590201E-041
  -19.0079425141194       7.322052921446809E-042
  -18.9929405279640       2.120624512045962E-039
  -18.9916099098353       1.242838280710545E-035
  -18.9434537770948       3.839254063532524E-036
  -18.9296447202861       4.156280521768382E-040
  -18.8967577225509       1.692609176191562E-039
  -18.8620034396866       3.389895735152008E-037
  -18.7961918304702       1.616907686041664E-040
  -18.3920947571552       4.731388481964416E-039
  -18.3543451945658       4.998255222816084E-043
  -18.2425914501347       2.412953921407184E-035
  -18.1120528218242       1.647915766213743E-034
  -18.0812275500188       2.473448323528200E-039
  -17.9753879785202       8.453915921168465E-039
  -17.4037272271375       3.783393924055998E-047
  -18.7480085016174       2.442020700253581E-040
  -18.7053153281806       1.047853121015808E-037
  -18.6993699217077       5.706694944787409E-039
  -18.6715615606855       2.174106755092114E-037
  -18.6374436072669       1.523342089436417E-038
  -18.6185139868695       3.901521331248564E-037
  -18.5926135343137       1.253904136260585E-036
  -18.5683890106953       3.307297586584747E-037
  -18.5185903851099       1.053043554110540E-038
  -18.0873867899341       5.980419168068081E-038
  -18.0267143722193       2.242428768574975E-035
  -17.9458559216435       9.556264614386141E-037
  -17.8138092718588       3.333147489153299E-035
  -17.7831947228106       6.920995776269388E-037
  -17.6975406985225       3.329993839039773E-038
  -17.1213361395238       1.567462655177350E-040
  -18.7178766014237       1.645366034499705E-039
  -18.6957130147144       1.424787472917288E-037
  -18.6829818722498       1.091927413317906E-038
  -18.6619561123322       1.748091878885739E-037
  -18.6334000615533       6.745293735756601E-038
  -18.6226283549681       2.404000700720200E-035
  -18.6008064479716       7.829422296502215E-038
  -18.5947403289800       2.066823463533476E-035
  -18.5251103862904       6.589094730204404E-043
  -18.0577472407309       2.219473070788593E-034
  -17.9948914320780       4.994956651402308E-034
  -17.9540664214094       2.548480927395123E-037
  -17.8088114397881       2.994559157177868E-035
  -17.7665823782043       1.497780244674867E-037
  -17.7034897792886       4.346872924337009E-038
  -17.1150538050821       6.066198114764629E-038
  -18.7275114477809       4.665733179400650E-009
  -18.6680342268943       7.625627018025871E-075
  -18.6576326598375       3.751343259758613E-015
  -18.6132182600973       1.094904319484569E-062
  -18.5879018267316       5.875393224304996E-071
  -18.5493873500140       6.367413614204143E-068
  -18.5423598679482       1.190499046830753E-009
  -18.4645059331266       1.469322816169585E-015
  -18.4338222766512       3.663586147836162E-073
  -18.0080142401117       1.030874392792342E-065
  -17.9599511927610       2.691468486808472E-004
  -17.9232988911852       1.616124321414318E-066
  -17.7508836012860       4.896823118429182E-066
  -17.7364051901999       2.883670968599446E-004
  -17.6223555576443       3.942907795476978E-070
  -17.0502602128543       6.567213874639263E-072
  -18.6481918138754       2.605064030516065E-042
  -18.6050568892238       6.225907092976312E-040
  -18.5584724231046       7.046371541102812E-042
  -18.5348484320270       4.481163954161947E-038
  -18.5293159111210       5.451377869039595E-039
  -18.5251548048012       4.330719709707245E-037
  -18.5171811286010       2.018952012807403E-039
  -18.4170908505041       2.192899207551153E-039
  -18.3592104238296       3.025860595210442E-037
  -17.9489008542146       2.561322672929969E-038
  -17.8728712313028       1.881277392375973E-035
  -17.8287589591999       2.576042117453712E-041
  -17.6908585982514       2.627177696828947E-040
  -17.6700852864649       4.543507521499401E-035
  -17.5354808683609       1.142107177740352E-041
  -16.9491632679930       2.588643436696245E-038
  -18.4967979220845       1.630582424550861E-045
  -18.4396615255311       2.949086886185992E-043
  -18.4209026823732       5.385598809915915E-038
  -18.4080410108930       6.556882282197630E-040
  -18.3699359391861       7.570020597195128E-037
  -18.3518109790020       2.923833700171761E-041
  -18.3020184234660       3.346168714133703E-040
  -18.2683451944021       1.369842684486277E-035
  -18.2003187258473       4.280485656658799E-040
  -17.8009995377853       1.772410824930492E-040
  -17.7720022626808       4.392388866858474E-038
  -17.6322130529968       1.572352744699671E-035
  -17.5345724201920       5.827887489921562E-037
  -17.5165702529859       2.099152893831358E-039
  -17.3768452509957       6.049344470520290E-039
  -16.8041890335523       1.772093027731093E-043
  -18.3687674933697       7.328289546016898E-045
  -18.3380919618364       1.371016646362803E-038
  -18.3206146222188       1.760745667087194E-040
  -18.2966777322349       3.856108865875005E-046
  -18.2608755438412       2.566757873118817E-040
  -18.2575680090281       3.368327520932484E-037
  -18.2501442004235       2.919187454729258E-038
  -18.2175546301327       7.322985977069857E-039
  -18.1194819089642       3.272317875214370E-036
  -17.6795945260473       8.639781805851686E-041
  -17.6392139303052       2.836463109288631E-038
  -17.5590609322087       3.326423298697788E-040
  -17.4350754695401       6.886537913704416E-041
  -17.3987529482068       5.649133497144601E-036
  -17.3029178080952       2.390472800387727E-040
  -16.7261317702663       1.432636279501151E-037
  -18.2089731045969       1.608873061229450E-012
  -18.1734826526765       4.911072248287722E-071
  -18.1460828201017       3.226377954747123E-008
  -18.1370129370409       2.564821523951738E-008
  -18.1335588294484       3.650216082363831E-062
  -18.1055052260665       7.431254917470627E-015
  -18.0999311198340       6.644594026258932E-066
  -18.0521104719911       5.956631966355206E-068
  -18.0047549969631       1.221333683755480E-068
  -17.5331588253014       4.212704945054395E-011
  -17.5288781378555       2.218164772280710E-069
  -17.4435130807138       3.091963018140780E-070
  -17.2947462693926       4.705967595533532E-009
  -17.2524871658511       3.836311399721375E-067
  -17.1893679817234       1.991929478786646E-071
  -16.6104386371461       1.147984798083865E-069
  -18.1291076072882       1.864127663997784E-044
  -18.1189266246426       6.283687553862786E-039
  -18.0876947660288       9.195007449136503E-041
  -18.0859085735209       2.890834977103018E-041
  -18.0556364406639       5.295146271820323E-045
  -18.0421848718550       5.540794996555383E-039
  -18.0308923389225       1.276876178940587E-036
  -17.9922924827215       8.532992488516133E-040
  -17.9153599738452       1.484674218413042E-037
  -17.4732587476620       6.505462593531549E-039
  -17.4184598819413       8.539977510013095E-038
  -17.3835464431530       2.905432964281543E-042
  -17.2271594548402       2.830538700855296E-037
  -17.1902981332800       2.287877336702517E-036
  -17.0985807199242       1.070702846441515E-042
  -16.5190107905267       8.102821534944482E-039
  -18.0404556709450       3.813314937712289E-070
  -18.0297242756665       1.029809138888808E-009
  -18.0224057022015       1.432867738765703E-007
  -18.0089872130121       5.990277573825136E-012
  -17.9712443188292       3.304522143589177E-068
  -17.9652319343221       3.169720379093530E-013
  -17.9590185041611       9.634538462652589E-069
  -17.9209503924111       2.137626806860196E-069
  -17.8405656437524       6.707352258074618E-070
  -17.3851006602126       4.878216433174583E-009
  -17.3525387363009       7.522463207412084E-069
  -17.3152823573747       1.578499888331510E-070
  -17.1520696796073       3.039040209829132E-006
  -17.1177099443167       4.249824505824802E-072
  -17.0268911314971       2.536999990124110E-072
  -16.4508333804647       1.937309506933035E-071
  -17.6224385045314       2.545751005050801E-039
  -17.5795203326409       2.920539892808844E-041
  -17.5499696670592       1.563899800307819E-039
  -17.5457658028418       4.876446990946229E-033
  -17.5440180297815       4.761831555550425E-033
  -17.5147209718740       6.012983118405101E-040
  -17.5061916834137       6.503270585263304E-040
  -17.4900929588248       2.575247814335887E-038
  -17.4160890986645       5.399376073255851E-041
  -16.9684332244892       6.375093657205577E-040
  -16.9417179255062       1.631158913258324E-043
  -16.8913418477234       5.980772072950817E-039
  -16.6737454186768       1.506644779863516E-036
  -16.6510262594418       2.027641735282700E-040
  -16.5922103845840       3.130011589078236E-040
  -15.9994027952981       6.334017851904938E-043
  -17.5527902981405       1.309811294318232E-040
  -17.5284539263200       2.635417900372083E-036
  -17.4821055078114       3.297558772290429E-039
  -17.4774074426619       6.413074629616431E-038
  -17.4599741384169       6.998063167986814E-036
  -17.4382637653439       5.845501077230989E-037
  -17.4369479160398       1.275288517368176E-035
  -17.4097312171740       1.112389592462538E-036
  -17.3256821445287       3.376591906298589E-038
  -16.8557285761744       1.648203126254659E-033
  -16.8518941565757       1.032236091118003E-033
  -16.7784451144674       1.782038641784443E-038
  -16.6355896669807       8.795000960482938E-035
  -16.5982389081806       6.835860558405120E-039
  -16.5106711862720       3.366789073824339E-041
  -15.9316449704032       1.790592995155145E-039
  -17.4354934283232       5.916036882070519E-038
  -17.3901501261798       2.009399118761505E-040
  -17.3892127306221       6.192665778412165E-039
  -17.3640510143150       6.763366141031584E-036
  -17.3247975643848       4.282190215044878E-037
  -17.3112352777108       7.443080395704391E-037
  -17.3088266861384       1.501489992872996E-034
  -17.2902807795887       6.775092216513644E-035
  -17.2159403502029       5.653900972950551E-046
  -16.7740069101943       5.356755799294865E-038
  -16.7153273494043       9.494145989593060E-038
  -16.6517717622721       2.260378794304995E-037
  -16.5056827589466       2.703491572077362E-036
  -16.4771972745586       4.061813048723188E-038
  -16.3967058520332       2.288349439311625E-038
  -15.8153684168672       1.463526801826351E-042
  -17.2655178899287       5.251597665610509E-068
  -17.2637476055145       3.830356919852112E-010
  -17.2428009446823       1.967768939380362E-008
  -17.2277992584213       2.399987134068581E-011
  -17.1901156064450       1.523501135879283E-061
  -17.1744904838894       2.323733948541617E-064
  -17.1668437052642       2.262149786350428E-012
  -17.1270441607762       3.539360482499237E-064
  -17.0289109027554       2.305206184632898E-070
  -16.6035051153985       1.295626985427429E-008
  -16.5760115711326       1.992958102113103E-061
  -16.5222261603577       1.099279922609347E-067
  -16.3654619763752       1.108477760415026E-006
  -16.3327419658514       2.257579435198746E-066
  -16.2190436541486       1.035714825041879E-068
  -15.6486157650269       6.748829420560502E-073
  -17.2979093143239       2.804100272330647E-013
  -17.2723657246964       5.399336953727682E-073
  -17.2319701304022       8.253336543431231E-009
  -17.2026553127466       6.599989834181161E-009
  -17.1928949635769       4.231748510021344E-061
  -17.1832666105241       2.792836240551105E-009
  -17.1687012838461       2.563351534191466E-064
  -17.1384336608754       6.759522656603386E-065
  -17.0407699292064       4.854990057675978E-069
  -16.5991477268946       5.742835884415970E-010
  -16.5931433036184       2.950275165925431E-064
  -16.4992278566733       5.928419438960360E-067
  -16.3678851648687       2.458057751336263E-008
  -16.3391290354253       2.222554024258278E-067
  -16.2216374035520       2.105970353086189E-069
  -15.6393793478049       5.148747282015406E-074
  -17.0220872542650       6.048151591936215E-044
  -16.9695767827134       4.432432474923601E-039
  -16.9437618613128       3.674216176072771E-043
  -16.9428097972932       1.720572001350517E-043
  -16.9111272332239       1.270000129386781E-037
  -16.9016299131403       2.875740192185325E-037
  -16.8922687735183       1.332770201167055E-043
  -16.8627340591079       2.849235877818969E-038
  -16.7599792938322       1.717005099699246E-036
  -16.3378649921641       1.010001173229607E-038
  -16.2917621989198       1.050537361330015E-037
  -16.2234680757080       5.068100297482208E-044
  -16.0725599157026       1.743405173477825E-036
  -16.0694146523432       3.620751762978849E-036
  -15.9424253445515       1.873189264374779E-043
  -15.3629417105548       8.464414594888129E-040
  -16.7292898441779       1.132788883794245E-040
  -16.7033394666079       8.145795702155020E-039
  -16.6821150936748       1.088983162871693E-039
  -16.6756460852325       6.787831562643262E-042
  -16.6441993570017       1.112763146474706E-041
  -16.6243309633808       7.679740505164271E-037
  -16.6196431662194       1.092253808599169E-036
  -16.6010829374117       1.164811850602912E-038
  -16.5173034789942       8.697437845329310E-037
  -16.0700813213594       2.877538123708488E-037
  -16.0153001393965       2.214478834900508E-036
  -15.9686778521026       8.923562072932678E-042
  -15.8153340954516       4.634213622476682E-037
  -15.7806363718064       2.154747577325665E-036
  -15.6983361605512       4.719065508648343E-040
  -15.1148806034792       2.309143502929979E-038
  -16.6078114557097       3.614932629968544E-038
  -16.5525415239925       1.432547050727648E-040
  -16.5395644798755       2.652563256845052E-036
  -16.5167547306561       1.861325792833702E-038
  -16.4868289160387       3.680679923287581E-039
  -16.4718090098496       1.561218482140320E-035
  -16.4311278961880       6.007581117541995E-039
  -16.4253705694634       3.017583783132051E-034
  -16.3220953603055       3.490656682089158E-043
  -15.9076788766143       2.085575511933017E-036
  -15.8789305606539       8.484831198281550E-038
  -15.7549552975723       2.080671374066542E-034
  -15.6534359814235       5.808091259172023E-038
  -15.6460022559805       1.114834524940929E-035
  -15.4976809322245       6.311338957332205E-037
  -14.9161136597273       1.683818299618973E-040
  -15.8259502000574       2.341288565031708E-040
  -15.8020816284029       3.019968795239549E-038
  -15.7541968829134       2.337727733376067E-038
  -15.7210698259792       5.670556922286978E-037
  -15.6956834193283       4.665994652081439E-040
  -15.6929653317253       2.678645687450552E-037
  -15.6723692795922       2.042706734968840E-039
  -15.6051068226955       3.223865539046585E-039
  -15.4811152270174       3.578657833541446E-036
  -15.0629177306352       3.062915403107734E-038
  -15.0158496315591       7.771882614918469E-037
  -14.9160196420536       2.197526300139596E-042
  -14.8635117818364       1.898453739129411E-034
  -14.8434275906035       3.066078321416295E-036
  -14.6449670189915       1.697401864738382E-040
  -14.0438361500121       1.790190023476441E-036
  -15.7654789186641       3.642661498414242E-008
  -15.7425376204102       4.323718261024041E-077
  -15.6738358124785       8.018520216136763E-016
  -15.5812268150312       3.967492145838604E-070
  -15.5718771615663       1.243890357061276E-063
  -15.5519672090098       4.665890980074783E-008
  -15.5194328945902       1.388716063187595E-070
  -15.4478275778365       1.148004442086944E-016
  -15.3808807519730       9.375737683491372E-072
  -14.9865398635036       2.299349301900392E-062
  -14.9802166137234       3.074672391150891E-004
  -14.8774392031076       5.063692064824779E-067
  -14.7623671690117       1.178002988901536E-003
  -14.7535743033062       2.745177354425374E-066
  -14.5897152933659       3.294097237710133E-069
  -14.0396695156377       3.650662349433850E-071
  -14.9526287744113       8.930667379028683E-037
  -14.9259626162444       5.466395786607993E-036
  -14.9009559967477       8.244687713514418E-038
  -14.8842249567171       2.199197744151117E-039
  -14.8483301786945       9.026225861455045E-038
  -14.8302298856913       1.245930997289268E-038
  -14.8185153730327       4.792378379685766E-037
  -14.7563472823114       9.276272403216119E-037
  -14.6701924943750       1.601050474993122E-038
  -14.2566277923168       4.814430685167504E-035
  -14.2059222132674       2.824701926723087E-034
  -14.1583703418054       7.972375101344022E-039
  -14.0508524013093       3.358854547192497E-034
  -13.9967421623341       6.283255514791083E-035
  -13.8813980472344       1.131416343447985E-038
  -13.3379115774684       9.300254647721262E-038
  -14.8445958548878       1.038286179246077E-040
  -14.8164526900789       3.759376566553448E-039
  -14.7893919705077       5.420107978032508E-039
  -14.7809601992266       1.802057301218142E-042
  -14.7317486164050       1.238908855943252E-036
  -14.7093181403568       5.464618403430968E-035
  -14.6889189898394       2.932173508183339E-036
  -14.6563370062123       8.445351420205158E-036
  -14.5951641566981       2.026625864719666E-041
  -14.1691468472548       7.531942334986546E-036
  -14.1060739903652       1.346352915165579E-039
  -14.0088745741943       4.424789664112268E-036
  -13.9223163832917       2.137346874200045E-035
  -13.8945790680241       5.237448290871165E-037
  -13.7828677956832       4.143077424969890E-038
  -13.2134659706781       3.970253558335159E-042
  -14.8180703186166       2.323245700277435E-072
  -14.7898330631622       9.899269077678870E-007
  -14.7474191800847       4.564751625684684E-010
  -14.7340612549633       8.297229644558897E-015
  -14.7063001484753       2.897887014288581E-068
  -14.6852806598848       4.708149527287655E-064
  -14.6253165981585       1.353611459175354E-015
  -14.5866401445851       4.417679477669498E-065
  -14.4751213402565       1.351360393649960E-070
  -14.0796593750200       1.524357303207800E-007
  -14.0462825410289       2.054564155198496E-064
  -13.9737701276644       1.437379813011326E-067
  -13.8941551677853       9.761007191385735E-006
  -13.8664335431106       1.907885895272035E-072
  -13.6864141129299       1.430040547923252E-072
  -13.1447387735921       5.580624554946101E-071
  -14.7932100286328       1.406353891645771E-011
  -14.7868384568058       1.488719978593290E-073
  -14.6909857306983       5.749304609786506E-009
  -14.6831082725816       6.656618575376583E-009
  -14.6514628429457       7.051349448311461E-062
  -14.6332222563115       3.025199524848144E-066
  -14.6253120990490       9.716681625517747E-013
  -14.5722795190724       3.710919784658124E-063
  -14.4964685216463       4.488001601420000E-068
  -14.0536133801120       1.202541715342333E-010
  -14.0492925177854       2.783703460294352E-063
  -13.9226216555510       7.150430661379103E-067
  -13.8671320928623       3.229533153580673E-009
  -13.8143726845438       1.229426010095662E-065
  -13.6882509910195       1.624239952966858E-068
  -13.1174847553417       3.546011239290220E-069
  -14.7049621795355       2.217023638412880E-037
  -14.6891108887554       4.287996118619103E-040
  -14.6475477180743       3.108496094258160E-040
  -14.6009131059247       2.135156972806773E-038
  -14.5753434876697       1.859205645280832E-041
  -14.5687085452319       5.868237027244527E-037
  -14.5490035945621       8.137031673791303E-036
  -14.5194091304687       4.263639087019444E-036
  -14.4159573380227       1.580592384292843E-036
  -13.9979912722092       8.474866783212721E-036
  -13.9644729056789       7.560844740421228E-034
  -13.8637572586910       6.271808133328406E-037
  -13.7942924379187       5.942924426831089E-034
  -13.7420560278229       4.943764951872046E-036
  -13.6167595347285       3.581946812705734E-039
  -13.0565164372687       2.539746121550937E-039
  -14.6032563721100       1.483226786799094E-042
  -14.5542534914850       9.870124209226051E-039
  -14.4985008683481       5.836724884127297E-039
  -14.4896638550112       3.135991872249518E-037
  -14.4847372569401       1.607033179127814E-040
  -14.4572601447868       3.640815261473011E-037
  -14.4424896623428       7.473492623754502E-041
  -14.3830574702793       9.574592238077004E-040
  -14.2857254036909       1.335108654753923E-036
  -13.8884371686045       4.360520478021008E-038
  -13.8259192316744       8.517199926958158E-035
  -13.7404293527745       8.727803789106950E-038
  -13.6485723996344       7.021601468462168E-035
  -13.6461689547505       3.063826987665677E-034
  -13.4837150419950       1.393112756691220E-040
  -12.9208301552356       4.533302936732220E-039
  -14.1695866441396       6.386441899794418E-038
  -14.1335130059939       2.211700231252909E-044
  -14.1123603885050       9.642717926397502E-036
  -14.0819974131492       1.010068568462210E-041
  -14.0445942542985       2.535205632823114E-040
  -14.0319696868300       7.947289218053721E-034
  -14.0058581979991       2.391063812402015E-039
  -13.9797530374989       2.663613155729009E-033
  -13.8833645401111       3.571228464087585E-040
  -13.4753408734174       2.368230569120340E-036
  -13.4381508468588       2.552615966898784E-040
  -13.3143685305514       4.392704115324938E-034
  -13.2259813766817       1.753837099230148E-037
  -13.2172081079837       6.952697460247153E-039
  -13.0646131280933       7.770252103916522E-037
  -12.4872515177913       3.601583453610585E-041
  -8.99201683992675       1.639496995517114E-026
  -8.96304953062613       2.650974388877266E-025
  -8.90663799636286       1.436777362080661E-025
  -8.86394774008278       1.494981356456702E-032
  -8.81696584779055       3.051627725705185E-027
  -8.80319185969770       1.193296557932359E-030
  -8.78401313835615       5.763303304412855E-033
  -8.75520440284811       1.208324023690284E-033
  -8.61388767421047       2.542058228897492E-028
  -8.25426437156849       7.195206598668553E-027
  -8.21156441521841       1.204762976894300E-026
  -8.09696535085990       1.669436843870399E-032
  -8.04696796283603       6.340156077235725E-024
  -7.99210979698583       2.967263749860383E-024
  -7.82202987985315       3.016904191188213E-032
  -7.26886002295165       8.760340597971051E-029
  -8.98989691513984       6.430828051584413E-044
  -8.95407360905162       1.670033585908257E-006
  -8.93308130133413       9.912951006125375E-009
  -8.86918659178575       1.078975295509494E-014
  -8.85896672389786       6.308610113636205E-045
  -8.81229216191106       1.693709675358193E-051
  -8.77759478140738       8.320657738107472E-015
  -8.72900479020774       2.596143559363300E-054
  -8.57846718845934       5.937748941045072E-047
  -8.25692162955826       1.385729921597689E-010
  -8.21479430624895       4.202926608643461E-046
  -8.10316399391400       2.139920983755656E-055
  -8.04732140411687       3.256179803445706E-005
  -8.01203050616668       8.853471435695761E-044
  -7.80523724901389       4.252876550077580E-053
  -7.27592787469363       8.292382405980544E-049
  -8.97062973323376       1.363717293755374E-071
  -8.95434325440979       1.139360325676957E-010
  -8.86558832549913       1.036138241211956E-008
  -8.84665936465024       7.617455947822497E-009
  -8.80651026114694       1.007941263125945E-010
  -8.79034273243890       2.032895467205843E-060
  -8.77163520413996       6.179644339298241E-065
  -8.72419869969329       2.714648882089402E-063
  -8.63497850074002       7.375048227582066E-068
  -8.24200421776578       7.614154915300121E-014
  -8.20322037597914       1.005561046424007E-063
  -8.08793832730284       1.007486569836749E-066
  -8.03174570257612       1.802531462010983E-009
  -7.96225280310197       6.398326224234751E-066
  -7.82826519158010       3.602929189120508E-071
  -7.25875502416202       1.896829716668444E-068
  -8.83446950835349       5.366469028665130E-042
  -8.78067666636287       3.873683067654363E-038
  -8.74919563047014       4.849669517777003E-040
  -8.72197402476529       4.322059176078866E-041
  -8.71925856094309       3.712138894655493E-037
  -8.67090985733994       1.890466318982487E-036
  -8.65974972985916       5.312848335084171E-041
  -8.64640654767673       1.305649222588817E-036
  -8.51825605025240       4.321506146580742E-036
  -8.13024382055925       2.866644989447417E-040
  -8.08426656809333       1.536022736989196E-037
  -7.97393756537731       1.084793601583212E-040
  -7.88235702079232       1.798825581563942E-035
  -7.87382843870468       5.953583151130260E-035
  -7.71455461053158       9.826293733098400E-045
  -7.15023723453746       1.639934869474804E-039
  -8.80373289699046       7.585680707938171E-039
  -8.75265779797926       1.357253014565559E-038
  -8.72421113474857       7.341152909027842E-037
  -8.69825025648093       1.134376463780480E-041
  -8.68958353286138       3.630626716468629E-039
  -8.64069961124939       3.247503171050295E-034
  -8.63322194792116       6.695349076962921E-037
  -8.62485902067000       3.913102306854556E-034
  -8.49813309524968       6.064950853867573E-038
  -8.10235295070684       2.036507147430571E-037
  -8.05708467405326       1.518414891428510E-036
  -7.94712851188677       2.015626201582948E-038
  -7.85343717663496       6.837349790812444E-034
  -7.84738504549803       8.245475963432024E-034
  -7.69134144908025       3.670110815905943E-038
  -7.12400324280900       3.881515943392179E-038
  -8.69346669017959       8.396534607361618E-038
  -8.68357255674367       2.132587665628284E-040
  -8.64650100035709       4.115919935073738E-038
  -8.57864422650307       3.902277525316783E-040
  -8.55411855237469       1.004001226759067E-037
  -8.53412115672253       6.606296105084402E-039
  -8.52665716672712       1.397815016496390E-038
  -8.48418569789099       2.167986938732873E-038
  -8.33198392410176       3.697353158437369E-036
  -7.94953660491323       5.113722989053694E-039
  -7.91446391451175       4.731497201708849E-035
  -7.79721211058146       2.850657816761609E-039
  -7.74318435618041       2.323761189817877E-034
  -7.71088571396634       3.759969083303003E-034
  -7.52127454106264       1.157513345325564E-041
  -6.95127058000368       2.639867322387959E-036
  -6.40472214940416       2.487915300206277E-075
  -6.36826856145451       4.936678074504525E-010
  -6.25328495051065       9.944456545499085E-016
  -6.24119017268136       2.730249680884344E-007
  -6.15467120362400       7.877922016633272E-069
  -6.13308891205885       4.705577835345215E-060
  -6.11592941958388       2.777270320999396E-015
  -6.07447202846852       3.121534196006483E-065
  -5.91392020348024       5.091024439279014E-071
  -5.61124902174486       3.126033641771314E-005
  -5.56115949678860       2.401143284847052E-068
  -5.42863150958419       1.467025976295480E-059
  -5.40664338467073       1.950332349800699E-003
  -5.32870738934389       1.956760599635003E-069
  -5.13289365369953       9.880098863055650E-068
  -4.59225605148707       3.663349978444155E-070
  -5.97975659888978       8.606873933048396E-042
  -5.93610149597511       1.186854930424072E-039
  -5.88202492943497       3.266764297280193E-040
  -5.86269944634556       1.365324054580420E-037
  -5.82769287802063       7.213073849666525E-040
  -5.80274961856297       4.221309448893240E-038
  -5.78074232244686       1.140154048021850E-038
  -5.70264772102609       1.662590037861377E-037
  -5.56058424449744       1.140670266463225E-037
  -5.25832742490911       1.625776240076156E-036
  -5.19254503111351       1.369617953484795E-035
  -5.07767955003388       1.753263135368576E-039
  -5.00714083550466       2.588008625306067E-034
  -4.99176925741352       1.619453141788568E-035
  -4.78768641919056       7.348927954880874E-040
  -4.26040550789536       1.978355600876920E-037
  -5.63045666284534       4.980405964508985E-041
  -5.60772068653939       2.772705415332643E-045
  -5.56268100237955       5.458039938144751E-036
  -5.54784445124470       9.003306234711978E-038
  -5.48368342748865       3.364872711943158E-035
  -5.46618338362325       9.792732025523763E-041
  -5.46323192160555       7.348706992913868E-039
  -5.40165569541703       1.445250425791843E-033
  -5.32836380100511       3.045085091794473E-042
  -4.93388936060756       7.047778309760667E-038
  -4.87851091856074       4.978613327942684E-039
  -4.75242383918763       1.556459574618586E-033
  -4.68205266541129       3.560496606879604E-036
  -4.64309545532295       1.245839743186620E-037
  -4.50257972063293       3.737761078885996E-035
  -3.91908583378635       6.258822234102792E-040
   2.90869420769254       2.107396351253633E-042
   2.92800161223074       1.165599209313958E-037
   2.96388690011372       2.604011580820945E-038
   3.03853138150420       5.203075953421300E-041
   3.05579025491885       2.383473179050252E-036
   3.07596172100646       8.473334787821883E-040
   3.08669235560167       1.532929202502653E-036
   3.13270264041235       2.165745120973770E-038
   3.29640317696210       4.525836868716055E-036
   3.63784643437400       2.070937680217297E-038
   3.68441715836187       7.964194965632639E-036
   3.81675469761320       3.588997445057873E-039
   3.87749135550709       9.469459169593023E-035
   3.90110550448601       2.913643978706788E-035
   4.10123700869699       2.022743603653280E-039
   4.66684601595029       4.611232682269879E-036
   4.62538794183769       5.269495206217374E-072
   4.66039593391256       5.385246220312463E-008
   4.67716176115616       2.240792230696215E-006
   4.78322993454690       7.293266840466489E-068
   4.78676328830874       2.693850795888612E-015
   4.85294419339686       1.447952850307547E-059
   4.85976310854007       5.468492931302574E-016
   4.92418674918597       1.219883945907816E-060
   5.11687053710727       4.999141725844147E-069
   5.36145439095655       4.534825546397034E-009
   5.41616370737121       1.918256847097500E-061
   5.57031477421471       2.588489728070659E-061
   5.59951504443992       2.540137828348235E-005
   5.64393863009225       2.081914038806560E-064
   5.88334412062985       2.984135460901235E-068
   6.40798204314931       6.574041810822702E-072
   4.64257818287602       7.201629951013881E-075
   4.67510029583778       1.711858378122030E-011
   4.75422533819119       1.190142153842922E-009
   4.79615960672398       3.871199957221871E-010
   4.81725523460388       1.329205414354468E-010
   4.87135063027597       1.055721557170093E-059
   4.88674680882525       5.842022609003549E-066
   4.93359287222111       8.119146626210651E-063
   5.04553205952180       2.819897778390292E-070
   5.37575700798257       9.566202922997288E-013
   5.44741689684488       5.619556423829524E-069
   5.56673693420695       9.804766026406089E-062
   5.61396026648863       5.730507507079173E-009
   5.69887777140169       4.825811390061116E-072
   5.85439686519259       1.391182071895630E-067
   6.42555234520970       2.845660077315895E-071
   4.60751584378306       3.431024556336465E-041
   4.65937475080246       5.552416829022485E-041
   4.73513761861849       2.675633182038300E-041
   4.78138921820976       3.087118564815318E-043
   4.85950547230525       2.175934232797385E-040
   4.86575616765504       1.789523666545188E-036
   4.89371046359289       4.328459917943763E-036
   4.94749089772499       5.023228821638919E-038
   5.11041726277471       2.457590599488450E-036
   5.37244312800023       3.560678048329854E-039
   5.44993438487430       1.335113358261589E-037
   5.58687284916001       6.740042493066995E-037
   5.60400712608974       2.101909801014712E-036
   5.69268887528601       1.602859706100662E-036
   5.89131467272888       4.664822558905896E-042
   6.43315073831808       1.404361816369636E-038
   4.78124120251916       1.421488916193309E-041
   4.83641440322763       8.087301980472007E-038
   4.85573605349294       1.513050143046409E-039
   4.90591606249810       4.918653232384470E-038
   4.91299751477327       1.101855411159097E-042
   4.96144023407087       1.609132418871103E-036
   4.96839990151876       4.924632546067879E-041
   4.97796796786035       9.099248875015157E-037
   5.14107921745313       4.329576679197648E-036
   5.49224175762717       1.409220938224975E-041
   5.52682436120062       3.904583397536646E-038
   5.66180858617657       8.287160182781599E-040
   5.75516945615126       3.071585192965566E-035
   5.76224613075870       5.632016123243499E-035
   5.94768094512230       6.712649326014680E-043
   6.51381940350723       1.398284630950737E-039
   4.82385241945654       3.205824381908839E-038
   4.87914020944829       2.367168887669091E-040
   4.89819027362674       9.006597490620584E-036
   4.94825459819625       5.712221359632531E-042
   4.95461587444368       5.442742981859088E-038
   5.00355897056252       8.112734506148684E-033
   5.01048972683280       2.908920867766044E-035
   5.01884995409322       8.063641966663826E-033
   5.18129315520394       1.662120724726851E-040
   5.53497810105311       5.318731187632519E-044
   5.56916799340298       1.950233556709424E-040
   5.70376567819089       3.055839177739624E-035
   5.79744594056835       2.004971934447171E-037
   5.80477160149918       5.921618941470557E-035
   5.98883982970582       4.108944666755620E-039
   6.55588092953479       7.758037224622140E-041
   18.0345922482155       1.361031411167033E-075
   18.0932766059525       5.061699534803026E-009
   18.1707547777089       4.420602757395868E-007
   18.2311387148947       8.955552131642325E-016
   18.3059693093106       3.240784438068150E-015
   18.3291274980488       1.332543261592953E-069
   18.3535658621450       3.665829659614723E-059
   18.4225086062396       1.057797754487621E-064
   18.5990885125839       9.662047736819220E-072
   18.8283006509028       3.912642786054965E-007
   18.9219990866570       5.435649620548232E-064
   19.0517470679664       2.077471122023472E-003
   19.0721892003061       7.988902112210499E-061
   19.1601900988042       9.481703052794424E-067
   19.3770265127809       5.860413578791733E-069
   19.9147808858870       8.467284288867087E-072
   18.3830769577570       1.354749062929987E-040
   18.4345162782084       8.600799658050730E-038
   18.4552999462385       5.549324393770398E-038
   18.5075659914941       4.079129794825894E-038
   18.5640823989051       8.711373639062893E-040
   18.5890459363713       3.691068203274523E-039
   18.6222661300472       1.432518592138948E-039
   18.6597711650041       4.865816002293159E-038
   18.8707229349327       2.749284226477153E-038
   19.1307112006330       8.263899280847813E-038
   19.1693678936892       7.201824637635589E-034
   19.3403038730628       2.568560069310590E-037
   19.3857723770494       1.212596916660575E-031
   19.3912879017032       1.553821426145888E-031
   19.6433632315996       1.246038375335900E-039
   20.1719477672264       6.560991986341440E-037
   18.6750773723464       2.090912961983427E-041
   18.7013618854630       2.635197977441798E-043
   18.7547563142921       5.246541947814942E-036
   18.7800737696533       4.075749842990358E-039
   18.8336388315168       4.412138450080340E-040
   18.8477520279869       1.433701074271195E-034
   18.8620580008436       4.415316710071320E-040
   18.9063151942061       7.145584917967145E-034
   19.0201636980128       2.077374268646355E-041
   19.3882370515984       3.941500279212051E-041
   19.4506402848039       2.496807029015781E-038
   19.5706241325727       3.586838018495502E-034
   19.6480020236491       5.887050719347064E-037
   19.6905921987444       2.844733774309099E-037
   19.8462824582427       2.216279602166445E-035
   20.4368685407248       4.826374042227873E-040
   36.4779585711924       3.379671377106557E-042
   36.4962180203071       5.591727625085081E-038
   36.5482596647466       3.675255284642636E-037
   36.6267948012257       4.240096603998201E-042
   36.6582346942741       8.722475061442642E-037
   36.6774426401634       1.407126924422482E-040
   36.6913111232493       1.111772152378020E-038
   36.7517143720755       6.657489680900296E-042
   36.9323555875001       1.641399672209983E-036
   37.2200229691896       1.254194455869046E-037
   37.2823384716053       2.062966795494566E-034
   37.4340189435436       5.297642043521330E-043
   37.4681269871183       3.294929106478893E-033
   37.5082548608378       3.482000561849739E-033
   37.7280200596316       2.877728812811374E-040
   38.2830590795129       1.315685940746627E-035
   40.9688133781702       1.117342241521822E-070
   40.9782858882278       6.407355928742848E-011
   41.0301718984754       1.497242617138551E-006
   41.1504561617501       2.294143636511350E-018
   41.1507599734071       5.512984628747637E-068
   41.2111131274828       2.103734560794619E-017
   41.2235601396509       7.590470665017957E-058
   41.2932508978772       2.986732733754727E-060
   41.5120830888994       3.904686599701479E-071
   41.7082407204131       2.079544522178682E-010
   41.7757537455189       2.140066942802546E-059
   41.9589123822590       4.810005064002371E-058
   41.9698358854188       8.620702951670115E-006
   42.0232503961790       3.283096742575863E-064
   42.2829782674068       9.389338831483940E-069
   42.8125740432166       8.736670538927748E-072
   40.9840782333629       1.318754606625727E-074
   41.0125205303562       4.558244312027544E-016
   41.0922383265718       6.633888412600388E-014
   41.1446826610611       5.554174879111000E-013
   41.1771153575592       9.762936521101268E-012
   41.2386721170305       4.138417093594692E-061
   41.2483203409738       1.538291689195840E-070
   41.3067561013969       7.304770756470483E-067
   41.4468000680815       3.424048139107494E-071
   41.7222701479146       7.533327019421922E-014
   41.8159392483210       2.719401429463461E-066
   41.9473832300447       4.913885705681757E-062
   41.9833782326031       4.238081660481868E-009
   42.0755466147990       5.965474824673084E-069
   42.2569829644870       1.350034949482570E-070
   42.8298321986678       1.901872203769454E-068
   40.9541460488669       3.509175434347006E-039
   40.9974691279898       6.026688178473603E-042
   41.0661331665767       7.538183666355767E-041
   41.1483812356697       3.828064541932355E-043
   41.2044427622170       3.100948333577057E-044
   41.2248691416886       5.887696878842642E-037
   41.2565263210034       7.745945288201331E-037
   41.3249579043916       1.041314918700980E-038
   41.5093025640449       3.345542191501331E-037
   41.7172564169390       1.776548020404701E-040
   41.8138006105034       6.457319519986578E-038
   41.9728382681168       1.126748750721774E-034
   41.9731244826798       1.054045305293492E-034
   42.0685379514964       6.842962439165544E-037
   42.2926138648852       1.196803099400350E-042
   42.8366213447728       2.858293712392625E-039
   41.1022303178409       3.519360280234324E-044
   41.1600526578544       1.015174317789751E-039
   41.1813285367492       6.578641892433939E-040
   41.2535144425264       5.647706995236523E-040
   41.2540217273921       1.966460720014512E-033
   41.2966536721360       7.658475840117473E-039
   41.3104272273435       2.966512259362812E-043
   41.3425952557512       2.009134086522547E-039
   41.5234291919501       1.248654222718701E-036
   41.8327291064689       1.433482486317066E-041
   41.8696953687678       2.272652217323006E-036
   42.0244916145823       4.135141370174438E-040
   42.1135962569331       1.326687791360361E-032
   42.1181790784867       5.057672193151997E-033
   42.3327742530337       2.510200601223582E-042
   42.9023252498158       8.352180888906841E-040
   41.1499661146488       7.266479227323329E-041
   41.2087115820256       3.314810016837187E-045
   41.2288746368749       4.837007315397776E-037
   41.3000761188489       2.089544075104284E-040
   41.3033091257545       1.093632293317488E-039
   41.3450326419067       2.221308981248692E-034
   41.3602937665571       1.149853769823396E-038
   41.3909350300137       2.227446750057820E-034
   41.5742335731635       4.720162378146391E-041
   41.8817182733364       3.872215751397210E-043
   41.9174667593885       1.407561187814224E-040
   42.0740060884009       8.128220774846749E-036
   42.1625487173484       8.772898498920334E-036
   42.1655437545022       3.685054242503667E-037
   42.3825171672764       6.544968038734182E-039
   42.9509164080837       2.715094585587443E-041
   71.4117587065811       2.256457256998871E-076
   71.4580859398967       1.865963856643188E-010
   71.5354173611827       2.729481660884652E-007
   71.6142464880267       2.741265702884083E-017
   71.6737927054493       1.938424885754226E-015
   71.7123802443298       3.172211131331370E-070
   71.7368114266413       1.529503566825579E-059
   71.8139211399442       1.578848244193533E-065
   72.0007993512950       1.242693460765398E-071
   72.1870186164709       1.612762785306891E-013
   72.3006459405142       5.615523082574683E-066
   72.4347139840736       8.631550028719805E-004
   72.4625952290317       3.010022526408210E-060
   72.5448248583705       6.942448650198130E-068
   72.7752465193389       1.193724523024412E-072
   73.3101917020622       3.985680560877440E-073
   71.7058129303843       2.187906404633087E-041
   71.7683981275393       9.077680354563708E-038
   71.7838179306026       2.156991553045400E-038
   71.8526132113468       2.392914526887229E-038
   71.9038957338886       5.325523486319975E-043
   71.9323375425602       5.400207611210366E-039
   71.9704552528121       3.784035595039981E-044
   72.0014401632226       6.038391227184420E-039
   72.2358063495107       5.213728047840326E-039
   72.4664724226181       9.281206133290756E-040
   72.4967648148430       1.350861044432129E-036
   72.6944182256223       1.150073750651885E-037
   72.7315794435433       1.613857024953671E-033
   72.7355650536822       2.931312656008877E-033
   73.0063852735899       2.970544269596589E-040
   73.5343241227702       7.516766909971829E-038
   71.9608485921442       4.437164953585680E-044
   71.9917315136825       1.782218735041552E-041
   72.0506642604005       1.892787338583709E-036
   72.0784540723670       4.360620246486183E-039
   72.1352333660231       2.054999130187110E-037
   72.1492906598134       1.244157699794723E-033
   72.1654124619425       2.395640801023643E-038
   72.2150122138201       1.578584266573986E-033
   72.3515431421285       8.630535527821532E-041
   72.6827578815495       1.730059178329987E-039
   72.7504071040748       2.678676884083377E-038
   72.8736597041351       3.873393009936446E-035
   72.9507363399316       1.077528677492403E-034
   72.9956946375428       1.032855400415094E-036
   73.1711126019905       1.574420559659955E-034
   73.7555742852765       3.130266307374428E-040
   110.706662361088       2.062485094368582E-043
   110.731634698415       2.779981901835879E-038
   110.792113403586       2.295233314170028E-037
   110.868665088412       1.798037715688782E-042
   110.911307456313       4.610750716940149E-037
   110.931499578046       2.111627883624201E-041
   110.940606839559       8.756850862806886E-039
   111.013722020722       7.864238788676286E-040
   111.204812907893       8.724867156774460E-037
   111.443654818032       2.090912266550452E-038
   111.513252304481       2.056207575367551E-034
   111.678256023760       7.770935423110545E-038
   111.704965913329       4.348311127509505E-033
   111.750648429982       3.807642109180379E-033
   111.985100078267       1.613204958467942E-039
   112.526186489295       6.900014350310129E-036
   140.460923270827       7.849424646410703E-016
   140.476012130617       5.604768976517646E-067
   140.542417308991       1.787265360840324E-007
   140.650344093114       2.906448967457547E-021
   140.668913368653       1.314083138595732E-072
   140.716494619586       6.563561589484914E-017
   140.727218573549       4.732271901258429E-060
   140.805527284695       1.952492478021906E-064
   141.028043985225       3.347199420884086E-072
   141.200729063256       2.553354034251130E-015
   141.274754803185       1.230774769084144E-065
   141.468179113363       2.501355142381975E-064
   141.472458452065       7.340241599021066E-007
   141.526401207171       8.622607557865265E-072
   141.792861282547       3.088640409934323E-071
   142.317939597739       2.617046283373959E-075
   140.489461598383       2.975983178287069E-073
   140.495584618847       3.650070988926067E-017
   140.586534377247       5.790052864761520E-012
   140.641146984637       6.464670356242983E-016
   140.698817361732       8.725316787683665E-013
   140.740737082013       5.906912674901681E-059
   140.741193772962       2.215768062434750E-062
   140.818927874135       6.434515844903473E-064
   140.984919766698       4.450130228519689E-070
   141.213785412046       6.472459846096827E-018
   141.310906205761       2.511712094672006E-061
   141.459276570950       6.973614162227939E-058
   141.484873452602       4.691010887265770E-010
   141.566832726486       9.334680439521808E-067
   141.777302176141       1.963501664701618E-068
   142.333458477368       4.752923177191074E-070
   140.468918261256       8.535413712975728E-041
   140.480941016413       6.220008082584284E-044
   140.565757109219       2.954535616604252E-040
   140.650565020280       6.053194597934572E-044
   140.712678250381       1.484289370224268E-042
   140.721260460107       6.555908374205114E-039
   140.751976036537       2.745447870500688E-038
   140.831617100393       1.767544373604884E-039
   141.029155360707       2.795297674604194E-038
   141.208259515713       9.088252559794130E-044
   141.305789646865       2.885870075779638E-038
   141.476703209680       5.616146735208563E-037
   141.479317523528       5.543649660732266E-037
   141.559871652219       2.733125956017973E-037
   141.802180102061       1.248046736683356E-042
   142.336954520251       1.343213241202194E-040
   140.568080388813       1.174326787817773E-046
   140.624230781678       3.939224423468052E-041
   140.659896773794       4.417549394525678E-041
   140.733217604497       3.020328645290276E-044
   140.752991049521       1.380315097116657E-037
   140.783416055374       2.501645151689501E-039
   140.800063499830       3.649851071133194E-043
   140.853777947721       8.523322586505494E-042
   141.046222048282       1.539932922130030E-038
   141.305560482695       8.421769879446646E-046
   141.352991383369       2.960030816556728E-037
   141.521168493134       5.957941576622828E-039
   141.586551873199       3.916559040553688E-037
   141.605323669101       1.882225892491943E-041
   141.838589991892       5.637921973408059E-042
   142.393061128866       4.577623034930596E-041
   140.609524506088       6.807197290988542E-042
   140.667106315037       4.042870451430156E-044
   140.700977029769       7.258807973973253E-037
   140.777489954500       4.103747592278129E-042
   140.792226030104       2.605622590334991E-041
   140.825991918168       3.685385779788359E-036
   140.844623032537       9.890090252905164E-042
   140.896306588214       1.057849081151473E-036
   141.092109754899       1.985895920960624E-043
   141.348485685551       6.673861362550157E-043
   141.394295635584       7.941339495581126E-040
   141.565185128830       1.899823387929543E-037
   141.629532666874       2.104855948651757E-037
   141.646372048637       7.294681177024364E-042
   141.882925509057       3.413911453947319E-039
   142.435647789132       1.081938598600968E-043
   177.191673841756       1.004678618434437E-075
   177.213885233717       5.141278652452751E-013
   177.302730637851       7.328815770825788E-008
   177.381121959511       2.466351583263260E-019
   177.446317883673       5.282139246979603E-016
   177.472784124313       1.338631851690733E-071
   177.497356531493       8.151099144422607E-060
   177.579797249036       5.868184125527309E-066
   177.774250610835       1.545391161489158E-072
   177.937079279775       5.352998837447232E-010
   178.049301180003       4.706721190080306E-063
   178.199776907783       1.771859846846616E-004
   178.220317360060       2.132521130605350E-057
   178.295950206414       6.787331559095729E-067
   178.537950394249       4.364524783419562E-070
   179.063545737912       9.417071973130943E-071
   177.432463388990       4.641730605849992E-042
   177.497303731130       1.764294367508206E-039
   177.521824468682       4.485402894581100E-038
   177.604311252378       2.055986942053399E-037
   177.634866910849       3.568971151736096E-040
   177.671798954546       1.274754739323376E-037
   177.706832641763       4.009158666125227E-041
   177.748496252497       4.536535943564136E-041
   177.982941083510       3.383504893447495E-040
   178.186257906473       6.881010732126923E-038
   178.222093549670       1.250159261690405E-033
   178.426432920802       2.997644100625375E-038
   178.460258659502       5.221975617510156E-032
   178.466231952516       6.622040825477555E-032
   178.743857922585       1.055447851589713E-041
   179.264185269432       4.889788261504174E-039
   177.660375216489       1.304288778441586E-042
   177.695035402418       6.971343147971401E-042
   177.757263580506       1.016984012655392E-035
   177.793678057099       1.815829098435893E-040
   177.859744761840       3.948207552824461E-038
   177.866447677853       1.381121652657325E-033
   177.876745917486       1.879167452891770E-038
   177.942405816849       1.180840143159080E-034
   178.098836542228       3.838884463273206E-043
   178.380545141326       2.665307014856970E-039
   178.450692863226       1.035326870651458E-038
   178.587831640290       3.404291628444327E-033
   178.653491578617       1.631569109651185E-033
   178.698077800712       1.944325603881881E-039
   178.898067473394       2.859044313995327E-035
   179.462137259372       9.609928189161256E-041
   287.905412274755       1.561650275968778E-044
   287.938526512640       4.382714204196714E-039
   288.001202553220       3.991685111862022E-039
   288.075579169574       5.645084847217070E-044
   288.122754507313       7.122687453986549E-038
   288.146269049146       2.443573116418649E-042
   288.148196337093       1.039643851258217E-040
   288.229307723286       2.262188095683910E-042
   288.426137949653       1.474688784267467E-037
   288.627638123787       2.077445399269898E-039
   288.697951612095       8.986115836237324E-035
   288.871230939581       8.872874904636190E-039
   288.898131977600       2.540285628181955E-033
   288.941741111210       2.167008062898280E-033
   289.186987364495       1.340898496744601E-041
   289.710825051096       1.359658196417002E-036
   413.529456467323       4.572505747199845E-012
   413.537564514206       1.565478482172320E-068
   413.628467325550       1.131479066722704E-008
   413.707393801786       2.925224261729397E-020
   413.778999702086       2.715188255327383E-068
   413.779556648168       9.435567014556633E-017
   413.804800482422       4.552407714040006E-058
   413.890523898696       9.329719567005895E-064
   414.092919962807       5.345160977477882E-071
   414.230517747111       1.734372700818425E-009
   414.325300790152       1.075643317329791E-058
   414.498238733544       1.711347947550974E-005
   414.506666345902       8.118884358902869E-054
   414.565385953739       1.745338795784130E-061
   414.824597607857       5.938431527903535E-069
   415.321415925585       1.309132305337083E-068
   413.725446317893       4.707587184275548E-042
   413.784204374339       1.450283065272796E-039
   413.824585624894       3.192509231445224E-036
   413.923717590137       3.719198234321907E-036
   413.924743761735       1.334961682444354E-037
   413.973994859145       1.809454526998176E-036
   414.000204135978       2.235442397600654E-046
   414.057106738322       4.719349456493039E-040
   414.283068321906       1.036316922597195E-039
   414.445590668301       1.016269107774845E-036
   414.493111212765       9.522879802685902E-032
   414.695189784178       5.150008769752846E-036
   414.718361427831       1.973460354258284E-031
   414.733510021498       5.630920929510362E-031
   415.013116103954       1.602825617120938E-042
   415.506639100797       9.225683836152010E-037
   413.919156408074       8.235252631513746E-041
   413.958661063318       7.032558433161654E-042
   414.021804745967       8.187046712881970E-036
   414.076515684706       1.092186698398443E-039
   414.143095051387       1.744334006754675E-038
   414.147464623196       1.833806452669750E-034
   414.149434864573       6.321114070452333E-039
   414.230402455674       2.320117906663959E-038
   414.411184707137       3.172602291327680E-041
   414.618986334138       8.656027287143882E-039
   414.687652676957       6.193322971545502E-035
   414.848514236066       9.918535246676062E-034
   414.891014367844       4.911610765532003E-034
   414.928129077671       5.057182468993318E-035
   415.163393009704       8.986390268858115E-037
   415.682318306852       6.098461234188016E-040
   419.969775271156       3.326210100001671E-015
   420.002124150000       9.559060103017253E-068
   420.068049295809       6.413409923408083E-009
   420.162281845678       8.088059458650659E-025
   420.193615067285       3.827923940233443E-065
   420.235842131539       3.765257890982830E-018
   420.236168752882       7.690481799451412E-061
   420.321068614581       5.453174426978852E-072
   420.539429373865       1.215790437211749E-068
   420.681693715071       4.211457596329485E-013
   420.753325997107       4.474444696161333E-058
   420.949011065999       2.742263876209070E-059
   420.955323257973       1.736236882774018E-008
   420.998331059431       2.275574099245616E-062
   421.271249679018       1.857071521356056E-072
   421.767428420233       1.381431443894024E-069
   419.994859780599       8.985566402785931E-020
   420.014228250123       1.654368331694154E-050
   420.096048951912       1.701768215689621E-013
   420.160424791997       7.886926133499543E-023
   420.231741308019       1.545361674793170E-013
   420.236917805915       1.046858452042902E-049
   420.248262572209       3.333266119694530E-054
   420.333160359416       6.431441888378161E-051
   420.521461496302       3.205741214551157E-051
   420.693725642223       3.202094678471787E-016
   420.779108883610       5.595863254586506E-058
   420.948064170648       1.102380393669250E-052
   420.966865104098       8.507090811283077E-012
   421.024502527900       9.294710647246208E-051
   421.267992665545       7.450256045776572E-051
   421.780991771279       1.176696655643103E-053
   419.984326010980       1.342761958801816E-036
   420.002203322818       1.455084013716513E-031
   420.083361132740       2.080890627852856E-031
   420.165500691064       1.406672862131860E-039
   420.224126289153       2.435905154464145E-033
   420.237664884150       1.530881454175762E-032
   420.253179248525       1.181932922509206E-036
   420.338718655754       5.463408437021708E-033
   420.544344245253       3.385998180684117E-033
   420.688893857338       1.947160064240712E-035
   420.774061129242       2.159618275849650E-036
   420.958577358371       1.354592428405880E-034
   420.961204488400       9.701094891694751E-031
   421.019236304282       4.043875131758765E-031
   421.280224412722       1.183181271112930E-031
   421.781334676223       2.350130278080140E-035
   420.051667656188       1.857893478270311E-045
   420.103685409689       7.810015180488974E-043
   420.153179437592       5.807060188818391E-039
   420.228678919898       3.146159853866433E-043
   420.261190844821       2.716394697936662E-037
   420.286808336928       6.268075181727907E-039
   420.302712791468       2.861583033425794E-045
   420.369398393121       4.181185923758298E-041
   420.570972741175       1.206594083055496E-038
   420.761811908984       1.723394182414428E-041
   420.817779725015       8.499807814300485E-036
   420.997959220218       2.429515298431892E-040
   421.038621550071       9.760441740608116E-035
   421.063016968252       5.103273008832331E-035
   421.317712804560       7.709639902347171E-044
   421.829961317051       1.892586259484760E-041
   420.084761589195       6.846447837481639E-045
   420.138015806382       4.783210598500116E-044
   420.186036076975       1.134690303286002E-039
   420.264052828671       2.749968934394053E-045
   420.292590665239       2.438972838611572E-041
   420.320818480426       3.789880436122377E-038
   420.338256169596       1.700414023966118E-042
   420.403362309327       5.938526521758678E-037
   420.607475687942       6.563497530546501E-046
   420.796038371706       1.268224978472079E-042
   420.850674886987       2.082565898977952E-042
   421.033089274802       3.616492037973409E-036
   421.072924537176       1.581094580971425E-036
   421.095867356738       1.042478122438841E-038
   421.353029527432       1.103885223153078E-042
   421.863917567892       4.359724407333047E-043
   562.805976113526       1.104602304974297E-044
   562.845810121866       2.403646360896011E-038
   562.908187457286       1.441492365587838E-036
   562.985139985347       2.755575728185574E-042
   563.029320482891       5.484907144169898E-037
   563.054278299890       4.070777717170011E-040
   563.059588038411       6.285175281433868E-044
   563.139363648982       6.181171540808394E-040
   563.342283680438       1.311877550332207E-036
   563.500804012791       3.701923955306507E-039
   563.567791631081       1.633651525853190E-033
   563.750224948171       1.877946542206309E-040
   563.772868264566       2.292269370605060E-031
   563.807811374077       1.977599146435100E-031
   564.068732962693       2.062997041422068E-040
   564.561725141997       2.147456375117381E-035
