                  1312
  -19.2212402275260       3.975229062981800E-068
  -19.1805457677307       4.618185027380386E-011
  -19.1738407833626       5.729190864238588E-066
  -19.1604766852672       3.465134765043105E-066
  -19.1256759557331       3.015791118830835E-062
  -19.1252516770050       6.380486486870754E-012
  -19.0999539501941       2.580729783509225E-007
  -19.0767093024959       7.042744855153001E-011
  -18.9918911806320       1.181072797791423E-004
  -18.5352644230137       5.052069728076440E-066
  -18.4884412147082       2.245235506444152E-007
  -18.4410216366006       2.930388408214952E-012
  -18.2739460336134       1.397234590096038E-070
  -18.2359901924281       2.659761737645735E-010
  -18.1576273449353       1.714486476579698E-013
  -17.5609918279720       5.197262227606620E-011
  -19.1725975846542       1.286396074621509E-066
  -19.1159537673217       6.689167837005741E-013
  -19.1007338344438       5.835837523204052E-065
  -19.0993657715943       9.240465753842203E-062
  -19.0504344883523       1.256990600007170E-009
  -19.0370904073718       3.790738318795259E-012
  -19.0046235939297       2.478055786153365E-065
  -18.9690353878520       5.116456204014809E-012
  -18.9032930908852       1.640181248064427E-008
  -18.4939927728070       6.708272463217826E-071
  -18.4556909208631       3.851580593885471E-016
  -18.3442444079461       2.994927448618603E-009
  -18.2133483341110       6.481236522152175E-069
  -18.1816444177301       6.370592972976992E-014
  -18.0769772115977       7.250209818370332E-011
  -17.4998580489831       1.077586334064413E-013
  -18.8571619139556       4.970588447036043E-064
  -18.8144314848706       9.547247137227981E-067
  -18.8088530074463       8.396248144772836E-011
  -18.7804941602708       9.841417529258940E-062
  -18.7464885860450       8.336909829497432E-008
  -18.7264706622114       3.449259374816511E-007
  -18.7019392920486       1.544808712005153E-062
  -18.6771806575634       1.422453151474337E-007
  -18.6268281604027       1.191420929093741E-006
  -18.1908086697343       4.439519836819052E-069
  -18.1294736774600       7.679322884955788E-011
  -18.0490650183326       1.775945234899718E-008
  -17.9165468804721       2.041488796345449E-067
  -17.8852348216615       1.045443796365584E-011
  -17.8003851844362       4.667081689979255E-009
  -17.2186745961458       9.677331246427296E-013
  -18.8226005740238       2.827860555591717E-064
  -18.8009969522808       1.027803672828941E-008
  -18.7889254628782       3.180714588976989E-064
  -18.7697012926838       2.985018663773188E-063
  -18.7387707261963       4.511203464646180E-063
  -18.7298839644572       6.168485307655223E-007
  -18.7065622018715       9.528293159498165E-008
  -18.7011181210127       9.988470213035486E-009
  -18.6313333260612       1.814758704472538E-005
  -18.1556551865340       1.688662142681663E-064
  -18.0952134737986       6.276712620956332E-007
  -18.0524215454243       4.625832800900906E-009
  -17.9072453284679       2.843199127124195E-067
  -17.8646523539677       8.526176432624762E-011
  -17.8037226457398       2.550874893197396E-010
  -17.2090171840514       1.455640599471057E-012
  -18.7679738970098       1.068283785858831E-066
  -18.7248795696203       2.162202080758643E-009
  -18.6752491872487       3.839725621097159E-067
  -18.6573422242477       1.557064149535337E-061
  -18.6552135073051       3.010864915420532E-012
  -18.6452132341102       1.000876464424992E-006
  -18.6296230047942       1.353061186464533E-065
  -18.5379888251267       7.318265101043582E-013
  -18.4649483108691       7.445017323367887E-005
  -18.0511492359770       3.096794627098858E-065
  -17.9817123932259       8.514790217959048E-007
  -17.9293651776398       1.584370321581072E-012
  -17.7928987448687       5.837842438988399E-067
  -17.7823018924712       2.478300938603331E-008
  -17.6292715447120       6.371257366391427E-014
  -17.0303811205487       1.306373241713363E-010
  -18.8336648272060       1.387220875963022E-033
  -18.7754968827435       3.103846506412486E-044
  -18.7645227186443       2.288591346478988E-039
  -18.7208622718245       2.499380741846670E-040
  -18.6948084059432       5.647846240275223E-041
  -18.6560975914604       1.444984918219883E-039
  -18.6535220486281       9.579323214523735E-034
  -18.5766672593012       3.336477932601892E-039
  -18.5415008749510       1.685566341580458E-041
  -18.1104348362697       1.796267769116646E-038
  -18.0637855323101       9.948262861152168E-038
  -18.0267636043107       2.534330656270428E-040
  -17.8508245588352       5.337121440523022E-043
  -17.8397302384042       7.078394548518228E-036
  -17.7245917379109       5.851769110088374E-044
  -17.1472276480878       9.478490289543227E-043
  -18.6050972527302       1.140916246954341E-068
  -18.5481154280149       9.617571148088344E-013
  -18.5290913439750       5.760234632284251E-062
  -18.5165194622508       8.305650213406309E-064
  -18.4777969455303       2.656496065412196E-010
  -18.4597256478101       1.009941156010493E-010
  -18.4113493881460       4.097118999207515E-064
  -18.3766010486159       7.267426807376670E-009
  -18.3084146949612       5.722551423402881E-008
  -17.9045180351472       2.190635783513433E-070
  -17.8750694087484       1.229267036534167E-014
  -17.7361644244987       9.538918636147905E-011
  -17.6368472596928       1.323719921254935E-070
  -17.6175465896038       8.805110980247741E-014
  -17.4797457291844       6.526031462120146E-013
  -16.9020039098463       8.134858743580028E-015
  -18.5296886427587       5.371277746057297E-069
  -18.5017257483890       5.772837683402921E-010
  -18.4821048615272       7.100573954033134E-066
  -18.4694304097524       6.839557628250687E-071
  -18.4327688263796       1.001079030088651E-065
  -18.4195461391516       1.992216417361220E-011
  -18.4166723161026       4.428788638158099E-016
  -18.3827412090160       5.987719262308642E-012
  -18.2950646330656       3.110594334666576E-004
  -17.8560440481472       4.998870299228462E-069
  -17.8092631813405       1.018236700212244E-007
  -17.7435845422008       1.002599774316647E-013
  -17.6008265723850       9.798596189863973E-071
  -17.5551912316113       3.275982584348194E-010
  -17.4774239609375       4.586707740309113E-014
  -16.8971020229211       2.476532530452697E-010
  -18.3318218038799       7.415290045501115E-038
  -18.2971231907234       9.148473344501005E-041
  -18.2679227102943       2.154996993955250E-034
  -18.2582323779695       2.210731529661083E-034
  -18.2546449554911       1.427359226257756E-036
  -18.2270370834820       1.235998731448618E-035
  -18.2215165725946       5.890988797278549E-036
  -18.1726714778788       2.271826944981791E-036
  -18.1248585860615       3.055670513028662E-036
  -17.6486561589416       1.081423256309541E-040
  -17.6446272527618       2.948637610089002E-039
  -17.5580199172467       7.278072634418988E-044
  -17.4110170208327       1.295185633244657E-040
  -17.3680688498435       1.110643132368980E-041
  -17.3040903007117       5.036936925588267E-047
  -16.7201645127860       3.375760453964084E-042
  -18.2677497350379       8.732513366727185E-068
  -18.2482174164415       8.066106164107706E-010
  -18.2182838039017       7.822031181951666E-067
  -18.2152495442938       2.771770722539767E-070
  -18.1868237212931       1.556521855514642E-066
  -18.1761216011854       5.517319988200251E-011
  -18.1685895734032       7.530850392747801E-008
  -18.1256132370162       6.550962909358026E-012
  -18.0481974466375       4.694825940974153E-009
  -17.6033560287584       3.637569250541017E-065
  -17.5487245570822       6.570654543225443E-010
  -17.5110999690636       5.776636850109249E-015
  -17.3522489185991       2.546440332845570E-071
  -17.3208538005634       2.761093995999841E-011
  -17.2264063282659       3.402972814219687E-016
  -16.6418795030890       1.149731951827389E-011
  -18.1741122339418       5.202710917969289E-040
  -18.1606944075683       3.450210073662667E-035
  -18.1556611317317       9.099580331134047E-033
  -18.1410736125225       4.606059707177739E-037
  -18.1028598863573       4.031040544699481E-037
  -18.0941469448178       2.423986907678049E-041
  -18.0914414598759       1.316109032206689E-038
  -18.0496783610609       3.263236229194642E-040
  -17.9685403495388       2.085519900613629E-036
  -17.5097738476612       3.588690967184322E-039
  -17.4771402039148       5.226010173711780E-038
  -17.4391988215114       7.952254369685445E-042
  -17.2779831312105       2.338632784408140E-041
  -17.2438141724852       1.755789282023057E-041
  -17.1500554277110       2.172253886106115E-044
  -16.5698268034739       1.404450275975267E-043
  -17.7318954905411       5.304617461684313E-066
  -17.6890174647831       5.515033669280926E-068
  -17.6597341813542       6.306523738890578E-012
  -17.6554080623390       1.028344514299371E-059
  -17.6528646313974       4.474238171276605E-012
  -17.6242437254836       1.144028964139991E-065
  -17.6156653763565       2.053211240929112E-009
  -17.5989732803981       6.569256823208126E-010
  -17.5249095697590       1.153481358141285E-008
  -17.0720614407282       1.013133950374616E-069
  -17.0448853486518       2.019534406355621E-013
  -16.9946038541391       2.807750855737619E-013
  -16.7767097192609       5.415739005160139E-068
  -16.7536080071398       3.559207639707153E-014
  -16.6952591409546       9.124147205168395E-013
  -16.0967603994846       3.302119028613915E-017
  -17.6904069587962       5.040245034970055E-068
  -17.6655062677835       4.302425106045071E-008
  -17.6174713023704       1.455815202403701E-063
  -17.6136952413945       6.157883742380945E-064
  -17.5945982046606       1.248297633448328E-010
  -17.5735950326173       5.851101675213083E-060
  -17.5730546202133       3.784914329894656E-008
  -17.5428254049613       2.183159742675195E-009
  -17.4571304313196       2.595091160118391E-005
  -16.9873082300700       7.098050445687934E-012
  -16.9849195174950       3.610809772654892E-064
  -16.9077957584450       1.250465716655920E-012
  -16.7644942821406       1.293379465013244E-068
  -16.7269927751058       1.900387144010793E-013
  -16.6365848407226       9.577286510508930E-013
  -16.0526779922912       5.412978326779381E-011
  -17.5528118941081       7.004782189330968E-065
  -17.5071730888398       6.362803651870187E-011
  -17.5049222948321       6.990471333939972E-064
  -17.4811524978973       1.167039125717295E-062
  -17.4410972174023       2.127427232971235E-009
  -17.4301056397704       7.434058248430116E-060
  -17.4240148357501       5.336428211719529E-008
  -17.4095803696512       5.924604390507146E-008
  -17.3307689233690       5.200517327573415E-008
  -16.8853203636447       2.972027321032761E-071
  -16.8266956315983       3.878880646146849E-017
  -16.7641681195594       9.131476864373273E-011
  -16.6156288149494       1.294691781247617E-066
  -16.5871863550858       2.314361988599602E-013
  -16.5060434974991       7.631042756705319E-010
  -15.9191852078371       1.964479699389773E-014
  -17.3979234870451       2.121481289222915E-035
  -17.3918849592249       2.080983805804089E-037
  -17.3702547178609       1.438509439039360E-032
  -17.3566391197169       8.126208079304734E-036
  -17.3206108406329       1.337946970615323E-033
  -17.3016164192810       4.177694746924034E-035
  -17.3009794063818       2.360125888565992E-036
  -17.2587394276081       1.183275214467671E-034
  -17.1609809458785       4.369809760695385E-035
  -16.7319439303068       9.789579458183658E-039
  -16.7041925788409       1.622616595590199E-039
  -16.6494179713529       7.784901882868389E-041
  -16.4865817823845       1.268582178521556E-039
  -16.4521215500723       2.458900117245540E-043
  -16.3445591231345       3.759547284656638E-041
  -15.7666242483051       1.488706337535564E-042
  -17.4321370955697       3.665236098911196E-036
  -17.4056270085848       6.529146059069914E-040
  -17.3701990486425       8.019102365060914E-034
  -17.3413050999734       2.461928077304054E-035
  -17.3307898519463       8.936731923918018E-036
  -17.3220665590722       6.558695042392745E-035
  -17.3027118273261       2.247173481609592E-037
  -17.2758312174317       2.370990091454675E-037
  -17.1767196668539       1.498933580399705E-036
  -16.7340652865340       7.305710002884212E-037
  -16.7244060182649       2.180612446256320E-037
  -16.6357895406005       2.101886157931152E-043
  -16.4958012892443       4.650748741367444E-040
  -16.4659345361919       1.386546091734705E-043
  -16.3521381335586       9.547886095120174E-041
  -15.7642137192042       8.121402561272442E-043
  -17.1495516912531       6.157896398540568E-068
  -17.0963069510077       3.309207653456710E-008
  -17.0738327083062       1.198584464704381E-066
  -17.0732996548442       4.059107531364280E-066
  -17.0379436495248       1.828966202438384E-007
  -17.0321474763862       1.613048865215318E-010
  -17.0221259828391       5.731255230572116E-067
  -16.9936867456548       3.992573112422788E-012
  -16.8896870179040       8.079272100548254E-005
  -16.4623191509647       4.772171481235365E-071
  -16.4184835610044       2.789047757896308E-011
  -16.3513293807849       1.534765506188665E-015
  -16.1933726448747       1.239381307356915E-071
  -16.1889425967682       2.933092105993061E-013
  -16.0653997412889       3.844361944903616E-019
  -15.4792739707730       1.697698617384733E-012
  -16.8788381744646       5.928201333133697E-067
  -16.8540384446567       2.320992327338366E-012
  -16.8349723295574       8.142352198049043E-064
  -16.8261238061577       2.584392226239147E-063
  -16.7947285751578       3.302357083617086E-065
  -16.7720147108870       9.566174247074449E-008
  -16.7665918955504       6.426532524187506E-009
  -16.7481178111606       4.460394123583269E-010
  -16.6672806240636       1.644642298039758E-004
  -16.2128348933271       5.441469142671676E-066
  -16.1542478153640       2.553949553770922E-007
  -16.1091818372896       3.894094239334130E-014
  -15.9581658973214       1.416199897474363E-068
  -15.9157666605675       3.544600192049128E-011
  -15.8438500283495       5.246824987427474E-016
  -15.2557707105181       1.111708227811982E-010
  -16.7588167672388       4.575744499866576E-065
  -16.7028675454750       1.575375632219849E-013
  -16.6908830196897       2.578159467689561E-062
  -16.6695030992565       4.530215037904193E-065
  -16.6364404500313       1.748262492626747E-009
  -16.6264214222793       7.472715180705129E-011
  -16.5819877316446       5.636747073904035E-066
  -16.5730155253155       2.077285720283979E-007
  -16.4748016175809       7.195902350961726E-008
  -16.0548969310935       4.613679847818264E-067
  -16.0272743692493       2.063573161628907E-011
  -15.9025145074314       7.864751808068588E-009
  -15.7958738722913       4.442540941791538E-013
  -15.7915125991329       1.755734197154276E-067
  -15.6447282826865       4.797695395338697E-010
  -15.0585584193615       1.868068079513383E-012
  -16.5841220106864       1.338652055386237E-069
  -16.5556444881021       3.397117940505760E-010
  -16.5224370760718       2.894781952602469E-065
  -16.4782813768233       1.963653420665416E-061
  -16.4779688962786       3.057009230671880E-006
  -16.4629030707713       6.401464586511997E-010
  -16.4466753142907       8.495871949055914E-066
  -16.3937623728074       1.029669168948827E-012
  -16.2718564388112       3.375479912740144E-004
  -15.8421487726916       3.623870544717649E-068
  -15.7980486886367       3.719395337068012E-007
  -15.7113649986753       9.904383877828952E-013
  -15.6206383256334       3.024603316714164E-008
  -15.6071260887463       2.406175072325236E-068
  -15.4302022572399       5.231350102016611E-013
  -14.8247282394751       2.128174682365290E-010
  -16.1125618719167       1.137093271933698E-033
  -16.0899856508605       8.673521770978682E-044
  -16.0243681994897       1.563940155379630E-039
  -15.9332463304006       3.319556049985321E-038
  -15.9287225816433       9.755919275727537E-038
  -15.9123249096567       1.726797861614786E-033
  -15.8739920014267       1.292918305727411E-041
  -15.8124730951944       1.220937862412989E-039
  -15.7394124232126       1.461168361358882E-041
  -15.3372037214564       9.417382502103506E-040
  -15.3294312318026       1.041890046126772E-036
  -15.2321590690695       7.520203274672182E-042
  -15.1139803899458       7.155967124997742E-035
  -15.0991510290454       2.841889088171015E-044
  -14.9418329035678       6.274035662186289E-044
  -14.3855574978482       9.560750871438350E-043
  -15.3034510456998       4.520637854231465E-063
  -15.2937694788755       1.556059093311305E-007
  -15.2353308694076       2.094430490853331E-062
  -15.2311794853136       1.199758380405207E-062
  -15.2093996105899       1.628557789211455E-009
  -15.1980187604673       4.877642499645534E-011
  -15.1853180351974       4.664227684295461E-065
  -15.0952351019668       1.131480437646498E-011
  -15.0210807907362       6.883286528011410E-006
  -14.6232515916953       6.656038358406472E-065
  -14.5560795997509       2.532942396769962E-007
  -14.5142897893429       4.372224982472718E-011
  -14.3901546522424       3.488259781967173E-067
  -14.3451092420427       7.773239502618938E-009
  -14.2266362681821       1.759219587858928E-011
  -13.6771611612057       2.323700797134018E-009
  -15.1416354187782       3.103717062780987E-039
  -15.1139231233974       3.702567537811676E-032
  -15.0750423259850       1.476743066193711E-035
  -15.0608909394276       1.035205669052243E-038
  -15.0311607208756       4.633006557394330E-036
  -15.0123432207140       2.153110178328429E-035
  -14.9556162882738       2.359687615575029E-040
  -14.9162628383736       2.914483800077824E-037
  -14.8059079529632       1.195760964647443E-037
  -14.4027716277119       4.889881789991342E-040
  -14.3694105659060       3.288287417156726E-040
  -14.2990462256332       1.526265244327146E-043
  -14.2136537623222       4.810054623272486E-037
  -14.1850721910933       2.840001675314849E-046
  -14.0105021696456       1.045888818706222E-043
  -13.4620141664033       6.713197528245274E-042
  -15.1325934958374       3.724465460553401E-064
  -15.1026192432248       1.364396996277050E-009
  -15.0769533576500       3.115936930888884E-063
  -15.0674485953508       1.048483544716702E-061
  -15.0209674427615       3.076208266773139E-009
  -14.9959081607745       4.467491888205916E-007
  -14.9848431774112       4.141578526165104E-058
  -14.9538754994880       3.283444951582138E-007
  -14.8863371754615       1.832950072088002E-007
  -14.4532408524183       9.855337754177786E-068
  -14.3904914756699       2.644369944000349E-013
  -14.3002251535198       6.168663404144533E-009
  -14.2036790986241       7.894966971505622E-066
  -14.1761373903373       5.850983059269728E-012
  -14.0684692639567       1.094438191815584E-008
  -13.4921570470791       7.978207536817093E-013
  -15.1233295599563       2.083596890308517E-036
  -15.1152284305283       8.113216249577307E-039
  -15.0235161401134       2.743390683920882E-034
  -15.0138569616482       3.799373245088998E-034
  -14.9842986852026       6.103376016082196E-037
  -14.9654183701242       1.623392819127719E-036
  -14.9596274361504       3.963493580027881E-037
  -14.9056516341847       2.372326951600522E-038
  -14.8295586190563       4.556714409165874E-036
  -14.3814770708487       1.517349009756267E-042
  -14.3772727552682       3.492929037318987E-037
  -14.2526122705952       6.655171414503098E-043
  -14.1914406520811       6.703662230868720E-041
  -14.1389262388536       6.537441852069824E-041
  -14.0158375736359       4.014240346868197E-043
  -13.4399030343400       2.992311480420471E-040
  -15.0867652194926       1.587060705857363E-006
  -15.0832541230391       4.766767985046109E-064
  -15.0024322056566       7.088117846567502E-066
  -14.9885220582590       1.577505067562653E-065
  -14.9462161899497       5.524844176225613E-009
  -14.9318007753155       4.534744290510152E-009
  -14.9264224784153       1.451723410154292E-061
  -14.8965391556211       3.841571339981157E-009
  -14.7868350338707       2.600061639196683E-004
  -14.3536416443927       2.135434621708624E-068
  -14.3408329921837       1.373591744532118E-009
  -14.2331951409788       3.782842667600608E-011
  -14.1609038083413       2.911130887478203E-067
  -14.1146629015154       1.421829372942672E-012
  -13.9794949297516       2.833093831908664E-012
  -13.4101290863199       2.235901885709944E-011
  -14.9312432650852       2.271630735615111E-067
  -14.8804381831201       4.174663323884332E-008
  -14.8311007201333       2.777602718710164E-064
  -14.8205264686287       1.473302745499591E-066
  -14.8163184700104       5.025482698120400E-006
  -14.7814190430043       1.470516583207461E-011
  -14.7692277499987       3.467249400432619E-064
  -14.7233638250857       8.591732771142643E-015
  -14.6222597100042       1.688720558479635E-004
  -14.2153885355935       1.535283611154004E-071
  -14.1540164892472       2.998673580529899E-010
  -14.0661797195295       5.704586462375992E-015
  -13.9712085380829       1.720748729136271E-013
  -13.9680506190947       2.386319569190651E-065
  -13.8120332962250       3.755771723075410E-015
  -13.2406028789677       8.592490829722741E-011
  -14.5558345068909       9.271281859670802E-066
  -14.5193407773050       4.132440406090727E-012
  -14.4979260196836       1.688038847414024E-062
  -14.4711713282315       5.808050568792369E-065
  -14.4283537175227       2.780871109354523E-010
  -14.4226264589678       4.265474184895638E-009
  -14.4005266595443       3.787817424124069E-065
  -14.3696505086201       3.797670469023787E-008
  -14.2761151291335       1.911319668341974E-008
  -13.8610548401910       3.449707940658147E-068
  -13.8244591121068       7.511662839040061E-013
  -13.7066421171033       2.795786149127872E-010
  -13.6086139869867       1.255714406257874E-068
  -13.5942426939937       6.993557187637308E-014
  -13.4523142185639       6.648025660435234E-011
  -12.8696271842753       1.149088323476998E-013
  -12.4859519386343       3.948482203818807E-070
  -12.4682550741630       1.217613476275108E-007
  -12.4428825804100       5.913683282677938E-065
  -12.3840230095707       1.787082924306369E-068
  -12.3649687922453       2.909676030444444E-006
  -12.3556501570780       4.536782136746255E-063
  -12.3445579694734       2.171746129603285E-012
  -12.3081115999491       2.144700847276845E-012
  -12.1699616712606       4.853474231494295E-004
  -11.7610698973086       7.097432501598155E-069
  -11.7220443574327       4.534511452718129E-009
  -11.6185985403383       3.309215020751871E-016
  -11.5301916252224       8.928287018249177E-069
  -11.5121324995556       2.433083623738307E-009
  -11.3461037164540       2.032228381736497E-014
  -10.7628415310020       5.478717294041636E-009
  -9.93961261089929       4.091663642038747E-039
  -9.90631033362918       3.402161303905110E-032
  -9.89008335794092       7.839992233325659E-034
  -9.82752467899191       2.098415919546369E-038
  -9.81346703548577       1.421782597520275E-036
  -9.77265480122368       1.240098497373463E-035
  -9.74075669327529       1.448949654621604E-037
  -9.69248011764491       1.019537051599526E-036
  -9.54609927269130       1.670658762483760E-037
  -9.21097965070404       4.347510785185966E-041
  -9.17031246412775       1.550489254256919E-038
  -9.06441564100535       2.967016888406453E-041
  -8.99766711701865       1.995961761990109E-036
  -8.96215620180377       1.686453550131277E-041
  -8.76541511257392       5.250271530481985E-043
  -8.22898954249226       7.574119359558380E-044
  -9.95253084220452       5.952582483247855E-006
  -9.92618704903872       7.662590318924829E-045
  -9.83369783388255       4.421125254798549E-042
  -9.83151542112455       6.314125962227196E-038
  -9.75192182767949       2.416462448007790E-007
  -9.73820639002984       1.542531801331677E-038
  -9.73802759248043       9.775985091940942E-012
  -9.69483069038385       5.939673605070515E-011
  -9.56120805836597       1.762519118187367E-004
  -9.20040424931254       2.911978363058017E-053
  -9.16010388604829       1.245861545233904E-012
  -9.05069281989250       2.151898342135999E-017
  -8.99403999086580       4.573200818265510E-052
  -8.92664082988930       8.194991822430517E-012
  -8.76736007807074       2.515648763046919E-016
  -8.21291576075890       2.804027115236390E-010
  -9.92523311518463       4.218702606906949E-022
  -9.91318053490991       5.473926928768999E-028
  -9.82813558759043       2.737736065124331E-025
  -9.80867775353616       2.803041562171821E-021
  -9.77409214951780       9.522840885917274E-023
  -9.75725661837193       6.028703672065873E-030
  -9.73544726850068       7.625851826952694E-025
  -9.69208115229307       6.265478639714753E-026
  -9.60390456953183       2.319157933667964E-020
  -9.20077887296420       1.124246176570815E-034
  -9.16389582345111       5.122530024965041E-028
  -9.05398318953551       2.331977127700953E-032
  -8.98696614875152       5.567385206529308E-032
  -8.91899341979074       2.730811780679591E-027
  -8.79178080962619       6.333036280617293E-032
  -8.21671743385327       9.005672686170852E-027
  -9.80705111779064       1.165954829041617E-053
  -9.75314575942781       9.980515535643131E-008
  -9.72444780817799       3.783344265544608E-052
  -9.70037350853176       6.100333729335199E-041
  -9.69301152068400       5.250845427050485E-006
  -9.64895566871872       7.072408818609892E-011
  -9.64022782994245       7.145347453078645E-044
  -9.62718833640710       6.096586114726599E-012
  -9.50077727644425       3.271297713029023E-004
  -9.10318404033686       4.915099605213825E-057
  -9.05811598648819       8.361603428762807E-014
  -8.95401971891543       4.019938768983794E-018
  -8.85073520486120       8.269850660673558E-012
  -8.84456493924629       1.775332016994833E-056
  -8.69189113228602       1.267242762367188E-017
  -8.12252443850729       1.872943853799722E-011
  -9.79738156679983       3.541454164853381E-070
  -9.74403451822754       2.148504874902625E-010
  -9.71750864253075       3.099518553844907E-067
  -9.69858976739973       3.052087027204397E-066
  -9.68344838903256       7.297131279389809E-009
  -9.63917010231844       9.644498954892255E-009
  -9.63260308460347       9.138157809823301E-067
  -9.62679500679204       6.168984527650653E-009
  -9.50319810199153       2.279796708769352E-007
  -9.09608142209741       7.322367928684643E-074
  -9.05133648024756       7.966846844215241E-017
  -8.94813717126762       1.714479441993353E-014
  -8.84228583856142       4.941738710034687E-015
  -8.83748809144279       3.846621601306070E-069
  -8.69036240617868       3.017935924331690E-011
  -8.11710999539160       9.789380413222602E-014
  -8.63674913756025       8.544832127534111E-042
  -8.60524569947434       2.115075407347223E-036
  -8.49662979583112       4.757772058042485E-040
  -8.47946879079247       2.861535816119946E-033
  -8.39798550463929       2.143726049699589E-038
  -8.38195704373218       7.524558339706837E-038
  -8.36098402269963       1.346458703979156E-039
  -8.32276102712321       1.622687035494790E-040
  -8.16889246613401       1.445085487114343E-040
  -7.85102888217078       7.809613599568937E-038
  -7.80542338484070       1.989016294602236E-039
  -7.67977176395286       1.625419457769043E-039
  -7.64390604477968       1.878576013654224E-034
  -7.56913629374202       6.535790794526035E-044
  -7.38283987796366       9.093481498593788E-043
  -6.83734513302483       1.810269791006343E-041
  -8.25653238209744       1.290291995788878E-067
  -8.20882151732223       3.220372006542414E-010
  -8.15673059552824       1.203726824949392E-067
  -8.14144661361506       2.390782455981673E-006
  -8.10785013513151       5.959265762991971E-064
  -8.08817762679256       2.677013399090445E-013
  -8.06060444987822       1.982756675526289E-067
  -7.98710980835284       4.313012765142857E-012
  -7.84943613716621       2.147871898058310E-006
  -7.53282312767445       1.239601515983175E-067
  -7.47221878642579       1.548618550140893E-008
  -7.36100849216326       5.464467166975349E-016
  -7.27932076255212       7.355758738587870E-066
  -7.26968120021356       3.105330317759574E-009
  -7.06959843330367       2.259683576495323E-014
  -6.53463054957577       1.043660339141795E-008
  -7.88515500703982       3.009168143261304E-069
  -7.85889953337285       8.641148594256503E-016
  -7.81723047959884       6.133180096143617E-062
  -7.80940968670656       6.118392212352766E-066
  -7.74768127573128       2.362811049354805E-011
  -7.72551354056066       1.183422471679649E-013
  -7.72472867308808       1.340521118391570E-062
  -7.66598130980631       5.027952420850508E-008
  -7.59837174853283       1.587337462296530E-009
  -7.19084234436655       8.214824327716779E-068
  -7.13823767351110       1.122370034876510E-012
  -7.01961094733096       1.104434105430162E-010
  -6.93654338423016       6.427359312733534E-067
  -6.89885798503679       1.230819199722775E-012
  -6.76833566855094       1.556891227795975E-010
  -6.18035604429824       6.516070802767371E-013
  -4.64836922530827       1.350070920214320E-070
  -4.62916408003802       2.784558033274068E-007
  -4.59727969995044       1.380162709993251E-064
  -4.53297482026959       1.365874663618784E-065
  -4.51068535880597       3.358884279140923E-006
  -4.49828698622597       6.719078687266855E-065
  -4.48833445520989       2.955581567060054E-013
  -4.44437832693307       9.610502995059262E-013
  -4.29443362869377       4.142786161637740E-004
  -3.92382383809985       3.331352333944588E-069
  -3.88100599678363       1.028550009272985E-009
  -3.76314335718200       8.055189185366184E-017
  -3.68641377800787       2.598788112540729E-067
  -3.66271259659811       2.921723253385803E-009
  -3.48185101314512       4.332636531773234E-014
  -2.90931829649336       3.010906814002956E-008
  0.365242210947788       4.425816604543437E-040
  0.394591529152709       3.009215207763147E-034
  0.411690775123066       3.330347483024739E-032
  0.512314696913702       6.066462440640033E-037
  0.512697194991649       4.450472266007139E-036
  0.574132127009598       2.818125223169519E-035
  0.584052155662480       3.118695837630941E-037
  0.644985177527388       4.252738635691738E-036
  0.828499930497049       2.831732174930786E-037
   1.09319725677468       1.213708540505413E-040
   1.14364199704958       2.003118186764033E-039
   1.28771071706724       1.167849813299110E-041
   1.33007261700743       2.121736837296847E-036
   1.37199819255000       5.374671810965580E-041
   1.59892772146617       2.258570871664483E-045
   2.12692318158044       1.042304227296289E-041
  0.377565374701966       2.282750794579952E-023
  0.405197163821470       2.420089354524473E-029
  0.482509085018108       1.523715268327527E-027
  0.516425642882940       2.179431501961329E-023
  0.536073674002047       5.524875240990755E-025
  0.586703397082896       8.128541450969822E-030
  0.609049025653231       1.869466847554848E-026
  0.648620849621704       2.022947863387852E-027
  0.752093185806089       1.444680434237885E-021
   1.10234044912539       4.394196752383007E-036
   1.16937867402653       6.735283768903324E-031
   1.27849178338031       5.783984790063697E-035
   1.33919835098606       2.651410612873500E-035
   1.42192147747954       4.377876707892246E-029
   1.56394627342990       5.589752089221528E-034
   2.13883300309291       2.267679810799355E-030
  0.345119975738623       6.897944814117324E-006
  0.390653417280980       7.538853355245623E-050
  0.463692378276882       7.301188821755300E-050
  0.503358398658403       9.585311383193380E-041
  0.575838806924494       2.076025041178685E-041
  0.588858773154431       7.393119823923590E-007
  0.608063217934014       1.401351726208143E-012
  0.661472758576998       3.532064979604352E-011
  0.813158062398085       1.523916664806550E-004
   1.09955419780283       1.199453083318812E-053
   1.17145952247503       3.379804291878292E-013
   1.29766254604664       7.022900852542082E-018
   1.32963243414244       2.484147561549615E-054
   1.41550885403877       1.209645275103390E-011
   1.59921848671616       1.219452278293462E-015
   2.14603263983127       2.140889327514903E-010
  0.502687507874768       3.296171440877711E-053
  0.560183896427748       7.605667333039260E-008
  0.576912323564635       1.183153114382600E-050
  0.622862717395442       6.925958639840923E-006
  0.626076669009887       7.819767213491450E-039
  0.668233850132605       2.243346847333462E-012
  0.680912108790722       2.800922512787805E-041
  0.687203102528805       5.884251777151479E-011
  0.841765329524630       3.113369556758501E-004
   1.21125137771829       5.808806972405679E-056
   1.24148169302108       3.534973218643353E-018
   1.36666838980184       2.497952439200960E-019
   1.46993469662816       2.845431785213031E-011
   1.48059313390370       1.899714407323332E-054
   1.65084332569914       1.933556592128547E-016
   2.21991783369063       1.102113742439749E-011
  0.523575512342177       6.121031546978139E-065
  0.580839073290164       1.329418897213215E-010
  0.597283793898672       1.834162984409882E-062
  0.643275764768497       1.178697900785335E-061
  0.643713171947219       6.678186583435008E-009
  0.688137840712418       1.830458264284360E-012
  0.699311579233630       2.140631702506294E-060
  0.704043697780996       8.184111161316189E-008
  0.855890123071045       1.308395301318198E-007
   1.23074307794598       2.065307260632767E-073
   1.26133271717264       8.489308859937465E-019
   1.38452073805447       3.475314142654129E-016
   1.49035938307830       2.456440889596931E-015
   1.49996943677504       1.826090853808693E-067
   1.66706415163380       2.019757503218085E-011
   2.23816033962397       9.968372659403175E-014
   9.20926462920076       3.547499043438563E-042
   9.26725066673621       4.299420203873275E-035
   9.34905420793817       3.165947762780635E-033
   9.39727934389079       2.641616906247895E-040
   9.47939790344021       5.046865571399414E-040
   9.49864607631736       1.286975163894791E-040
   9.51993053491735       4.618143254295151E-039
   9.58736450242234       3.278770191147431E-040
   9.75742635205305       1.581982160544996E-040
   10.0029226531125       1.856950088494562E-038
   10.0909666548951       2.013958994259536E-038
   10.2242610759700       3.076204762129303E-034
   10.2344301914258       6.255530169816324E-041
   10.3310507073911       1.452920511357912E-042
   10.5388334123369       1.094074520694433E-042
   11.0798541903892       1.564658946028445E-040
   9.53777580543169       7.849631515124935E-066
   9.58541420972574       8.714926724557997E-011
   9.60890926383570       4.725591814932807E-064
   9.65642720892167       4.608963660784561E-006
   9.70374386943660       1.388127749924599E-061
   9.73203866161604       6.297862313825691E-016
   9.75949233045625       4.739579908169647E-066
   9.80376815307007       3.997108216493182E-012
   9.99625422216393       1.089117031172969E-005
   10.2709982380881       1.727421568831625E-067
   10.3150094045550       7.303329988177546E-010
   10.4680861423918       3.669845522407440E-018
   10.5324142055917       2.526611653762582E-063
   10.5366438473846       2.473966519863650E-009
   10.7693343641393       6.105634416582332E-014
   11.2969184955867       2.559970771849691E-008
   9.84848848735921       8.450172374350952E-071
   9.87544201747456       2.740908976637051E-012
   9.92560939521986       1.405494085527412E-061
   9.94422021020341       1.523087755618230E-068
   10.0002152709980       1.427671182315241E-061
   10.0094562029708       2.406929943274548E-010
   10.0283120934620       3.123089733111477E-012
   10.0697345497224       6.135217575709895E-008
   10.1719373640093       1.744824999082696E-008
   10.5573122608133       6.462113308172266E-069
   10.6164883550454       4.254382600480185E-013
   10.7307568377358       4.240481703659138E-012
   10.8171183494422       3.437489150798887E-068
   10.8585087161478       3.526329715012029E-012
   11.0029627355533       1.440613474311719E-011
   11.5979644443877       8.542212443459042E-013
   11.0591415178694       1.255384835273748E-070
   11.0835297026515       3.584072938675909E-007
   11.1210815031679       1.307338878947021E-065
   11.1969841670587       6.163072683346230E-064
   11.2157532711279       2.238549643055732E-006
   11.2407944615363       7.333036527985302E-067
   11.2451777429418       3.670422608963373E-014
   11.2984978810720       2.503564651351592E-014
   11.4701844294211       2.662492737757813E-004
   11.7961336331596       1.967968469310774E-068
   11.8425268868257       8.479425014133105E-010
   11.9830525513932       1.302727973612048E-017
   12.0417261326981       6.928698291154451E-066
   12.0634624024743       4.333380602360364E-009
   12.2754495572870       1.005422104354560E-013
   12.8423097658266       7.078031542690148E-008
   22.8991702472718       2.529700898418792E-039
   22.9123758552508       1.149065835581284E-036
   22.9550344182233       2.210742803306878E-032
   23.0691160385902       1.885783576184321E-035
   23.0731539224290       2.483821696096903E-038
   23.1344074365462       1.265274071401290E-037
   23.1419155737133       6.473566779770836E-034
   23.2103875221104       2.005375611388678E-034
   23.4220228910290       1.230108735112583E-036
   23.6336354652834       1.123254742909652E-040
   23.6955428344667       1.921386934968904E-041
   23.8702775742281       2.603413658261256E-042
   23.8904901716092       1.511196208634914E-036
   23.9406240294194       1.663340967299639E-041
   24.1916503832411       4.407742939824482E-043
   24.7193942078358       2.699616735990959E-040
   22.9118310331598       2.711901691926368E-024
   22.9443751918789       3.268573815122154E-038
   23.0215684227110       1.195703368926317E-035
   23.0634052639894       3.785474271304767E-037
   23.0893937843247       1.378276742740945E-034
   23.1541027035241       4.594703652175172E-032
   23.1736938167718       1.478390297021157E-025
   23.2197120482888       1.249273513596049E-030
   23.3428951896753       2.321373066752031E-022
   23.6445354718772       4.372529991092264E-047
   23.7353042671145       9.470859610034688E-034
   23.8523184461321       1.280403025477952E-038
   23.9008387672147       1.465806165404871E-040
   23.9946357879622       1.556992362862339E-029
   24.1567406474751       1.595795512144068E-034
   24.7335507900263       1.834626077249227E-030
   22.8801662785955       4.175942284059569E-006
   22.9284343523427       3.347142688780279E-051
   22.9944321556861       4.229741945745433E-051
   23.0660529349766       9.307632047615792E-043
   23.1231549811830       1.884015119197656E-042
   23.1488464963923       7.907129931064252E-007
   23.1752646369338       3.882546090796226E-014
   23.2398050248007       9.549057491647638E-012
   23.4124943717413       7.043698443419185E-005
   23.6401115652163       8.426018766111326E-056
   23.7339516221457       3.571759343842369E-014
   23.8810799174687       5.982178461065227E-019
   23.8909274790113       2.699511653860765E-057
   23.9876266488782       9.690811684264596E-012
   24.1970395810544       1.069559864185090E-015
   24.7420741413355       6.068482076648379E-011
   23.0362076228816       2.059115419568992E-053
   23.0980183787074       2.575367455617540E-010
   23.1119371151177       2.020177215086973E-050
   23.1730144002337       5.555024040370580E-006
   23.1762946553963       1.095691289041706E-039
   23.2117779120899       2.290533929678494E-015
   23.2313335638126       1.667299557537339E-041
   23.2504596176824       2.820616939438201E-011
   23.4211106482406       1.745566538720565E-004
   23.7593250215154       3.966969078643594E-059
   23.7871553377419       4.354998150657172E-015
   23.9306270863866       1.272361502834996E-019
   24.0331755368435       4.551874079064641E-011
   24.0383010111702       7.417266783568761E-055
   24.2336156403199       3.642470885685262E-016
   24.8060995940992       5.613500491893142E-012
   23.0706831932179       2.985285385870710E-068
   23.1328768541009       4.070210380207653E-018
   23.1462792376908       5.055839725528471E-065
   23.2064120605755       2.745088999820383E-009
   23.2115629493242       8.022638297257307E-064
   23.2462485932009       1.213338036708050E-014
   23.2665900837935       3.512249499256534E-064
   23.2846917129066       8.103317861178394E-008
   23.4562941761898       3.306975269186919E-008
   23.7943127160427       1.505893786396333E-075
   23.8214132454597       6.853700874857456E-019
   23.9654660315394       2.589550007045147E-015
   24.0673174331004       4.702368234813945E-017
   24.0732816635648       9.994135775979663E-067
   24.2683953443480       9.984729585542367E-012
   24.8403604744388       3.427117589701445E-014
   40.1296311817813       3.842777972920934E-074
   40.1502872814206       2.715427744073854E-007
   40.2031339651200       4.091977556225736E-063
   40.2697959348771       8.752911962976930E-066
   40.3128348943959       1.179226692892811E-006
   40.3231445193105       5.481222101565712E-063
   40.3352260702212       1.690277421740387E-015
   40.3999222736317       2.345037349704404E-014
   40.5703665918050       1.360801959600766E-004
   40.8566432799258       1.382462089492013E-069
   40.9193826939577       2.827541975283419E-011
   41.0624409044748       7.618167293402841E-018
   41.1140985055553       7.411227521607051E-066
   41.1599691783963       6.406183028975687E-010
   41.3642876153314       5.606338629348924E-014
   41.9178166350034       1.037257336654947E-007
   51.0083230265305       1.510444844550579E-041
   51.0585886497244       6.242628224661030E-036
   51.1333721052389       2.439271940319016E-033
   51.2101772033984       5.621388140741444E-042
   51.2703100272207       2.172800184965969E-039
   51.3075068013727       3.551686170663470E-037
   51.3316898919573       2.257653915945236E-036
   51.4073091783860       2.499120059892162E-037
   51.5911686003680       1.439776772070074E-039
   51.7913192407614       3.412074775364996E-039
   51.9006689263372       4.802101808799358E-038
   52.0337163479544       2.395084470482649E-034
   52.0592191098632       1.138162011998367E-037
   52.1444646485414       9.413521971344986E-043
   52.3701216313914       3.727259503321305E-042
   52.9090318925968       9.838308365738599E-043
   51.3024275689906       7.453799402645040E-068
   51.3624899064003       5.034180975496202E-009
   51.3778729631640       9.115476389867957E-064
   51.4435280031582       3.214700340383105E-006
   51.4972405964515       3.810538055417974E-064
   51.5247808816728       5.277784410045023E-016
   51.5619939817714       1.997874597318146E-067
   51.5929069505860       1.494614271869085E-012
   51.8242292946011       3.464617349251888E-007
   52.0658304735086       5.382204110471448E-068
   52.0971837786748       3.859731671200223E-011
   52.2899669837036       4.637715758052199E-016
   52.3268992899342       5.503735956140556E-009
   52.3331849886838       6.548146185011169E-062
   52.6000925381414       1.025248682853360E-013
   53.1330606843024       1.054232098473582E-008
   51.5633904509872       9.831900336303353E-072
   51.5927605059562       8.970736340349435E-012
   51.6507800369166       1.399379055708179E-063
   51.6784911666099       4.218614535950965E-066
   51.7329623085272       7.883371410145017E-064
   51.7491679934992       3.521693543330376E-011
   51.7641655949970       2.483877199361336E-011
   51.8122144739117       4.677652496112447E-008
   51.9439920126415       8.193910981171374E-009
   52.2869065660095       5.177840284007292E-069
   52.3539609086953       2.745987313939779E-014
   52.4759577353683       5.463203037257488E-016
   52.5534733177077       6.178445801122006E-067
   52.5989487611795       4.819813170769665E-012
   52.7684344457951       1.357932740167898E-010
   53.3575100810214       1.254227420131252E-012
   74.2595879742748       3.075832971075898E-039
   74.2645929811999       4.727275122219902E-039
   74.3280588089623       4.534771382680080E-033
   74.4448233312601       2.889283641499160E-042
   74.4512946200037       8.045915200185873E-038
   74.5067001165615       6.291775316140826E-040
   74.5196946772111       8.398266949082516E-036
   74.5936095593140       3.029304969252920E-036
   74.8169839837180       4.978029258303466E-038
   75.0013803459646       1.585742508232733E-043
   75.0724909418867       6.005212629177317E-038
   75.2636682854186       6.928830459097753E-042
   75.2713400996328       4.465153059395547E-037
   75.3268498190103       1.971686609987331E-042
   75.5896478291491       7.783875006163451E-044
   76.1209660618527       8.219695099203453E-042
   74.2770029011871       8.721841911040033E-041
   74.2992182412551       5.623423568273588E-041
   74.3837933036831       3.455733260916335E-037
   74.4280434780767       4.349099120672626E-038
   74.4746314380785       4.439989543080654E-036
   74.5319257169917       2.072716247348927E-037
   74.5447350606298       4.953719773762782E-037
   74.6054859918891       2.590225153903127E-037
   74.7507406635312       3.895038169674974E-038
   75.0130441544311       5.889499059255746E-048
   75.1150867244882       2.553147137460558E-038
   75.2455226813512       7.117887709948037E-041
   75.2822078380713       1.227568822448114E-040
   75.3763162762386       8.537049659927216E-042
   75.5616371756639       4.255281575437123E-041
   76.1356502293312       1.617487725172065E-041
   74.2498347397786       9.607032222592683E-007
   74.2814764598763       1.055885456767161E-054
   74.3571686973443       1.830527255816435E-051
   74.4400778982362       2.296258327677028E-046
   74.4966027339362       4.449475872479744E-044
   74.5199779573495       2.406178458765255E-007
   74.5492077670664       6.741022637053126E-016
   74.6241532767602       1.618969537809044E-012
   74.8125203305684       1.496622631188746E-005
   75.0071292021362       8.185387428620635E-060
   75.1103456466205       8.352874237129142E-015
   75.2726188400729       1.025261019752390E-056
   75.2739509535234       2.194755622213379E-022
   75.3686853061325       1.903554240073089E-012
   75.5970937059512       3.170378435218868E-016
   76.1422448867449       9.856280754425389E-012
   74.3818192626565       2.251257620445822E-055
   74.4443473313998       3.486402014952375E-009
   74.4667889765855       1.116375030942989E-050
   74.5362996313915       2.146518932087947E-045
   74.5444140308164       1.571903619737938E-006
   74.5754393109628       1.657496662669654E-017
   74.5978716327046       1.138668885820901E-043
   74.6358947042825       4.622732329254468E-012
   74.8188480276086       4.140816472665972E-005
   75.1213774530235       4.654839440033242E-063
   75.1566362253004       3.358269849307153E-016
   75.3142061283516       6.690967518658653E-021
   75.4047294829124       3.220986938986759E-053
   75.4119274842015       1.410663588390435E-011
   75.6294278240675       1.786157629349009E-016
   76.2007519650280       1.640747387943815E-012
   74.4180942430260       2.632478647548366E-070
   74.4818949223735       6.089781139865523E-012
   74.5026761631678       1.658222997748448E-065
   74.5754306338027       1.985177699743043E-066
   74.5784646994306       4.960017517267761E-010
   74.6127981591095       2.184184675184339E-016
   74.6372348320342       5.185415460621049E-064
   74.6731476115831       2.438616630654706E-008
   74.8595110724682       3.977995970881828E-009
   75.1591152230275       1.581784755994274E-075
   75.1927085054864       6.494968474385381E-021
   75.3529457214405       2.538668744822506E-017
   75.4425336074240       5.753703834102782E-068
   75.4477517358158       1.111109996824737E-016
   75.6684814183959       2.760408632370653E-012
   76.2379903045486       8.157161253356142E-015
   92.4997919180312       1.440823960494352E-072
   92.5249673254539       1.193719159733910E-007
   92.5835324936720       7.777963374596855E-064
   92.6526831712749       2.003431464102387E-064
   92.7000501335764       3.495055640360202E-007
   92.7144140100375       2.014225229476497E-063
   92.7234727522540       1.392460002878647E-016
   92.7963650803303       1.461600129407298E-013
   92.9782618736128       5.266257115340440E-005
   93.2338098717422       1.028251296577596E-068
   93.3020155730219       1.261202638942760E-011
   93.4578242453678       2.660465213285622E-018
   93.4995436881904       1.567837298312670E-064
   93.5479600112229       1.782083756976235E-010
   93.7677780261331       4.321428041595534E-014
   94.3175275444459       7.901857213317683E-008
   150.855767354092       4.671356224827039E-041
   150.878173683348       1.942485024051787E-037
   150.964918514457       6.405027876284042E-034
   151.044622355390       2.033523487361516E-041
   151.108630847550       4.535301860423507E-040
   151.132644684179       8.530468538684034E-038
   151.158141394872       3.614541522991025E-037
   151.240007950740       3.864863870246242E-038
   151.434153820904       2.153179107941793E-039
   151.605993708580       4.169210234435652E-039
   151.714898877594       9.616007182736016E-038
   151.865139460224       6.448081198793215E-035
   151.885284064113       4.911020427645731E-038
   151.959718012759       1.878611780687765E-040
   152.200704104193       5.852359555268808E-043
   152.728581703513       2.240667578887606E-042
   151.093687000186       2.063472075319111E-068
   151.154762187869       9.791116613468590E-009
   151.181466248799       1.228019353898133E-063
   151.265695459717       9.138360408226802E-007
   151.292964201751       4.738610520614791E-061
   151.333405490227       6.669510880550106E-016
   151.364288513005       2.884327381082350E-069
   151.409073008469       2.089742628802682E-013
   151.641206875240       1.454170065888544E-007
   151.849611505887       2.658455522742542E-068
   151.889411871970       2.787311243522277E-011
   152.090180324714       8.598249477232978E-017
   152.121557102556       9.508948360200148E-062
   152.129637065574       5.035017415668852E-009
   152.405349402833       4.555692146800987E-014
   152.928517185197       4.995475307309436E-009
   151.319774959902       1.324319410803875E-069
   151.352884853452       3.076964834358738E-012
   151.415573543350       3.010543636293818E-061
   151.455397574904       3.931061566279521E-063
   151.520122772487       8.029783625271702E-067
   151.529194104886       6.492461019611596E-012
   151.535584704735       1.549115455930530E-011
   151.603686113039       1.039105677507027E-008
   151.761634862325       3.178272910284044E-009
   152.044322441386       2.951066684837343E-069
   152.115364760744       6.762897975196103E-015
   152.255015844777       2.834425373075244E-014
   152.315392340937       3.932179464963456E-064
   152.360882264081       2.558932696290608E-013
   152.561808706367       1.127322774783761E-010
   153.126374629631       1.882003629010005E-012
   189.894468556611       1.291400472643967E-074
   189.922852048508       3.244540804438952E-008
   189.986263161607       2.400135358820944E-066
   190.057466505903       1.083842313106428E-068
   190.108343175636       5.587058107809170E-008
   190.125482230817       4.900028146406419E-066
   190.132300529339       4.877799594016798E-018
   190.211486911839       1.329715851364411E-013
   190.402087209317       1.367290000626394E-005
   190.628161337149       4.799576754599012E-071
   190.700479589997       2.955145977621828E-012
   190.866466496428       6.860801204599578E-019
   190.899733972870       7.177430327046814E-066
   190.949568506495       3.904433010214840E-011
   191.182356118316       2.155541757144454E-014
   191.723870400405       4.481915023531212E-008
   193.427278610662       8.907500525821402E-045
   193.447718050582       2.403259373903052E-039
   193.514597360906       4.038926342215260E-034
   193.619752438714       4.332381366275216E-043
   193.641560369296       3.085872619668249E-037
   193.688334630401       4.760713886301583E-044
   193.697327109315       1.859427236230144E-038
   193.778300736628       7.430445413283501E-039
   194.001181627387       1.548344348532744E-037
   194.168993344698       3.869227818588265E-044
   194.243864131326       1.319139013827076E-037
   194.439756393241       4.230968912933764E-042
   194.444725413815       3.969115419238444E-038
   194.498834858043       3.615375112954662E-042
   194.765511846338       7.759026694742691E-044
   195.290198542199       4.011665597819092E-042
   193.460107684909       8.733391892317914E-028
   193.462944175336       4.464658693453969E-040
   193.557005962843       1.578553295770213E-034
   193.607534287639       1.858407179327723E-032
   193.670469675447       7.882340198858387E-026
   193.709837806774       2.568631869854990E-037
   193.712123576801       4.212038212120462E-032
   193.790869827794       2.970955067513269E-033
   193.957710505411       9.640017591548499E-026
   194.181135188690       6.875539396396378E-041
   194.280819753630       1.828693498891864E-038
   194.428412178773       1.888788202637637E-039
   194.456123869975       4.365622691300634E-037
   194.537909783672       5.712302058094369E-034
   194.749305410424       1.926231681421055E-037
   195.304702159828       1.467967970547914E-032
   193.441180707498       7.563897535914259E-008
   193.447176192041       8.540021474043144E-058
   193.536656057132       7.048162685085345E-052
   193.618712969256       1.904544546379266E-048
   193.684281504344       3.475266210920650E-044
   193.691517767047       2.259955220162765E-008
   193.721040578027       6.080247334414322E-018
   193.803169136814       1.039261895773152E-013
   194.001608593520       1.126922378909603E-006
   194.175507832846       3.183110971891256E-060
   194.274582772827       2.698584090831377E-015
   194.448753543814       2.487805920488261E-055
   194.449576054374       4.121580944262574E-022
   194.530692503473       3.021047538762146E-013
   194.774004294588       4.802592226049137E-017
   195.308169248719       1.196871785860131E-012
   193.535186524872       1.534313769467426E-059
   193.593346129301       2.410823310339590E-010
   193.629768574266       7.672479371548333E-053
   193.700839294971       7.082030430805681E-051
   193.724046159990       1.417683595405169E-007
   193.749889366425       6.958850664119477E-019
   193.770163245530       9.031976335082057E-046
   193.825439330106       2.708136163390935E-013
   194.017936511455       3.387944099158661E-006
   194.274143834165       1.277024889784023E-062
   194.320580701119       7.161577331939700E-016
   194.489213793884       1.969449478397431E-021
   194.556590751774       2.863205731679860E-056
   194.576116624771       5.729352984713675E-014
   194.809690985989       2.868904346997776E-017
   195.363610576825       2.273933315511286E-013
   193.567906475936       2.908699890868840E-072
   193.627742465788       9.979744196426821E-013
   193.662140070233       3.611296135375418E-065
   193.736800545721       4.402506761482770E-068
   193.754396856378       2.831769182780731E-011
   193.783898061010       1.987832849448300E-016
   193.806383629848       2.915508873363967E-066
   193.859384612444       2.291811993937152E-009
   194.055550649006       1.819000652584072E-010
   194.308517223516       1.719658100742264E-072
   194.353048156219       5.303092043292521E-019
   194.524846430556       1.807298801478369E-018
   194.591048785969       2.746595256825731E-070
   194.608462966013       1.734239780306397E-018
   194.845593374625       3.075362663265412E-013
   195.397571845880       2.230339417643036E-017
   367.936131065049       9.863458585274300E-073
   367.969391392063       5.990770601255298E-009
   368.034017152227       2.669929903954010E-066
   368.107167710435       2.874720437474445E-065
   368.157613651919       7.766050696999628E-009
   368.179500692520       9.887111376720213E-064
   368.181873329481       4.071892246669330E-019
   368.265411282870       3.312350194482068E-014
   368.462425760915       2.702528187066173E-006
   368.660732554913       3.537609131806436E-071
   368.733000915721       4.165190621164399E-013
   368.907106283440       6.661602078187930E-020
   368.937034180961       5.954864016967702E-064
   368.984001775802       2.887039110296548E-010
   369.227914145854       6.412474328222639E-015
   369.756287247992       1.750880714363106E-008
   392.267709807701       1.715823467809905E-039
   392.276536046779       8.668903459951607E-038
   392.366120805226       1.962254119806054E-035
   392.445651251219       1.970148084596910E-039
   392.515280792437       4.299879708891609E-036
   392.517453630308       2.217207539652030E-037
   392.541658066658       8.702234443793009E-037
   392.627348404189       2.712840462852044E-037
   392.829775173825       2.474088301570271E-037
   392.971114912983       4.001139245688686E-038
   393.064405429691       7.324483661840446E-036
   393.237973540415       4.443253494942617E-035
   393.245743893432       6.850652116064233E-036
   393.303817783433       2.214979713908135E-036
   393.562756432588       1.603116217085647E-042
   394.060584073804       3.157173936018191E-039
   392.458085625579       1.895448791718112E-068
   392.514574284338       1.125309282090165E-009
   392.556769936430       2.808959281791109E-062
   392.655821498700       9.116673814368541E-057
   392.657658478850       7.757932722562998E-008
   392.707386913350       1.615794542992044E-016
   392.731080612183       1.571678089144232E-065
   392.790354377003       8.664986233421433E-015
   393.014894703377       1.178757143927945E-009
   393.179112861377       6.041604110773866E-067
   393.228992906885       3.607566318945615E-011
   393.429397947966       2.411926322786286E-017
   393.451236889710       1.236748069361357E-060
   393.468145561773       2.899811244584337E-009
   393.746410275923       7.430634103343327E-015
   394.241222830297       1.330989799619563E-009
   392.648463177585       3.851396281478219E-068
   392.687095439882       2.837244450694976E-013
   392.750696088611       4.786953392809728E-060
   392.807472163581       3.867741086109635E-060
   392.872483661778       7.356506880484765E-012
   392.879151209097       8.429482493249410E-013
   392.880061303435       1.386885250732290E-058
   392.961869160146       7.300748444594991E-010
   393.144091668405       2.648639098389268E-010
   393.350651978271       1.890822256508787E-067
   393.420005959094       9.690432610297017E-015
   393.582491058799       1.093981007780077E-013
   393.622110743881       5.740518821013588E-063
   393.659753087791       1.374832965155159E-013
   393.896276007983       2.605820417847245E-011
   394.414867660416       9.808767783702524E-013
   481.930990798157       3.249095711933972E-044
   481.964148216324       7.553044839406925E-039
   482.030334985343       6.436073467001594E-036
   482.124281251069       2.412379835400002E-042
   482.156139657924       5.404483655031199E-037
   482.198334967512       3.676925106009531E-040
   482.198509707926       9.018201224735132E-038
   482.284292717304       2.008823632940414E-038
   482.502703455735       1.603966658081046E-037
   482.644082846436       6.793762659440148E-046
   482.715979558143       9.647830571261947E-038
   482.912400856647       2.553127493259193E-040
   482.920095310409       6.852578307448848E-040
   482.963781940335       2.689858513425687E-039
   483.236059064001       6.164084662100416E-046
   483.733703164215       2.926126486399611E-041
   481.957367362236       1.886468398299519E-040
   481.976553554163       2.110767160776115E-027
   482.059246401088       9.018165230776489E-035
   482.121738156409       2.661520891595824E-030
   482.193953681085       3.105599744515493E-025
   482.200945512133       1.198002284831650E-026
   482.210899492975       7.481028497438874E-037
   482.296738239836       1.831398140183684E-032
   482.483882921672       2.446666135489077E-025
   482.656450391586       1.154112678229129E-038
   482.743137074447       2.645563103336818E-036
   482.910821101554       2.021278387582853E-037
   482.931929539935       2.525065374941192E-036
   482.990769986230       2.793464858422308E-032
   483.232548933643       1.538196834748990E-036
   483.747621666606       2.033337103391222E-031
   481.945508497560       1.106544351898044E-055
   481.963738180899       2.012314225702899E-009
   482.045533659812       1.643221570569689E-050
   482.126888201078       2.057904050045134E-047
   482.186922803441       7.117726491219601E-010
   482.199792285922       1.177695456449364E-043
   482.215655493309       1.415719257039632E-019
   482.302007967436       3.317374916114965E-015
   482.507410597060       3.507152411373257E-008
   482.650825409745       3.487347989758270E-059
   482.737080685483       5.243459765009521E-017
   482.921721935652       1.262540878306854E-022
   482.925684840672       1.233274535689984E-053
   482.984735428384       4.887171367311750E-013
   483.244888581343       3.044575727907235E-018
   483.747519758424       1.223327989413283E-013
   482.018636720399       7.081689812147136E-073
   482.071419228206       3.006709602614675E-012
   482.120672193516       3.513297635828700E-065
   482.195050750470       1.118016993695747E-063
   482.228429744074       4.412137132494335E-009
   482.252504502998       3.594085626633940E-019
   482.269496805487       6.283377640608915E-068
   482.336404756408       6.536608175588817E-015
   482.537085421477       1.107467106970027E-007
   482.729746105340       3.978664862017508E-072
   482.784938982154       8.838986415554646E-017
   482.964486363235       3.054698051656584E-021
   483.008359996462       1.439117144060903E-065
   483.032936478556       3.823134821401911E-013
   483.286081164748       3.343579772337932E-018
   483.800505556973       6.761990442090756E-014
   482.046216086155       5.653117158920442E-070
   482.100476739643       3.207556833797257E-014
   482.148038255340       4.389129209386449E-063
   482.225306843311       6.901013884492141E-063
   482.254134593576       7.050650312128872E-013
   482.281133936223       1.389450422049640E-016
   482.299908401166       4.294413602071198E-069
   482.365001586565       8.192032759827451E-011
   482.568558352493       2.595257289090466E-012
   482.758679673359       5.712890885669283E-071
   482.812269080394       3.151884433324796E-020
   482.994457975257       1.663057135739354E-019
   483.037368155881       4.034614683766265E-069
   483.060290868161       5.132822692119534E-017
   483.316210142310       2.637025511685086E-014
   483.829094344221       3.266029497031558E-016
   688.969171153579       2.527587297074425E-074
   689.007847341957       1.002595448451260E-009
   689.072109015426       3.567042040165822E-065
   689.148401242692       1.039345251846699E-065
   689.195280351587       8.232704281426496E-010
   689.219938540195       7.518324693161711E-021
   689.223524343061       4.156881504876878E-066
   689.306402959566       8.846992771913379E-015
   689.509210891313       4.557954616386320E-007
   689.670101516911       5.245050168729312E-070
   689.739348556228       5.800795379835520E-014
   689.921781242669       1.438132434297123E-020
   689.946708353680       1.426523208875289E-063
   689.985746071576       5.418631798366259E-010
   690.244081634955       1.739284233673072E-015
   690.744918549797       6.722590497307294E-009
   1830.38873450342       2.044048628091565E-073
   1830.43554193047       9.091135990156652E-011
   1830.49733944816       4.007365849756580E-066
   1830.57938711051       8.335991811051364E-067
   1830.61772431784       3.697432579293228E-011
   1830.64278884943       4.665856804163154E-021
   1830.65625766764       7.914240055013156E-067
   1830.73191015283       1.049709191670243E-015
   1830.94141209642       4.551246448376545E-008
   1831.04883375759       4.231379217680884E-069
   1831.11017181673       6.246028612080661E-015
   1831.30424972546       8.765901301054060E-022
   1831.32396586518       2.308068708269189E-060
   1831.34751921451       4.047524076128734E-010
   1831.62751232142       3.152461117823665E-016
   1832.08528578240       1.559139271186122E-009
