                  1312
  -19.2212402275260       2.022512826833574E-067
  -19.1805457677307       8.886514554248714E-005
  -19.1738407833626       3.150044937321368E-068
  -19.1604766852672       1.790788124120656E-065
  -19.1256759557331       3.904120293405524E-065
  -19.1252516770050       2.158556528222873E-014
  -19.0999539501941       2.872844067027126E-007
  -19.0767093024959       8.766384375147505E-012
  -18.9918911806320       1.026546790785712E-009
  -18.5352644230137       2.544038035778082E-065
  -18.4884412147082       8.537635154161792E-008
  -18.4410216366006       1.261594188258122E-015
  -18.2739460336134       5.184018777179071E-069
  -18.2359901924281       7.760330025249128E-009
  -18.1576273449353       1.132976772700030E-016
  -17.5609918279720       3.849479376577857E-012
  -19.1725975846542       6.685689427499043E-066
  -19.1159537673217       2.338508547031898E-008
  -19.1007338344438       4.572687891653842E-064
  -19.0993657715943       4.764944049632396E-061
  -19.0504344883523       1.096648826098478E-010
  -19.0370904073718       5.206921068718573E-011
  -19.0046235939297       7.803347854596837E-067
  -18.9690353878520       2.406031291982324E-012
  -18.9032930908852       4.183685228093590E-013
  -18.4939927728070       1.939189875594347E-070
  -18.4556909208631       1.336659783957224E-016
  -18.3442444079461       2.359306509563849E-013
  -18.2133483341110       2.006176216039751E-066
  -18.1816444177301       1.354664100204622E-012
  -18.0769772115977       5.001130673077039E-013
  -17.4998580489831       2.452811162691826E-016
  -18.8571619139556       2.819533951035737E-063
  -18.8144314848706       2.072573646566587E-064
  -18.8088530074463       2.537717901861719E-006
  -18.7804941602708       4.813969558811253E-061
  -18.7464885860450       1.433616433292429E-008
  -18.7264706622114       1.641495625223329E-007
  -18.7019392920486       6.424050193600983E-064
  -18.6771806575634       4.044846559247080E-010
  -18.6268281604027       4.515239180714809E-011
  -18.1908086697343       1.014015450953090E-067
  -18.1294736774600       2.665676104655574E-011
  -18.0490650183326       4.609486108515391E-010
  -17.9165468804721       8.109424691260590E-066
  -17.8852348216615       1.420982678170156E-010
  -17.8003851844362       2.592411567034894E-011
  -17.2186745961458       2.148175500058929E-013
  -18.8226005740238       1.156247273809499E-063
  -18.8009969522808       1.575496251916977E-004
  -18.7889254628782       1.814011039250471E-063
  -18.7697012926838       1.357396281847812E-062
  -18.7387707261963       8.877284956633047E-063
  -18.7298839644572       1.224543892233626E-007
  -18.7065622018715       2.170774054337619E-008
  -18.7011181210127       1.680809784750828E-008
  -18.6313333260612       1.127556286393564E-011
  -18.1556551865340       6.231593205344811E-063
  -18.0952134737986       2.521226115207586E-007
  -18.0524215454243       2.780608339735269E-012
  -17.9072453284679       4.105634020783111E-066
  -17.8646523539677       9.700290132896526E-010
  -17.8037226457398       9.989862626604923E-013
  -17.2090171840514       2.022842790797408E-012
  -18.7679738970098       5.587499848348257E-066
  -18.7248795696203       7.192375245456325E-005
  -18.6752491872487       8.243929431129421E-066
  -18.6573422242477       7.294746769240127E-061
  -18.6552135073051       2.752193433645046E-010
  -18.6452132341102       3.865605939680764E-007
  -18.6296230047942       2.208775938525409E-064
  -18.5379888251267       6.154121772192935E-013
  -18.4649483108691       5.922196225702207E-009
  -18.0511492359770       2.075207436778141E-064
  -17.9817123932259       5.177157783593129E-008
  -17.9293651776398       2.890077929179110E-014
  -17.7928987448687       1.595323628596416E-066
  -17.7823018924712       1.882142391537797E-007
  -17.6292715447120       1.554275759382752E-016
  -17.0303811205487       5.356437086695828E-010
  -18.8336648272060       7.191976976177663E-033
  -18.7754968827435       4.470409580095624E-040
  -18.7645227186443       1.113369218232241E-039
  -18.7208622718245       9.949535879598835E-043
  -18.6948084059432       1.922878454580663E-042
  -18.6560975914604       9.127975417951653E-041
  -18.6535220486281       4.969581863309911E-033
  -18.5766672593012       4.141653429990459E-041
  -18.5415008749510       1.063263952191748E-045
  -18.1104348362697       1.086474800191856E-038
  -18.0637855323101       2.053931926969898E-035
  -18.0267636043107       1.727282662543551E-044
  -17.8508245588352       4.685356834007968E-039
  -17.8397302384042       4.964890275992839E-036
  -17.7245917379109       1.393015069116874E-047
  -17.1472276480878       1.504816866223383E-046
  -18.6050972527302       5.962498662952000E-068
  -18.5481154280149       6.176372307967778E-009
  -18.5290913439750       3.010478852805664E-061
  -18.5165194622508       1.818625400374258E-063
  -18.4777969455303       1.393244416920334E-012
  -18.4597256478101       5.849069329914125E-011
  -18.4113493881460       1.567732847555665E-064
  -18.3766010486159       1.310828763542523E-009
  -18.3084146949612       6.856787657763896E-012
  -17.9045180351472       8.534239340778810E-071
  -17.8750694087484       6.248299447638860E-014
  -17.7361644244987       4.521407800745662E-012
  -17.6368472596928       1.990144824238567E-070
  -17.6175465896038       5.326765798331236E-012
  -17.4797457291844       2.260838961082969E-013
  -16.9020039098463       8.438570213370900E-016
  -18.5296886427587       2.751255180555348E-068
  -18.5017257483890       8.597895694332171E-006
  -18.4821048615272       3.695156233515223E-065
  -18.4694304097524       1.364986302601724E-070
  -18.4327688263796       1.889727083948063E-066
  -18.4195461391516       3.780244173740180E-010
  -18.4166723161026       1.582807649257260E-014
  -18.3827412090160       2.711158512908021E-013
  -18.2950646330656       2.472434007928148E-008
  -17.8560440481472       2.767413223758888E-068
  -17.8092631813405       3.862052939972879E-008
  -17.7435845422008       2.021514281249474E-016
  -17.6008265723850       1.180934212447092E-069
  -17.5551912316113       9.111186308836810E-009
  -17.4774239609375       3.128759049008183E-015
  -16.8971020229211       8.984107092494910E-011
  -18.3318218038799       3.901585106151089E-037
  -18.2971231907234       2.539328087192297E-036
  -18.2679227102943       1.136547998322082E-033
  -18.2582323779695       7.396708083170186E-034
  -18.2546449554911       2.009800502634234E-036
  -18.2270370834820       3.104874834411635E-036
  -18.2215165725946       2.326337727262269E-036
  -18.1726714778788       5.327590547283072E-040
  -18.1248585860615       5.784652908012615E-042
  -17.6486561589416       3.993625840869566E-040
  -17.6446272527618       1.348185069251460E-039
  -17.5580199172467       9.130033924551970E-043
  -17.4110170208327       1.695508588239874E-039
  -17.3680688498435       2.324705011844958E-040
  -17.3040903007117       6.233393741377834E-045
  -16.7201645127860       2.974647107801166E-044
  -18.2677497350379       4.535016825022185E-067
  -18.2482174164415       1.364790255986440E-004
  -18.2182838039017       4.265990396032220E-066
  -18.2152495442938       1.439160763689083E-069
  -18.1868237212931       4.401537296618151E-067
  -18.1761216011854       1.736022262052969E-011
  -18.1685895734032       2.748556265583848E-007
  -18.1256132370162       7.354704786601008E-014
  -18.0481974466375       4.605203041302537E-014
  -17.6033560287584       7.291076005896761E-065
  -17.5487245570822       2.927720065554898E-010
  -17.5110999690636       2.565030232101309E-017
  -17.3522489185991       4.481212847827282E-070
  -17.3208538005634       2.342446093487140E-010
  -17.2264063282659       3.407039520966824E-018
  -16.6418795030890       9.215521622708965E-013
  -18.1741122339418       1.566155156017512E-035
  -18.1606944075683       1.848974796017095E-034
  -18.1556611317317       4.989433766976966E-032
  -18.1410736125225       6.135900772653546E-037
  -18.1028598863573       7.282763961423230E-038
  -18.0941469448178       2.455405900262725E-039
  -18.0914414598759       2.463163238497686E-037
  -18.0496783610609       3.258452126400381E-039
  -17.9685403495388       8.479344316687821E-041
  -17.5097738476612       1.715774020503184E-038
  -17.4771402039148       1.960855239911522E-038
  -17.4391988215114       1.745860392138542E-045
  -17.2779831312105       1.679782225544197E-037
  -17.2438141724852       2.307733765353957E-040
  -17.1500554277110       1.842072405235639E-046
  -16.5698268034739       3.358555118076082E-045
  -17.7318954905411       2.763144995813996E-065
  -17.6890174647831       1.724720248626013E-067
  -17.6597341813542       8.800422283590236E-009
  -17.6554080623390       4.469646299350167E-060
  -17.6528646313974       1.740357075546364E-009
  -17.6242437254836       9.523392629339372E-066
  -17.6156653763565       1.533039816770098E-009
  -17.5989732803981       2.763557839312358E-011
  -17.5249095697590       3.132236748587812E-011
  -17.0720614407282       5.696012273291712E-069
  -17.0448853486518       5.930818842737258E-014
  -16.9946038541391       5.641592546913690E-016
  -16.7767097192609       6.421598726610854E-067
  -16.7536080071398       5.865966630554955E-013
  -16.6952591409546       7.136648276804962E-014
  -16.0967603994846       6.316539338067782E-016
  -17.6904069587962       2.633752070077276E-067
  -17.6655062677835       4.754773627515196E-004
  -17.6174713023704       8.336252420920063E-063
  -17.6136952413945       2.641415381952890E-063
  -17.5945982046606       3.343705535920439E-011
  -17.5735950326173       3.813091389455580E-059
  -17.5730546202133       4.040221499623992E-007
  -17.5428254049613       5.870803486753671E-011
  -17.4571304313196       3.783795039220392E-009
  -16.9873082300700       2.433221741931501E-013
  -16.9849195174950       1.092100132695222E-063
  -16.9077957584450       2.183234154793110E-015
  -16.7644942821406       8.496752466961348E-066
  -16.7269927751058       3.062672582450415E-012
  -16.6365848407226       4.718886612623674E-015
  -16.0526779922912       1.228650163885503E-013
  -17.5528118941081       3.634311629127178E-064
  -17.5071730888398       8.122299008895642E-007
  -17.5049222948321       8.076659645147161E-062
  -17.4811524978973       6.064574276926381E-062
  -17.4410972174023       3.708566755610227E-011
  -17.4301056397704       2.886410563170160E-060
  -17.4240148357501       2.649996369772754E-008
  -17.4095803696512       4.038481294093343E-011
  -17.3307689233690       4.449374480530630E-012
  -16.8853203636447       2.580029534033895E-070
  -16.8266956315983       9.109066090268426E-018
  -16.7641681195594       5.483157438481253E-012
  -16.6156288149494       3.224175264297366E-065
  -16.5871863550858       3.794564271995997E-012
  -16.5060434974991       3.225823867403965E-012
  -15.9191852078371       1.394426598860229E-014
  -17.3979234870451       7.654782823713148E-036
  -17.3918849592249       1.141404027135705E-033
  -17.3702547178609       6.607164879765498E-032
  -17.3566391197169       1.558591921097471E-036
  -17.3206108406329       5.038945775290575E-035
  -17.3016164192810       6.388842453855591E-035
  -17.3009794063818       3.842910393889199E-036
  -17.2587394276081       3.220179231561679E-035
  -17.1609809458785       8.187558161331348E-039
  -16.7319439303068       7.470568502697840E-039
  -16.7041925788409       4.315246228549383E-040
  -16.6494179713529       1.573924970522381E-043
  -16.4865817823845       1.165318091199607E-038
  -16.4521215500723       2.738044484674904E-042
  -16.3445591231345       1.124649146783247E-043
  -15.7666242483051       2.341589155204857E-044
  -17.4321370955697       2.080860445703101E-035
  -17.4056270085848       3.010968707450582E-036
  -17.3701990486425       3.943834171046199E-033
  -17.3413050999734       8.218321921654796E-037
  -17.3307898519463       1.885229894675440E-037
  -17.3220665590722       8.403959750390849E-034
  -17.3027118273261       5.739623084025560E-036
  -17.2758312174317       1.251641123975427E-038
  -17.1767196668539       3.995135276528184E-040
  -16.7340652865340       2.582787314683843E-037
  -16.7244060182649       9.655050979762561E-038
  -16.6357895406005       2.239431672352989E-045
  -16.4958012892443       3.428673689114728E-040
  -16.4659345361919       4.369557729979299E-041
  -16.3521381335586       1.571760359845914E-042
  -15.7642137192042       1.728401890736040E-043
  -17.1495516912531       3.200059758474240E-067
  -17.0963069510077       1.196704704982391E-004
  -17.0738327083062       6.161767031569151E-066
  -17.0732996548442       2.199435195864866E-065
  -17.0379436495248       5.544409808219104E-006
  -17.0321474763862       5.862903591007644E-010
  -17.0221259828391       1.048374853650856E-069
  -16.9936867456548       1.932841892265316E-012
  -16.8896870179040       8.625826838411740E-009
  -16.4623191509647       1.579498489870975E-070
  -16.4184835610044       1.445259786410705E-012
  -16.3513293807849       1.846628288182293E-018
  -16.1933726448747       3.735798612777118E-072
  -16.1889425967682       6.253733244963436E-011
  -16.0653997412889       3.480365084024016E-020
  -15.4792739707730       7.328202825349679E-013
  -16.8788381744646       3.158295980693085E-066
  -16.8540384446567       3.704056254692198E-006
  -16.8349723295574       9.867730493276412E-063
  -16.8261238061577       1.327367908360786E-062
  -16.7947285751578       2.578490208274198E-065
  -16.7720147108870       8.772016720621229E-008
  -16.7665918955504       2.117349871208528E-008
  -16.7481178111606       5.959788781723487E-011
  -16.6672806240636       8.438131005466962E-009
  -16.2128348933271       3.326032869083666E-065
  -16.1542478153640       9.246068928471741E-008
  -16.1091818372896       5.940025599331943E-015
  -15.9581658973214       3.215829654246255E-067
  -15.9157666605675       6.683195016617263E-010
  -15.8438500283495       9.793291927221465E-015
  -15.2557707105181       1.174127349054790E-013
  -16.7588167672388       2.343865935056939E-064
  -16.7028675454750       2.168926316084396E-009
  -16.6908830196897       1.466868288987924E-061
  -16.6695030992565       1.478797758454072E-063
  -16.6364404500313       9.961362359150955E-009
  -16.6264214222793       1.290803144083566E-009
  -16.5819877316446       3.011963949341224E-068
  -16.5730155253155       2.486816429410407E-009
  -16.4748016175809       8.874860512896878E-014
  -16.0548969310935       1.613191647710100E-066
  -16.0272743692493       5.042006493382896E-012
  -15.9025145074314       5.177925238309499E-011
  -15.7958738722913       2.969006488028173E-011
  -15.7915125991329       3.815112407136066E-067
  -15.6447282826865       1.166906429631838E-011
  -15.0585584193615       3.148121748366151E-014
  -16.5841220106864       6.920929556875929E-069
  -16.5556444881021       1.327065393260941E-004
  -16.5224370760718       1.504655314488987E-064
  -16.4782813768233       3.209990153955085E-061
  -16.4779688962786       3.178051595889900E-006
  -16.4629030707713       9.076295346349211E-011
  -16.4466753142907       1.290864228732116E-066
  -16.3937623728074       7.702342316774743E-013
  -16.2718564388112       4.211404575457489E-008
  -15.8421487726916       1.787126096500057E-067
  -15.7980486886367       5.951316302722967E-008
  -15.7113649986753       2.950934420972203E-014
  -15.6206383256334       5.289318869714357E-007
  -15.6071260887463       7.484702247817119E-068
  -15.4302022572399       4.457951322904249E-015
  -14.8247282394751       4.558163463050212E-009
  -16.1125618719167       5.896284400969031E-033
  -16.0899856508605       3.243951903656802E-041
  -16.0243681994897       2.746585113833048E-040
  -15.9332463304006       1.110782358471463E-037
  -15.9287225816433       1.474414549633715E-037
  -15.9123249096567       8.904777601350511E-033
  -15.8739920014267       4.359644457306266E-043
  -15.8124730951944       2.807750027831045E-040
  -15.7394124232126       1.654933471098559E-044
  -15.3372037214564       6.440057978397140E-040
  -15.3294312318026       2.028180318934297E-036
  -15.2321590690695       6.764605658523110E-044
  -15.1139803899458       1.449097746544708E-034
  -15.0991510290454       9.852862719873545E-042
  -14.9418329035678       3.285875975561289E-044
  -14.3855574978482       3.439095787084682E-043
  -15.3034510456998       2.758276144423386E-062
  -15.2937694788755       3.581477218215776E-004
  -15.2353308694076       9.418025745846319E-062
  -15.2311794853136       9.432610418396559E-062
  -15.2093996105899       5.003772467232584E-010
  -15.1980187604673       2.040101545794456E-012
  -15.1853180351974       1.842008229857294E-065
  -15.0952351019668       9.346210681255780E-011
  -15.0210807907362       1.869973102280292E-009
  -14.6232515916953       3.154734072491038E-064
  -14.5560795997509       4.656864147211478E-008
  -14.5142897893429       5.481007390132558E-014
  -14.3901546522424       9.704235972851270E-066
  -14.3451092420427       1.306209141646367E-007
  -14.2266362681821       5.793195681038693E-014
  -13.6771611612057       2.673944940487298E-011
  -15.1416354187782       2.416431585081628E-036
  -15.1139231233974       1.934767636045040E-031
  -15.0750423259850       7.572058956877947E-035
  -15.0608909394276       5.972070908780774E-040
  -15.0311607208756       2.700384468994846E-036
  -15.0123432207140       7.564881511314495E-037
  -14.9556162882738       9.402818812336133E-040
  -14.9162628383736       2.340723630866623E-037
  -14.8059079529632       7.530649505342103E-041
  -14.4027716277119       4.933476967096191E-041
  -14.3694105659060       2.590387077988303E-041
  -14.2990462256332       6.698962584170367E-044
  -14.2136537623222       7.624046933239306E-037
  -14.1850721910933       7.590660833511963E-043
  -14.0105021696456       3.232567627421801E-044
  -13.4620141664033       7.570015239070875E-043
  -15.1325934958374       1.829953831249493E-063
  -15.1026192432248       2.232157456383353E-005
  -15.0769533576500       1.430361579247945E-062
  -15.0674485953508       5.860114403937243E-061
  -15.0209674427615       3.374419165453121E-008
  -14.9959081607745       6.575383217617769E-007
  -14.9848431774112       2.914801024907930E-059
  -14.9538754994880       2.417059762123563E-009
  -14.8863371754615       1.049083128029228E-011
  -14.4532408524183       2.765090387777089E-066
  -14.3904914756699       1.784604793487669E-013
  -14.3002251535198       1.350232552483571E-011
  -14.2036790986241       1.378092716500744E-065
  -14.1761373903373       1.917397585562490E-011
  -14.0684692639567       8.153898477971135E-011
  -13.4921570470791       8.591194045295286E-015
  -15.1233295599563       1.095320150300132E-035
  -15.1152284305283       4.876409801585683E-036
  -15.0235161401134       1.477360962071648E-033
  -15.0138569616482       8.579060999114934E-034
  -14.9842986852026       7.128432413980570E-036
  -14.9654183701242       7.653098772039262E-035
  -14.9596274361504       7.776791785963483E-036
  -14.9056516341847       2.797094309102663E-039
  -14.8295586190563       5.671272953299578E-039
  -14.3814770708487       3.154064511031468E-042
  -14.3772727552682       4.189294936626623E-037
  -14.2526122705952       1.109576306041055E-045
  -14.1914406520811       1.205028419341572E-040
  -14.1389262388536       5.685662746523156E-039
  -14.0158375736359       1.232354937613972E-044
  -13.4399030343400       1.491684860080773E-040
  -15.0867652194926       9.064078110794380E-004
  -15.0832541230391       2.341800512747585E-063
  -15.0024322056566       3.810233738135279E-065
  -14.9885220582590       5.757078021378087E-065
  -14.9462161899497       5.101850822632565E-008
  -14.9318007753155       1.598202375223114E-008
  -14.9264224784153       4.622535589316921E-061
  -14.8965391556211       1.094314391291923E-011
  -14.7868350338707       2.578753399088428E-007
  -14.3536416443927       4.019499172225262E-067
  -14.3408329921837       1.942352680501034E-009
  -14.2331951409788       1.624196779934692E-013
  -14.1609038083413       4.124335132729756E-067
  -14.1146629015154       1.750104689586063E-010
  -13.9794949297516       4.007997783262559E-015
  -13.4101290863199       7.470577021909786E-012
  -14.9312432650852       1.182661109631990E-066
  -14.8804381831201       3.226900225511683E-004
  -14.8311007201333       1.440542110324759E-063
  -14.8205264686287       2.926855670092603E-068
  -14.8163184700104       1.726993002086393E-005
  -14.7814190430043       2.164036146141649E-012
  -14.7692277499987       9.545272386801823E-066
  -14.7233638250857       1.892769375125654E-015
  -14.6222597100042       4.638212925059130E-009
  -14.2153885355935       2.427919624919946E-069
  -14.1540164892472       1.240146275511174E-009
  -14.0661797195295       1.798441392172700E-017
  -13.9712085380829       4.245853195628002E-011
  -13.9680506190947       9.683156184080216E-065
  -13.8120332962250       8.249488122477586E-016
  -13.2406028789677       4.513610675914994E-015
  -14.5558345068909       4.799560734386097E-065
  -14.5193407773050       2.130472469719730E-008
  -14.4979260196836       8.610413288831821E-062
  -14.4711713282315       6.609500254502393E-067
  -14.4283537175227       1.639807995646355E-010
  -14.4226264589678       4.484651812014198E-010
  -14.4005266595443       1.028075047426999E-065
  -14.3696505086201       1.846081555481163E-009
  -14.2761151291335       2.894524455575392E-012
  -13.8610548401910       1.265500708150726E-067
  -13.8244591121068       3.813708082751998E-013
  -13.7066421171033       4.135010849671852E-013
  -13.6086139869867       2.578930909807389E-068
  -13.5942426939937       4.496699394403887E-012
  -13.4523142185639       5.018501188212775E-012
  -12.8696271842753       1.709837243765796E-014
  -12.4859519386343       2.026231410339473E-069
  -12.4682550741630       1.800276415609023E-004
  -12.4428825804100       3.051492492063553E-064
  -12.3840230095707       1.800442461436554E-071
  -12.3649687922453       1.268427969184813E-006
  -12.3556501570780       1.477424784647265E-063
  -12.3445579694734       3.443430945248379E-014
  -12.3081115999491       1.566901950723150E-013
  -12.1699616712606       1.971523416135403E-007
  -11.7610698973086       3.153283146073738E-068
  -11.7220443574327       2.321803663391911E-009
  -11.6185985403383       5.620076869666854E-018
  -11.5301916252224       2.016099465254023E-068
  -11.5121324995556       1.139897929420108E-007
  -11.3461037164540       3.069715813095353E-015
  -10.7628415310020       7.703776897090608E-009
  -9.93961261089929       1.866206454508058E-036
  -9.90631033362918       1.768827818891931E-031
  -9.89008335794092       4.076927756156856E-033
  -9.82752467899191       7.745838707538361E-039
  -9.81346703548577       1.043824250362678E-036
  -9.77265480122368       2.844002819345574E-038
  -9.74075669327529       5.329176717526708E-038
  -9.69248011764491       4.074372061904701E-037
  -9.54609927269130       1.484529805445565E-040
  -9.21097965070404       2.342690727212707E-040
  -9.17031246412775       9.607734543142776E-039
  -9.06441564100535       1.171027307078436E-042
  -8.99766711701865       2.856239798216375E-036
  -8.96215620180377       7.945822833209612E-039
  -8.76541511257392       1.860807790085300E-043
  -8.22898954249226       1.203071799842111E-044
  -9.95253084220452       1.477983974465363E-003
  -9.92618704903872       1.252377879784955E-043
  -9.83369783388255       2.185578303589686E-041
  -9.83151542112455       1.087427147107109E-039
  -9.75192182767949       1.267759074722867E-006
  -9.73820639002984       3.468616041019573E-039
  -9.73802759248043       2.305298654046037E-011
  -9.69483069038385       4.089798003021433E-012
  -9.56120805836597       2.970055171680091E-007
  -9.20040424931254       6.070290065990421E-054
  -9.16010388604829       7.436145700234488E-013
  -9.05069281989250       5.936335312343676E-018
  -8.99403999086580       1.458366315067813E-049
  -8.92664082988930       1.140596007484347E-009
  -8.76736007807074       1.424236782390935E-015
  -8.21291576075890       1.728507200704706E-010
  -9.92523311518463       1.508703878873515E-019
  -9.91318053490991       1.435711901899601E-025
  -9.82813558759043       4.818300866345127E-024
  -9.80867775353616       1.204255220022926E-021
  -9.77409214951780       1.067579834777627E-021
  -9.75725661837193       2.116831981107713E-027
  -9.73544726850068       8.385034931161464E-023
  -9.69208115229307       1.029879861110102E-030
  -9.60390456953183       5.029834545622351E-023
  -9.20077887296420       3.226141559289838E-035
  -9.16389582345111       4.600479535855172E-028
  -9.05398318953551       4.001612310942798E-034
  -8.98696614875152       6.694550099553558E-033
  -8.91899341979074       1.039186103363448E-025
  -8.79178080962619       1.311697335055438E-035
  -8.21671743385327       8.917584208036113E-027
  -9.80705111779064       1.199206372876148E-053
  -9.75314575942781       2.629846555677212E-004
  -9.72444780817799       1.509890048726756E-051
  -9.70037350853176       9.676533162735443E-042
  -9.69301152068400       3.294943584404502E-005
  -9.64895566871872       1.091311287726730E-011
  -9.64022782994245       2.123415105185455E-045
  -9.62718833640710       1.238554546695534E-012
  -9.50077727644425       1.780621608207842E-009
  -9.10318404033686       3.602328311651277E-059
  -9.05811598648819       1.864324097111256E-011
  -8.95401971891543       1.545736605926518E-020
  -8.85073520486120       7.498799648040855E-009
  -8.84456493924629       4.554814643014410E-054
  -8.69189113228602       2.809716821908951E-018
  -8.12252443850729       2.765858446279961E-013
  -9.79738156679983       1.837900977317662E-069
  -9.74403451822754       7.496229204641453E-007
  -9.71750864253075       1.608038372966895E-066
  -9.69858976739973       2.344335930038423E-065
  -9.68344838903256       4.998865169959434E-008
  -9.63917010231844       7.359600689305459E-009
  -9.63260308460347       3.414276906672639E-065
  -9.62679500679204       2.559936105193267E-011
  -9.50319810199153       7.365978254094681E-021
  -9.09608142209741       1.931610109299485E-072
  -9.05133648024756       1.367019676966007E-014
  -8.94813717126762       2.056918947607628E-015
  -8.84228583856142       2.532493884393094E-012
  -8.83748809144279       2.189899380870084E-069
  -8.69036240617868       8.035878705472647E-014
  -8.11710999539160       2.393077516105059E-015
  -8.63674913756025       1.551522392013517E-039
  -8.60524569947434       1.097808635257331E-035
  -8.49662979583112       3.465208343168804E-040
  -8.47946879079247       1.488593873140622E-032
  -8.39798550463929       8.221125784213450E-038
  -8.38195704373218       3.809635683427772E-038
  -8.36098402269963       4.047778621681812E-040
  -8.32276102712321       7.028490692835536E-042
  -8.16889246613401       2.700056242669420E-043
  -7.85102888217078       3.421545163240902E-037
  -7.80542338484070       1.226668127161079E-039
  -7.67977176395286       2.555853680254907E-041
  -7.64390604477968       4.913122357256208E-034
  -7.56913629374202       1.975187881150435E-041
  -7.38283987796366       1.848177805750274E-043
  -6.83734513302483       1.533587091460819E-041
  -8.25653238209744       6.677783146539742E-067
  -8.20882151732223       2.965745584296397E-005
  -8.15673059552824       6.194122494058675E-067
  -8.14144661361506       2.249256869444132E-006
  -8.10785013513151       2.070558493885975E-064
  -8.08817762679256       4.510910879373175E-014
  -8.06060444987822       2.404081079787722E-068
  -7.98710980835284       2.380952600691710E-013
  -7.84943613716621       8.818049556032736E-010
  -7.53282312767445       7.652793337247610E-067
  -7.47221878642579       2.512759377997430E-008
  -7.36100849216326       2.589543204961033E-017
  -7.27932076255212       7.446252199712680E-066
  -7.26968120021356       5.955831192715982E-008
  -7.06959843330367       4.481178162429864E-021
  -6.53463054957577       1.328058420737474E-010
  -7.88515500703982       1.552049700105671E-068
  -7.85889953337285       8.741240483571233E-013
  -7.81723047959884       3.126845704251481E-061
  -7.80940968670656       3.491643561514330E-064
  -7.74768127573128       1.081327667475659E-012
  -7.72551354056066       2.673595037745002E-010
  -7.72472867308808       2.028375706038824E-065
  -7.66598130980631       5.547089029482317E-010
  -7.59837174853283       1.454663675851375E-012
  -7.19084234436655       3.484718696101147E-067
  -7.13823767351110       1.028176696936029E-012
  -7.01961094733096       2.861902282799214E-012
  -6.93654338423016       1.458637369008572E-066
  -6.89885798503679       3.668972086612118E-011
  -6.76833566855094       1.031122224929913E-010
  -6.18035604429824       8.754180750380251E-013
  -4.64836922530827       6.893367651497638E-070
  -4.62916408003802       2.066670711228666E-004
  -4.59727969995044       7.152303877422688E-064
  -4.53297482026959       4.827293363858237E-068
  -4.51068535880597       2.602540054034345E-006
  -4.49828698622597       3.956625352211482E-065
  -4.48833445520989       7.474053830127265E-015
  -4.44437832693307       6.760599185969216E-014
  -4.29443362869377       2.752220611884952E-007
  -3.92382383809985       1.585007881644618E-068
  -3.88100599678363       5.896114366297935E-010
  -3.76314335718200       2.032701670051463E-018
  -3.68641377800787       6.524719380748221E-067
  -3.66271259659811       2.349846508591555E-007
  -3.48185101314512       7.226753826670731E-015
  -2.90931829649336       2.293561888701863E-008
  0.365242210947788       1.342991757087729E-037
  0.394591529152709       1.548225868654145E-033
  0.411690775123066       1.704581836908864E-031
  0.512314696913702       5.412936280458301E-037
  0.512697194991649       3.319047651513568E-036
  0.574132127009598       9.329871400935947E-038
  0.584052155662480       3.631595200508305E-038
  0.644985177527388       7.390472890244695E-037
  0.828499930497049       3.209890277583077E-040
   1.09319725677468       3.462310074433557E-040
   1.14364199704958       1.600664493583370E-038
   1.28771071706724       8.282198249146681E-043
   1.33007261700743       4.109324299117659E-036
   1.37199819255000       7.509434840877451E-039
   1.59892772146617       5.211503864557808E-044
   2.12692318158044       2.822395757432784E-042
  0.377565374701966       5.503951768257468E-021
  0.405197163821470       2.005391022717907E-026
  0.482509085018108       1.883362955985461E-025
  0.516425642882940       4.014273900510558E-024
  0.536073674002047       3.558607762166377E-023
  0.586703397082896       5.346024558110673E-027
  0.609049025653231       6.679657973780284E-025
  0.648620849621704       3.006523933261821E-028
  0.752093185806089       3.947280951381323E-024
   1.10234044912539       3.249440665266844E-036
   1.16937867402653       5.427822789302847E-031
   1.27849178338031       3.022278943813712E-036
   1.33919835098606       2.037164690957033E-033
   1.42192147747954       1.037433217216397E-027
   1.56394627342990       5.998539080950311E-036
   2.13883300309291       4.223837302918090E-030
  0.345119975738623       1.234629312130643E-003
  0.390653417280980       6.482238626934449E-050
  0.463692378276882       3.763908420475560E-049
  0.503358398658403       1.812714762342218E-041
  0.575838806924494       2.010034560350266E-040
  0.588858773154431       3.036941412833751E-006
  0.608063217934014       1.839983395229986E-012
  0.661472758576998       2.837987589107487E-012
  0.813158062398085       2.953400049030841E-007
   1.09955419780283       2.628884752559012E-054
   1.17145952247503       1.120245856173975E-013
   1.29766254604664       1.417124353934745E-018
   1.32963243414244       8.764484873921081E-053
   1.41550885403877       2.089366472693314E-009
   1.59921848671616       1.582930444988200E-015
   2.14603263983127       1.898608344921887E-010
  0.502687507874768       1.974063057408933E-051
  0.560183896427748       2.014240739571566E-004
  0.576912323564635       6.874323539247927E-050
  0.622862717395442       3.014578857577514E-005
  0.626076669009887       5.864345054016369E-038
  0.668233850132605       3.049050411922156E-013
  0.680912108790722       1.493369191184900E-041
  0.687203102528805       8.294508136590687E-012
  0.841765329524630       2.084744557654956E-008
   1.21125137771829       2.873785985863272E-058
   1.24148169302108       4.740053802655745E-014
   1.36666838980184       6.155772878724105E-023
   1.46993469662816       8.832456569450027E-009
   1.48059313390370       7.797935527468634E-053
   1.65084332569914       2.912541231104321E-017
   2.21991783369063       1.228028594328181E-013
  0.523575512342177       3.156336846225443E-064
  0.580839073290164       4.169946738170850E-007
  0.597283793898672       9.953422636606399E-062
  0.643275764768497       5.958004505550845E-061
  0.643713171947219       2.889884647335102E-008
  0.688137840712418       1.068645429706223E-010
  0.699311579233630       1.596765052126068E-060
  0.704043697780996       1.024384061718456E-008
  0.855890123071045       6.648148917983978E-012
   1.23074307794598       2.114779883750901E-072
   1.26133271717264       1.843192026004246E-016
   1.38452073805447       2.229448623914827E-015
   1.49035938307830       6.044910466266396E-013
   1.49996943677504       1.024529581877730E-066
   1.66706415163380       1.375896488538222E-013
   2.23816033962397       9.582984572705317E-016
   9.20926462920076       5.094880941291698E-040
   9.26725066673621       2.230562056807329E-034
   9.34905420793817       1.643740835016978E-032
   9.39727934389079       5.339307681482461E-041
   9.47939790344021       7.932838027113424E-039
   9.49864607631736       4.686096703436210E-040
   9.51993053491735       1.305535737182226E-039
   9.58736450242234       1.784203918835542E-041
   9.75742635205305       3.327818020107873E-043
   10.0029226531125       2.889938319016473E-037
   10.0909666548951       1.397855225871662E-038
   10.2242610759700       8.750871701665828E-034
   10.2344301914258       1.538054218757268E-042
   10.3310507073911       6.365304477221280E-040
   10.5388334123369       2.731629875231659E-043
   11.0798541903892       1.951008502452335E-040
   9.53777580543169       4.037847205142077E-065
   9.58541420972574       4.041845199703122E-005
   9.60890926383570       2.341338185926552E-063
   9.65642720892167       2.790364295294327E-006
   9.70374386943660       5.510754889110778E-062
   9.73203866161604       8.669073539932674E-017
   9.75949233045625       7.726141824654007E-067
   9.80376815307007       3.155253887347186E-013
   9.99625422216393       6.571194693989270E-009
   10.2709982380881       4.787399646049193E-066
   10.3150094045550       1.174979112769906E-009
   10.4680861423918       7.137883392270256E-020
   10.5324142055917       1.419882339275975E-063
   10.5366438473846       1.394514882393838E-007
   10.7693343641393       1.735131309823829E-016
   11.2969184955867       1.366827727229697E-009
   9.84848848735921       4.396125250400096E-070
   9.87544201747456       1.604708176768310E-009
   9.92560939521986       7.406691672208110E-061
   9.94422021020341       9.204781275986089E-068
   10.0002152709980       3.490938942545408E-063
   10.0094562029708       2.883428843927160E-014
   10.0283120934620       7.942657662054729E-011
   10.0697345497224       2.708545005316925E-009
   10.1719373640093       2.115511558401455E-011
   10.5573122608133       2.816747774613058E-068
   10.6164883550454       4.331874503274838E-013
   10.7307568377358       7.780877962196236E-013
   10.8171183494422       9.334954263860370E-068
   10.8585087161478       7.765799723397696E-011
   11.0029627355533       2.688234080696846E-010
   11.5979644443877       3.803283213677170E-012
   11.0591415178694       6.519938906753912E-070
   11.0835297026515       1.739429065935377E-004
   11.1210815031679       6.521663718498047E-065
   11.1969841670587       9.821016171047290E-065
   11.2157532711279       1.653991366710509E-006
   11.2407944615363       9.723435639661808E-071
   11.2451777429418       1.179402215249451E-016
   11.2984978810720       1.978774411079126E-015
   11.4701844294211       2.436001834471497E-007
   11.7961336331596       8.237541211836049E-068
   11.8425268868257       4.565851569249784E-010
   11.9830525513932       5.415050632072862E-019
   12.0417261326981       2.110845496348807E-065
   12.0634624024743       7.381952346255416E-007
   12.2754495572870       1.696266292164768E-014
   12.8423097658266       6.297112889050310E-008
   22.8991702472718       5.887723668599400E-037
   22.9123758552508       5.819321250916076E-036
   22.9550344182233       1.053553364244643E-031
   23.0691160385902       2.062046658628253E-035
   23.0731539224290       1.625029161085448E-038
   23.1344074365462       6.119090400154317E-039
   23.1419155737133       9.367989611594426E-036
   23.2103875221104       2.178280108378104E-035
   23.4220228910290       1.607478955122111E-039
   23.6336354652834       2.238362453251638E-040
   23.6955428344667       2.496996096352302E-038
   23.8702775742281       1.589545664169477E-043
   23.8904901716092       3.279085978837673E-036
   23.9406240294194       2.244099688550996E-039
   24.1916503832411       2.914963498234897E-043
   24.7193942078358       1.363635935336011E-040
   22.9118310331598       5.182179044834225E-022
   22.9443751918789       1.706616531125497E-037
   23.0215684227110       6.325739336646231E-035
   23.0634052639894       9.390945237350709E-038
   23.0893937843247       2.616724139587964E-035
   23.1541027035241       2.462353421075398E-030
   23.1736938167718       1.784383099586715E-024
   23.2197120482888       2.100876379847970E-032
   23.3428951896753       6.186775987331106E-025
   23.6445354718772       2.074552191559450E-046
   23.7353042671145       6.369372964063082E-034
   23.8523184461321       4.562695777172304E-039
   23.9008387672147       4.291414133466050E-040
   23.9946357879622       2.809231044923877E-028
   24.1567406474751       1.609835562859028E-035
   24.7335507900263       6.568769629186310E-030
   22.8801662785955       6.424425118542951E-004
   22.9284343523427       4.401069131725345E-051
   22.9944321556861       5.395345715452992E-051
   23.0660529349766       1.445019342628832E-043
   23.1231549811830       7.415861734201405E-042
   23.1488464963923       2.614936432254758E-006
   23.1752646369338       2.310003817985595E-014
   23.2398050248007       7.688803127351771E-013
   23.4124943717413       1.377234751317623E-007
   23.6401115652163       1.619281734822713E-056
   23.7339516221457       6.665279802377946E-016
   23.8810799174687       5.072817492650601E-020
   23.8909274790113       1.340029527438507E-054
   23.9876266488782       1.811094625269435E-009
   24.1970395810544       6.316338213503650E-016
   24.7420741413355       8.049864147494829E-011
   23.0362076228816       1.819000798851269E-051
   23.0980183787074       5.449105557501786E-005
   23.1119371151177       3.466553766503579E-050
   23.1730144002337       3.970578191431168E-006
   23.1762946553963       2.302719545316319E-039
   23.2117779120899       1.944299950746476E-016
   23.2313335638126       2.266713543182996E-041
   23.2504596176824       3.123690454922275E-012
   23.4211106482406       5.014686964476232E-008
   23.7593250215154       8.038197200505788E-063
   23.7871553377419       1.970286802497678E-013
   23.9306270863866       8.625011186534233E-022
   24.0331755368435       5.553903396928915E-009
   24.0383010111702       6.092225749992547E-051
   24.2336156403199       7.343112237937820E-017
   24.8060995940992       2.071932387222802E-012
   23.0706831932179       1.549994379864979E-067
   23.1328768541009       8.732786652709746E-008
   23.1462792376908       2.590018391162838E-064
   23.2064120605755       2.433898207583611E-009
   23.2115629493242       7.189892182516958E-066
   23.2462485932009       8.347679219641158E-013
   23.2665900837935       4.063932887310841E-064
   23.2846917129066       8.228376333807684E-009
   23.4562941761898       9.157735343261839E-012
   23.7943127160427       6.960938393460779E-075
   23.8214132454597       1.817746472963329E-017
   23.9654660315394       4.798969044313921E-016
   24.0673174331004       6.056722931093968E-015
   24.0732816635648       4.687768215597170E-066
   24.2683953443480       6.105123823922317E-013
   24.8403604744388       1.168072046202971E-014
   40.1296311817813       2.541304822966454E-073
   40.1502872814206       8.120674010547176E-005
   40.2031339651200       1.705024683852233E-062
   40.2697959348771       1.192153501477086E-066
   40.3128348943959       1.871117670597264E-006
   40.3231445193105       6.304987342654065E-063
   40.3352260702212       1.397739039030826E-016
   40.3999222736317       1.672833573276804E-015
   40.5703665918050       1.607008710813856E-007
   40.8566432799258       5.388384452918829E-069
   40.9193826939577       2.221554524039670E-011
   41.0624409044748       2.022037418527165E-019
   41.1140985055553       1.999471563786334E-065
   41.1599691783963       1.973144763937567E-007
   41.3642876153314       1.204971704916844E-014
   41.9178166350034       7.157638245674881E-008
   51.0083230265305       2.056253563116925E-039
   51.0585886497244       3.261700740943720E-035
   51.1333721052389       1.286360944219559E-032
   51.2101772033984       4.674309463753533E-041
   51.2703100272207       2.331810023543870E-040
   51.3075068013727       1.147933173419459E-036
   51.3316898919573       4.605531513981265E-037
   51.4073091783860       1.591029986501774E-038
   51.5911686003680       2.995109319378234E-042
   51.7913192407614       1.324639948313222E-038
   51.9006689263372       3.989290301019314E-038
   52.0337163479544       6.880414205841228E-034
   52.0592191098632       3.482456917851809E-039
   52.1444646485414       3.052535541747060E-039
   52.3701216313914       9.381894982629873E-043
   52.9090318925968       1.319085803437607E-042
   51.3024275689906       3.999952189026853E-067
   51.3624899064003       4.211638430744950E-005
   51.3778729631640       5.989648109690477E-063
   51.4435280031582       8.988502191203005E-007
   51.4972405964515       3.027057429234489E-065
   51.5247808816728       8.085091501568046E-017
   51.5619939817714       5.059797614081807E-068
   51.5929069505860       1.286124139978702E-013
   51.8242292946011       2.849826943446593E-010
   52.0658304735086       1.481819252563394E-067
   52.0971837786748       1.628695074011986E-012
   52.2899669837036       1.270904472375762E-017
   52.3268992899342       6.926471587532673E-007
   52.3331849886838       5.626488239468338E-061
   52.6000925381414       4.547116737363177E-015
   53.1330606843024       2.447387013947678E-009
   51.5633904509872       5.252248710932928E-071
   51.5927605059562       3.300161930502490E-009
   51.6507800369166       6.464236285978528E-063
   51.6784911666099       3.024738104137607E-066
   51.7329623085272       1.060698092256733E-063
   51.7491679934992       9.880616485306096E-012
   51.7641655949970       1.287673464095581E-010
   51.8122144739117       3.942199172976533E-009
   51.9439920126415       1.106496645086822E-011
   52.2869065660095       2.173373233068681E-068
   52.3539609086953       3.108281390405676E-014
   52.4759577353683       3.227256850175794E-014
   52.5534733177077       1.852819431074944E-066
   52.5989487611795       1.278246926817268E-010
   52.7684344457951       2.407082937729381E-010
   53.3575100810214       4.784597792881534E-012
   74.2595879742748       1.838042600149604E-038
   74.2645929811999       9.674918413342152E-037
   74.3280588089623       2.368899178723636E-032
   74.4448233312601       2.276727880811601E-041
   74.4512946200037       1.010645913052974E-037
   74.5067001165615       6.353631616457507E-041
   74.5196946772111       2.092835617746433E-037
   74.5936095593140       2.704988133154887E-037
   74.8169839837180       7.005136023213594E-041
   75.0013803459646       6.151174578727282E-042
   75.0724909418867       9.885596771227199E-038
   75.2636682854186       2.440559336219883E-042
   75.2713400996328       7.526279546436873E-037
   75.3268498190103       3.994983650601207E-040
   75.5896478291491       2.005737096215441E-044
   76.1209660618527       6.228102046220996E-042
   74.2770029011871       1.511868574255822E-038
   74.2992182412551       2.883117450178137E-040
   74.3837933036831       1.745888891369248E-036
   74.4280434780767       8.712163331770911E-038
   74.4746314380785       9.565699646038610E-037
   74.5319257169917       2.606842839045330E-036
   74.5447350606298       2.876316257389981E-036
   74.6054859918891       8.741269242453626E-039
   74.7507406635312       8.923243760978691E-041
   75.0130441544311       6.790981161428673E-046
   75.1150867244882       1.947869801228051E-038
   75.2455226813512       8.108244582499512E-043
   75.2822078380713       3.763484378272119E-040
   75.3763162762386       1.915075178129842E-040
   75.5616371756639       1.024972168438119E-041
   76.1356502293312       6.388342788021587E-041
   74.2498347397786       1.431093575393265E-004
   74.2814764598763       9.588666304980605E-054
   74.3571686973443       8.099827842457238E-052
   74.4400778982362       1.061229990392475E-045
   74.4966027339362       8.148527003909516E-044
   74.5199779573495       6.802109829763697E-007
   74.5492077670664       2.375188973641510E-016
   74.6241532767602       1.317823180205587E-013
   74.8125203305684       2.827319073159289E-008
   75.0071292021362       2.768351484058272E-060
   75.1103456466205       1.433140987750956E-015
   75.2726188400729       4.993534052388055E-057
   75.2739509535234       2.962223919169516E-021
   75.3686853061325       5.949431910687420E-010
   75.5970937059512       1.325545471782808E-016
   76.1422448867449       1.557513391847561E-011
   74.3818192626565       2.161347124353846E-055
   74.4443473313998       4.443784381814335E-006
   74.4667889765855       1.171020960638163E-051
   74.5362996313915       4.963548467168115E-045
   74.5444140308164       4.235400516206329E-008
   74.5754393109628       2.377950530630940E-019
   74.5978716327046       2.538384699052672E-043
   74.6358947042825       4.411124148500886E-013
   74.8188480276086       2.616572160951837E-008
   75.1213774530235       6.622961093683481E-062
   75.1566362253004       2.320816481511219E-015
   75.3142061283516       3.388672701256647E-023
   75.4047294829124       4.269282269598754E-052
   75.4119274842015       1.405024756244590E-009
   75.6294278240675       3.953481728812482E-017
   76.2007519650280       1.852820421193380E-012
   74.4180942430260       1.366258550460503E-069
   74.4818949223735       9.284363912540646E-009
   74.5026761631678       8.632211847180011E-065
   74.5754306338027       1.903866417466718E-063
   74.5784646994306       1.557309174724084E-012
   74.6127981591095       1.816437246748496E-014
   74.6372348320342       3.834125155074725E-061
   74.6731476115831       2.153669992023095E-009
   74.8595110724682       2.465614630147973E-012
   75.1591152230275       4.990153412585072E-075
   75.1927085054864       9.455076718310822E-020
   75.3529457214405       1.480779378665996E-017
   75.4425336074240       6.762513485140048E-067
   75.4477517358158       1.326196639878238E-014
   75.6684814183959       3.312951880423508E-013
   76.2379903045486       8.138287639433315E-015
   92.4997919180312       8.709879423264592E-072
   92.5249673254539       3.044701830899564E-005
   92.5835324936720       2.961121338570721E-063
   92.6526831712749       7.835437107607855E-065
   92.7000501335764       5.551122125295023E-007
   92.7144140100375       1.711052649875471E-063
   92.7234727522540       1.134567799420603E-017
   92.7963650803303       1.102776213897499E-014
   92.9782618736128       6.868310170931241E-008
   93.2338098717422       3.242753465910625E-068
   93.3020155730219       1.082120691227727E-011
   93.4578242453678       8.159789930127606E-020
   93.4995436881904       4.811595374103416E-064
   93.5479600112229       1.673262791840946E-007
   93.7677780261331       9.294257335156897E-015
   94.3175275444459       6.006127225473211E-008
   150.855767354092       6.606890362476836E-039
   150.878173683348       1.006255549158593E-036
   150.964918514457       3.296110285143304E-033
   151.044622355390       5.002554056017937E-042
   151.108630847550       3.976601285073135E-039
   151.132644684179       2.308425549830577E-037
   151.158141394872       6.009868381624633E-038
   151.240007950740       2.735742407187175E-039
   151.434153820904       4.230642393902620E-042
   151.605993708580       1.996050713558757E-038
   151.714898877594       1.015294255737031E-037
   151.865139460224       2.232389993545061E-034
   151.885284064113       1.642121114111945E-039
   151.959718012759       2.444991287132218E-038
   152.200704104193       1.288563120030559E-043
   152.728581703513       1.707326383274217E-042
   151.093687000186       1.063583304064254E-067
   151.154762187869       5.981444032509310E-006
   151.181466248799       6.780409196344385E-063
   151.265695459717       7.361433503001980E-008
   151.292964201751       1.008724340986815E-061
   151.333405490227       8.768633128608740E-017
   151.364288513005       4.956018908225810E-069
   151.409073008469       1.759663077473357E-014
   151.641206875240       1.556080780534160E-010
   151.849611505887       4.680089857412898E-067
   151.889411871970       1.563460979754113E-011
   152.090180324714       5.809131734794825E-020
   152.121557102556       3.836315296095079E-061
   152.129637065574       2.137348199830633E-007
   152.405349402833       3.276554145313307E-015
   152.928517185197       1.133216628764411E-009
   151.319774959902       6.713983707988396E-069
   151.352884853452       8.338234577647781E-010
   151.415573543350       1.863867819895366E-060
   151.455397574904       1.084885811328966E-067
   151.520122772487       1.956664926999923E-064
   151.529194104886       9.826223982069525E-012
   151.535584704735       3.935592490200712E-011
   151.603686113039       9.679406408467501E-010
   151.761634862325       4.559041969611552E-012
   152.044322441386       1.521502638971358E-068
   152.115364760744       8.789366564959813E-015
   152.255015844777       1.021699429747223E-014
   152.315392340937       1.041511771088208E-063
   152.360882264081       4.112141828101746E-011
   152.561808706367       6.547689035273185E-011
   153.126374629631       1.776836531520095E-012
   189.894468556611       7.049924790282037E-074
   189.922852048508       7.345349878904082E-006
   189.986263161607       1.192659768151586E-065
   190.057466505903       5.500541994255786E-070
   190.108343175636       8.931408435261370E-008
   190.125482230817       1.380588233148802E-067
   190.132300529339       3.927779776337830E-019
   190.211486911839       1.028953020317905E-014
   190.402087209317       1.934951740377891E-008
   190.628161337149       1.881852255171099E-070
   190.700479589997       2.905559403868651E-012
   190.866466496428       2.123912632185730E-020
   190.899733972870       1.910855715495919E-065
   190.949568506495       8.351407407917824E-008
   191.182356118316       4.272467895025581E-015
   191.723870400405       2.712859081129694E-008
   193.427278610662       4.819313794724363E-044
   193.447718050582       4.681160349912919E-037
   193.514597360906       1.956004428996894E-033
   193.619752438714       5.181914734555723E-044
   193.641560369296       4.125123262467781E-037
   193.688334630401       4.887466540465507E-042
   193.697327109315       3.578023315264228E-040
   193.778300736628       6.302151028994915E-040
   194.001181627387       2.305336493641465E-040
   194.168993344698       3.982819143424397E-043
   194.243864131326       4.899610932102580E-038
   194.439756393241       1.003997672944975E-043
   194.444725413815       1.237261459294617E-037
   194.498834858043       2.162044046855617E-040
   194.765511846338       1.491922969927773E-044
   195.290198542199       2.140994889595046E-042
   193.460107684909       1.483848499460446E-025
   193.462944175336       5.309690581045324E-037
   193.557005962843       1.221935909306617E-035
   193.607534287639       1.290762515572564E-031
   193.670469675447       1.584427004054825E-025
   193.709837806774       3.949030976304881E-038
   193.712123576801       1.456620902540642E-031
   193.790869827794       1.827644775828414E-034
   193.957710505411       1.895623816848164E-028
   194.181135188690       4.638480651873179E-042
   194.280819753630       1.956300994991094E-038
   194.428412178773       1.048334831511003E-040
   194.456123869975       5.309584633221444E-039
   194.537909783672       1.002835754915109E-031
   194.749305410424       4.752774955121328E-038
   195.304702159828       1.989915829736971E-032
   193.441180707498       1.175497790863765E-005
   193.447176192041       4.908141560691025E-054
   193.536656057132       3.782787538011676E-052
   193.618712969256       1.084990993088006E-047
   193.684281504344       6.833191439572212E-044
   193.691517767047       5.314011401959027E-008
   193.721040578027       1.215229090042284E-018
   193.803169136814       8.543191080438494E-015
   194.001608593520       2.024360394449178E-009
   194.175507832846       4.403241076856234E-061
   194.274582772827       1.999943861601002E-015
   194.448753543814       4.739311572463301E-057
   194.449576054374       3.918887322826287E-023
   194.530692503473       1.262441004758032E-010
   194.774004294588       1.386673301761625E-017
   195.308169248719       1.021865523439863E-012
   193.535186524872       3.146328113040083E-059
   193.593346129301       1.076577044772605E-007
   193.629768574266       3.182974706808057E-053
   193.700839294971       4.483086370209287E-050
   193.724046159990       7.174338821186406E-008
   193.749889366425       7.961100450283160E-021
   193.770163245530       1.935698322132737E-045
   193.825439330106       2.407387728536207E-014
   194.017936511455       3.393416587136669E-009
   194.274143834165       4.483879074122669E-064
   194.320580701119       3.698772446074904E-016
   194.489213793884       9.116268293430320E-023
   194.556590751774       1.220921416483962E-055
   194.576116624771       1.650794152736405E-010
   194.809690985989       5.593401583659294E-018
   195.363610576825       1.324850891081492E-013
   193.567906475936       1.511533195841785E-071
   193.627742465788       4.752001283644608E-010
   193.662140070233       1.942416721638977E-064
   193.736800545721       4.880495659446899E-069
   193.754396856378       1.147581693814075E-011
   193.783898061010       4.675771778638827E-017
   193.806383629848       3.709515526495671E-067
   193.859384612444       1.948232775783549E-010
   194.055550649006       1.791378764575723E-013
   194.308517223516       1.592878026681958E-071
   194.353048156219       2.463728795826133E-019
   194.524846430556       1.223222388453054E-020
   194.591048785969       2.138530233486047E-070
   194.608462966013       2.606815656858812E-014
   194.845593374625       4.523160245223893E-014
   195.397571845880       1.194339407707134E-017
   367.936131065049       4.189113712425573E-072
   367.969391392063       1.281530957086675E-006
   368.034017152227       2.582014227751283E-065
   368.107167710435       5.328856469011853E-066
   368.157613651919       1.176070726632797E-008
   368.179500692520       3.087673006055967E-065
   368.181873329481       3.609973465937018E-020
   368.265411282870       2.660580052469428E-015
   368.462425760915       4.034881471542120E-009
   368.660732554913       3.683058282309948E-069
   368.733000915721       4.690223303227472E-013
   368.907106283440       2.245587336421310E-021
   368.937034180961       1.939980943957079E-064
   368.984001775802       2.606181639623430E-008
   369.227914145854       1.180092244193832E-015
   369.756287247992       6.506723794547498E-009
   392.267709807701       7.769606444960055E-040
   392.276536046779       1.330033786682762E-035
   392.366120805226       3.172041043604143E-034
   392.445651251219       9.992161842085476E-040
   392.515280792437       8.832297585153525E-036
   392.517453630308       4.726628290880956E-037
   392.541658066658       1.093345136978056E-037
   392.627348404189       2.105374389726891E-038
   392.829775173825       4.711838988639705E-040
   392.971114912983       7.228918417495962E-038
   393.064405429691       1.127635242308445E-035
   393.237973540415       1.806556761933677E-034
   393.245743893432       2.385454939675148E-037
   393.303817783433       2.481135004517615E-035
   393.562756432588       2.763303381015198E-043
   394.060584073804       7.365748757266754E-040
   392.458085625579       9.339609694862777E-068
   392.514574284338       3.336615395589430E-007
   392.556769936430       1.969882493093849E-061
   392.655821498700       4.391007537023379E-057
   392.657658478850       4.082737060746136E-008
   392.707386913350       5.916369756207499E-018
   392.731080612183       3.064065164105023E-066
   392.790354377003       7.348448238187580E-016
   393.014894703377       1.655695600605606E-012
   393.179112861377       5.174639009680972E-067
   393.228992906885       4.557359232982147E-011
   393.429397947966       1.493994477601553E-019
   393.451236889710       2.016649437318815E-059
   393.468145561773       2.799977384864053E-008
   393.746410275923       7.261389872759026E-016
   394.241222830297       1.439731695824925E-010
   392.648463177585       2.648640017157897E-067
   392.687095439882       6.289169262618165E-011
   392.750696088611       7.942188653355619E-060
   392.807472163581       4.247782202570689E-061
   392.872483661778       1.217891230006661E-011
   392.879151209097       1.094754832482602E-012
   392.880061303435       1.659096245830557E-058
   392.961869160146       6.643748049028194E-011
   393.144091668405       4.237996970059618E-013
   393.350651978271       4.179663780434831E-067
   393.420005959094       1.643486933071947E-014
   393.582491058799       1.114427295852016E-014
   393.622110743881       2.979090259684298E-061
   393.659753087791       5.133333966048515E-012
   393.896276007983       6.487359134273295E-012
   394.414867660416       1.947022079011133E-013
   481.930990798157       1.243665553960470E-043
   481.964148216324       1.438374564568521E-036
   482.030334985343       6.512855506685419E-035
   482.124281251069       8.048358562682184E-043
   482.156139657924       6.989760284456387E-037
   482.198334967512       6.890197278344759E-043
   482.198509707926       1.417581389889749E-043
   482.284292717304       1.716098646099894E-039
   482.502703455735       2.623113902554598E-040
   482.644082846436       7.896089432395611E-045
   482.715979558143       1.093268639934362E-037
   482.912400856647       7.590908309548835E-042
   482.920095310409       1.510360205977703E-039
   482.963781940335       2.855652526049333E-038
   483.236059064001       9.645074012299244E-047
   483.733703164215       5.405101550964379E-042
   481.957367362236       7.852390530294177E-037
   481.976553554163       3.636708590772263E-025
   482.059246401088       2.723730556111751E-035
   482.121738156409       1.415021878839423E-029
   482.193953681085       6.228053939918004E-025
   482.200945512133       2.620736547091260E-026
   482.210899492975       1.057575844398777E-036
   482.296738239836       1.365835123258754E-033
   482.483882921672       4.495640048906906E-028
   482.656450391586       9.936666929865671E-040
   482.743137074447       3.942781261521657E-036
   482.910821101554       8.421712591257220E-039
   482.931929539935       6.288263480837383E-037
   482.990769986230       8.556648295581537E-031
   483.232548933643       2.791456139726317E-037
   483.747621666606       5.640807199427564E-032
   481.945508497560       7.257006963236919E-051
   481.963738180899       3.315426794958928E-007
   482.045533659812       1.040832661870135E-050
   482.126888201078       4.514414429834667E-047
   482.186922803441       1.307956622319176E-009
   482.199792285922       2.295687341297046E-043
   482.215655493309       1.572783109396558E-020
   482.302007967436       2.776641339373474E-016
   482.507410597060       6.303069407873073E-011
   482.650825409745       2.701540653772983E-060
   482.737080685483       6.862173993142366E-017
   482.921721935652       6.246744051554149E-024
   482.925684840672       3.362032481763304E-055
   482.984735428384       6.835981350845559E-012
   483.244888581343       5.851927940565096E-019
   483.747519758424       2.933860392020728E-014
   482.018636720399       3.795986688690813E-072
   482.071419228206       8.183067833066605E-010
   482.120672193516       1.300866928983388E-064
   482.195050750470       1.997964167779596E-064
   482.228429744074       3.969542319172383E-009
   482.252504502998       2.000659972678889E-020
   482.269496805487       5.919681510735406E-069
   482.336404756408       5.691234305241299E-016
   482.537085421477       1.543641666749408E-010
   482.729746105340       8.451457759693274E-072
   482.784938982154       1.145553464718990E-016
   482.964486363235       1.110425999589791E-022
   483.008359996462       2.690239348607612E-063
   483.032936478556       1.025183808161426E-011
   483.286081164748       5.207036838313913E-019
   483.800505556973       1.101418761726806E-014
   482.046216086155       3.115702847236929E-069
   482.100476739643       8.980118118197416E-012
   482.148038255340       1.778896810560371E-062
   482.225306843311       1.156873862288195E-063
   482.254134593576       5.764588289240996E-013
   482.281133936223       7.196986895781210E-019
   482.299908401166       4.775466156910311E-066
   482.365001586565       6.969537682235195E-012
   482.568558352493       3.577045172273463E-015
   482.758679673359       1.324995396741702E-070
   482.812269080394       3.981016597125093E-020
   482.994457975257       3.945296916148263E-021
   483.037368155881       1.603803876384041E-066
   483.060290868161       1.245929847884041E-015
   483.316210142310       3.613555293153283E-015
   483.829094344221       5.071717164868551E-017
   688.969171153579       1.592587568189660E-073
   689.007847341957       2.025305239664656E-007
   689.072109015426       1.340742725894954E-064
   689.148401242692       1.342430209548682E-066
   689.195280351587       1.127647149577445E-009
   689.219938540195       6.548202180002860E-022
   689.223524343061       3.486934300926439E-067
   689.306402959566       7.353689420431748E-016
   689.509210891313       7.466541590545782E-010
   689.670101516911       1.556141976407667E-069
   689.739348556228       8.600972587110355E-014
   689.921781242669       4.937690323290445E-022
   689.946708353680       3.346994886976944E-062
   689.985746071576       7.318742861704878E-009
   690.244081634955       2.718160824810774E-016
   690.744918549797       1.057475406644008E-009
   1830.38873450342       1.363306230814002E-072
   1830.43554193047       1.716321620169988E-008
   1830.49733944816       5.558080897369203E-066
   1830.57938711051       1.641182168642422E-067
   1830.61772431784       4.195652589510967E-011
   1830.64278884943       3.760040768719711E-022
   1830.65625766764       5.795106076935320E-068
   1830.73191015283       9.144181976215011E-017
   1830.94141209642       9.022836400958697E-011
   1831.04883375759       8.011001693552695E-069
   1831.11017181673       1.537332230269315E-014
   1831.30424972546       2.990143480860996E-023
   1831.32396586518       1.277679813981910E-059
   1831.34751921451       1.352362777140544E-009
   1831.62751232142       4.170546840269361E-017
   1832.08528578240       9.570053602554335E-011
