                  1312
  -19.2212402275260       7.384476964538560E-073
  -19.1805457677307       1.033423794120648E-008
  -19.1738407833626       2.634437739623888E-065
  -19.1604766852672       1.628729826279203E-069
  -19.1256759557331       1.555110670642032E-062
  -19.1252516770050       9.152980794610855E-013
  -19.0999539501941       1.740062448344532E-007
  -19.0767093024959       2.734719071509359E-013
  -18.9918911806320       8.444769063333721E-008
  -18.5352644230137       3.357186832673485E-065
  -18.4884412147082       4.019357713910259E-004
  -18.4410216366006       4.223143525886891E-011
  -18.2739460336134       9.201473672875214E-072
  -18.2359901924281       1.567591894621267E-008
  -18.1576273449353       4.557616739974666E-013
  -17.5609918279720       3.662185478847665E-008
  -19.1725975846542       5.323866575840200E-073
  -19.1159537673217       4.963844441924549E-014
  -19.1007338344438       6.171540604563640E-067
  -19.0993657715943       1.547506878175452E-066
  -19.0504344883523       4.123197672466948E-010
  -19.0370904073718       1.362734917747125E-012
  -19.0046235939297       7.410943089357769E-064
  -18.9690353878520       5.328506441184503E-014
  -18.9032930908852       1.059960349661018E-013
  -18.4939927728070       1.935376249529536E-069
  -18.4556909208631       5.999152068666319E-011
  -18.3442444079461       1.327208038789593E-008
  -18.2133483341110       3.045746156031690E-068
  -18.1816444177301       1.451389376483985E-012
  -18.0769772115977       3.343967401450798E-012
  -17.4998580489831       2.904270666118787E-013
  -18.8571619139556       4.805109238946417E-067
  -18.8144314848706       7.926375018950269E-066
  -18.8088530074463       3.703176149270699E-011
  -18.7804941602708       4.499119539184267E-065
  -18.7464885860450       1.028833940867868E-008
  -18.7264706622114       1.037096400338717E-009
  -18.7019392920486       1.195443229245733E-062
  -18.6771806575634       1.377046264044127E-010
  -18.6268281604027       4.746265665886168E-011
  -18.1908086697343       1.218253418149340E-065
  -18.1294736774600       4.021569722168581E-006
  -18.0490650183326       3.410512426154321E-007
  -17.9165468804721       8.713807868330431E-064
  -17.8852348216615       9.611689264911638E-010
  -17.8003851844362       6.899590950123503E-009
  -17.2186745961458       1.462747038520875E-011
  -18.8226005740238       9.961600201099599E-067
  -18.8009969522808       3.117772325275311E-008
  -18.7889254628782       3.621219395380860E-065
  -18.7697012926838       3.602714129007710E-065
  -18.7387707261963       1.393740720530286E-062
  -18.7298839644572       1.364809474211644E-007
  -18.7065622018715       1.119918256282716E-009
  -18.7011181210127       3.761304357134497E-009
  -18.6313333260612       2.565326784445070E-008
  -18.1556551865340       7.138398433490637E-061
  -18.0952134737986       8.098291989858918E-004
  -18.0524215454243       2.063402133438204E-007
  -17.9072453284679       2.816258376319125E-067
  -17.8646523539677       2.276104648696113E-009
  -17.8037226457398       4.134410307314543E-010
  -17.2090171840514       6.858198133972665E-008
  -18.7679738970098       6.857721290010053E-072
  -18.7248795696203       2.644803166193453E-008
  -18.6752491872487       2.597762725085941E-066
  -18.6573422242477       3.588740192440542E-063
  -18.6552135073051       2.982554427264050E-010
  -18.6452132341102       7.292761350646883E-007
  -18.6296230047942       2.083305133942876E-062
  -18.5379888251267       2.093762856911234E-015
  -18.4649483108691       6.325569975433476E-008
  -18.0511492359770       5.549863923802934E-064
  -17.9817123932259       7.382262207562129E-004
  -17.9293651776398       4.086760368141188E-012
  -17.7928987448687       1.301601266110752E-069
  -17.7823018924712       1.295317798829967E-005
  -17.6292715447120       1.150330433090586E-013
  -17.0303811205487       7.923963937362659E-008
  -18.8336648272060       1.159374600782061E-039
  -18.7754968827435       3.758764683729358E-045
  -18.7645227186443       2.313185379030382E-038
  -18.7208622718245       3.240163775831909E-040
  -18.6948084059432       1.715945602798070E-042
  -18.6560975914604       3.973204825676263E-042
  -18.6535220486281       7.917171371069323E-042
  -18.5766672593012       3.849398179651441E-038
  -18.5415008749510       2.362964953710937E-046
  -18.1104348362697       1.057421113776548E-033
  -18.0637855323101       2.520548602391555E-033
  -18.0267636043107       2.148613958495753E-038
  -17.8508245588352       2.968630113770106E-037
  -17.8397302384042       1.957195149080650E-034
  -17.7245917379109       2.416909922205949E-044
  -17.1472276480878       2.392844018799891E-042
  -18.6050972527302       1.337925727722122E-071
  -18.5481154280149       1.534871545885409E-015
  -18.5290913439750       3.366184699066550E-064
  -18.5165194622508       2.444689502815650E-065
  -18.4777969455303       9.323465657008762E-014
  -18.4597256478101       4.305614773865906E-014
  -18.4113493881460       2.156792161108331E-062
  -18.3766010486159       1.652326518300924E-011
  -18.3084146949612       9.492860080260290E-015
  -17.9045180351472       2.307376865815788E-066
  -17.8750694087484       7.802793626031289E-008
  -17.7361644244987       1.199901654979427E-007
  -17.6368472596928       1.376433268742924E-068
  -17.6175465896038       5.958767014621098E-011
  -17.4797457291844       1.797134556652591E-010
  -16.9020039098463       1.299947528393603E-015
  -18.5296886427587       3.188287989369274E-075
  -18.5017257483890       6.650404208407069E-010
  -18.4821048615272       4.924628993092744E-071
  -18.4694304097524       7.008855396908043E-074
  -18.4327688263796       4.861255937739849E-065
  -18.4195461391516       1.408122655168700E-010
  -18.4166723161026       6.449540877843042E-015
  -18.3827412090160       1.286105455453837E-013
  -18.2950646330656       1.444269633961945E-007
  -17.8560440481472       1.293265462427004E-070
  -17.8092631813405       2.317668560596689E-004
  -17.7435845422008       5.588423467912663E-013
  -17.6008265723850       5.725722650110550E-074
  -17.5551912316113       4.180282586949954E-009
  -17.4774239609375       6.435507697737761E-015
  -16.8971020229211       3.422430546024813E-008
  -18.3318218038799       7.965024569320997E-044
  -18.2971231907234       4.785630296940682E-041
  -18.2679227102943       2.459806068756647E-038
  -18.2582323779695       3.074125295827090E-035
  -18.2546449554911       1.150188157209854E-037
  -18.2270370834820       9.085755539040034E-037
  -18.2215165725946       2.696668895996801E-037
  -18.1726714778788       1.960696518288518E-040
  -18.1248585860615       5.514470051061023E-040
  -17.6486561589416       7.439686273544222E-039
  -17.6446272527618       2.392351528191462E-035
  -17.5580199172467       2.568487057743960E-040
  -17.4110170208327       1.203347648085075E-042
  -17.3680688498435       1.016272467805412E-039
  -17.3040903007117       5.342759992622864E-043
  -16.7201645127860       1.021780973608384E-040
  -18.2677497350379       3.086302372676226E-073
  -18.2482174164415       3.077944650095716E-009
  -18.2182838039017       4.081885091552884E-068
  -18.2152495442938       2.570271379910221E-074
  -18.1868237212931       2.468573514268952E-066
  -18.1761216011854       6.327594178384019E-012
  -18.1685895734032       4.007336265682112E-008
  -18.1256132370162       2.113737743686703E-015
  -18.0481974466375       2.690831120709157E-013
  -17.6033560287584       1.679074392439694E-061
  -17.5487245570822       1.288720421600788E-005
  -17.5110999690636       2.661840179727686E-012
  -17.3522489185991       1.209622044432919E-071
  -17.3208538005634       3.924285062241261E-008
  -17.2264063282659       4.017304665411764E-015
  -16.6418795030890       3.313119883018541E-010
  -18.1741122339418       2.268767418509457E-040
  -18.1606944075683       2.035985584990318E-036
  -18.1556611317317       1.059898412158342E-033
  -18.1410736125225       8.449094057037686E-036
  -18.1028598863573       2.893581268867344E-038
  -18.0941469448178       1.915555367474193E-038
  -18.0914414598759       1.457734248256588E-038
  -18.0496783610609       4.131742033952070E-040
  -17.9685403495388       9.514732262682041E-041
  -17.5097738476612       7.906041405571042E-037
  -17.4771402039148       1.272993996428915E-033
  -17.4391988215114       1.049429016029406E-039
  -17.2779831312105       7.537655555909228E-039
  -17.2438141724852       7.964943548234406E-039
  -17.1500554277110       2.829163550660799E-044
  -16.5698268034739       1.752608035655686E-042
  -17.7318954905411       2.598260517339779E-070
  -17.6890174647831       3.148496755489121E-066
  -17.6597341813542       3.788161144541699E-013
  -17.6554080623390       1.266429656906234E-061
  -17.6528646313974       4.592222313415244E-012
  -17.6242437254836       2.920527731339200E-066
  -17.6156653763565       1.153451963577112E-011
  -17.5989732803981       6.833272505422810E-013
  -17.5249095697590       9.835567593819353E-013
  -17.0720614407282       8.952576499491845E-070
  -17.0448853486518       4.224708036372796E-009
  -16.9946038541391       2.736236826327369E-011
  -16.7767097192609       9.067566529645401E-070
  -16.7536080071398       1.163363600484091E-013
  -16.6952591409546       1.736259492380269E-015
  -16.0967603994846       1.501893695475482E-014
  -17.6904069587962       1.418213381574396E-071
  -17.6655062677835       1.632932209896355E-010
  -17.6174713023704       6.089496459933007E-065
  -17.6136952413945       4.614190371565211E-065
  -17.5945982046606       2.749095037208208E-011
  -17.5735950326173       4.237880881418983E-060
  -17.5730546202133       1.436593803388860E-012
  -17.5428254049613       3.285829217516647E-013
  -17.4571304313196       1.750126229333054E-012
  -16.9873082300700       1.071248480006039E-004
  -16.9849195174950       1.394337219020201E-057
  -16.9077957584450       2.266109310755680E-011
  -16.7644942821406       4.426994028213537E-064
  -16.7269927751058       9.961764615898723E-011
  -16.6365848407226       1.168214400662673E-012
  -16.0526779922912       2.099381642388109E-011
  -17.5528118941081       9.288836517368043E-069
  -17.5071730888398       2.314577666311561E-012
  -17.5049222948321       1.693565381858652E-063
  -17.4811524978973       2.889077775311486E-066
  -17.4410972174023       1.051905896058355E-011
  -17.4301056397704       2.233039763564742E-059
  -17.4240148357501       3.279575672488755E-009
  -17.4095803696512       1.137513754654706E-009
  -17.3307689233690       2.805778227239632E-013
  -16.8853203636447       1.585162487129256E-068
  -16.8266956315983       1.111504212574421E-011
  -16.7641681195594       3.323967276878340E-009
  -16.6156288149494       4.354595993962519E-064
  -16.5871863550858       2.359172261757655E-011
  -16.5060434974991       3.940592306339031E-010
  -15.9191852078371       1.347329362516102E-013
  -17.3979234870451       4.712189436058302E-039
  -17.3918849592249       3.362860513719133E-040
  -17.3702547178609       5.088031516125391E-036
  -17.3566391197169       1.628518328349774E-036
  -17.3206108406329       6.986194108713542E-035
  -17.3016164192810       1.060882500525555E-036
  -17.3009794063818       3.003074015999886E-037
  -17.2587394276081       3.892566400033640E-037
  -17.1609809458785       1.690339722823428E-040
  -16.7319439303068       6.775156780292987E-036
  -16.7041925788409       2.450136203864187E-034
  -16.6494179713529       1.350538759844657E-039
  -16.4865817823845       4.228977041821933E-036
  -16.4521215500723       5.857719118546901E-041
  -16.3445591231345       7.767182042104481E-041
  -15.7666242483051       5.957906174248608E-043
  -17.4321370955697       3.466294628485315E-039
  -17.4056270085848       5.819832859883023E-041
  -17.3701990486425       8.515128497471499E-036
  -17.3413050999734       6.593108355181262E-035
  -17.3307898519463       1.302751987790856E-036
  -17.3220665590722       6.334602890317673E-034
  -17.3027118273261       4.486203686977644E-037
  -17.2758312174317       1.390451396565392E-040
  -17.1767196668539       1.338096336711992E-040
  -16.7340652865340       7.297220819060128E-033
  -16.7244060182649       2.089058380742416E-033
  -16.6357895406005       6.002646466946794E-043
  -16.4958012892443       8.766842208213719E-039
  -16.4659345361919       1.066379236343021E-039
  -16.3521381335586       2.382409991915193E-040
  -15.7642137192042       2.393030955334186E-041
  -17.1495516912531       9.351414226649318E-076
  -17.0963069510077       1.562106575128539E-009
  -17.0738327083062       2.207388997786584E-069
  -17.0732996548442       6.279150144845476E-067
  -17.0379436495248       1.876582173634319E-008
  -17.0321474763862       4.663753501019466E-012
  -17.0221259828391       1.230615936552128E-066
  -16.9936867456548       1.167736383723817E-014
  -16.8896870179040       1.733007293816134E-009
  -16.4623191509647       3.258599299005098E-069
  -16.4184835610044       1.101307506650971E-006
  -16.3513293807849       1.787313032697567E-014
  -16.1933726448747       3.485212700529449E-074
  -16.1889425967682       1.129987148404644E-008
  -16.0653997412889       3.063367887269426E-017
  -15.4792739707730       3.990664386250197E-012
  -16.8788381744646       1.527788129267878E-070
  -16.8540384446567       2.781605883010056E-010
  -16.8349723295574       4.598350232841516E-063
  -16.8261238061577       2.375213886549200E-065
  -16.7947285751578       2.192273100528687E-064
  -16.7720147108870       2.339246656738269E-008
  -16.7665918955504       4.839075004111379E-009
  -16.7481178111606       2.334485234819365E-012
  -16.6672806240636       8.971762804798444E-008
  -16.2128348933271       6.210747009916540E-065
  -16.1542478153640       6.416135204646792E-004
  -16.1091818372896       2.116949293956668E-012
  -15.9581658973214       5.849710473417224E-069
  -15.9157666605675       3.070462250577580E-010
  -15.8438500283495       1.180755758066458E-012
  -15.2557707105181       5.862558888949646E-008
  -16.7588167672388       2.150969400681454E-069
  -16.7028675454750       5.803217774004519E-014
  -16.6908830196897       8.885250793866594E-066
  -16.6695030992565       1.588670271939536E-063
  -16.6364404500313       8.355329089581966E-011
  -16.6264214222793       3.312489511960841E-010
  -16.5819877316446       8.185902551761682E-063
  -16.5730155253155       1.577204295384574E-010
  -16.4748016175809       2.470943312823425E-012
  -16.0548969310935       7.635706579814835E-065
  -16.0272743692493       4.853292236447844E-007
  -15.9025145074314       1.639412813804919E-008
  -15.7958738722913       7.755472035100481E-012
  -15.7915125991329       1.035566152329333E-067
  -15.6447282826865       2.535381039659311E-010
  -15.0585584193615       1.153741479383876E-011
  -16.5841220106864       1.648702724288489E-076
  -16.5556444881021       8.039200483395235E-008
  -16.5224370760718       2.111548877709284E-071
  -16.4782813768233       1.167001471773551E-061
  -16.4779688962786       1.400490595603670E-006
  -16.4629030707713       4.036864172412372E-011
  -16.4466753142907       5.349730791732631E-068
  -16.3937623728074       2.230434992636522E-014
  -16.2718564388112       2.600391779657144E-007
  -15.8421487726916       8.239088350186302E-070
  -15.7980486886367       3.244029475713107E-004
  -15.7113649986753       2.589693303715923E-012
  -15.6206383256334       4.431627112886745E-006
  -15.6071260887463       7.634471626937089E-072
  -15.4302022572399       4.831993563815997E-013
  -14.8247282394751       3.368175855185733E-007
  -16.1125618719167       4.725402613246066E-043
  -16.0899856508605       1.130739183980377E-046
  -16.0243681994897       6.354212136425011E-041
  -15.9332463304006       4.651910805472587E-040
  -15.9287225816433       2.251667430800859E-040
  -15.9123249096567       5.438587255931451E-042
  -15.8739920014267       3.379413237323263E-045
  -15.8124730951944       3.595442825209733E-038
  -15.7394124232126       2.882138511101458E-046
  -15.3372037214564       3.117826825655637E-035
  -15.3294312318026       3.008525000432475E-035
  -15.2321590690695       3.453777974566129E-039
  -15.1139803899458       5.933149896987967E-041
  -15.0991510290454       2.440305914457916E-040
  -14.9418329035678       2.804483896142966E-043
  -14.3855574978482       9.491606331042659E-043
  -15.3034510456998       3.956452350976974E-066
  -15.2937694788755       2.504781220573326E-008
  -15.2353308694076       1.208127384435028E-062
  -15.2311794853136       1.372909299009551E-062
  -15.2093996105899       2.118971416779866E-010
  -15.1980187604673       5.314147128240885E-015
  -15.1853180351974       1.277752282695736E-065
  -15.0952351019668       2.628164888665392E-011
  -15.0210807907362       1.310968736858471E-009
  -14.6232515916953       7.111298907112732E-063
  -14.5560795997509       1.018088216020274E-003
  -14.5142897893429       1.169500331873838E-009
  -14.3901546522424       1.434364744418819E-066
  -14.3451092420427       6.362899703363781E-006
  -14.2266362681821       1.716415307562661E-011
  -13.6771611612057       2.376134791737991E-008
  -15.1416354187782       5.649218544804719E-044
  -15.1139231233974       2.980972260865469E-035
  -15.0750423259850       1.851683704065842E-037
  -15.0608909394276       3.065205932624387E-037
  -15.0311607208756       8.601163647629120E-039
  -15.0123432207140       2.298054137518183E-040
  -14.9556162882738       6.225293372763442E-038
  -14.9162628383736       9.940556826287023E-040
  -14.8059079529632       5.059259576183241E-043
  -14.4027716277119       1.321178977532801E-036
  -14.3694105659060       4.727428580484373E-035
  -14.2990462256332       8.188166190050485E-042
  -14.2136537623222       8.897495663127478E-037
  -14.1850721910933       4.896804163801027E-041
  -14.0105021696456       8.406270528657434E-042
  -13.4620141664033       3.938234923242634E-046
  -15.1325934958374       6.785425317113876E-069
  -15.1026192432248       2.210227472704308E-011
  -15.0769533576500       1.473024712131845E-065
  -15.0674485953508       4.531129304659832E-065
  -15.0209674427615       4.698929352607742E-010
  -14.9959081607745       7.934943736845180E-009
  -14.9848431774112       1.810748863778546E-060
  -14.9538754994880       1.614756501403670E-010
  -14.8863371754615       3.695110412011057E-013
  -14.4532408524183       5.769605903623842E-063
  -14.3904914756699       2.059289472572348E-007
  -14.3002251535198       6.808095558714129E-008
  -14.2036790986241       1.108207624544358E-062
  -14.1761373903373       6.466816457592039E-010
  -14.0684692639567       4.329331211396353E-008
  -13.4921570470791       3.258831597859483E-013
  -15.1233295599563       4.364081865788568E-041
  -15.1152284305283       4.786079310316825E-041
  -15.0235161401134       1.674142501048465E-036
  -15.0138569616482       8.268149183581474E-033
  -14.9842986852026       1.811737183043308E-038
  -14.9654183701242       4.854000553976826E-037
  -14.9596274361504       1.888970810262206E-035
  -14.9056516341847       2.032665257035785E-041
  -14.8295586190563       1.591428497432221E-040
  -14.3814770708487       2.810476387997968E-037
  -14.3772727552682       8.501193820373128E-033
  -14.2526122705952       3.612144086218741E-040
  -14.1914406520811       1.424051729347886E-040
  -14.1389262388536       6.189954252001407E-037
  -14.0158375736359       4.694400754658614E-042
  -13.4399030343400       1.594188626599530E-039
  -15.0867652194926       2.312904707282400E-009
  -15.0832541230391       7.863863612890289E-070
  -15.0024322056566       3.812088559766797E-070
  -14.9885220582590       1.610449530249874E-067
  -14.9462161899497       6.081012612640889E-011
  -14.9318007753155       2.468702579202890E-011
  -14.9264224784153       7.896298075174974E-063
  -14.8965391556211       2.350886083399620E-011
  -14.7868350338707       1.462292879233657E-009
  -14.3536416443927       1.117798463148967E-064
  -14.3408329921837       1.796151766208880E-004
  -14.2331951409788       1.939738392585906E-009
  -14.1609038083413       1.563931096918288E-067
  -14.1146629015154       7.372714190062617E-009
  -13.9794949297516       6.828309718927197E-011
  -13.4101290863199       1.982959394259895E-011
  -14.9312432650852       6.833676520701967E-073
  -14.8804381831201       3.524233153026967E-011
  -14.8311007201333       8.841595339201098E-069
  -14.8205264686287       2.776987365499486E-064
  -14.8163184700104       7.002585671791016E-009
  -14.7814190430043       1.405652048164845E-015
  -14.7692277499987       3.147054237693652E-062
  -14.7233638250857       1.471474363144207E-017
  -14.6222597100042       3.781755816491488E-010
  -14.2153885355935       4.191644650727631E-067
  -14.1540164892472       1.078949698181436E-004
  -14.0661797195295       2.366063581926572E-012
  -13.9712085380829       2.662307108111341E-009
  -13.9680506190947       3.143927595331496E-063
  -13.8120332962250       2.533252717671327E-015
  -13.2406028789677       1.951275366248695E-011
  -14.5558345068909       3.129692347116043E-071
  -14.5193407773050       5.988715309905938E-014
  -14.4979260196836       7.323815852389792E-067
  -14.4711713282315       2.150144364028593E-062
  -14.4283537175227       5.175459064543880E-012
  -14.4226264589678       4.517711923993493E-011
  -14.4005266595443       1.594866351985025E-061
  -14.3696505086201       1.250139175882250E-012
  -14.2761151291335       1.407760142138368E-013
  -13.8610548401910       2.045585428226775E-067
  -13.8244591121068       8.349120009695454E-008
  -13.7066421171033       2.851151320593726E-008
  -13.6086139869867       1.241094669715776E-069
  -13.5942426939937       1.562272278384945E-012
  -13.4523142185639       6.688565031724068E-012
  -12.8696271842753       1.151816717531439E-013
  -12.4859519386343       1.400445458636300E-074
  -12.4682550741630       7.100334204199918E-009
  -12.4428825804100       6.133107319841778E-069
  -12.3840230095707       1.104517324347165E-065
  -12.3649687922453       2.329490329547719E-007
  -12.3556501570780       7.931626968096711E-062
  -12.3445579694734       1.201432868096374E-014
  -12.3081115999491       1.906854043652953E-015
  -12.1699616712606       5.200013090413071E-008
  -11.7610698973086       1.213090076408459E-068
  -11.7220443574327       2.761860961899444E-005
  -11.6185985403383       4.784205637501499E-014
  -11.5301916252224       1.516611707092662E-070
  -11.5121324995556       7.688811966705855E-007
  -11.3461037164540       6.728774822907074E-014
  -10.7628415310020       1.727770423402866E-007
  -9.93961261089929       8.219317152053201E-043
  -9.90631033362918       8.823917138665660E-034
  -9.89008335794092       3.023953488675658E-035
  -9.82752467899191       4.188859882677119E-036
  -9.81346703548577       5.066775620691940E-040
  -9.77265480122368       1.996729203128563E-040
  -9.74075669327529       1.705000551662327E-035
  -9.69248011764491       1.010482544920278E-039
  -9.54609927269130       2.756424930851103E-043
  -9.21097965070404       8.472608902579937E-036
  -9.17031246412775       5.439466844997757E-033
  -9.06441564100535       3.324855651354372E-039
  -8.99766711701865       7.261582385565208E-034
  -8.96215620180377       3.637301538412872E-037
  -8.76541511257392       2.092746074204110E-041
  -8.22898954249226       1.491900301721310E-045
  -9.95253084220452       1.799809161796196E-009
  -9.92618704903872       4.736538959053295E-047
  -9.83369783388255       4.782740029246221E-046
  -9.83151542112455       2.752360544490986E-043
  -9.75192182767949       3.117657528411741E-009
  -9.73820639002984       5.982356278398885E-041
  -9.73802759248043       1.324627305932283E-014
  -9.69483069038385       1.251027378359203E-014
  -9.56120805836597       2.991079692753533E-009
  -9.20040424931254       7.004631349169090E-050
  -9.16010388604829       4.824569801718605E-008
  -9.05069281989250       5.585257210155133E-014
  -8.99403999086580       1.260721117205548E-046
  -8.92664082988930       8.624694666232255E-009
  -8.76736007807074       3.374681520207887E-014
  -8.21291576075890       1.623239925939942E-010
  -9.92523311518463       5.540538405535004E-025
  -9.91318053490991       2.981304140847741E-032
  -9.82813558759043       1.121464947358356E-029
  -9.80867775353616       2.148181450149575E-029
  -9.77409214951780       1.332856389762583E-025
  -9.75725661837193       1.460763389156478E-030
  -9.73544726850068       3.515923021749627E-025
  -9.69208115229307       1.596932741263542E-031
  -9.60390456953183       7.725196756717194E-025
  -9.20077887296420       8.436890331374958E-032
  -9.16389582345111       1.348164070585524E-023
  -9.05398318953551       2.227263198776568E-030
  -8.98696614875152       2.041259936370887E-029
  -8.91899341979074       2.733934575281483E-024
  -8.79178080962619       4.512869506879931E-031
  -8.21671743385327       2.486123669605873E-026
  -9.80705111779064       5.158087616099652E-057
  -9.75314575942781       3.854606670254501E-010
  -9.72444780817799       2.990766178713237E-056
  -9.70037350853176       1.147358859959118E-045
  -9.69301152068400       2.837645407862449E-010
  -9.64895566871872       2.508607940692351E-014
  -9.64022782994245       1.601968882313653E-051
  -9.62718833640710       1.547689361129749E-014
  -9.50077727644425       1.428906554466695E-011
  -9.10318404033686       5.824466233260838E-057
  -9.05811598648819       2.548332733983021E-006
  -8.95401971891543       9.932314942242173E-015
  -8.85073520486120       2.394457291971667E-007
  -8.84456493924629       6.219586475502602E-052
  -8.69189113228602       4.036959970602289E-019
  -8.12252443850729       5.568619768999346E-012
  -9.79738156679983       4.735188840351726E-075
  -9.74403451822754       1.355818339682917E-012
  -9.71750864253075       1.412359541005045E-070
  -9.69858976739973       3.235240976676300E-064
  -9.68344838903256       2.250589539914568E-015
  -9.63917010231844       1.270131885167675E-012
  -9.63260308460347       1.149116346950177E-064
  -9.62679500679204       8.263887370594866E-011
  -9.50319810199153       2.281889056230739E-015
  -9.09608142209741       1.635836362560431E-072
  -9.05133648024756       2.338280101785061E-009
  -8.94813717126762       1.764606672879763E-011
  -8.84228583856142       6.329300845587538E-011
  -8.83748809144279       1.408975292819670E-068
  -8.69036240617868       1.243665091942263E-010
  -8.11710999539160       3.561234243313508E-014
  -8.63674913756025       2.151196388973219E-045
  -8.60524569947434       1.920539966347873E-043
  -8.49662979583112       8.299354790120617E-038
  -8.47946879079247       1.014810441016189E-037
  -8.39798550463929       2.743157593695544E-040
  -8.38195704373218       5.614261700216949E-039
  -8.36098402269963       6.828216882374204E-038
  -8.32276102712321       3.795678990176136E-044
  -8.16889246613401       3.685147996772797E-045
  -7.85102888217078       1.053042661609649E-035
  -7.80542338484070       4.553029749580442E-035
  -7.67977176395286       9.135066084475004E-037
  -7.64390604477968       7.416414588942766E-036
  -7.56913629374202       1.495702092774044E-040
  -7.38283987796366       5.733890071720126E-043
  -6.83734513302483       1.181450545919257E-041
  -8.25653238209744       1.523866343060562E-073
  -8.20882151732223       1.036812340871293E-009
  -8.15673059552824       3.166735498094776E-072
  -8.14144661361506       6.212723387630701E-009
  -8.10785013513151       8.194639652154004E-062
  -8.08817762679256       4.000545130154936E-016
  -8.06060444987822       8.291239266483280E-069
  -7.98710980835284       5.170853571621818E-014
  -7.84943613716621       3.020521065577053E-011
  -7.53282312767445       1.572848094668090E-066
  -7.47221878642579       6.565913834864351E-004
  -7.36100849216326       2.866628872804041E-013
  -7.27932076255212       6.087929734956681E-067
  -7.26968120021356       3.523628273675273E-005
  -7.06959843330367       1.510282977232100E-015
  -6.53463054957577       1.265967381834460E-008
  -7.88515500703982       6.200638074055479E-074
  -7.85889953337285       3.824935882624980E-018
  -7.81723047959884       1.308580165100018E-064
  -7.80940968670656       1.409913334875313E-063
  -7.74768127573128       2.069818394219651E-014
  -7.72551354056066       1.324975542764337E-012
  -7.72472867308808       5.199693493762713E-062
  -7.66598130980631       1.730476432076357E-011
  -7.59837174853283       3.416000522136754E-014
  -7.19084234436655       1.866420379229501E-069
  -7.13823767351110       4.910773007204264E-008
  -7.01961094733096       3.939719789586502E-008
  -6.93654338423016       3.790106590544462E-071
  -6.89885798503679       2.277081950176988E-010
  -6.76833566855094       4.039452631729366E-013
  -6.18035604429824       3.535789156535469E-012
  -4.64836922530827       1.409454846091150E-073
  -4.62916408003802       3.362590351557712E-009
  -4.59727969995044       5.940192515566241E-067
  -4.53297482026959       2.690564900345539E-063
  -4.51068535880597       1.021905047738249E-007
  -4.49828698622597       3.998761412126045E-063
  -4.48833445520989       7.070741101073013E-016
  -4.44437832693307       3.181721866973140E-016
  -4.29443362869377       2.247540241249448E-008
  -3.92382383809985       2.533108701273932E-068
  -3.88100599678363       1.146498146547669E-005
  -3.76314335718200       3.196399819814473E-014
  -3.68641377800787       1.302738836559976E-068
  -3.66271259659811       1.030290538492801E-006
  -3.48185101314512       6.634658830937895E-014
  -2.90931829649336       1.561336502096383E-007
  0.365242210947788       1.556837519999243E-043
  0.394591529152709       4.677151391562339E-036
  0.411690775123066       6.958673468228015E-034
  0.512314696913702       1.049258202193781E-042
  0.512697194991649       4.269968596391770E-036
  0.574132127009598       1.585150604334399E-038
  0.584052155662480       1.609706027846507E-035
  0.644985177527388       3.554054919473768E-042
  0.828499930497049       1.320535542597416E-043
   1.09319725677468       7.177285831201930E-037
   1.14364199704958       2.977394957856976E-033
   1.28771071706724       1.316797388362155E-038
   1.33007261700743       4.017424067724518E-034
   1.37199819255000       1.803580803680682E-037
   1.59892772146617       1.006450866287916E-042
   2.12692318158044       5.840120461206235E-043
  0.377565374701966       4.045316970067133E-027
  0.405197163821470       3.654282937733160E-032
  0.482509085018108       1.715630653867425E-029
  0.516425642882940       1.804327321704716E-030
  0.536073674002047       8.328319913845020E-029
  0.586703397082896       3.950749981857179E-030
  0.609049025653231       9.383944554575491E-028
  0.648620849621704       1.463604385156273E-031
  0.752093185806089       1.784386253179069E-026
   1.10234044912539       2.660182190630504E-031
   1.16937867402653       4.368874635590216E-026
   1.27849178338031       9.680958244519822E-033
   1.33919835098606       4.261956555628509E-032
   1.42192147747954       3.032790740290723E-027
   1.56394627342990       1.288686926201549E-033
   2.13883300309291       1.727995993496032E-030
  0.345119975738623       7.526245406761433E-011
  0.390653417280980       6.870282532215640E-054
  0.463692378276882       9.420510882040895E-054
  0.503358398658403       4.675109338726884E-047
  0.575838806924494       8.979337513366731E-045
  0.588858773154431       1.835740133724367E-009
  0.608063217934014       9.551921394720492E-015
  0.661472758576998       1.821097169302550E-015
  0.813158062398085       8.296552517160619E-010
   1.09955419780283       2.871146883472038E-052
   1.17145952247503       3.848076304334915E-008
   1.29766254604664       5.528328467212666E-014
   1.32963243414244       3.061289936849246E-049
   1.41550885403877       3.081504827175258E-012
   1.59921848671616       5.149379104726535E-015
   2.14603263983127       1.503834082080746E-011
  0.502687507874768       3.298593395238890E-056
  0.560183896427748       5.142996212597074E-010
  0.576912323564635       7.581207125930668E-054
  0.622862717395442       8.550228541502592E-012
  0.626076669009887       4.270406967255282E-044
  0.668233850132605       2.514853516632572E-014
  0.680912108790722       5.651167915107439E-047
  0.687203102528805       1.368981633142444E-014
  0.841765329524630       8.806607690719316E-012
   1.21125137771829       5.627975359075080E-054
   1.24148169302108       4.315969334372635E-009
   1.36666838980184       7.884387185431196E-016
   1.46993469662816       1.158751324007551E-007
   1.48059313390370       3.556103002339582E-051
   1.65084332569914       1.422365510135174E-016
   2.21991783369063       3.784492225926173E-012
  0.523575512342177       2.290731149014497E-069
  0.580839073290164       1.251186773197377E-012
  0.597283793898672       4.629691957166516E-066
  0.643275764768497       7.554937743174124E-062
  0.643713171947219       4.880629942595126E-014
  0.688137840712418       4.262361700165356E-011
  0.699311579233630       8.040687019739225E-058
  0.704043697780996       8.872130073432308E-011
  0.855890123071045       1.828612819285931E-016
   1.23074307794598       5.981706725692728E-070
   1.26133271717264       1.762642572562263E-011
   1.38452073805447       3.457672862265271E-011
   1.49035938307830       7.625468432018320E-012
   1.49996943677504       2.599329892821228E-066
   1.66706415163380       3.746707072382739E-011
   2.23816033962397       4.105353146036398E-014
   9.20926462920076       4.313915827821686E-046
   9.26725066673621       5.344746780736537E-040
   9.34905420793817       1.755951361874512E-037
   9.39727934389079       1.894136875441601E-039
   9.47939790344021       9.218268057645876E-037
   9.49864607631736       1.065895561580363E-042
   9.51993053491735       1.326073777106254E-039
   9.58736450242234       3.316470661335665E-044
   9.75742635205305       3.062944116301231E-045
   10.0029226531125       8.784241975218422E-036
   10.0909666548951       5.697772692302555E-034
   10.2242610759700       4.272108772972180E-034
   10.2344301914258       5.784037529033616E-038
   10.3310507073911       3.829737908661021E-039
   10.5388334123369       4.988408941745968E-043
   11.0798541903892       7.261010238645923E-041
   9.53777580543169       2.677079637132514E-069
   9.58541420972574       2.952203804395412E-010
   9.60890926383570       8.193633189236160E-067
   9.65642720892167       2.233529701478328E-009
   9.70374386943660       3.075056694945938E-059
   9.73203866161604       7.149085116806392E-018
   9.75949233045625       1.352044333423213E-065
   9.80376815307007       2.270953749332684E-014
   9.99625422216393       3.562863589103559E-011
   10.2709982380881       1.322381161897126E-062
   10.3150094045550       1.323579612920969E-004
   10.4680861423918       2.203779767972242E-015
   10.5324142055917       1.276917410131308E-061
   10.5366438473846       7.563824995574833E-006
   10.7693343641393       1.903248886636462E-015
   11.2969184955867       5.070451534488070E-009
   9.84848848735921       6.449137417649068E-075
   9.87544201747456       6.020760644048263E-015
   9.92560939521986       3.676393860924343E-063
   9.94422021020341       3.904320349794845E-066
   10.0002152709980       1.460280677645108E-061
   10.0094562029708       8.811989360259169E-017
   10.0283120934620       3.305111437556704E-013
   10.0697345497224       8.553104227023079E-012
   10.1719373640093       3.336557057275188E-013
   10.5573122608133       8.447496102989892E-070
   10.6164883550454       1.780497660690990E-008
   10.7307568377358       1.588663914812112E-008
   10.8171183494422       2.736643291189839E-070
   10.8585087161478       2.899048942793120E-010
   11.0029627355533       3.542627740655613E-011
   11.5979644443877       6.176763774235304E-012
   11.0591415178694       1.514652477877206E-072
   11.0835297026515       2.129741693359163E-009
   11.1210815031679       7.468989057798609E-067
   11.1969841670587       6.551386643846238E-062
   11.2157532711279       4.546837017472928E-008
   11.2407944615363       1.823365807590977E-065
   11.2451777429418       1.559831537090596E-015
   11.2984978810720       5.292130098719543E-018
   11.4701844294211       1.352185057521922E-008
   11.7961336331596       8.236433601203379E-067
   11.8425268868257       9.396577261870762E-006
   11.9830525513932       8.453056286251892E-015
   12.0417261326981       1.115687725308973E-065
   12.0634624024743       9.625032458262344E-007
   12.2754495572870       5.525427617644000E-014
   12.8423097658266       1.645438512459511E-007
   22.8991702472718       6.130397389430888E-043
   22.9123758552508       4.955914504309578E-038
   22.9550344182233       2.246073141902153E-033
   23.0691160385902       1.310563765473162E-039
   23.0731539224290       1.677163237437399E-036
   23.1344074365462       1.198923366395672E-036
   23.1419155737133       7.495922796375178E-036
   23.2103875221104       4.497883446705850E-038
   23.4220228910290       3.948903133406211E-044
   23.6336354652834       1.965918260452735E-037
   23.6955428344667       4.271918579072716E-033
   23.8702775742281       2.503541590795346E-038
   23.8904901716092       3.797263724653847E-034
   23.9406240294194       2.281578725134206E-038
   24.1916503832411       4.937940702256205E-043
   24.7193942078358       1.753171301790239E-041
   22.9118310331598       4.791028543626884E-029
   22.9443751918789       8.554143448312149E-041
   23.0215684227110       2.883253322687620E-037
   23.0634052639894       1.283156979211092E-032
   23.0893937843247       1.059900676455002E-030
   23.1541027035241       3.356450035067567E-032
   23.1736938167718       5.304446750042828E-028
   23.2197120482888       1.085471153323588E-033
   23.3428951896753       6.077360776974869E-028
   23.6445354718772       1.289594053044332E-042
   23.7353042671145       2.539684434225117E-028
   23.8523184461321       2.880494407791941E-034
   23.9008387672147       7.088532850721604E-039
   23.9946357879622       6.008360233196103E-029
   24.1567406474751       9.694520926038957E-035
   24.7335507900263       3.044118600316469E-031
   22.8801662785955       8.259498059135150E-012
   22.9284343523427       2.915454258829482E-054
   22.9944321556861       2.649481349693674E-056
   23.0660529349766       2.219685850680740E-049
   23.1231549811830       4.443265127756997E-048
   23.1488464963923       1.823476940521216E-010
   23.1752646369338       3.533715904648961E-015
   23.2398050248007       2.049899429323153E-017
   23.4124943717413       7.398037766658503E-011
   23.6401115652163       3.173836083345409E-054
   23.7339516221457       2.248437478441034E-008
   23.8810799174687       1.146418156055593E-014
   23.8909274790113       4.014080121032884E-050
   23.9876266488782       1.100855203607469E-009
   24.1970395810544       1.888176467015962E-016
   24.7420741413355       5.475285460000282E-014
   23.0362076228816       1.144968431082445E-054
   23.0980183787074       1.408983105933730E-010
   23.1119371151177       9.665191688867872E-054
   23.1730144002337       3.904408519168988E-010
   23.1762946553963       5.765573108892060E-044
   23.2117779120899       7.931437515607645E-016
   23.2313335638126       4.936420577683766E-047
   23.2504596176824       4.463212254203941E-017
   23.4211106482406       3.867635807354905E-012
   23.7593250215154       8.272147910166913E-056
   23.7871553377419       2.244618954109588E-008
   23.9306270863866       5.243193347539523E-016
   24.0331755368435       2.827727084954979E-008
   24.0383010111702       6.192259438327619E-050
   24.2336156403199       2.006012073995496E-016
   24.8060995940992       2.241045638674678E-012
   23.0706831932179       5.551011560055229E-071
   23.1328768541009       2.715836237475925E-013
   23.1462792376908       7.025176474006719E-067
   23.2064120605755       2.905924374372757E-013
   23.2115629493242       3.770858746441331E-060
   23.2462485932009       2.267592438136862E-012
   23.2665900837935       1.933945217317962E-060
   23.2846917129066       4.340294424848208E-012
   23.4562941761898       2.477111732587603E-015
   23.7943127160427       5.981551610664184E-071
   23.8214132454597       1.917038263486692E-012
   23.9654660315394       2.337495832109659E-011
   24.0673174331004       3.306750162346893E-014
   24.0732816635648       1.565709799614641E-064
   24.2683953443480       6.938519432225914E-012
   24.8403604744388       1.537360980826731E-014
   40.1296311817813       3.214753707160584E-073
   40.1502872814206       2.492219483562402E-010
   40.2031339651200       1.184746218195255E-061
   40.2697959348771       1.062509636393387E-062
   40.3128348943959       7.146340854739167E-009
   40.3231445193105       6.438340538579312E-061
   40.3352260702212       2.970869670852584E-016
   40.3999222736317       1.459174206102120E-018
   40.5703665918050       1.988711033909053E-009
   40.8566432799258       2.731912558146002E-067
   40.9193826939577       1.061619105776789E-006
   41.0624409044748       9.528933282352801E-015
   41.1140985055553       1.388470516944733E-064
   41.1599691783963       7.840993593738822E-007
   41.3642876153314       3.715334601224194E-014
   41.9178166350034       6.549872250096650E-008
   51.0083230265305       1.935962691267764E-045
   51.0585886497244       4.797361836532052E-039
   51.1333721052389       8.964838619584852E-036
   51.2101772033984       6.660973360157290E-038
   51.2703100272207       5.488639990475233E-037
   51.3075068013727       2.356441864772292E-039
   51.3316898919573       1.564914232784273E-036
   51.4073091783860       1.457166897486896E-041
   51.5911686003680       2.392063922262461E-044
   51.7913192407614       4.710897797394951E-037
   51.9006689263372       1.515603156668128E-033
   52.0337163479544       2.646360740686677E-033
   52.0592191098632       1.232728727232578E-034
   52.1444646485414       1.606112756996618E-038
   52.3701216313914       1.491621123758113E-042
   52.9090318925968       4.009635742347211E-043
   51.3024275689906       2.487205257519658E-070
   51.3624899064003       1.102780117287714E-010
   51.3778729631640       1.446801945545855E-065
   51.4435280031582       2.657064424977303E-009
   51.4972405964515       2.224487249662309E-061
   51.5247808816728       3.748016113337523E-017
   51.5619939817714       8.982281079819138E-067
   51.5929069505860       2.816354465476505E-015
   51.8242292946011       2.820935545374733E-012
   52.0658304735086       6.618580799092168E-064
   52.0971837786748       2.766623540224181E-006
   52.2899669837036       2.951451708784985E-013
   52.3268992899342       2.662465597125714E-007
   52.3331849886838       4.384495969355243E-058
   52.6000925381414       6.724196752120306E-015
   53.1330606843024       3.972182061023686E-010
   51.5633904509872       1.032313491219244E-072
   51.5927605059562       1.138030148834905E-014
   51.6507800369166       4.173793305394402E-063
   51.6784911666099       2.543453609257179E-062
   51.7329623085272       9.054939878580533E-062
   51.7491679934992       5.224657791471087E-013
   51.7641655949970       4.738252475045040E-013
   51.8122144739117       6.544616872866194E-012
   51.9439920126415       1.286245769625394E-013
   52.2869065660095       9.530491788844735E-068
   52.3539609086953       1.106442711015565E-009
   52.4759577353683       6.130349572405617E-010
   52.5534733177077       1.921325321561456E-066
   52.5989487611795       4.077713441455152E-010
   52.7684344457951       2.760133369382637E-010
   53.3575100810214       4.439051384788059E-012
   74.2595879742748       1.269704989156078E-038
   74.2645929811999       1.429360259229253E-043
   74.3280588089623       7.434528173521791E-032
   74.4448233312601       1.180664379486715E-036
   74.4512946200037       1.641256839319377E-043
   74.5067001165615       5.115705854587958E-036
   74.5196946772111       9.454302792633943E-037
   74.5936095593140       4.890435870575450E-040
   74.8169839837180       2.020537928599288E-044
   75.0013803459646       4.778660784154896E-037
   75.0724909418867       1.184097981216971E-031
   75.2636682854186       3.932260600045224E-036
   75.2713400996328       4.350193841405696E-033
   75.3268498190103       6.077679659819162E-040
   75.5896478291491       5.314696013318746E-045
   76.1209660618527       6.201889302515288E-044
   74.2770029011871       1.304252681546692E-045
   74.2992182412551       1.825036359846128E-042
   74.3837933036831       1.754565466168317E-037
   74.4280434780767       8.888099084315813E-033
   74.4746314380785       7.009158228220959E-035
   74.5319257169917       3.269689244399187E-037
   74.5447350606298       6.041525544294062E-040
   74.6054859918891       1.920743801868975E-041
   74.7507406635312       6.403468812614093E-044
   75.0130441544311       5.445487617156058E-042
   75.1150867244882       9.326409650342492E-033
   75.2455226813512       3.319399372080919E-035
   75.2822078380713       3.659231009152372E-038
   75.3763162762386       3.749776190496142E-041
   75.5616371756639       2.514096954277240E-042
   76.1356502293312       1.880119652900518E-042
   74.2498347397786       2.088184969192652E-013
   74.2814764598763       1.271807997633215E-055
   74.3571686973443       1.519018484794262E-055
   74.4400778982362       1.823173557333084E-052
   74.4966027339362       2.016074055263148E-050
   74.5199779573495       5.422231495554231E-011
   74.5492077670664       2.689941448488018E-016
   74.6241532767602       5.724901166768095E-019
   74.8125203305684       1.488459178781284E-011
   75.0071292021362       6.091293938090999E-056
   75.1103456466205       5.101989175427994E-009
   75.2726188400729       4.354622724737347E-052
   75.2739509535234       9.649137472892032E-016
   75.3686853061325       1.765701633103360E-011
   75.5970937059512       1.912435255782297E-017
   76.1422448867449       6.547679601826177E-014
   74.3818192626565       2.459923017185541E-056
   74.4443473313998       6.452199191182942E-013
   74.4667889765855       3.871960245979117E-055
   74.5362996313915       9.423528805830801E-052
   74.5444140308164       1.151045774039099E-011
   74.5754393109628       4.792777992435309E-017
   74.5978716327046       1.393084108688737E-049
   74.6358947042825       9.870639129184112E-019
   74.8188480276086       7.286667674446372E-012
   75.1213774530235       1.286619177677036E-056
   75.1566362253004       2.083725737304570E-009
   75.3142061283516       2.342032992180620E-016
   75.4047294829124       2.910466637909460E-052
   75.4119274842015       1.113970694130400E-009
   75.6294278240675       1.157819855545507E-017
   76.2007519650280       4.890361623141635E-014
   74.4180942430260       2.225869747197091E-073
   74.4818949223735       1.999217309731308E-015
   74.5026761631678       1.241060992515578E-067
   74.5754306338027       5.736628690298705E-062
   74.5784646994306       8.255203994530437E-016
   74.6127981591095       1.368851125901240E-013
   74.6372348320342       9.972252533690585E-062
   74.6731476115831       3.422227158759210E-013
   74.8595110724682       4.995145702912313E-016
   75.1591152230275       5.183698521037095E-073
   75.1927085054864       6.623076545591495E-014
   75.3529457214405       3.912359367825971E-012
   75.4425336074240       2.335241913896259E-066
   75.4477517358158       1.228032447516940E-014
   75.6684814183959       2.821637812741313E-013
   76.2379903045486       3.202984606408111E-016
   92.4997919180312       1.807307288415302E-071
   92.5249673254539       7.616632421026128E-011
   92.5835324936720       5.790540704191162E-062
   92.6526831712749       4.507130910774605E-061
   92.7000501335764       1.656743890719762E-009
   92.7144140100375       2.897498690247752E-061
   92.7234727522540       6.789106055729435E-017
   92.7963650803303       5.921197768591506E-018
   92.9782618736128       6.591819897622695E-010
   93.2338098717422       1.661514083210197E-065
   93.3020155730219       5.366303978828618E-007
   93.4578242453678       4.125206253583628E-015
   93.4995436881904       6.525852263862819E-062
   93.5479600112229       4.596342165686036E-007
   93.7677780261331       1.816351304579996E-014
   94.3175275444459       3.470059546885793E-008
   150.855767354092       9.556035836913868E-045
   150.878173683348       1.865984253040910E-039
   150.964918514457       4.464442329555094E-035
   151.044622355390       4.897827423510702E-038
   151.108630847550       6.847495532867354E-037
   151.132644684179       5.362672250885581E-040
   151.158141394872       5.568209708644239E-037
   151.240007950740       1.928327025518262E-042
   151.434153820904       3.497671046598073E-044
   151.605993708580       6.316107458062729E-037
   151.714898877594       3.105114325826587E-033
   151.865139460224       4.897971416096824E-033
   151.885284064113       5.067880140166709E-035
   151.959718012759       9.621775199901434E-038
   152.200704104193       1.971827801889698E-043
   152.728581703513       5.909399841471232E-043
   151.093687000186       3.567601747520419E-069
   151.154762187869       2.868424157089500E-011
   151.181466248799       1.315967773638092E-063
   151.265695459717       1.894868145589214E-009
   151.292964201751       3.451779090161517E-058
   151.333405490227       3.443176774918054E-016
   151.364288513005       3.723145527107476E-068
   151.409073008469       1.261831604813677E-016
   151.641206875240       1.854230827518739E-012
   151.849611505887       1.913411270346508E-062
   151.889411871970       1.245816541820205E-006
   152.090180324714       5.648097995351475E-014
   152.121557102556       1.671406412114117E-057
   152.129637065574       1.455069444872770E-007
   152.405349402833       6.215863127279599E-015
   152.928517185197       5.902225511065919E-010
   151.319774959902       2.199430049534361E-069
   151.352884853452       3.118069975052773E-015
   151.415573543350       1.155277717164613E-059
   151.455397574904       2.290756632743131E-059
   151.520122772487       2.362338969742351E-062
   151.529194104886       5.003395006260453E-013
   151.535584704735       1.500795179647028E-013
   151.603686113039       4.174701943409018E-013
   151.761634862325       4.699816763410623E-014
   152.044322441386       2.638134262210086E-066
   152.115364760744       2.491016353594431E-010
   152.255015844777       1.955167505629406E-010
   152.315392340937       2.684575433381843E-061
   152.360882264081       1.125922372394820E-010
   152.561808706367       9.750944567987351E-011
   153.126374629631       1.360934266604243E-012
   189.894468556611       4.243793047749500E-075
   189.922852048508       1.593815108745344E-011
   189.986263161607       6.165009288628225E-066
   190.057466505903       1.605886584892445E-065
   190.108343175636       2.181914010170194E-010
   190.125482230817       6.201707830944078E-065
   190.132300529339       6.753002769828725E-018
   190.211486911839       4.441220619971639E-018
   190.402087209317       1.472061670700166E-010
   190.628161337149       3.293041734484897E-069
   190.700479589997       1.447929156382045E-007
   190.866466496428       1.167962576034364E-015
   190.899733972870       3.063987641977908E-066
   190.949568506495       1.695651719005360E-007
   191.182356118316       5.777215565507069E-015
   191.723870400405       1.150148413041367E-008
   193.427278610662       7.825860789170010E-044
   193.447718050582       7.983010261740014E-044
   193.514597360906       2.374102486668021E-032
   193.619752438714       7.592522047519298E-040
   193.641560369296       1.531445584315040E-040
   193.688334630401       9.599094062088749E-039
   193.697327109315       1.473344085008870E-038
   193.778300736628       5.781910682552376E-043
   194.001181627387       4.490880245589334E-043
   194.168993344698       1.891102119445292E-039
   194.243864131326       2.634929013074679E-032
   194.439756393241       3.061307062469371E-038
   194.444725413815       5.314566914416920E-035
   194.498834858043       1.200748298018888E-041
   194.765511846338       6.086410388954313E-045
   195.290198542199       7.565539157009383E-044
   193.460107684909       5.800521544458129E-032
   193.462944175336       1.188962979310782E-039
   193.557005962843       1.818730338235561E-038
   193.607534287639       3.131175592765523E-035
   193.670469675447       4.231656085128589E-031
   193.709837806774       1.279526251644985E-036
   193.712123576801       8.217705938769144E-035
   193.790869827794       1.094486642572331E-038
   193.957710505411       3.397395993769243E-031
   194.181135188690       6.520146838552747E-038
   194.280819753630       2.768814991579649E-033
   194.428412178773       2.043060095806064E-035
   194.456123869975       1.625646944805261E-038
   194.537909783672       6.700948296187530E-032
   194.749305410424       4.036807707093806E-039
   195.304702159828       1.756500070381854E-033
   193.441180707498       2.719874526762747E-012
   193.447176192041       7.260978626149581E-056
   193.536656057132       1.683764822641393E-057
   193.618712969256       2.335398290229711E-053
   193.684281504344       1.623323181678095E-048
   193.691517767047       2.244026960990145E-011
   193.721040578027       9.151360766298981E-018
   193.803169136814       5.299277366869241E-019
   194.001608593520       3.614974306113990E-012
   194.175507832846       1.130521547440918E-056
   194.274582772827       4.553192349177230E-010
   194.448753543814       7.039131262158875E-052
   194.449576054374       4.841987867630863E-018
   194.530692503473       4.735996818364394E-011
   194.774004294588       4.902985642709010E-018
   195.308169248719       5.554565632857646E-014
   193.535186524872       1.097709056411771E-059
   193.593346129301       6.021040362544963E-014
   193.629768574266       1.159279158112511E-059
   193.700839294971       3.203010397201955E-054
   193.724046159990       8.792365484375936E-011
   193.749889366425       3.975999656505838E-018
   193.770163245530       1.056992118621354E-051
   193.825439330106       1.117093786175771E-018
   194.017936511455       7.600712563939758E-012
   194.274143834165       1.460142946485667E-058
   194.320580701119       1.778152875787729E-010
   194.489213793884       3.947355873172552E-017
   194.556590751774       2.246398856050350E-055
   194.576116624771       9.796365351207703E-012
   194.809690985989       6.035886972808356E-019
   195.363610576825       1.079836576491385E-014
   193.567906475936       3.425043624424339E-073
   193.627742465788       2.559065436456410E-016
   193.662140070233       4.530719124182280E-065
   193.736800545721       1.068405558034452E-064
   193.754396856378       1.557258172163669E-014
   193.783898061010       2.933388800646010E-015
   193.806383629848       3.828732499908953E-063
   193.859384612444       3.736985182398707E-014
   194.055550649006       3.935694860433337E-016
   194.308517223516       1.823582231666701E-067
   194.353048156219       1.371215258112049E-013
   194.524846430556       2.145756917934366E-014
   194.591048785969       6.384840553969621E-065
   194.608462966013       1.118538756554301E-015
   194.845593374625       2.905838480296082E-015
   195.397571845880       8.978815614904979E-019
   367.936131065049       6.091552940207220E-071
   367.969391392063       2.261716784485867E-012
   368.034017152227       2.428295920830991E-063
   368.107167710435       8.340921443166500E-062
   368.157613651919       2.237919978999750E-011
   368.179500692520       5.079373813722193E-064
   368.181873329481       1.401057621685392E-018
   368.265411282870       8.219315222008406E-019
   368.462425760915       2.227327868010644E-011
   368.660732554913       6.671680570359217E-065
   368.733000915721       2.721586303380119E-008
   368.907106283440       1.482595162145503E-016
   368.937034180961       2.716528600975931E-059
   368.984001775802       3.083064121094407E-008
   369.227914145854       1.000580440735026E-015
   369.756287247992       1.981129485006122E-009
   392.267709807701       1.528052439978647E-037
   392.276536046779       4.005659274557912E-041
   392.366120805226       7.304194725626566E-032
   392.445651251219       4.645287655259322E-036
   392.515280792437       3.268869428802756E-038
   392.517453630308       8.169461793460091E-037
   392.541658066658       2.767435506099750E-036
   392.627348404189       2.049919039119589E-041
   392.829775173825       4.918153381312669E-042
   392.971114912983       1.935684303477812E-034
   393.064405429691       2.134426624864545E-031
   393.237973540415       4.406298428960526E-031
   393.245743893432       5.256280126138270E-033
   393.303817783433       6.163973145264145E-035
   393.562756432588       4.087895904116137E-043
   394.060584073804       3.987921133442853E-040
   392.458085625579       7.234263664721574E-068
   392.514574284338       2.278605865459338E-012
   392.556769936430       9.959626424581747E-061
   392.655821498700       2.644604939232579E-056
   392.657658478850       3.535575987105895E-010
   392.707386913350       4.220809019009447E-016
   392.731080612183       4.361008739319100E-064
   392.790354377003       2.511894710288037E-018
   393.014894703377       2.253897606443975E-014
   393.179112861377       8.316717123288013E-062
   393.228992906885       1.148082037427864E-006
   393.429397947966       1.430375201892380E-014
   393.451236889710       2.156767314402209E-056
   393.468145561773       4.118001557475115E-008
   393.746410275923       1.315621853141310E-015
   394.241222830297       1.269425390312349E-010
   392.648463177585       2.334177632601789E-066
   392.687095439882       3.355932590576939E-016
   392.750696088611       2.348047009175576E-057
   392.807472163581       9.533200902374274E-057
   392.872483661778       6.522793830041989E-014
   392.879151209097       2.636893660026891E-013
   392.880061303435       1.416586327446790E-058
   392.961869160146       1.215104166446898E-016
   393.144091668405       4.870843309330923E-015
   393.350651978271       1.150452978593830E-063
   393.420005959094       2.946585811369537E-010
   393.582491058799       1.744146446566200E-010
   393.622110743881       5.062305485893888E-058
   393.659753087791       1.050538786038697E-011
   393.896276007983       9.766370362239018E-012
   394.414867660416       1.737751035375619E-013
   481.930990798157       4.120499115926721E-042
   481.964148216324       2.133457192610826E-042
   482.030334985343       9.704859145887923E-033
   482.124281251069       3.241648171285757E-039
   482.156139657924       1.171956031342910E-039
   482.198334967512       9.317432330681876E-041
   482.198509707926       3.614972897582952E-037
   482.284292717304       1.290327436806301E-042
   482.502703455735       1.328289734845680E-042
   482.644082846436       4.716573467633846E-040
   482.715979558143       6.937671137608554E-033
   482.912400856647       5.287642971971544E-037
   482.920095310409       1.925316635307754E-034
   482.963781940335       1.899219505872481E-038
   483.236059064001       6.587022334126611E-047
   483.733703164215       1.209358431546309E-042
   481.957367362236       3.898506508870380E-039
   481.976553554163       5.211995299187700E-031
   482.059246401088       6.885755539883410E-038
   482.121738156409       4.044970509451760E-034
   482.193953681085       7.002606226368946E-029
   482.200945512133       4.312918913380206E-029
   482.210899492975       7.086073378218788E-036
   482.296738239836       1.583887510215771E-037
   482.483882921672       1.961861638839552E-030
   482.656450391586       1.894537876368199E-036
   482.743137074447       1.837707039238242E-031
   482.910821101554       4.893549765774413E-034
   482.931929539935       3.396071463911352E-034
   482.990769986230       7.900093082055134E-031
   483.232548933643       1.344236137281619E-037
   483.747621666606       1.402241197539029E-032
   481.945508497560       2.309085366173887E-053
   481.963738180899       4.185283942908525E-013
   482.045533659812       1.579900844689180E-053
   482.126888201078       2.799893558261476E-051
   482.186922803441       1.970549012664465E-012
   482.199792285922       1.125530177930462E-047
   482.215655493309       6.745998996493126E-019
   482.302007967436       7.738467042421788E-020
   482.507410597060       2.871394142522863E-013
   482.650825409745       6.550195370771119E-057
   482.737080685483       3.687760678219301E-012
   482.921721935652       3.100782600621555E-019
   482.925684840672       1.419758362873976E-050
   482.984735428384       5.794129530872674E-012
   483.244888581343       3.667029060724964E-019
   483.747519758424       6.238318485544414E-015
   482.018636720399       5.448583233536803E-072
   482.071419228206       1.982987413131335E-015
   482.120672193516       2.743236569367859E-063
   482.195050750470       2.183404000450388E-060
   482.228429744074       1.071760439882759E-011
   482.252504502998       2.682963183353156E-018
   482.269496805487       2.837263862123250E-066
   482.336404756408       1.420565309476106E-019
   482.537085421477       8.168430035968789E-013
   482.729746105340       4.986559265684076E-068
   482.784938982154       6.783783419807899E-012
   482.964486363235       8.154388032175314E-018
   483.008359996462       8.006390370431765E-060
   483.032936478556       6.093770064181349E-012
   483.286081164748       2.979085801380074E-019
   483.800505556973       3.802031830258135E-015
   482.046216086155       3.833102382389744E-069
   482.100476739643       2.212412359209394E-017
   482.148038255340       2.941578842420647E-061
   482.225306843311       9.776207852844087E-060
   482.254134593576       1.622801112478007E-015
   482.281133936223       1.351637551555849E-015
   482.299908401166       1.237135669071448E-063
   482.365001586565       2.967403016519373E-015
   482.568558352493       1.909844950808554E-017
   482.758679673359       8.078904359984495E-067
   482.812269080394       2.437231168416339E-015
   482.994457975257       3.816752481981526E-016
   483.037368155881       4.552057337888402E-063
   483.060290868161       7.143959117062223E-016
   483.316210142310       2.019761436218534E-015
   483.829094344221       1.745101185815996E-017
   688.969171153579       6.789193337093266E-073
   689.007847341957       4.693582506167188E-013
   689.072109015426       7.693121790432748E-063
   689.148401242692       2.138836184178804E-062
   689.195280351587       2.706534655487902E-012
   689.219938540195       5.250773274254006E-020
   689.223524343061       1.219774714878343E-064
   689.306402959566       3.166852787753477E-019
   689.509210891313       4.302023462779599E-012
   689.670101516911       3.296777002432086E-066
   689.739348556228       3.592710821314683E-009
   689.921781242669       2.568569481530433E-017
   689.946708353680       8.309152006891205E-059
   689.985746071576       6.282998444114455E-009
   690.244081634955       1.929071879913452E-016
   690.744918549797       3.745907603853243E-010
   1830.38873450342       3.720673883162822E-071
   1830.43554193047       5.309388112943336E-014
   1830.49733944816       4.010539399722434E-063
   1830.57938711051       1.320146064127979E-063
   1830.61772431784       1.345386716958537E-013
   1830.64278884943       7.431855554500273E-020
   1830.65625766764       6.618371185832875E-065
   1830.73191015283       6.997845838765733E-020
   1830.94141209642       4.454826961336152E-013
   1831.04883375759       6.116950528959286E-065
   1831.11017181673       4.705622188428370E-010
   1831.30424972546       1.288184909803347E-018
   1831.32396586518       2.493277944967600E-056
   1831.34751921451       5.962763173052469E-010
   1831.62751232142       1.884020346530230E-017
   1832.08528578240       3.491405309117641E-011
