                  1312
  -19.2212402275260       1.453807809515863E-039
  -19.1805457677307       1.470741314283202E-032
  -19.1738407833626       2.168675947415636E-037
  -19.1604766852672       1.221501029823230E-037
  -19.1256759557331       1.888199867010378E-036
  -19.1252516770050       1.223155256829602E-035
  -19.0999539501941       9.954963046486918E-033
  -19.0767093024959       4.612827885424529E-042
  -18.9918911806320       1.984346584402982E-033
  -18.5352644230137       1.742526062141111E-037
  -18.4884412147082       7.258429886430882E-035
  -18.4410216366006       3.711282832436431E-040
  -18.2739460336134       3.453031533746773E-041
  -18.2359901924281       3.054187437923462E-036
  -18.1576273449353       1.552015315052621E-041
  -17.5609918279720       2.445568185970375E-037
  -19.1725975846542       4.760159891244401E-038
  -19.1159537673217       3.534964344873156E-036
  -19.1007338344438       3.469430109799582E-036
  -19.0993657715943       3.387480364788777E-033
  -19.0504344883523       2.626417118852757E-033
  -19.0370904073718       8.798703022657841E-036
  -19.0046235939297       6.641250702281495E-038
  -18.9690353878520       7.207881589978704E-036
  -18.9032930908852       4.196476474238693E-037
  -18.4939927728070       1.442733902278232E-042
  -18.4556909208631       1.313975412829096E-044
  -18.3442444079461       2.424058619863649E-037
  -18.2133483341110       1.294336611459701E-038
  -18.1816444177301       9.133054080381621E-040
  -18.0769772115977       5.778413652348354E-038
  -17.4998580489831       1.386409028238548E-040
  -18.8571619139556       1.951850642330543E-035
  -18.8144314848706       2.610444530880888E-037
  -18.8088530074463       3.645895644286224E-034
  -18.7804941602708       3.834792648679578E-033
  -18.7464885860450       2.175006959591453E-033
  -18.7264706622114       1.499701738607736E-032
  -18.7019392920486       1.212792910656506E-035
  -18.6771806575634       9.554731751049027E-035
  -18.6268281604027       2.463702736907678E-035
  -18.1908086697343       7.202199076856568E-040
  -18.1294736774600       4.959895153699879E-038
  -18.0490650183326       4.006786677123109E-035
  -17.9165468804721       5.117042511131345E-038
  -17.8852348216615       6.441922518332336E-038
  -17.8003851844362       6.771296033788519E-038
  -17.2186745961458       1.386522477799253E-039
  -18.8226005740238       9.282290392417721E-036
  -18.8009969522808       2.844685492272700E-032
  -18.7889254628782       5.691975192673789E-036
  -18.7697012926838       8.910785984207216E-035
  -18.7387707261963       2.911193892188329E-035
  -18.7298839644572       1.226223543156606E-032
  -18.7065622018715       4.066536262442457E-035
  -18.7011181210127       1.492785568968793E-034
  -18.6313333260612       1.489871325839635E-034
  -18.1556551865340       6.462446319942006E-035
  -18.0952134737986       1.893379304265636E-034
  -18.0524215454243       4.710145258395970E-037
  -17.9072453284679       2.812228301273896E-038
  -17.8646523539677       3.673238341232700E-037
  -17.8037226457398       8.338581211819575E-038
  -17.2090171840514       2.730218018264430E-037
  -18.7679738970098       3.967955606317988E-038
  -18.7248795696203       9.088295075221796E-033
  -18.6752491872487       4.065276522898059E-038
  -18.6573422242477       6.030739295771320E-033
  -18.6552135073051       8.478149250947179E-033
  -18.6452132341102       3.380970482317953E-032
  -18.6296230047942       6.588121713704655E-038
  -18.5379888251267       1.800357959324786E-037
  -18.4649483108691       2.749320666689980E-033
  -18.0511492359770       1.537500411448261E-036
  -17.9817123932259       1.477282267883800E-034
  -17.9293651776398       1.960272862171331E-040
  -17.7928987448687       1.152259224838620E-038
  -17.7823018924712       3.707335021660091E-035
  -17.6292715447120       4.823915272739908E-041
  -17.0303811205487       1.969545656088543E-037
  -18.8336648272060       5.121932716283439E-005
  -18.7754968827435       6.407631432236524E-068
  -18.7645227186443       4.542534443656759E-012
  -18.7208622718245       1.935223680686618E-064
  -18.6948084059432       4.354318340542556E-066
  -18.6560975914604       4.545345815535541E-067
  -18.6535220486281       3.538324279033444E-005
  -18.5766672593012       3.548714835911512E-012
  -18.5415008749510       5.279382515169201E-070
  -18.1104348362697       1.278346389605319E-066
  -18.0637855323101       1.437500891854167E-007
  -18.0267636043107       5.529923033533782E-067
  -17.8508245588352       3.207228376432019E-067
  -17.8397302384042       4.303803698082530E-008
  -17.7245917379109       1.000311395654070E-069
  -17.1472276480878       3.562295906371544E-070
  -18.6050972527302       4.273938921501093E-040
  -18.5481154280149       9.466880725991236E-037
  -18.5290913439750       2.105707047763280E-033
  -18.5165194622508       9.369817539637081E-036
  -18.4777969455303       7.696484771949014E-034
  -18.4597256478101       7.615167445876407E-036
  -18.4113493881460       2.140956490237844E-036
  -18.3766010486159       7.254193401889884E-034
  -18.3084146949612       1.773982902993532E-036
  -17.9045180351472       1.009885979115370E-042
  -17.8750694087484       1.661911527434186E-038
  -17.7361644244987       1.546858784733520E-036
  -17.6368472596928       1.404681244497096E-042
  -17.6175465896038       1.143436672488831E-040
  -17.4797457291844       1.036951302916865E-037
  -16.9020039098463       5.183778797362929E-042
  -18.5296886427587       1.969358316888323E-040
  -18.5017257483890       1.435387893666832E-033
  -18.4821048615272       2.608445344371816E-037
  -18.4694304097524       7.132869178807753E-043
  -18.4327688263796       5.643245461030791E-040
  -18.4195461391516       1.666217372168591E-035
  -18.4166723161026       5.416804550875427E-038
  -18.3827412090160       1.172679007459427E-036
  -18.2950646330656       7.094231407007973E-033
  -17.8560440481472       1.967315490610034E-040
  -17.8092631813405       2.704138876045819E-035
  -17.7435845422008       1.026781691105642E-042
  -17.6008265723850       8.097753956648910E-042
  -17.5551912316113       3.139668079973762E-036
  -17.4774239609375       1.320508074987912E-041
  -16.8971020229211       4.197782024768125E-037
  -18.3318218038799       2.752061893436566E-009
  -18.2971231907234       4.147848113536483E-064
  -18.2679227102943       8.591040954961164E-006
  -18.2582323779695       6.064695865238614E-006
  -18.2546449554911       3.253975474335197E-059
  -18.2270370834820       4.051841030770063E-009
  -18.2215165725946       8.537783425417725E-062
  -18.1726714778788       1.409604464070201E-062
  -18.1248585860615       3.882021470630204E-065
  -17.6486561589416       2.703042800032574E-012
  -17.6446272527618       1.031889953596903E-066
  -17.5580199172467       7.336387964303401E-068
  -17.4110170208327       1.159478766567343E-011
  -17.3680688498435       9.283761097334428E-068
  -17.3040903007117       1.598459552815218E-070
  -16.7201645127860       2.524687716197042E-070
  -18.2677497350379       3.223940778297557E-039
  -18.2482174164415       2.096888606455372E-032
  -18.2182838039017       3.060538702162166E-038
  -18.2152495442938       1.027121287428672E-041
  -18.1868237212931       1.110105944828527E-039
  -18.1761216011854       1.317659050906673E-036
  -18.1685895734032       3.339116381428881E-032
  -18.1256132370162       2.225844566001831E-037
  -18.0481974466375       1.017242545462594E-037
  -17.6033560287584       2.889900513359836E-037
  -17.5487245570822       1.393546563653728E-037
  -17.5110999690636       6.061282145453773E-042
  -17.3522489185991       2.683984493129350E-042
  -17.3208538005634       2.839961842303623E-037
  -17.2264063282659       1.227947975025634E-041
  -16.6418795030890       5.818421425546419E-039
  -18.1741122339418       2.563801380851050E-063
  -18.1606944075683       1.276316510902734E-006
  -18.1556611317317       3.433551777070013E-004
  -18.1410736125225       6.761061303081317E-009
  -18.1028598863573       1.363136240814307E-062
  -18.0941469448178       1.954547892025441E-011
  -18.0914414598759       1.507141184318280E-062
  -18.0496783610609       6.918946513073320E-064
  -17.9685403495388       4.625711980938547E-065
  -17.5097738476612       1.305290269320829E-010
  -17.4771402039148       3.773135777234701E-063
  -17.4391988215114       7.904237436713023E-068
  -17.2779831312105       1.073262936069030E-009
  -17.2438141724852       9.672430892868017E-068
  -17.1500554277110       3.944079888369767E-071
  -16.5698268034739       9.038390963977952E-071
  -17.7318954905411       1.964702793005293E-037
  -17.6890174647831       3.212610325610561E-039
  -17.6597341813542       2.091038319890963E-037
  -17.6554080623390       4.913624235496159E-031
  -17.6528646313974       4.986580900119283E-031
  -17.6242437254836       3.071269651276893E-038
  -17.6156653763565       1.823421454189620E-035
  -17.5989732803981       2.098980543573541E-035
  -17.5249095697590       5.114270017285827E-038
  -17.0720614407282       4.047195802015178E-041
  -17.0448853486518       7.294224559159639E-041
  -16.9946038541391       7.201797061010573E-041
  -16.7767097192609       4.411883251729022E-039
  -16.7536080071398       2.573930257502682E-040
  -16.6952591409546       5.154098659709819E-039
  -16.0967603994846       1.859458683206382E-045
  -17.6904069587962       1.864281661890355E-039
  -17.6655062677835       8.037489815120525E-032
  -17.6174713023704       6.082444078628329E-035
  -17.6136952413945       1.812534579165125E-035
  -17.5945982046606       2.297768298769445E-038
  -17.5735950326173       1.493456541070699E-033
  -17.5730546202133       1.626977200500646E-032
  -17.5428254049613       1.110552905718157E-037
  -17.4571304313196       5.665937948443081E-034
  -16.9873082300700       1.453533859529266E-035
  -16.9849195174950       8.151665620874304E-036
  -16.9077957584450       2.021957025856895E-039
  -16.7644942821406       5.227907975738902E-038
  -16.7269927751058       2.320273147872080E-039
  -16.6365848407226       2.450664901608444E-042
  -16.0526779922912       4.396416995785091E-038
  -17.5528118941081       2.577614886347010E-036
  -17.5071730888398       1.159527703178260E-034
  -17.5049222948321       1.858916270053364E-036
  -17.4811524978973       4.421421194774184E-034
  -17.4410972174023       1.024880961126616E-034
  -17.4301056397704       2.860947276259535E-037
  -17.4240148357501       6.626694038997582E-033
  -17.4095803696512       9.613448464784571E-034
  -17.3307689233690       8.431908604124156E-037
  -16.8853203636447       1.819132860778928E-042
  -16.8266956315983       3.190447985392859E-043
  -16.7641681195594       2.769577348333542E-036
  -16.6156288149494       2.238966715040251E-037
  -16.5871863550858       2.193907613039903E-039
  -16.5060434974991       4.151485581538353E-037
  -15.9191852078371       1.432495115432378E-041
  -17.3979234870451       5.314916705779308E-007
  -17.3918849592249       2.391570697768936E-061
  -17.3702547178609       3.103490309701986E-004
  -17.3566391197169       8.692306025809131E-009
  -17.3206108406329       2.614220393066304E-057
  -17.3016164192810       1.456472520159069E-062
  -17.3009794063818       7.692877568695947E-009
  -17.2587394276081       7.241948083023241E-061
  -17.1609809458785       1.078339396730314E-063
  -16.7319439303068       8.722138213281503E-011
  -16.7041925788409       3.785455403586899E-065
  -16.6494179713529       1.296551627265403E-066
  -16.4865817823845       5.706992006578198E-011
  -16.4521215500723       2.953475057731294E-069
  -16.3445591231345       2.298714149944995E-071
  -15.7666242483051       5.674694322643799E-070
  -17.4321370955697       1.397842119029061E-007
  -17.4056270085848       4.894536631065889E-064
  -17.3701990486425       3.086155354049113E-005
  -17.3413050999734       1.032844661991413E-007
  -17.3307898519463       7.539710510296820E-060
  -17.3220665590722       5.952041672270078E-006
  -17.3027118273261       1.404199197578246E-061
  -17.2758312174317       8.915370096977454E-066
  -17.1767196668539       4.029710199601877E-065
  -16.7340652865340       4.643704754419475E-011
  -16.7244060182649       2.055618462421306E-062
  -16.6357895406005       1.429480637160877E-072
  -16.4958012892443       3.233265806795392E-012
  -16.4659345361919       6.792978404193759E-072
  -16.3521381335586       2.533339007517712E-068
  -15.7642137192042       7.177543106877806E-070
  -17.1495516912531       2.276195128309619E-039
  -17.0963069510077       1.097493886486294E-032
  -17.0738327083062       4.404911232622268E-038
  -17.0732996548442       1.689193025025331E-037
  -17.0379436495248       3.673268415021254E-032
  -17.0321474763862       1.136499421074637E-034
  -17.0221259828391       2.253571815977545E-040
  -16.9936867456548       1.178854831688157E-036
  -16.8896870179040       2.205436100339610E-033
  -16.4623191509647       1.127543115475866E-042
  -16.4184835610044       1.394423631754293E-038
  -16.3513293807849       5.995042726087164E-044
  -16.1933726448747       3.585673429555614E-044
  -16.1889425967682       1.146442764227701E-038
  -16.0653997412889       3.462831085436176E-043
  -15.4792739707730       8.102227181778763E-040
  -16.8788381744646       2.232169312462240E-038
  -16.8540384446567       6.255691497698719E-034
  -16.8349723295574       5.104738101490711E-035
  -16.8261238061577       9.705968023110001E-035
  -16.7947285751578       8.612992792466682E-038
  -16.7720147108870       8.193025186217387E-034
  -16.7665918955504       1.577799944749350E-033
  -16.7481178111606       7.459957980506214E-037
  -16.6672806240636       2.636398809363625E-033
  -16.2128348933271       2.451016789230370E-037
  -16.1542478153640       1.091643063444751E-034
  -16.1091818372896       5.342941952695902E-039
  -15.9581658973214       2.168143811799522E-039
  -15.9157666605675       2.947026393123728E-037
  -15.8438500283495       3.933133938388054E-040
  -15.2557707105181       1.852060932391555E-037
  -16.7588167672388       1.679764360095909E-036
  -16.7028675454750       2.446116970013056E-037
  -16.6908830196897       9.482047176694810E-034
  -16.6695030992565       9.652109434625570E-036
  -16.6364404500313       1.403334711169751E-034
  -16.6264214222793       1.091077587985718E-034
  -16.5819877316446       3.932146965699923E-037
  -16.5730155253155       3.467757798297019E-033
  -16.4748016175809       2.225696893258363E-036
  -16.0548969310935       1.124404432326912E-038
  -16.0272743692493       4.348367490620291E-039
  -15.9025145074314       7.179026094098535E-036
  -15.7958738722913       1.384897609881562E-039
  -15.7915125991329       2.787433101732963E-039
  -15.6447282826865       1.898859017032587E-037
  -15.0585584193615       3.049472636999818E-040
  -16.5841220106864       4.941783426667662E-041
  -16.5556444881021       1.488196985700986E-032
  -16.5224370760718       1.065060528374314E-036
  -16.4782813768233       2.016450454283091E-035
  -16.4779688962786       6.262445345695953E-032
  -16.4629030707713       2.667585664983892E-036
  -16.4466753142907       1.566292379408817E-038
  -16.3937623728074       1.323074552068287E-038
  -16.2718564388112       1.361595094472887E-032
  -15.8421487726916       1.272131832086103E-039
  -15.7980486886367       5.696824420409046E-035
  -15.7113649986753       3.236718450409225E-041
  -15.6206383256334       1.222955368504313E-034
  -15.6071260887463       5.484442376258110E-040
  -15.4302022572399       1.270661931584420E-043
  -14.8247282394751       7.458045873902643E-037
  -16.1125618719167       4.198341769483447E-005
  -16.0899856508605       6.323963472680953E-069
  -16.0243681994897       8.072671082904862E-012
  -15.9332463304006       4.010318901927075E-064
  -15.9287225816433       4.931168591804541E-062
  -15.9123249096567       6.333768418927461E-005
  -15.8739920014267       2.236712827217374E-068
  -15.8124730951944       5.586924088953479E-012
  -15.7394124232126       6.476015311761240E-070
  -15.3372037214564       1.279559665911072E-067
  -15.3294312318026       1.018520694057928E-008
  -15.2321590690695       4.215166423467241E-068
  -15.1139803899458       1.099375726016198E-006
  -15.0991510290454       3.395789997676181E-069
  -14.9418329035678       1.582362398509522E-069
  -14.3855574978482       2.975119984243017E-070
  -15.3034510456998       1.738295004073779E-034
  -15.2937694788755       5.924405890890029E-032
  -15.2353308694076       7.077045677525675E-034
  -15.2311794853136       6.622238763306989E-034
  -15.2093996105899       2.025426420020696E-035
  -15.1980187604673       2.672789533419082E-035
  -15.1853180351974       8.537151695226954E-038
  -15.0952351019668       6.145453943349831E-035
  -15.0210807907362       2.770651609738435E-034
  -14.6232515916953       2.017834912912922E-036
  -14.5560795997509       2.503709020320425E-035
  -14.5142897893429       7.039047608042293E-044
  -14.3901546522424       6.483082152414412E-038
  -14.3451092420427       6.013864234225298E-035
  -14.2266362681821       5.699592715448390E-040
  -13.6771611612057       8.969156333762331E-037
  -15.1416354187782       3.991499152088412E-064
  -15.1139231233974       1.385113235847951E-003
  -15.0750423259850       5.351561355752697E-007
  -15.0608909394276       2.638241711829032E-011
  -15.0311607208756       3.981022750919916E-062
  -15.0123432207140       2.918237545266958E-060
  -14.9556162882738       2.511661865605834E-011
  -14.9162628383736       1.404366168539779E-061
  -14.8059079529632       5.562987844473141E-066
  -14.4027716277119       1.537969194608381E-013
  -14.3694105659060       6.566100667152474E-067
  -14.2990462256332       7.475211606692992E-068
  -14.2136537623222       5.985829026913413E-009
  -14.1850721910933       1.204239139794773E-070
  -14.0105021696456       2.439325950447158E-070
  -13.4620141664033       1.765462338487592E-069
  -15.1325934958374       1.331481807174081E-035
  -15.1026192432248       3.541391785164818E-033
  -15.0769533576500       8.251139285355824E-035
  -15.0674485953508       4.112665039310792E-033
  -15.0209674427615       5.327428425140419E-033
  -14.9959081607745       1.054064368904087E-037
  -14.9848431774112       1.276280752206541E-033
  -14.9538754994880       1.033385673486607E-034
  -14.8863371754615       4.446626188345946E-036
  -14.4532408524183       1.633049512420855E-038
  -14.3904914756699       5.189009680510260E-040
  -14.3002251535198       2.432185376392939E-034
  -14.2036790986241       7.586273739665102E-038
  -14.1761373903373       4.442628841773760E-038
  -14.0684692639567       6.019751823874174E-036
  -13.4921570470791       2.270822772073691E-040
  -15.1233295599563       7.723504075996522E-008
  -15.1152284305283       9.617303340701887E-064
  -15.0235161401134       1.047364287463156E-005
  -15.0138569616482       4.831521608601512E-006
  -14.9842986852026       1.071076841728965E-060
  -14.9654183701242       3.302503373636290E-061
  -14.9596274361504       1.250343222135840E-009
  -14.9056516341847       2.126985762242212E-063
  -14.8295586190563       1.497961017147911E-064
  -14.3814770708487       2.161566424106964E-013
  -14.3772727552682       7.383465249801527E-064
  -14.2526122705952       1.112828512416612E-069
  -14.1914406520811       9.439647569218721E-013
  -14.1389262388536       1.051315148445361E-066
  -14.0158375736359       6.197010091587115E-070
  -13.4399030343400       7.980028081689250E-068
  -15.0867652194926       1.695070529450138E-031
  -15.0832541230391       1.757880493393560E-035
  -15.0024322056566       2.716947720388845E-037
  -14.9885220582590       3.020154096056526E-037
  -14.9462161899497       1.712377380602188E-034
  -14.9318007753155       3.267874243731998E-034
  -14.9264224784153       1.952139074179487E-035
  -14.8965391556211       6.063979657493221E-036
  -14.7868350338707       9.799024212262412E-033
  -14.3536416443927       3.074606018430063E-039
  -14.3408329921837       3.823797255995448E-037
  -14.2331951409788       9.449233304200758E-038
  -14.1609038083413       3.272486112388977E-039
  -14.1146629015154       2.752237515527954E-038
  -13.9794949297516       2.292072673460456E-039
  -13.4101290863199       5.621359710406581E-039
  -14.9312432650852       8.410218195576719E-039
  -14.8804381831201       2.988259064189693E-032
  -14.8311007201333       1.036102399704948E-035
  -14.8205264686287       1.161047190753621E-038
  -14.8163184700104       1.191587851980500E-031
  -14.7814190430043       6.078370227392111E-036
  -14.7692277499987       2.020710387589068E-037
  -14.7233638250857       1.293171504089461E-038
  -14.6222597100042       6.497202710005716E-033
  -14.2153885355935       1.734490569852884E-041
  -14.1540164892472       5.395877302852445E-037
  -14.0661797195295       4.895870845454509E-041
  -13.9712085380829       6.241812470221858E-039
  -13.9680506190947       2.919173541697701E-037
  -13.8120332962250       7.516939762756550E-041
  -13.2406028789677       2.114508737399538E-038
  -14.5558345068909       3.412767724806345E-037
  -14.5193407773050       3.209565792961467E-036
  -14.4979260196836       6.173328774224218E-034
  -14.4711713282315       3.335733246446961E-037
  -14.4283537175227       2.137110285028210E-035
  -14.4226264589678       7.406706954348948E-033
  -14.4005266595443       1.441001979782566E-036
  -14.3696505086201       1.114859249295855E-032
  -14.2761151291335       6.094579280896897E-037
  -13.8610548401910       9.166636213897402E-040
  -13.8244591121068       2.052232962048302E-039
  -13.7066421171033       1.664077758723709E-036
  -13.6086139869867       1.953907848152820E-040
  -13.5942426939937       4.073732240870401E-040
  -13.4523142185639       4.924560052827009E-037
  -12.8696271842753       6.571502026107635E-041
  -12.4859519386343       1.453396571123478E-041
  -12.4682550741630       2.863178719771856E-032
  -12.4428825804100       2.161986577451641E-036
  -12.3840230095707       2.704655293126854E-040
  -12.3649687922453       5.290941568552692E-032
  -12.3556501570780       2.294060098009175E-036
  -12.3445579694734       9.199129176753772E-035
  -12.3081115999491       4.132924925648930E-037
  -12.1699616712606       1.974820331955895E-032
  -11.7610698973086       2.233895463047807E-040
  -11.7220443574327       3.203001979593790E-036
  -11.6185985403383       1.710700541025539E-041
  -11.5301916252224       1.512802903191221E-040
  -11.5121324995556       2.202621198308132E-035
  -11.3461037164540       4.048717737509947E-041
  -10.7628415310020       7.646346129922532E-036
  -9.93961261089929       3.248340842094245E-064
  -9.90631033362918       1.267346806691095E-003
  -9.89008335794092       2.911472341338367E-005
  -9.82752467899191       1.600487733820462E-010
  -9.81346703548577       8.218777075899475E-063
  -9.77265480122368       4.656020608722829E-061
  -9.74075669327529       3.688242497363800E-010
  -9.69248011764491       2.753214045720566E-062
  -9.54609927269130       8.638529638612419E-066
  -9.21097965070404       1.124282300362720E-012
  -9.17031246412775       3.908315635330057E-063
  -9.06441564100535       3.686639738478651E-067
  -8.99766711701865       2.658486591348860E-008
  -8.96215620180377       2.029807878678258E-066
  -8.76541511257392       2.505273011347460E-070
  -8.22898954249226       2.361372600632975E-071
  -9.95253084220452       9.821542162627953E-024
  -9.92618704903872       1.007627919279424E-023
  -9.83369783388255       3.401087792715940E-022
  -9.83151542112455       2.144434414342563E-022
  -9.75192182767949       2.677916101759409E-026
  -9.73820639002984       8.060211198946595E-024
  -9.73802759248043       1.180636733384313E-025
  -9.69483069038385       1.008807443587575E-025
  -9.56120805836597       1.359521825981813E-025
  -9.20040424931254       4.716483144434387E-033
  -9.16010388604829       2.074998864638494E-031
  -9.05069281989250       6.771671960708564E-030
  -8.99403999086580       2.255877283870563E-029
  -8.92664082988930       6.435573742508497E-029
  -8.76736007807074       1.393893210694608E-029
  -8.21291576075890       2.417435447540511E-029
  -9.92523311518463       2.057787858485931E-040
  -9.91318053490991       3.205984526693029E-007
  -9.82813558759043       1.900697429990622E-005
  -9.80867775353616       4.622172581688568E-006
  -9.77409214951780       1.147826325830094E-007
  -9.75725661837193       1.518920213477950E-041
  -9.73544726850068       1.001386541578795E-040
  -9.69208115229307       4.080177390810885E-042
  -9.60390456953183       1.242647851256165E-041
  -9.20077887296420       8.506492282929019E-015
  -9.16389582345111       6.592789007503443E-048
  -9.05398318953551       1.962558027909795E-046
  -8.98696614875152       5.766083635502465E-012
  -8.91899341979074       1.870282537695744E-045
  -8.79178080962619       3.248873495821711E-047
  -8.21671743385327       8.148234882548592E-046
  -9.80705111779064       4.855835679245973E-029
  -9.75314575942781       8.680621199917677E-027
  -9.72444780817799       1.413301180083844E-028
  -9.70037350853176       1.468836641677336E-025
  -9.69301152068400       1.762656450447211E-025
  -9.64895566871872       2.645613675614706E-027
  -9.64022782994245       4.110020211527922E-028
  -9.62718833640710       4.224771644202900E-027
  -9.50077727644425       1.458915583977137E-027
  -9.10318404033686       8.207787079240217E-036
  -9.05811598648819       3.573322705886373E-034
  -8.95401971891543       3.214385201454226E-034
  -8.85073520486120       3.125514676699023E-031
  -8.84456493924629       3.427579127553530E-031
  -8.69189113228602       3.603109938724441E-033
  -8.12252443850729       8.787071052393873E-034
  -9.79738156679983       1.308965456560227E-041
  -9.74403451822754       6.324757639592781E-035
  -9.71750864253075       1.147380893231998E-038
  -9.69858976739973       1.529742284910432E-038
  -9.68344838903256       2.665236100948176E-034
  -9.63917010231844       3.084503230698415E-035
  -9.63260308460347       2.192445772452606E-039
  -9.62679500679204       3.252069152887691E-036
  -9.50319810199153       8.083972875475113E-036
  -9.09608142209741       8.100129655546878E-045
  -9.05133648024756       2.021536425837293E-043
  -8.94813717126762       2.441156054466579E-043
  -8.84228583856142       3.746592058982050E-041
  -8.83748809144279       4.575380528757091E-041
  -8.69036240617868       1.013445264196017E-037
  -8.11710999539160       1.895860873762425E-042
  -8.63674913756025       3.318898491862432E-067
  -8.60524569947434       7.816283257568311E-008
  -8.49662979583112       7.444732947322516E-012
  -8.47946879079247       1.058305838837825E-004
  -8.39798550463929       1.339530531801250E-064
  -8.38195704373218       2.404307521462704E-060
  -8.36098402269963       1.039420446692881E-011
  -8.32276102712321       1.149729219479398E-066
  -8.16889246613401       7.418170924978317E-069
  -7.85102888217078       1.806599179660507E-009
  -7.80542338484070       1.901200622088625E-067
  -7.67977176395286       3.183805967185382E-065
  -7.64390604477968       3.643491534350692E-006
  -7.56913629374202       1.713847891241269E-068
  -7.38283987796366       2.608278936654908E-069
  -6.83734513302483       6.793952028066531E-069
  -8.25653238209744       4.753539886008693E-039
  -8.20882151732223       2.902163114873628E-033
  -8.15673059552824       4.417407379555119E-039
  -8.14144661361506       1.985013498481333E-032
  -8.10785013513151       1.537953913246828E-037
  -8.08817762679256       7.106718818372203E-038
  -8.06060444987822       8.076907090187395E-040
  -7.98710980835284       9.968255355065653E-038
  -7.84943613716621       1.105176328995162E-034
  -7.53282312767445       5.296398776741257E-039
  -7.47221878642579       6.135922587735774E-040
  -7.36100849216326       6.809192055058723E-042
  -7.27932076255212       5.717719776753280E-038
  -7.26968120021356       7.046894419676833E-037
  -7.06959843330367       1.176387337949420E-040
  -6.53463054957577       3.813617674465835E-036
  -7.88515500703982       1.097473864883884E-040
  -7.85889953337285       1.643009669759499E-040
  -7.81723047959884       2.235202403801264E-033
  -7.80940968670656       2.401002466766316E-036
  -7.74768127573128       1.496276075565024E-035
  -7.72551354056066       1.652472520553429E-036
  -7.72472867308808       6.822438253884324E-036
  -7.66598130980631       1.398898356887567E-033
  -7.59837174853283       4.558479810076006E-038
  -7.19084234436655       2.515009864343933E-039
  -7.13823767351110       2.118154503467469E-039
  -7.01961094733096       9.028220773965914E-035
  -6.93654338423016       1.095010627863795E-038
  -6.89885798503679       6.786475286522550E-039
  -6.76833566855094       1.714193526770142E-037
  -6.18035604429824       4.882916639106735E-040
  -4.64836922530827       4.975179932767901E-042
  -4.62916408003802       3.521064426228086E-032
  -4.59727969995044       5.050243987830664E-036
  -4.53297482026959       2.355992063893925E-042
  -4.51068535880597       3.981178323698525E-032
  -4.49828698622597       1.249189358661375E-037
  -4.48833445520989       8.363590978206708E-035
  -4.44437832693307       1.755088828910676E-037
  -4.29443362869377       1.856013432279774E-032
  -3.92382383809985       1.156686970320470E-040
  -3.88100599678363       6.481189649430577E-037
  -3.76314335718200       2.513309209804131E-041
  -3.68641377800787       4.900853252913041E-039
  -3.66271259659811       6.658615172408710E-035
  -3.48185101314512       7.721443146334039E-041
  -2.90931829649336       1.555967392679091E-035
  0.365242210947788       2.458044463241059E-065
  0.394591529152709       1.101696111963667E-005
  0.411690775123066       1.214895608012852E-003
  0.512314696913702       2.886356691260669E-063
  0.512697194991649       5.127025315766564E-011
  0.574132127009598       7.843110787001807E-060
  0.584052155662480       1.981481362358736E-010
  0.644985177527388       9.454893799443067E-062
  0.828499930497049       1.592469763550785E-065
   1.09319725677468       2.147326717021526E-012
   1.14364199704958       1.503513624456036E-063
   1.28771071706724       8.310317805833376E-068
   1.33007261700743       3.599794257992098E-008
   1.37199819255000       4.643823311796500E-066
   1.59892772146617       1.536666219436032E-070
   2.12692318158044       3.606584058494309E-069
  0.377565374701966       3.409054869527421E-040
  0.405197163821470       6.083364271206620E-008
  0.482509085018108       4.776123488224617E-006
  0.516425642882940       4.081680932080447E-008
  0.536073674002047       1.582000100553329E-007
  0.586703397082896       5.842102107111817E-043
  0.609049025653231       2.294476088021960E-043
  0.648620849621704       1.863492751680968E-043
  0.752093185806089       4.400999609544167E-043
   1.10234044912539       1.291955649102625E-016
   1.16937867402653       3.343470689508976E-051
   1.27849178338031       4.432635642245651E-050
   1.33919835098606       5.913094969920985E-013
   1.42192147747954       8.222702711327790E-047
   1.56394627342990       1.260345343745200E-050
   2.13883300309291       2.633031510246847E-049
  0.345119975738623       3.842683563031025E-026
  0.390653417280980       2.524292673714921E-027
  0.463692378276882       1.132759005822747E-026
  0.503358398658403       2.996203165703770E-025
  0.575838806924494       3.139216391038813E-025
  0.588858773154431       4.643835381335554E-029
  0.608063217934014       1.154842414031360E-027
  0.661472758576998       5.714796935212039E-027
  0.813158062398085       5.707150026988699E-027
   1.09955419780283       3.616360825975399E-035
   1.17145952247503       1.150406386631834E-034
   1.29766254604664       4.946693405356012E-031
   1.32963243414244       1.010085927234506E-029
   1.41550885403877       5.325678500214518E-031
   1.59921848671616       1.233755880155614E-030
   2.14603263983127       5.811724957707138E-032
  0.502687507874768       1.692344057839835E-028
  0.560183896427748       2.867734327976709E-026
  0.576912323564635       1.259879491454092E-027
  0.622862717395442       9.982168601222566E-025
  0.626076669009887       1.012942646431917E-024
  0.668233850132605       2.124511888653723E-028
  0.680912108790722       1.173953861933671E-025
  0.687203102528805       2.437802000699595E-026
  0.841765329524630       6.130568784771667E-027
   1.21125137771829       7.421300709086534E-035
   1.24148169302108       8.225583087249975E-037
   1.36666838980184       8.212224418873668E-035
   1.46993469662816       2.133981304439630E-030
   1.48059313390370       1.400964452134303E-030
   1.65084332569914       6.265057518324047E-032
   2.21991783369063       2.238538568862972E-033
  0.523575512342177       2.258534590272549E-036
  0.580839073290164       3.479095940238283E-035
  0.597283793898672       6.761964251280721E-034
  0.643275764768497       2.032874713429888E-038
  0.643713171947219       1.359962054939827E-034
  0.688137840712418       2.923107940514437E-032
  0.699311579233630       1.533995704181087E-033
  0.704043697780996       3.601114031189508E-032
  0.855890123071045       5.376202993134207E-036
   1.23074307794598       1.379956106782953E-044
   1.26133271717264       6.324893511864058E-045
   1.38452073805447       1.732783853428119E-038
   1.49035938307830       6.936638589385476E-041
   1.49996943677504       5.108436844990131E-039
   1.66706415163380       4.751983865824872E-038
   2.23816033962397       2.548748937113235E-041
   9.20926462920076       1.121417301081543E-067
   9.26725066673621       1.588027282904419E-006
   9.34905420793817       1.170263875620416E-004
   9.39727934389079       1.245418615510681E-012
   9.47939790344021       9.028074729552081E-012
   9.49864607631736       6.090721992768146E-067
   9.51993053491735       7.119255742007037E-063
   9.58736450242234       4.571911401770972E-067
   9.75742635205305       8.675700305356160E-069
   10.0029226531125       1.832897847242593E-009
   10.0909666548951       6.559739923536031E-066
   10.2242610759700       6.414548908998563E-006
   10.2344301914258       1.375491351185734E-065
   10.3310507073911       7.723310363515678E-067
   10.5388334123369       4.628111671197423E-069
   11.0798541903892       6.710696847656597E-068
   9.53777580543169       2.867246035769624E-037
   9.58541420972574       4.075564597256531E-033
   9.60890926383570       1.700382031523331E-035
   9.65642720892167       3.014083156495356E-032
   9.70374386943660       2.604451187634597E-037
   9.73203866161604       1.339251433420280E-038
   9.75949233045625       1.644413242650247E-038
   9.80376815307007       4.075192156341132E-036
   9.99625422216393       6.024928887510857E-034
   10.2709982380881       4.286166638257703E-038
   10.3150094045550       6.783222453755639E-036
   10.4680861423918       4.160808322762107E-042
   10.5324142055917       2.526772679054940E-035
   10.5366438473846       1.113343865504247E-034
   10.7693343641393       2.879712573566322E-040
   11.2969184955867       9.701150323879394E-036
   9.84848848735921       3.137992241385724E-042
   9.87544201747456       3.122082978293749E-037
   9.92560939521986       5.243828267892264E-033
   9.94422021020341       1.692810692644441E-039
   10.0002152709980       1.765155115748977E-035
   10.0094562029708       5.615508135371838E-034
   10.0283120934620       3.521559833470843E-037
   10.0697345497224       1.794436048680476E-033
   10.1719373640093       5.842580840805450E-037
   10.5573122608133       2.021941801332910E-040
   10.6164883550454       8.068296839170465E-039
   10.7307568377358       2.551606310445572E-033
   10.8171183494422       6.914553621278609E-040
   10.8585087161478       2.692225750356741E-038
   11.0029627355533       5.522854379908035E-035
   11.5979644443877       9.072040666006396E-041
   11.0591415178694       4.617405930053677E-042
   11.0835297026515       2.983506783776793E-032
   11.1210815031679       4.693021792242893E-037
   11.1969841670587       3.304239588848423E-040
   11.2157532711279       1.668964766302415E-032
   11.2407944615363       8.075309067987597E-040
   11.2451777429418       2.843535993806409E-035
   11.2984978810720       4.459679568649711E-039
   11.4701844294211       1.335548168371749E-032
   11.7961336331596       5.636431960730404E-040
   11.8425268868257       1.889872727180858E-035
   11.9830525513932       2.490676039926247E-041
   12.0417261326981       1.518604544448250E-037
   12.0634624024743       1.903747908433244E-034
   12.2754495572870       5.929467581058748E-041
   12.8423097658266       2.501122770105710E-035
   22.8991702472718       1.127597016971531E-064
   22.9123758552508       4.054078369350257E-008
   22.9550344182233       7.579000063829216E-004
   23.0691160385902       8.233149326600194E-062
   23.0731539224290       1.808528324551002E-012
   23.1344074365462       3.168694657824684E-011
   23.1419155737133       2.324658689146402E-055
   23.2103875221104       5.816419973175857E-058
   23.4220228910290       7.102693788513260E-065
   23.6336354652834       1.529873352187993E-012
   23.6955428344667       1.605052787400028E-062
   23.8702775742281       1.859496800839366E-065
   23.8904901716092       2.806934041651123E-008
   23.9406240294194       1.599033373443523E-066
   24.1916503832411       9.358445126157237E-069
   24.7193942078358       1.848206215491002E-067
   22.9118310331598       1.134446313154509E-049
   22.9443751918789       1.215033516610071E-009
   23.0215684227110       4.490180249881374E-007
   23.0634052639894       1.670471443811343E-009
   23.0893937843247       3.024993140922632E-008
   23.1541027035241       2.298788257184755E-053
   23.1736938167718       3.370412012924242E-051
   23.2197120482888       4.791540472320021E-055
   23.3428951896753       1.021698147364741E-050
   23.6445354718772       1.140553917836107E-018
   23.7353042671145       3.902969908423430E-058
   23.8523184461321       4.303507671469384E-062
   23.9008387672147       3.119104611110059E-012
   23.9946357879622       2.089176533451547E-055
   24.1567406474751       2.749260864125163E-063
   24.7335507900263       1.044308672268346E-057
   22.8801662785955       4.164705271149117E-027
   22.9284343523427       3.207293301419550E-028
   22.9944321556861       1.574500153318472E-027
   23.0660529349766       1.215993402624905E-026
   23.1231549811830       8.942897008837043E-026
   23.1488464963923       2.662937974230450E-029
   23.1752646369338       9.023719619425802E-030
   23.2398050248007       3.899019230347392E-028
   23.4124943717413       7.050631261336563E-028
   23.6401115652163       4.695481861245387E-035
   23.7339516221457       1.090812821650746E-035
   23.8810799174687       1.515397346929793E-031
   23.8909274790113       1.059827086531318E-030
   23.9876266488782       1.552008807211106E-031
   24.1970395810544       1.266664659045315E-031
   24.7420741413355       4.536316957092841E-033
   23.0362076228816       4.251865522823256E-029
   23.0980183787074       4.730672454675065E-027
   23.1119371151177       1.829227315575279E-027
   23.1730144002337       1.632871962860032E-025
   23.1762946553963       1.236278603944071E-025
   23.2117779120899       1.543081231448725E-029
   23.2313335638126       1.199838939081546E-025
   23.2504596176824       6.268727601925057E-027
   23.4211106482406       4.061620789490295E-027
   23.7593250215154       1.198697620306701E-037
   23.7871553377419       4.106126118637315E-037
   23.9306270863866       5.573114259654631E-035
   24.0331755368435       1.815650751403441E-029
   24.0383010111702       1.682954389285368E-029
   24.2336156403199       1.004671221879461E-031
   24.8060995940992       2.061356070538583E-033
   23.0706831932179       1.102604388587875E-039
   23.1328768541009       9.046400498997973E-036
   23.1462792376908       1.866420398208028E-036
   23.2064120605755       3.037812808918406E-035
   23.2115629493242       2.587300003842238E-038
   23.2462485932009       2.407013064541388E-035
   23.2665900837935       1.807737625812450E-036
   23.2846917129066       1.226410810074151E-035
   23.4562941761898       1.543284895395217E-036
   23.7943127160427       8.024484401440002E-047
   23.8214132454597       6.358573682292033E-043
   23.9654660315394       7.218111457200814E-041
   24.0673174331004       1.978655485191452E-043
   24.0732816635648       1.679783881885394E-038
   24.2683953443480       2.347062506657663E-038
   24.8403604744388       1.751262477556485E-041
   40.1296311817813       1.520654308364845E-045
   40.1502872814206       1.395354033978526E-032
   40.2031339651200       1.313915923630821E-034
   40.2697959348771       1.370380913825392E-041
   40.3128348943959       4.633958193464893E-033
   40.3231445193105       1.587885235937976E-036
   40.3352260702212       1.633500033875957E-037
   40.3999222736317       1.091450348260312E-040
   40.5703665918050       7.463641026088027E-033
   40.8566432799258       3.614624225073124E-041
   40.9193826939577       9.969848425759119E-034
   41.0624409044748       3.203432452066943E-040
   41.1140985055553       1.421653870124864E-037
   41.1599691783963       1.216880383850305E-034
   41.3642876153314       4.048235174255427E-040
   41.9178166350034       7.495739428928686E-035
   51.0083230265305       4.526465446039369E-067
   51.0585886497244       2.320520249009112E-007
   51.1333721052389       9.127425992662930E-005
   51.2101772033984       1.659644616268533E-013
   51.2703100272207       7.329878834283092E-012
   51.3075068013727       1.294156536117797E-063
   51.3316898919573       5.981331803135255E-056
   51.4073091783860       3.434723145431145E-062
   51.5911686003680       8.179606299566699E-068
   51.7913192407614       1.038714901802749E-010
   51.9006689263372       1.015594284186761E-064
   52.0337163479544       5.180320216950798E-006
   52.0592191098632       1.370982663764491E-060
   52.1444646485414       3.585200041961368E-066
   52.3701216313914       2.017086027575473E-068
   52.9090318925968       4.559784420895180E-070
   51.3024275689906       2.877699425142699E-039
   51.3624899064003       5.220855909479735E-033
   51.3778729631640       3.757578044598037E-035
   51.4435280031582       1.806858955075305E-032
   51.4972405964515       8.769555414850651E-040
   51.5247808816728       2.387860100939154E-036
   51.5619939817714       7.585002869716742E-040
   51.5929069505860       2.410890984584094E-035
   51.8242292946011       1.990419711998449E-035
   52.0658304735086       8.393440768101127E-040
   52.0971837786748       4.583699535397468E-036
   52.2899669837036       2.723382901455024E-038
   52.3268992899342       2.647375636272669E-034
   52.3331849886838       1.176437714094854E-033
   52.6000925381414       1.167751151807971E-040
   53.1330606843024       4.092289220428854E-036
   51.5633904509872       3.608192300078747E-043
   51.5927605059562       6.239999668514945E-037
   51.6507800369166       4.780163693118923E-035
   51.6784911666099       4.999693028003471E-038
   51.7329623085272       4.875225277127458E-036
   51.7491679934992       2.588778911196797E-032
   51.7641655949970       5.933322710256088E-037
   51.8122144739117       1.914760929240295E-032
   51.9439920126415       3.572347443188593E-037
   52.2869065660095       1.527633593894779E-040
   52.3539609086953       1.019215266705274E-037
   52.4759577353683       1.099885751049157E-034
   52.5534733177077       1.336002967632717E-038
   52.5989487611795       3.717655584979470E-039
   52.7684344457951       7.490132648406504E-036
   53.3575100810214       2.210766035637884E-039
   74.2595879742748       1.171317378857629E-010
   74.2645929811999       1.870095743465631E-064
   74.3280588089623       1.711285351266420E-004
   74.4448233312601       7.951176461118677E-015
   74.4512946200037       2.714760011539876E-064
   74.5067001165615       1.805149911780832E-012
   74.5196946772111       4.970009013067617E-057
   74.5936095593140       8.446177123017848E-061
   74.8169839837180       2.934578851452376E-066
   75.0013803459646       2.685862393371038E-014
   75.0724909418867       6.103685060532064E-059
   75.2636682854186       4.396823562589328E-061
   75.2713400996328       8.498813993955541E-009
   75.3268498190103       1.510487445958304E-067
   75.5896478291491       5.500143614708683E-073
   76.1209660618527       5.602630624891095E-069
   74.2770029011871       3.290744390071484E-066
   74.2992182412551       2.057428781476886E-012
   74.3837933036831       1.247434134900069E-008
   74.4280434780767       4.276623303072529E-012
   74.4746314380785       4.566242243696855E-008
   74.5319257169917       3.067996276964600E-057
   74.5447350606298       3.626187304945295E-063
   74.6054859918891       4.838148033136015E-062
   74.7507406635312       1.899153476762757E-066
   75.0130441544311       5.614865298186775E-018
   75.1150867244882       1.695378166591577E-061
   75.2455226813512       2.944259462327537E-062
   75.2822078380713       2.857401429246108E-012
   75.3763162762386       1.415779906760469E-067
   75.5616371756639       3.532089530396273E-068
   76.1356502293312       1.236010172344432E-068
   74.2498347397786       4.824933732144443E-028
   74.2814764598763       1.340722521061801E-030
   74.3571686973443       6.846662321290532E-028
   74.4400778982362       1.197691049722118E-029
   74.4966027339362       2.169408673412548E-027
   74.5199779573495       5.989605476413763E-030
   74.5492077670664       3.211400222247772E-032
   74.6241532767602       4.531577615413945E-029
   74.8125203305684       1.072460591635360E-028
   75.0071292021362       1.446811187895846E-038
   75.1103456466205       1.242827514621866E-037
   75.2726188400729       9.377170277422200E-033
   75.2739509535234       2.141245981592852E-032
   75.3686853061325       4.173463477611377E-032
   75.5970937059512       1.919508982966192E-032
   76.1422448867449       5.343700410133823E-034
   74.3818192626565       5.299004513306991E-032
   74.4443473313998       5.104405827576353E-029
   74.4667889765855       1.533178077779140E-027
   74.5362996313915       1.006252687582409E-029
   74.5444140308164       1.300692228087124E-027
   74.5754393109628       4.912568370570590E-033
   74.5978716327046       1.819660253926536E-027
   74.6358947042825       5.423802896781768E-028
   74.8188480276086       7.067433338122392E-028
   75.1213774530235       3.277991207612493E-040
   75.1566362253004       5.155748850266538E-038
   75.3142061283516       2.397435355957272E-037
   75.4047294829124       3.133712643752005E-030
   75.4119274842015       3.918220437728394E-030
   75.6294278240675       2.857341056092728E-032
   76.2007519650280       4.753462423750237E-034
   74.4180942430260       9.725408679259765E-042
   74.4818949223735       1.360028797406053E-036
   74.5026761631678       6.125999706146808E-037
   74.5754306338027       1.452369888240152E-039
   74.5784646994306       3.550029169428364E-036
   74.6127981591095       5.427615919283216E-036
   74.6372348320342       1.557312214800369E-036
   74.6731476115831       1.869545261781694E-035
   74.8595110724682       2.021504006604341E-037
   75.1591152230275       9.296675526269981E-047
   75.1927085054864       1.159303202704204E-044
   75.3529457214405       1.197867670694081E-038
   75.4425336074240       1.269120381997203E-039
   75.4477517358158       3.414911813015644E-042
   75.6684814183959       1.542356124975288E-038
   76.2379903045486       6.255560133019282E-042
   92.4997919180312       5.310932717611831E-044
   92.5249673254539       5.129724951694879E-033
   92.5835324936720       2.329991222825125E-035
   92.6526831712749       8.241012892924003E-042
   92.7000501335764       9.795878454863494E-034
   92.7144140100375       4.750676517690504E-037
   92.7234727522540       6.216117986326077E-037
   92.7963650803303       1.343577252967283E-039
   92.9782618736128       3.069756894171164E-033
   93.2338098717422       1.864843963311468E-040
   93.3020155730219       1.326094099165317E-033
   93.4578242453678       1.229116829544027E-042
   93.4995436881904       2.922179156760555E-036
   93.5479600112229       3.046068341047275E-034
   93.7677780261331       4.620886326179678E-042
   94.3175275444459       1.050693778415140E-034
   150.855767354092       1.431551585037551E-066
   150.878173683348       7.139446636471350E-009
   150.964918514457       2.352433644528727E-005
   151.044622355390       3.100600117501998E-015
   151.108630847550       2.056059252469616E-012
   151.132644684179       3.529293055241365E-064
   151.158141394872       1.188758489656969E-056
   151.240007950740       1.780123853900963E-063
   151.434153820904       1.234058665724280E-067
   151.605993708580       1.318117838092626E-010
   151.714898877594       4.240409690145061E-063
   151.865139460224       1.525758680477121E-006
   151.885284064113       1.129386404103808E-060
   151.959718012759       2.319772635670624E-065
   152.200704104193       2.991214870821967E-070
   152.728581703513       5.243348231313340E-070
   151.093687000186       7.643302358076833E-040
   151.154762187869       9.491740932561155E-034
   151.181466248799       4.619824956389451E-035
   151.265695459717       4.227817697226959E-033
   151.292964201751       1.305336111558856E-038
   151.333405490227       6.993211579017772E-037
   151.364288513005       1.205292230873727E-039
   151.409073008469       1.889916424384187E-038
   151.641206875240       8.449798956548594E-036
   151.849611505887       1.011633855531529E-038
   151.889411871970       1.120122123782482E-036
   152.090180324714       2.478742916766950E-039
   152.121557102556       1.650478150772968E-033
   152.129637065574       3.163255042444638E-033
   152.405349402833       1.547094659386165E-040
   152.928517185197       1.036303105400789E-036
   151.319774959902       4.990517202393208E-041
   151.352884853452       1.787004294155177E-037
   151.415573543350       1.254441539779403E-032
   151.455397574904       3.123784036835746E-037
   151.520122772487       4.688938278515554E-037
   151.529194104886       2.062253648311463E-032
   151.535584704735       3.410872802234607E-037
   151.603686113039       8.957273244600088E-034
   151.761634862325       1.460207651026822E-037
   152.044322441386       1.276521515408471E-040
   152.115364760744       2.177214795464646E-037
   152.255015844777       5.329749886570037E-036
   152.315392340937       1.097649796464045E-035
   152.360882264081       1.663666258965196E-037
   152.561808706367       3.082455003682321E-036
   153.126374629631       5.525515809320627E-041
   189.894468556611       4.890814879848188E-046
   189.922852048508       1.413309363456804E-033
   189.986263161607       8.604844233238928E-038
   190.057466505903       1.446889671410584E-045
   190.108343175636       2.300056661059943E-034
   190.125482230817       3.457040747263067E-039
   190.132300529339       1.356601162017925E-038
   190.211486911839       6.187040754856700E-040
   190.402087209317       7.629418148754457E-034
   190.628161337149       1.304900128693013E-042
   190.700479589997       1.007378159591273E-035
   190.866466496428       7.161247265547389E-040
   190.899733972870       1.347740803104149E-037
   190.949568506495       1.497480137488025E-035
   191.182356118316       8.142850548672679E-042
   191.723870400405       1.483604588826263E-035
   193.427278610662       3.272754133046368E-016
   193.447718050582       8.979451666883329E-065
   193.514597360906       1.405546882911066E-005
   193.619752438714       5.247226345245440E-018
   193.641560369296       8.820242328752244E-064
   193.688334630401       3.657811103780488E-014
   193.697327109315       5.355832106369895E-060
   193.778300736628       9.860317277038729E-065
   194.001181627387       9.420418979078489E-066
   194.168993344698       3.484326934086644E-015
   194.243864131326       4.645722215077571E-059
   194.439756393241       6.469768272820097E-063
   194.444725413815       9.758240505300661E-010
   194.498834858043       9.336639615234578E-068
   194.765511846338       2.548447913349730E-070
   195.290198542199       1.598508349702018E-069
   193.460107684909       4.748899188423431E-049
   193.462944175336       1.161845982510028E-015
   193.557005962843       1.176073392637754E-010
   193.607534287639       5.447233379438088E-016
   193.670469675447       5.118312655952668E-009
   193.709837806774       4.749750812120413E-054
   193.712123576801       3.201436500547657E-055
   193.790869827794       6.728771416354688E-050
   193.957710505411       3.778969043337206E-049
   194.181135188690       1.002320719430633E-017
   194.280819753630       8.166342515921354E-061
   194.428412178773       1.491839451597830E-057
   194.456123869975       3.851911096777428E-013
   194.537909783672       2.966693874617666E-054
   194.749305410424       4.983879708493496E-054
   195.304702159828       3.612255987678663E-055
   193.441180707498       7.308950018931390E-029
   193.447176192041       2.555902304818044E-032
   193.536656057132       1.283240657089760E-028
   193.618712969256       4.081794192350837E-032
   193.684281504344       5.820370246183221E-028
   193.691517767047       8.076611364044066E-030
   193.721040578027       4.404972646287810E-034
   193.803169136814       6.244711606247489E-030
   194.001608593520       1.668361163911494E-029
   194.175507832846       1.123973479548344E-037
   194.274582772827       5.265868491749944E-038
   194.448753543814       2.517343758003126E-032
   194.449576054374       1.091541124568239E-034
   194.530692503473       1.981560307705085E-032
   194.774004294588       4.437841631100320E-033
   195.308169248719       7.790146812871434E-035
   193.535186524872       8.761171828552978E-036
   193.593346129301       2.530450627135723E-031
   193.629768574266       3.372530488531984E-029
   193.700839294971       3.821653417647179E-034
   193.724046159990       4.005478138721975E-029
   193.749889366425       1.124950011325836E-035
   193.770163245530       5.364600729484916E-029
   193.825439330106       8.604057728600081E-030
   194.017936511455       1.859942136568305E-029
   194.274143834165       6.442378544029730E-040
   194.320580701119       2.021740187534435E-038
   194.489213793884       8.821672396590317E-038
   194.556590751774       2.011161374940983E-032
   194.576116624771       3.472599428120102E-032
   194.809690985989       1.045087013297282E-033
   195.363610576825       7.390806956221285E-036
   193.567906475936       1.079863956103668E-043
   193.627742465788       8.059346817726843E-038
   193.662140070233       1.360011792846125E-036
   193.736800545721       3.296356980787896E-044
   193.754396856378       1.573923816541044E-037
   193.783898061010       6.258576849149604E-035
   193.806383629848       3.098072033010737E-038
   193.859384612444       7.071039095879021E-035
   194.055550649006       9.766874992821069E-039
   194.308517223516       1.515731390575102E-043
   194.353048156219       1.110710906602676E-042
   194.524846430556       1.931865063269720E-040
   194.591048785969       1.547804435795166E-041
   194.608462966013       5.167116853434917E-041
   194.845593374625       1.078268526960636E-039
   195.397571845880       4.603274421768584E-045
   367.936131065049       3.803717678171467E-044
   367.969391392063       3.206226055740814E-034
   368.034017152227       1.553461232389319E-037
   368.107167710435       1.097924612804993E-044
   368.157613651919       8.275431007355635E-035
   368.179500692520       1.477977356615541E-038
   368.181873329481       1.411078292878907E-038
   368.265411282870       1.260489597023584E-041
   368.462425760915       1.293449054493454E-034
   368.660732554913       6.601994854642894E-041
   368.733000915721       3.860792228642169E-034
   368.907106283440       7.499871169947757E-041
   368.937034180961       2.499484650126124E-035
   368.984001775802       5.692857970218653E-034
   369.227914145854       5.681072058122237E-044
   369.756287247992       7.928894311262037E-037
   392.267709807701       5.545023963780619E-011
   392.276536046779       3.845844696234236E-063
   392.366120805226       1.999595722219350E-006
   392.445651251219       2.452748414775084E-017
   392.515280792437       1.174459643566617E-061
   392.517453630308       1.695175484864882E-013
   392.541658066658       6.787346359865865E-056
   392.627348404189       2.333049355845488E-062
   392.829775173825       9.959437815316521E-066
   392.971114912983       1.904293439662555E-010
   393.064405429691       8.722785118960465E-057
   393.237973540415       1.707433350625541E-007
   393.245743893432       3.659975479667834E-055
   393.303817783433       8.945086528273304E-061
   393.562756432588       4.557151552767950E-068
   394.060584073804       1.343680930295167E-066
   392.458085625579       7.082285305628595E-040
   392.514574284338       6.927714090369983E-035
   392.556769936430       1.196563237483654E-033
   392.655821498700       3.395648224711897E-039
   392.657658478850       4.429372948775758E-034
   392.707386913350       1.019995864713131E-035
   392.731080612183       6.107092516379786E-039
   392.790354377003       4.923706589535373E-039
   393.014894703377       6.734692302914626E-038
   393.179112861377       4.675836354036720E-038
   393.228992906885       9.440278082928678E-036
   393.429397947966       2.425920472450540E-038
   393.451236889710       1.637325346994706E-033
   393.468145561773       5.542348555167927E-033
   393.746410275923       2.884526118098491E-040
   394.241222830297       1.504510995575647E-038
   392.648463177585       1.366238256257949E-039
   392.687095439882       6.322413827722692E-039
   392.750696088611       9.077145102333700E-032
   392.807472163581       2.553125436474309E-037
   392.872483661778       5.405641232527216E-038
   392.879151209097       1.221003437055487E-031
   392.880061303435       1.288159046003649E-033
   392.961869160146       1.541112999355071E-035
   393.144091668405       1.965770113588723E-038
   393.350651978271       1.095616835500380E-039
   393.420005959094       5.564221354162180E-036
   393.582491058799       4.229168182231753E-034
   393.622110743881       6.047934810142056E-035
   393.659753087791       5.128408526187062E-037
   393.896276007983       4.405073342325838E-037
   394.414867660416       1.095389607687511E-039
   481.930990798157       1.230594919317570E-015
   481.964148216324       3.676106424484697E-064
   482.030334985343       3.885306151387628E-007
   482.124281251069       2.850393791271438E-020
   482.156139657924       5.650947177360576E-063
   482.198334967512       7.453944953599091E-016
   482.198509707926       1.778670219501808E-057
   482.284292717304       1.230269647959278E-062
   482.502703455735       7.908846086173010E-066
   482.644082846436       2.289049877218785E-016
   482.715979558143       1.427569869690273E-058
   482.912400856647       7.718105018886109E-060
   482.920095310409       5.836748753250938E-011
   482.963781940335       8.020219093036975E-064
   483.236059064001       4.892509756697885E-074
   483.733703164215       9.123049659762035E-070
   481.957367362236       6.184278099308589E-019
   481.976553554163       7.794510550958352E-047
   482.059246401088       6.537549451734485E-013
   482.121738156409       4.033180439603635E-018
   482.193953681085       1.638123402529459E-010
   482.200945512133       2.754120517255985E-046
   482.210899492975       2.698449532727993E-050
   482.296738239836       3.363114050005766E-047
   482.483882921672       9.209958650289935E-047
   482.656450391586       4.599225939305600E-018
   482.743137074447       1.284753863523124E-057
   482.910821101554       1.495238924501703E-050
   482.931929539935       2.530078980434554E-014
   482.990769986230       3.881574428357618E-051
   483.232548933643       2.600304869083064E-051
   483.747621666606       1.212961235442584E-052
   481.945508497560       3.611542187180562E-033
   481.963738180899       4.624510353932068E-029
   482.045533659812       1.110503310871364E-028
   482.126888201078       6.105438222889101E-034
   482.186922803441       3.009128923289100E-029
   482.199792285922       1.762450658884472E-028
   482.215655493309       1.325499626367403E-033
   482.302007967436       5.445946454283764E-030
   482.507410597060       1.368428615295090E-029
   482.650825409745       9.172150230747059E-039
   482.737080685483       4.883510728167396E-039
   482.921721935652       2.205750835282850E-034
   482.925684840672       3.520412917303881E-032
   482.984735428384       3.799342981200848E-032
   483.244888581343       5.189782780135179E-033
   483.747519758424       7.127105311787610E-035
   482.018636720399       2.562532741000465E-044
   482.071419228206       1.275988536918415E-037
   482.120672193516       1.072605561630230E-036
   482.195050750470       2.801597392822766E-041
   482.228429744074       1.436226377727544E-035
   482.252504502998       2.803896704189997E-037
   482.269496805487       1.691607805687604E-040
   482.336404756408       7.161345298674818E-040
   482.537085421477       6.511287551269653E-036
   482.729746105340       2.830801312731578E-044
   482.784938982154       3.552819503661319E-039
   482.964486363235       3.414880603440974E-042
   483.008359996462       4.786541547854447E-037
   483.032936478556       4.336802012389480E-037
   483.286081164748       2.308318617637514E-044
   483.800505556973       1.109491007752671E-041
   482.046216086155       2.098863909479217E-041
   482.100476739643       1.398193379786500E-039
   482.148038255340       1.445298980265058E-034
   482.225306843311       7.823072943376930E-041
   482.254134593576       1.615148261067199E-039
   482.281133936223       3.235056642522380E-034
   482.299908401166       3.752723528319567E-038
   482.365001586565       4.163673057432651E-035
   482.568558352493       1.531049583636239E-040
   482.758679673359       4.390062299956636E-043
   482.812269080394       4.687009545713319E-043
   482.994457975257       1.533713797359037E-040
   483.037368155881       2.378373107217595E-040
   483.060290868161       6.367342557731306E-041
   483.316210142310       3.759620401159173E-040
   483.829094344221       6.073125763387468E-044
   688.969171153579       9.699807844141220E-046
   689.007847341957       3.228059557153567E-035
   689.072109015426       1.087493320236035E-036
   689.148401242692       3.419754240114835E-044
   689.195280351587       2.830818307774176E-037
   689.219938540195       5.420480410934612E-038
   689.223524343061       2.541352311027171E-040
   689.306402959566       1.926198437550789E-038
   689.509210891313       2.918114783427069E-035
   689.670101516911       6.555740860218828E-042
   689.739348556228       1.713890958450772E-035
   689.921781242669       8.620560635159591E-041
   689.946708353680       3.265780638124483E-035
   689.985746071576       6.322147493656152E-035
   690.244081634955       1.237307541945828E-041
   690.744918549797       1.032927044960660E-036
   1830.38873450342       7.100361036629020E-045
   1830.43554193047       1.646250475056257E-036
   1830.49733944816       6.989576228799735E-038
   1830.57938711051       3.762025827711491E-046
   1830.61772431784       1.254477755151264E-040
   1830.64278884943       1.100606179659339E-038
   1830.65625766764       8.785918056939202E-041
   1830.73191015283       7.622174250651383E-040
   1830.94141209642       3.575417751642968E-036
   1831.04883375759       1.405101360764549E-041
   1831.11017181673       5.043356557843005E-035
   1831.30424972546       1.068701847793932E-041
   1831.32396586518       4.498667994998932E-034
   1831.34751921451       2.556306378290476E-034
   1831.62751232142       7.280788498671070E-043
   1832.08528578240       1.588729119738445E-037
