           0  7.386888445303366271859853985847263E-0002
           1  0.281699597032738143899178805654616      
           2   111.406049746716744638623505934888      
           3   30599.8456141462531835370882421676      
           4   23750021.9360843744388572866741062      
           5   32514688696.0082390483810485090272      
           6   54581945471472.0356354605205608459      
           7   97303159858341815.8778606590921688      
           8   176642443424806980657.227546304212      
           9   322561238665334647900151.858285168      
          10   590201787071940417382849515.393000      
          11   1080683206418176412287703634717.24      
          12  1.979287973687127037746474773754606E+0033
          13  3.625444127485055509043923889737248E+0036
          14  6.640931162223640245843200319216700E+0039
          15  1.216473267515832489227364794893300E+0043
          16  2.228324128568318696477903446837091E+0046
          17  4.081830795312806387138442326002506E+0049
          18  7.477078893722164042904129986252651E+0052
          19  1.369648310211760810321742962534430E+0056
          20  2.508916653366057617353806420367289E+0059
          21  4.595824545928886089039482296887668E+0062
          22  8.418615490026925554030922435895330E+0065
          23  1.542119154846769111945686765735179E+0069
          24  2.824848827726156320867836914624212E+0072
          25  5.174549109124189892385990244772811E+0075
          26  9.478723090210329177768408449234773E+0078
          27  1.736309656390291889843680901787930E+0082
          28  3.180566984367644043814312405992039E+0085
          29  5.826153648950226026818926061685560E+0088
          30  1.067233237945748812756777361846403E+0092
