                   414
  -19.2163199590861       7.179338241599730E-080
  -19.1712712529995       1.298173939969969E-069
  -19.1233532078895       1.537600521759341E-012
  -18.5332994709894       1.062144775162067E-072
  -18.4885572287948       2.211577851081682E-008
  -18.4408628095747       3.873788135679038E-007
  -19.1707327213515       4.909984528726161E-075
  -19.0569751125156       2.183224127025898E-065
  -19.0163084350657       4.673021447443406E-008
  -18.4931839452775       4.360137306781581E-069
  -18.4558659660997       3.480355841489605E-015
  -18.3396374618646       8.558911997479029E-004
  -18.8387635854316       4.921760782436438E-072
  -18.7557743358295       6.319498823918352E-065
  -18.6925310650551       2.968160660076480E-008
  -18.1872393332493       6.029072729535030E-070
  -18.1273757887313       6.916025557734913E-009
  -18.0419156117467       5.170939896282303E-004
  -18.8056193774207       1.983762380862134E-073
  -18.7643140184408       1.244516106631623E-068
  -18.7035045523040       2.971015220118939E-011
  -18.1507828119655       1.851074713148769E-068
  -18.0931097678192       7.664349565198649E-006
  -18.0492868929218       3.076217233880336E-005
  -18.7142052828449       0.000000000000000E+000
  -18.6720302557715       0.000000000000000E+000
  -18.5930473716319       1.641987581497119E-012
  -18.0456061778581       0.000000000000000E+000
  -17.9696282928060       8.149988117259806E-008
  -17.9246560343681       6.995725919914633E-007
  -18.7223305702360       1.156506679970039E-038
  -18.7212899961210       1.634578582154024E-038
  -18.6404976181366       1.333475886913140E-040
  -18.1107076121465       3.306540304255211E-045
  -18.0268097630844       7.078008298451260E-034
  -18.0261613486315       5.902843741322022E-034
  -18.6023648996789       3.409415733685886E-075
  -18.4595489547741       2.851263423585682E-065
  -18.4274523591826       8.038661993076334E-008
  -17.9015955784110       8.009800630751163E-069
  -17.8724622290145       4.687529683378679E-013
  -17.7267899357368       1.054386534490421E-003
  -18.5373744202164       0.000000000000000E+000
  -18.4831484274424       0.000000000000000E+000
  -18.4267881055376       1.675017793807300E-010
  -17.8795004581877       0.000000000000000E+000
  -17.8265826328102       6.845263509260029E-008
  -17.7699722017592       1.077462872455417E-006
  -18.2907566895192       1.505449189358758E-045
  -18.2086209154033       5.647837394948891E-041
  -18.1998543502799       0.000000000000000E+000
  -17.6226248592436       8.554241863181773E-041
  -17.6173569368078       0.000000000000000E+000
  -17.5329033345183       0.000000000000000E+000
  -18.2211990338191       4.423413120276848E-079
  -18.1886538416971       7.010086665267221E-072
  -18.1303415307241       1.489294643576041E-015
  -17.5745022258888       4.123931725953201E-073
  -17.5193447525644       4.291654663223711E-009
  -17.4841610609515       1.544464733830534E-008
  -18.1141181873913       6.372080398917462E-043
  -18.0813688611800       1.400089196948181E-043
  -18.0449521638468       0.000000000000000E+000
  -17.4654926458887       5.936981931103136E-039
  -17.4323252344779       0.000000000000000E+000
  -17.3970342605493       0.000000000000000E+000
  -17.7259446093693       0.000000000000000E+000
  -17.6781368843185       0.000000000000000E+000
  -17.6482186658427       7.930480146772891E-009
  -17.0686197107391       0.000000000000000E+000
  -17.0422575074576       4.500879833641855E-013
  -16.9922013410256       1.262248044622172E-007
  -17.6090634677796       0.000000000000000E+000
  -17.5373263849062       0.000000000000000E+000
  -17.5365812214972       1.192216006120502E-010
  -16.9348322427457       2.114567591501871E-008
  -16.9322707902166       0.000000000000000E+000
  -16.8605776798661       1.296910508100554E-006
  -17.5174267026971       8.165122717883603E-072
  -17.4547124333568       9.133204160307429E-064
  -17.3934616390218       2.434805652656826E-008
  -16.8651002376681       4.203375056024800E-071
  -16.8072577766309       1.076612904122838E-011
  -16.7421452353814       3.074288135676807E-004
  -17.3374154359457       3.367018441616280E-044
  -17.2880979541103       2.263037113340390E-044
  -17.2578280023281       0.000000000000000E+000
  -16.6743929885059       5.189808425430533E-039
  -16.6473242716997       0.000000000000000E+000
  -16.5953838982912       0.000000000000000E+000
  -17.3544827904822       7.604696356944067E-045
  -17.2600600935220       3.371493870408611E-039
  -17.2544450759042       3.576589701789435E-039
  -16.6632282402509       6.570611749201792E-040
  -16.6607175382517       9.877526094833422E-044
  -16.5635845742320       1.057090484531950E-040
  -17.0790175242998       6.321493361284521E-080
  -17.0173840065518       4.845567811284541E-069
  -16.9633547171253       9.912798845917928E-014
  -16.4128117868259       1.209720077597754E-073
  -16.3618812302874       2.904669390204280E-012
  -16.2975303051673       5.927906401397660E-009
  -16.8624992461178       1.355585730269208E-078
  -16.7966292344810       8.494454750701555E-069
  -16.7468052148276       3.430256780814382E-012
  -16.1731101957252       1.267329143315574E-073
  -16.1265452056523       7.207174386413835E-009
  -16.0581134959351       1.604962278008114E-008
  -16.6668389503034       8.452979987184304E-076
  -16.6015751165389       5.991493602151583E-067
  -16.5553189736609       2.000642298521887E-010
  -15.9755785708562       2.432164080593786E-072
  -15.9322282245930       8.371408007006033E-009
  -15.8640513415861       9.095251819627501E-007
  -16.6501011331226       1.907460953628957E-073
  -16.5304252898598       3.966873643715661E-062
  -16.4966170822331       9.297344509528435E-008
  -15.9525133752711       5.237896898534553E-070
  -15.9215983169905       1.223782375000107E-011
  -15.7989988283184       6.516242156722587E-004
  -15.2793247061834       7.684081692586237E-040
  -15.2237127332409       0.000000000000000E+000
  -15.1683094086261       2.941883659056015E-042
  -14.6359186455953       0.000000000000000E+000
  -14.5775966027475       7.074074940452720E-036
  -14.5219987656508       0.000000000000000E+000
  -14.7277917133842       8.415756643734770E-075
  -14.6545031369750       9.752819764476672E-064
  -14.6240130848563       1.930776561480615E-011
  -14.0574650961672       3.258103073736004E-071
  -14.0300464600421       1.251411168069868E-007
  -13.9540003912916       8.839889212489469E-007
  -14.6558602410883       5.161535943887433E-042
  -14.5830444160379       5.306283997975084E-041
  -14.5479380580824       6.910861153295541E-041
  -13.9793619036553       6.443350886530284E-038
  -13.9471666105442       2.847448793541777E-050
  -13.8714397646184       1.651296670322571E-042
  -14.6533402397934       6.935952276515182E-045
  -14.5309189158532       1.826353605952306E-036
  -14.5223866303453       1.885756197778308E-036
  -13.9508366772208       1.013725374870462E-040
  -13.9452649216973       3.979892083609622E-047
  -13.8199823082945       3.663233536632623E-040
  -14.6647055364013       0.000000000000000E+000
  -14.5615036522502       0.000000000000000E+000
  -14.4948404930344       6.586212801884641E-009
  -13.9934395872700       0.000000000000000E+000
  -13.9298432224662       4.228292902830492E-011
  -13.8238883606124       5.655974656019469E-004
  -14.4997467526094       0.000000000000000E+000
  -14.4015115140087       0.000000000000000E+000
  -14.3412125793814       1.302640352231475E-011
  -13.8216775961515       0.000000000000000E+000
  -13.7643364711585       5.762025083274163E-009
  -13.6632377339881       4.580544411430055E-007
  -14.4432911059972       0.000000000000000E+000
  -14.3926515995938       0.000000000000000E+000
  -14.3046209219537       4.359136599808272E-012
  -13.7958364363570       0.000000000000000E+000
  -13.7106942309744       7.363516799426736E-008
  -13.6571213494660       2.676875261664858E-007
  -13.9479095970345       2.236560754580072E-075
  -13.8125612736832       6.701360660469647E-065
  -13.7716006775980       1.959245030145164E-007
  -13.2492216853862       3.926265936230839E-071
  -13.2111104561160       8.904368365448279E-012
  -13.0727904398280       9.310967891112238E-004
  -13.1143853439742       0.000000000000000E+000
  -13.0143287150103       0.000000000000000E+000
  -12.9755604752156       9.246700187471173E-013
  -12.3889916485000       0.000000000000000E+000
  -12.3531537059654       2.097989081564877E-009
  -12.2502057629181       7.312437465366316E-010
  -7.81696981264610       7.940707047671126E-045
  -7.70458458651374       4.717415270042313E-047
  -7.65788575263287       0.000000000000000E+000
  -7.13041665993415       2.629419396204993E-040
  -7.08653993498382       0.000000000000000E+000
  -6.97115300461729       0.000000000000000E+000
  -7.80219334595470       1.362731601420356E-047
  -7.68224005172169       1.147582453934821E-038
  -7.64149879217350       1.771702311740069E-038
  -7.11106119464960       3.034891062936374E-043
  -7.07315246719676       2.521300042342279E-047
  -6.95020752638075       7.527100450152517E-040
  -7.79498157237954       9.023724828616682E-083
  -7.67727327831309       1.906689316396628E-072
  -7.63871126684250       2.663350430582025E-016
  -7.10363802541688       2.540796515510869E-078
  -7.06789875700380       1.914599999717508E-012
  -6.94718926568470       1.767728400944238E-011
  -7.68012349167051       3.713748175176236E-082
  -7.56768364601348       1.333553350012121E-072
  -7.51305863720316       7.738403718982959E-017
  -6.99600789216652       1.596748383339228E-078
  -6.94421989480352       1.745604813334139E-011
  -6.82879323954231       1.743323713422334E-012
  -7.61898171790057       1.148315868235468E-076
  -7.50508050594738       1.898947996905434E-066
  -7.45232499773394       2.426705344024993E-010
  -6.93255097553805       2.555532330170685E-072
  -6.88261559827150       2.189921144963733E-014
  -6.76571061122256       3.266951112145256E-007
  -6.76256428909078       9.323526597414655E-082
  -6.66271597270046       1.615641470170644E-070
  -6.61566086946283       1.311668532586987E-014
  -6.05296962437527       1.216730988302305E-076
  -6.00892196256379       1.525557997964473E-013
  -5.90625891360137       3.362044406606872E-010
  -1.21364753799298       6.655453924239644E-040
  -1.07469952722882       6.651564960507941E-043
  -1.02992278224833       0.000000000000000E+000
 -0.493944735537703       1.995750066657483E-036
 -0.451931430757437       0.000000000000000E+000
 -0.309921504560226       0.000000000000000E+000
  -1.01300528051157       2.932152282159846E-075
 -0.887329839462243       3.377479370289524E-065
 -0.814371512367682       6.199017947192236E-010
 -0.307353272063217       1.115099612526324E-070
 -0.237170865189015       1.182229670935433E-007
 -0.108444298315302       1.042134758229709E-006
 -0.889384547386449       5.703720209137576E-073
 -0.751285840372088       7.556984746555811E-062
 -0.688458485178803       1.455944348622881E-007
 -0.176450257168472       8.218300806774344E-069
 -0.116420808679763       8.457762710602482E-011
  2.470334585857259E-002  5.308721034289180E-004
   4.46650105721563       7.466321339210343E-084
   4.58178866494510       2.509589862069975E-072
   4.63482746579663       1.623727550856525E-017
   5.17918571482427       3.103773571203846E-078
   5.22931616849322       4.687765740955634E-011
   5.34751926901915       1.911282535814245E-010
   13.5939167194034       1.046734278016149E-043
   13.7534133433414       3.897034540006016E-042
   13.8169243631824       3.465258028864621E-040
   14.3088607338927       4.651054431175708E-040
   14.3696690711549       1.742023707461342E-049
   14.5322884331557       3.936538940587435E-042
   13.6242909415639       1.366535523483822E-047
   13.7558323071050       8.613977076263993E-043
   13.8324765376037       0.000000000000000E+000
   14.3260882674240       1.418515698429968E-044
   14.4000663202783       0.000000000000000E+000
   14.5347677975790       0.000000000000000E+000
   13.6220778821625       1.301516421183065E-077
   13.7694533384910       4.472951552203191E-066
   13.8459407181830       5.057001569553291E-015
   14.3298135639630       1.881050598907319E-075
   14.4036238253202       1.326365738735523E-011
   14.5541488439917       5.839179443421386E-011
   13.7205921241804       0.000000000000000E+000
   13.8628819925964       0.000000000000000E+000
   13.9117383726303       4.857573622731665E-015
   14.4322978213357       0.000000000000000E+000
   14.4784416937725       1.002510288132417E-013
   14.6238447929102       4.277157346362213E-011
   13.7859833196178       0.000000000000000E+000
   13.9296767763496       0.000000000000000E+000
   13.9774226576721       7.177215328791372E-011
   14.4987810543646       0.000000000000000E+000
   14.5438161443833       1.132180862544999E-015
   14.6906236875696       3.396640919692628E-007
   21.4213047508499       3.392433041880319E-032
   21.5325360685862       1.113356112901059E-031
   21.6403436364535       3.611707559558746E-032
   22.1016254873780       1.797073517100229E-029
   22.2066019261967       3.440526937805747E-029
   22.3208257376288       8.433251661862446E-031
   22.6474795516836       2.941426371431641E-052
   22.7955695001358       8.440167839533590E-049
   22.7992088085432       5.972358299887889E-016
   23.3538215445422       1.268545545869307E-038
   23.3542083117897       2.086901007547246E-009
   23.5048730356032       1.356790481751796E-009
   23.8674990099797       0.000000000000000E+000
   23.9235246275139       0.000000000000000E+000
   23.9676209995846       2.108638771616858E-009
   24.5452248023703       0.000000000000000E+000
   24.5865138489229       1.469289125277497E-013
   24.6455412711095       9.526816491070906E-006
   25.3707059896934       0.000000000000000E+000
   25.5251815674871       0.000000000000000E+000
   25.5683596499489       3.114528011566148E-014
   26.1229320731145       0.000000000000000E+000
   26.1635393060815       9.587911430693201E-011
   26.3212699208746       1.576200197246990E-011
   57.6153090793256       3.853750795710117E-042
   57.7778651824013       1.971099473167255E-045
   57.8753143594515       0.000000000000000E+000
   58.3537223146362       1.127219812862949E-038
   58.4485108236519       0.000000000000000E+000
   58.6142326616627       0.000000000000000E+000
   58.1350291855175       6.120590550339300E-076
   58.3158009375596       3.083898190007460E-065
   58.3709198392107       3.918014157745257E-013
   58.8887967204489       7.736590300262772E-071
   58.9411853170925       3.926987043940502E-010
   59.1250521245249       1.816707434306430E-010
   58.5430901974493       0.000000000000000E+000
   58.6837042336857       0.000000000000000E+000
   58.7580243316145       7.383522309292535E-010
   59.2785919106900       0.000000000000000E+000
   59.3502459197403       1.012101771607272E-013
   59.4940213990012       2.249833960096263E-006
   65.1050281442145       0.000000000000000E+000
   65.2557680628405       0.000000000000000E+000
   65.3227170328074       9.382601432421844E-016
   65.8405174098164       0.000000000000000E+000
   65.9047555233590       9.337625078333178E-012
   66.0586105141555       4.913550374088142E-012
   90.1190069311826       5.638343117131730E-044
   90.3039821343958       5.458239474020155E-048
   90.3798569659816       0.000000000000000E+000
   90.8593205342980       1.758434643141095E-044
   90.9325518462405       0.000000000000000E+000
   91.1207089870370       0.000000000000000E+000
   90.1509893698388       7.220061687153493E-046
   90.2969174721958       1.299761052745800E-037
   90.3925964443839       2.393229159917053E-037
   90.8722688603034       1.254128284707220E-044
   90.9653514203762       6.760685571255839E-047
   91.1145109893150       1.668976973251909E-038
   90.1428072092877       0.000000000000000E+000
   90.3110794310669       0.000000000000000E+000
   90.4066109591053       6.189509714143221E-016
   90.8722681109669       0.000000000000000E+000
   90.9651850276697       1.934833569497928E-013
   91.1366701043099       9.938722916557564E-013
   90.2214078942993       0.000000000000000E+000
   90.3838761677300       0.000000000000000E+000
   90.4372820016845       1.197793189957241E-014
   90.9589879357680       0.000000000000000E+000
   91.0097492496622       4.318543231937228E-016
   91.1753995219443       8.428888634840843E-017
   90.2765109862612       0.000000000000000E+000
   90.4418480609702       0.000000000000000E+000
   90.4934747139074       8.539388910661205E-013
   91.0157057998296       0.000000000000000E+000
   91.0646859212543       3.177584981091981E-017
   91.2332020314722       8.180737382803793E-009
   141.193073150618       1.807162874869176E-078
   141.353592870575       5.830855257895881E-068
   141.427393779981       5.416228760087170E-017
   141.929116448402       3.067192439324523E-073
   142.000246716971       1.265305844754967E-012
   142.163922142140       4.926709905805212E-013
   268.869938505628       1.247700921319070E-041
   269.046943380383       2.737260669485094E-045
   269.138203760216       0.000000000000000E+000
   269.581248162569       8.353964564733202E-039
   269.670022203938       0.000000000000000E+000
   269.850367776436       0.000000000000000E+000
   269.055834639374       9.464549216498937E-073
   269.247386700396       5.653672079495811E-060
   269.305723498534       7.839045276931725E-012
   269.780482971884       1.494599371631708E-069
   269.836294882504       3.569859842268732E-010
   270.031146992438       2.395066387005273E-009
   269.194234737679       2.987217543050669E-067
   269.356827514007       1.811354969148040E-056
   269.429966882270       4.081908812900120E-009
   269.904809910620       6.918327259396663E-065
   269.975459907076       1.236523335287584E-012
   270.141392539625       2.590856699132375E-006
   290.093741330357       0.000000000000000E+000
   290.263756886103       0.000000000000000E+000
   290.338886262577       2.302426664770574E-016
   290.821699080853       0.000000000000000E+000
   290.894243144241       2.414559798536029E-013
   291.067500112815       5.017181377900034E-015
   362.322691937311       4.259312416289299E-043
   362.513452752592       3.011838290679326E-042
   362.588124478448       4.406863856766385E-041
   363.037940448478       3.734318410151313E-042
   363.110126573387       1.077939395203305E-049
   363.304228255651       3.515562473257563E-042
   362.344555341406       1.354409454351569E-045
   362.511070890049       8.100408020921660E-038
   362.598184277861       1.548118909576704E-037
   363.048057903505       1.649863201726616E-044
   363.132717355251       1.446968816124132E-046
   363.302606767052       1.178800288580977E-038
   362.337879076080       1.944430775522526E-076
   362.518886872440       2.458644703350992E-067
   362.605512377195       2.455942795266459E-016
   363.046682554377       4.112630051586605E-074
   363.130840359593       8.549577181940340E-015
   363.315208024673       1.186293474970150E-014
   362.392446261446       0.000000000000000E+000
   362.568812080609       0.000000000000000E+000
   362.629537317103       2.724661637789596E-015
   363.105979346357       0.000000000000000E+000
   363.164220821826       1.719241389940403E-015
   363.343929963664       1.528485871243591E-013
   362.429074274415       6.399224501448418E-073
   362.607869466071       1.305621139637527E-063
   362.667110903720       7.758736490303327E-013
   363.143848127017       5.216206477413109E-071
   363.200602568554       2.869185224924368E-018
   363.382737357577       3.303724616626306E-011
   587.201691119014       5.731662838555887E-076
   587.380843021582       1.014657804379247E-065
   587.452972325006       4.563927950628156E-017
   587.905526945801       2.377185898721431E-071
   587.975207078255       1.081399395395393E-015
   588.157736951184       9.061273203103649E-015
   1638.90357268970       0.000000000000000E+000
   1639.09346801387       0.000000000000000E+000
   1639.15710001835       8.232134498866629E-017
   1639.56510191039       0.000000000000000E+000
   1639.62650632090       1.506316885338690E-015
   1639.82000168992       1.450498628435846E-018
