           0  2.302451652961973791606001303814668E-0006
           1  3.731635127586523557219042073137168E-0005
           2  8.293668036007827797689939490777324E-0004
           3  1.387727303883999665993740488684549E-0002
           4   7.13669957285678514994377703149766      
           5   2211.33899322009465966089940958284      
           6   758574.223720294495409451163217855      
           7   266065002.642797536316357611748757      
           8   94336244810.4799879303030103584460      
           9   33653926794924.7716749631130143852      
          10   12055861133643399.1102549654962928      
          11   4331837957904776268.30772186965482      
          12   1559989672798862824770.85766167947      
          13   562731335440486913632603.780037111      
          14   203248124679193222662470902.848825      
          15   73478451041667908874421209205.9107      
          16   26582621586601397475945376946325.3      
          17  9.621934466281952909064312906123369E+0033
          18  3.484141307241178181236401698283948E+0036
          19  1.261986323670772069520826494743993E+0039
          20  4.572006432293249358198637825868589E+0041
          21  1.656640715234865588922895062260150E+0044
          22  6.003455671517666392313508067900828E+0046
          23  2.175767624370651546387795111852454E+0049
          24  7.885914959380018643575224465332394E+0051
          25  2.858332404394156569936994019106752E+0054
          26  1.036069789686671954142326445007027E+0057
          27  3.755578906796880806731572157397444E+0059
          28  1.361361244168198369250081813314298E+0062
          29  4.934876225983131928935003929257032E+0064
          30  1.788891036154638454930310934827460E+0067
