                  1472
  -19.1417301953720       4.597089137201189E-038
  -19.0958081158825       7.586953042410327E-005
  -19.0915828090257       2.863229787300227E-037
  -19.0773610025062       1.309084325068447E-038
  -19.0469126422451       1.127582578367022E-008
  -19.0395075074072       9.739324524991277E-036
  -19.0170370954736       6.530338513526615E-005
  -18.9927747487963       1.524841577802330E-007
  -18.9055173073677       1.061336920114862E-004
  -18.4581284024084       1.603421049626217E-036
  -18.4152672143312       3.477977072219291E-004
  -18.3649190161033       3.093009763967695E-007
  -18.1915191010904       4.975489889599747E-039
  -18.1564024658615       2.180476267472452E-005
  -18.0738514540592       3.312680263092851E-008
  -17.4804457128657       3.827676718578097E-005
  -19.0800051225320       1.272871743157511E-036
  -19.0191571175323       1.028459168023542E-008
  -19.0040886085561       6.010284621775934E-036
  -19.0033808831363       3.575801698664131E-033
  -18.9580818085835       6.284658001370388E-005
  -18.9422758696220       6.978090498153376E-009
  -18.9203522767258       9.286107774677604E-035
  -18.8854149307869       1.293459622579878E-007
  -18.8092691055433       1.208584627958400E-008
  -18.4030709226062       1.986892389913726E-038
  -18.3678890361200       2.158023406578018E-009
  -18.2623179086832       7.235650488430672E-004
  -18.1183518373777       1.981902739674295E-035
  -18.0889234726826       8.134157822149143E-009
  -17.9850191242037       2.980453823202283E-006
  -17.4070907231586       1.657342896656149E-008
  -18.8677218997012       6.075267764621643E-037
  -18.8128468507202       7.466448004299553E-007
  -18.8074744309339       5.619026520969681E-035
  -18.7925914443174       1.120054646690485E-035
  -18.7462627664634       3.072380247288062E-005
  -18.7350020568680       4.766565915182140E-005
  -18.7298657233098       2.564992372093901E-032
  -18.7061194654250       4.649359787140158E-005
  -18.6196008852423       2.708239472542260E-007
  -18.2004023413653       8.609633758080669E-036
  -18.1520237504775       1.872326213299565E-006
  -18.0728782012202       2.760492806787000E-004
  -17.9168398969524       4.776270011706389E-035
  -17.8911604652228       8.102244975706011E-009
  -17.7945584676250       5.058707901910208E-006
  -17.2106355993256       7.711591483100904E-008
  -18.8345728440653       8.185626277736651E-037
  -18.8004826134069       1.063530956399467E-004
  -18.7882408560661       1.807759914354900E-034
  -18.7785950711402       6.095683123735510E-036
  -18.7427035951890       1.186289456081933E-034
  -18.7332825395190       7.809163014106529E-006
  -18.7199513209873       4.940348748676865E-005
  -18.7012374596589       3.769208711995317E-007
  -18.6206213209750       1.128753461816145E-005
  -18.1692163990041       7.037805230394385E-033
  -18.1216510283280       5.377518681163936E-004
  -18.0682390012160       5.942819102541554E-006
  -17.9055225830333       5.775403825212456E-036
  -17.8680335711100       4.782000280283766E-006
  -17.7939770415887       9.871027720054941E-008
  -17.2031580506961       2.349617723755643E-005
  -18.8264808545998       1.418805896621755E-037
  -18.7814991442234       2.744892455102160E-005
  -18.7635405756603       7.824750848185906E-034
  -18.7444869845327       1.034490687296087E-035
  -18.7196634254749       2.974329257606178E-007
  -18.7050560503246       1.847587553920848E-033
  -18.7019118907558       6.011068534574105E-005
  -18.6455693738047       8.469664567393030E-010
  -18.5562055841826       5.258949233546528E-006
  -18.1515494140966       1.895093849112962E-033
  -18.0909765270044       6.710442226985529E-004
  -18.0435426661275       7.946949505965580E-007
  -17.8713645095220       2.778371723372464E-036
  -17.8525301668534       2.647433043434654E-005
  -17.7290806450987       5.699658147519643E-009
  -17.1399449138168       1.294844769563053E-005
  -18.8594452174673       7.672251407064089E-005
  -18.8089946852013       2.971615887298159E-039
  -18.7944836671705       5.648327717135918E-008
  -18.7697323841189       2.261117691028712E-034
  -18.7337274324351       3.668515630824633E-005
  -18.7322042393019       1.294580373057470E-042
  -18.6978978466196       4.509417885617640E-037
  -18.6652685363977       6.724375361746255E-008
  -18.5897676161481       1.150046936069853E-038
  -18.1598879898067       1.585645505545420E-031
  -18.1249746067467       1.346438122541985E-003
  -18.0831688956489       7.590585805784342E-035
  -17.8936753702688       8.266308924343167E-005
  -17.8867222356761       2.167238840418604E-035
  -17.7704048750695       8.093188501043763E-039
  -17.1903224429661       5.988418493991331E-038
  -18.6855922022750       5.171088395664661E-039
  -18.6163198612468       8.138511970708292E-010
  -18.6013439362678       1.678596882848887E-034
  -18.5858391399888       3.074870656278830E-034
  -18.5563598307470       3.832770912991203E-005
  -18.5363563651000       8.316891858116105E-008
  -18.5059181139009       6.198861750420054E-036
  -18.4741510415072       4.411690364860489E-005
  -18.3826810471541       3.016957584690663E-011
  -17.9856814353698       4.977326383979342E-038
  -17.9631403599873       7.899378904554093E-008
  -17.8347677050249       8.117050593193750E-004
  -17.7059942472636       8.516468464458588E-036
  -17.6912997255133       6.091290711246534E-009
  -17.5560051845769       4.557084604565538E-006
  -16.9747565440623       3.013916974448128E-011
  -18.6574062709229       1.384307849712526E-042
  -18.5992830748311       7.084985334263417E-005
  -18.5900232028189       1.576764079629810E-037
  -18.5880379615857       1.770199089409665E-043
  -18.5526147259936       3.834454851354388E-010
  -18.5372668677860       1.557861285109628E-006
  -18.5331552279580       2.293901095180548E-037
  -18.5023290204132       8.991507415401437E-008
  -18.3979492789836       1.616158460100387E-004
  -17.9756200547311       7.153347067076115E-039
  -17.9408959266082       1.678179353234772E-005
  -17.8741401829113       5.568856220248795E-008
  -17.6978082873734       6.492572918661504E-040
  -17.6807412630692       4.825646448705841E-006
  -17.5738847394965       1.074284982135148E-008
  -16.9891238770883       2.714081154349721E-005
  -18.5934721597542       6.423023760538937E-010
  -18.5428111838415       2.180436387337158E-038
  -18.5235905109483       1.786885597161846E-006
  -18.5220331686997       1.722051434300768E-008
  -18.5074206790874       1.531427216034187E-032
  -18.4914805165331       1.159858033276395E-004
  -18.4646603063810       1.258994623562739E-035
  -18.4372857060556       3.291240145142140E-035
  -18.3622956679870       6.802330659870672E-038
  -17.9243456375467       7.668225743056059E-008
  -17.9066516702520       7.655171145244264E-035
  -17.8365218733354       6.046082250215211E-035
  -17.6509063532420       1.185645646020974E-009
  -17.6115119045142       7.330537532587595E-038
  -17.5391400762989       4.163371579148649E-037
  -16.9523260624990       4.595349561033080E-039
  -18.5588194075446       7.836621505571224E-043
  -18.5305311764685       2.957618035107394E-007
  -18.5014837635455       5.727740395670127E-039
  -18.5009894957667       1.045492697933794E-039
  -18.4580757383674       3.814415203893257E-009
  -18.4490956831307       3.782615355880274E-036
  -18.4245698235779       1.562403372653066E-004
  -18.3924740980590       1.015863795736142E-007
  -18.2941123160987       1.492661411211173E-004
  -17.8771473599421       8.828231462354487E-039
  -17.8386047643727       1.038754357519481E-006
  -17.7775057664380       4.668265562276658E-010
  -17.6164518149984       3.752730335868842E-039
  -17.5731308984465       2.188172300096265E-005
  -17.4699021936990       1.910273870647548E-008
  -16.8856024205324       4.232258649514453E-005
  -18.4748575229157       3.140256400632810E-007
  -18.4390429494765       2.419285348495156E-039
  -18.4245687215892       1.432969109576587E-006
  -18.4209351157632       1.210844690257535E-004
  -18.3903245995474       3.996998120978713E-035
  -18.3708867490141       1.275808467782545E-007
  -18.3563743984309       9.258723762611560E-038
  -18.3255489689066       1.038784402247780E-037
  -18.2304076682006       2.317084831426777E-039
  -17.8118251649634       7.664055804724755E-010
  -17.7811038145099       1.998333286727036E-036
  -17.7264988199251       1.999395761670855E-036
  -17.5387145107804       8.284090630663167E-007
  -17.5065652198758       1.094635406184223E-037
  -17.4088758611619       1.102613662170311E-039
  -16.8257645702223       1.401448143474845E-037
  -18.1927559119851       5.813650922124482E-039
  -18.1365966092514       3.451219686074704E-036
  -18.1146420289834       1.575436046638028E-009
  -18.1097529086896       2.518586899884653E-006
  -18.1071250703038       3.690619129560067E-033
  -18.0693498961789       6.018173963367954E-035
  -18.0569735055913       8.549682846168868E-009
  -18.0375679143769       6.329671013195138E-009
  -17.9509792100645       7.081918665089055E-010
  -17.5228342795479       3.622079710860853E-039
  -17.5001204012884       1.138037032001873E-008
  -17.4409436739386       8.424359989252726E-006
  -17.2225981458489       2.547415453519168E-038
  -17.2013481405099       2.930003394187974E-010
  -17.1201989026961       7.100610492474536E-008
  -16.5251281779843       9.644586884918993E-011
  -18.0930150939079       4.695026992084935E-040
  -18.0652256891578       1.665532948763802E-004
  -18.0492585807372       1.336937268041718E-036
  -18.0374016896598       2.663149283717112E-034
  -18.0065080181733       1.844227335998641E-006
  -18.0046086668316       1.103829022960414E-032
  -17.9832587835922       3.465441586037009E-005
  -17.9579164216216       7.664962743173243E-006
  -17.8676195803319       7.056973497983532E-007
  -17.4280581015158       8.732104106067803E-035
  -17.3966608019448       4.434577055116023E-004
  -17.3404223336595       6.654674122131234E-006
  -17.1678615378037       2.172790860065564E-037
  -17.1331068979389       1.116741227487394E-007
  -17.0455242386157       3.306245759017425E-007
  -16.4596076945053       1.165429517330550E-005
  -18.0670014687098       1.397703930840282E-035
  -18.0164273464693       3.423129900109685E-006
  -18.0112823721267       4.794987180850902E-033
  -17.9964293025059       1.497845987861726E-034
  -17.9523730958530       4.577454134336383E-005
  -17.9395062658907       2.936576587832799E-030
  -17.9379375445742       5.661831038689518E-005
  -17.9109136988346       7.732280900153684E-005
  -17.8281606944707       1.181245925567869E-008
  -17.4013236737560       8.861451773170037E-038
  -17.3538297922736       3.390824919794814E-006
  -17.2796616158021       3.743809938781935E-004
  -17.1216512540308       3.492001989369570E-035
  -17.0913675366207       1.509239608995029E-007
  -17.0039475623313       1.644913169523010E-005
  -16.4191662520726       1.678121115565007E-007
  -17.8550587388622       2.459032125559371E-034
  -17.8548904695276       1.283635270222006E-005
  -17.8345566377658       3.441913114406874E-004
  -17.8162099589668       1.102531755127292E-006
  -17.7815321259168       4.039912820244547E-032
  -17.7652634261680       1.514844303322129E-034
  -17.7480733936886       2.405921342097351E-007
  -17.7102182099453       1.467761431118333E-033
  -17.6047860589270       6.225265760365917E-037
  -17.1859764974661       4.000771148074997E-010
  -17.1598548310539       2.981895305342832E-034
  -17.1013919637515       3.494555297721531E-034
  -16.9454877348211       3.027237749054406E-006
  -16.9206519519534       2.896989776540530E-037
  -16.7905576333457       8.842153185921455E-037
  -16.2173997886913       6.590551473698576E-039
  -17.8753837728453       7.358584852593148E-008
  -17.8404688519290       4.065341563713289E-036
  -17.8032887509381       2.522309630534240E-006
  -17.7671518390733       1.617824476774530E-004
  -17.7660765172160       5.936796781324450E-030
  -17.7540342438279       1.827256499189857E-004
  -17.7427848565345       3.578529002351328E-033
  -17.7050894552339       4.044166523936201E-035
  -17.6044259947735       4.358792449804175E-036
  -17.1673726047563       4.674905056218445E-009
  -17.1657477018024       4.378601063980880E-033
  -17.0626234355051       8.878110486521613E-037
  -16.9295356766472       4.541214767152618E-008
  -16.9061547555328       4.505795309566794E-036
  -16.7807386520659       5.442388700912505E-038
  -16.1949917928550       5.765444799417332E-037
  -17.6896198587754       1.557771800309800E-038
  -17.6360564468945       2.371041142614848E-036
  -17.6347390592705       6.862920087378344E-007
  -17.6192714207909       2.006474127840310E-036
  -17.5813498756744       3.499030203841465E-010
  -17.5764040922237       2.255188786945228E-035
  -17.5688247355177       1.914356234828797E-004
  -17.5442006962585       1.274716891391798E-007
  -17.4574054787601       3.195185005980352E-006
  -17.0263738950122       5.796579360455835E-041
  -16.9820349617078       1.778108735652134E-006
  -16.9230716034248       1.588407520702080E-008
  -16.7438846764453       6.513300003616276E-041
  -16.7146116802013       2.158514763307172E-006
  -16.6343361629186       6.736005612546399E-012
  -16.0481340715814       8.169236411336346E-006
  -17.6321372670779       4.352107832137587E-036
  -17.5714174800730       9.997077080174356E-010
  -17.5631821419819       5.252521688071902E-035
  -17.5555370757432       2.125212062064384E-033
  -17.5192043667555       8.224762564559967E-007
  -17.5029219912066       2.362883812092242E-035
  -17.4956992779030       5.464653870856701E-007
  -17.4675710549847       1.378358815282314E-004
  -17.3740462853973       2.590025710103802E-007
  -16.9580079354899       8.158480080048542E-035
  -16.9218354725102       7.223682140855362E-008
  -16.8446272409996       1.444348438112290E-004
  -16.6729470849686       3.010612869096375E-035
  -16.6477953242037       2.692034629145328E-009
  -16.5484340953712       1.405294847221615E-007
  -15.9611557999909       5.817189240910444E-009
  -17.6782356309113       1.543314056916896E-039
  -17.6279099820500       1.275357056073750E-005
  -17.6133765059221       9.504529613708563E-035
  -17.6078601392841       1.984458691947787E-037
  -17.5597298741244       5.960681187976394E-005
  -17.5552100137640       1.425153172000044E-035
  -17.5525529688803       1.206654234920728E-008
  -17.5335057632658       7.545521924644201E-007
  -17.4324712236509       1.340951832752095E-004
  -17.0011590839681       1.027097248369317E-035
  -16.9544035550671       2.624405372023200E-004
  -16.8849638954092       3.738135008308356E-009
  -16.7299431894245       5.569456085192602E-037
  -16.7136439194027       1.324309728897309E-006
  -16.6070016619934       3.506724201057837E-010
  -16.0195967364162       1.422317488390125E-005
  -17.6530294928665       1.736671387442074E-037
  -17.6481714258962       3.783933727266388E-004
  -17.6319117544792       8.889015942040102E-037
  -17.5925927910017       3.459737453661301E-035
  -17.5762933162150       8.173315186467387E-011
  -17.5712614507527       1.686937354247074E-008
  -17.5312965283661       7.626421537238246E-034
  -17.4980826925739       5.662136438143745E-009
  -17.3791907585637       2.808381876812584E-007
  -16.9626084444190       4.729642232699002E-036
  -16.9424244130949       4.585582324077440E-004
  -16.8664115930081       8.256294159818210E-008
  -16.7292711196255       1.114015253682709E-005
  -16.7260140222975       7.397199622537858E-037
  -16.5587160168393       7.563735525003382E-010
  -15.9762054631959       3.348838518553011E-006
  -17.4005118650524       3.013156484802655E-037
  -17.3385015130537       4.169585787708168E-008
  -17.3271619259007       4.780587646386303E-035
  -17.3107717987034       2.254974074877106E-034
  -17.2724815625049       1.567646000716888E-006
  -17.2697302830557       6.745521955731061E-008
  -17.2428734653131       1.891280993696594E-032
  -17.2261314042973       1.533296621138385E-004
  -17.1193375537304       3.289905149732225E-008
  -16.7062649230414       2.903339338107801E-037
  -16.6801980496004       1.703593500600950E-009
  -16.5710065609955       5.180308377785699E-004
  -16.4315426251910       3.915124711150768E-036
  -16.4282590463248       5.430115773314105E-010
  -16.2915461041237       7.486794473343692E-006
  -15.7047741546027       7.209142121882671E-009
  -17.1206170414228       6.100823864930017E-038
  -17.1055449041051       5.198886213136978E-005
  -17.0783788027927       1.675745451179443E-035
  -17.0386157295857       4.330849190934649E-034
  -17.0065646883950       2.877852274116511E-004
  -17.0061885781844       1.132333773702261E-029
  -16.9967029430679       2.311646125660200E-006
  -16.9542627976061       1.143683712344990E-008
  -16.8338912079298       4.315691396313185E-004
  -16.4062535060016       2.954152674236890E-034
  -16.3583252837766       1.161244144403324E-004
  -16.2792555819739       9.320140058667523E-008
  -16.1706803040147       2.335067775788328E-037
  -16.1524868332733       1.387775800096915E-004
  -16.0015196937414       8.280683879211500E-008
  -15.4099480368188       2.036550684743173E-004
  -17.1922235726485       8.038565473093171E-005
  -17.1566715972250       5.088120916060587E-042
  -17.1128066287417       5.470246790495124E-008
  -17.0445096696982       1.734802749692122E-032
  -17.0356583144397       1.326340210023338E-037
  -17.0155750910880       1.206248542255259E-004
  -16.9871735009571       1.917152246544741E-036
  -16.9289286455623       6.782978329606758E-008
  -16.8641093966114       2.722978481832365E-042
  -16.4476361517409       3.910818456665766E-034
  -16.4241112466013       1.669060427969121E-003
  -16.3534113697353       2.183218013665841E-034
  -16.2086148921002       6.537827350343777E-004
  -16.1994052122050       4.936136809446799E-036
  -16.0588691528876       1.200384783797846E-037
  -15.4944390038079       2.303544149495146E-040
  -16.4049117443481       9.622527695417520E-036
  -16.3568896463631       8.288420886255230E-006
  -16.3548927973596       3.790709624334968E-033
  -16.3358002739644       1.707228697886013E-032
  -16.2993646171371       9.506197775734738E-005
  -16.2778543631221       1.200623788957617E-004
  -16.2731171960199       3.447937514903952E-030
  -16.2491712755125       6.103560186520436E-005
  -16.1749572096549       1.141551890200420E-006
  -15.7351600442267       3.706404231730251E-035
  -15.6887368770277       1.047607207712877E-005
  -15.6107552168060       5.011851415106930E-004
  -15.4639484260694       1.757022433766405E-034
  -15.4374964052066       3.006283699652041E-006
  -15.3500956818996       8.713838633613907E-005
  -14.7637672735945       1.158290956919037E-007
  -16.2728755174359       1.920663579329877E-007
  -16.2374693662396       1.150343715990509E-011
  -16.2196069680740       3.325666163986153E-036
  -16.2086302127432       1.041792079366859E-004
  -16.2075374679460       5.880228657123334E-030
  -16.1894787043423       1.722536900831635E-006
  -16.1601736689101       5.181219638569918E-042
  -16.1479531447132       1.403358411352535E-035
  -16.0768279234744       2.999958219196759E-038
  -15.6199263500144       1.054419628096558E-005
  -15.5934408590061       2.251001230921670E-034
  -15.5559127326137       1.865190252449836E-036
  -15.3372803936985       9.058379969942872E-009
  -15.3042347695774       1.136056764744284E-040
  -15.2494549333771       2.385498695717002E-041
  -14.6518646685481       1.726696863490372E-038
  -16.3415486319131       1.804627065881752E-036
  -16.3320414269236       2.861080315056397E-004
  -16.3136863461887       9.723633531108530E-034
  -16.2966103226650       7.845943335569769E-037
  -16.2702791361002       6.294468190955173E-032
  -16.2614493396662       1.374568582965408E-005
  -16.2459187181065       4.180435259050719E-005
  -16.2196537627932       1.291710083745560E-005
  -16.1340148952464       2.860851794627794E-006
  -15.6850824866361       1.131256982997417E-033
  -15.6477581972757       6.109041553147408E-004
  -15.6009478209422       9.649557658627560E-006
  -15.4369491679288       3.944049967435035E-035
  -15.3979395253202       2.436994984160353E-005
  -15.3147272640025       9.724112378911617E-007
  -14.7322037717575       2.649942755478407E-005
  -16.2830795672357       5.739716376576776E-038
  -16.2407197371594       6.500643464488400E-036
  -16.2308076968360       5.140152575242467E-005
  -16.2156866604891       3.642567100095017E-034
  -16.1982469593662       1.164118210744774E-008
  -16.1811782114883       2.060310294226361E-033
  -16.1762151087687       4.961319233574199E-006
  -16.1383464421346       3.364222653551652E-007
  -16.0574347720735       7.031502764665039E-006
  -15.6297128497803       5.937919212813058E-036
  -15.5841544307400       3.370447197545333E-004
  -15.5488601648799       1.186336494571025E-006
  -15.3448101506592       8.322441938587348E-037
  -15.3156157279696       2.478553089086809E-005
  -15.2409285833297       5.757641593708618E-008
  -14.6606952797898       3.863518656746200E-006
  -16.2421815133204       3.250578515707296E-013
  -16.1999650438283       8.809814445538162E-035
  -16.1904823429031       1.088757701404064E-006
  -16.1869497193054       1.615459356190163E-005
  -16.1656713806919       2.306203169505308E-030
  -16.1580625817478       2.648397379641248E-004
  -16.1412072764824       1.676460456795545E-033
  -16.1115044148195       3.436648936502820E-033
  -16.0414363981705       2.889318416639527E-035
  -15.5849046543105       1.502779008777266E-008
  -15.5648392638831       3.576466865508606E-033
  -15.5064922298817       1.036589923051887E-034
  -15.3192895631568       2.262119698589040E-009
  -15.2810199094838       1.496667171795498E-036
  -15.2253784782697       6.608399880626957E-038
  -14.6412092204802       1.411757189928289E-038
  -16.0322809223866       4.347850272999030E-038
  -15.9898241564382       1.185555020843622E-034
  -15.9652352152658       2.188675230544812E-006
  -15.9618450990256       1.758907571944323E-007
  -15.9578218572186       7.147475636678786E-034
  -15.9313762171825       1.815401159172914E-035
  -15.9151825223436       2.676950786152708E-009
  -15.8969499800258       5.604665050991826E-006
  -15.8239393034706       3.006078526383766E-009
  -15.3759125797153       9.101506115043395E-039
  -15.3553658460226       1.383967153200746E-011
  -15.3101654532754       7.691617187710239E-005
  -15.0806076917628       1.626029308132019E-036
  -15.0524589930897       2.080785158925321E-010
  -14.9985324793205       3.489975982690362E-006
  -14.4033727142205       6.407512099977169E-009
  -15.8838187244779       1.807455739547911E-039
  -15.8433200972490       8.756575766269176E-037
  -15.8120006791947       5.046753433831046E-010
  -15.8103739947595       5.290840100471064E-009
  -15.8067643028361       1.069563999715645E-033
  -15.7796687112626       1.012111377812844E-034
  -15.7669169279862       1.498300209859755E-004
  -15.7543462334029       3.312167792792078E-007
  -15.6832893097946       1.374008811644690E-005
  -15.2218926865689       1.393611209645880E-038
  -15.1969229235879       2.122338270710431E-006
  -15.1478605941308       1.652282986236784E-009
  -14.9310796948515       7.316074236650166E-040
  -14.9102032691288       5.806203853825176E-007
  -14.8518941078660       2.983620275314779E-010
  -14.2505990679477       4.273533373404237E-007
  -15.9465709492311       1.077342424440839E-006
  -15.9335342305831       2.170962044475122E-034
  -15.9185705327002       5.007308630292491E-004
  -15.9061011858267       1.176916998311005E-006
  -15.8712625505458       1.419886377929663E-033
  -15.8622860906807       3.047562575351491E-007
  -15.8574198116833       1.350760047168747E-034
  -15.8179417510751       4.504399801081076E-035
  -15.7271288302683       4.781840831196966E-036
  -15.2908844157681       3.104890326697668E-005
  -15.2605630857444       6.076945286112297E-033
  -15.2124102452724       4.273932769109645E-036
  -15.0403939236373       2.083882869635805E-008
  -15.0044710321464       4.920427571536935E-036
  -14.9141648922185       1.319811012879804E-037
  -14.3404653800607       7.093809270544891E-038
  -15.8206949457283       1.311735554019197E-010
  -15.7761061699777       7.852699494859363E-006
  -15.7639614195000       1.488222274094168E-035
  -15.7499590912271       1.462189089641540E-033
  -15.7458213754131       1.575271378251843E-006
  -15.7308640390730       1.632060784802230E-004
  -15.6933846793323       1.015644283421269E-035
  -15.6793965993523       1.739985160968059E-035
  -15.6165410969908       1.496901125446061E-037
  -15.1610783948574       3.520078485701949E-009
  -15.1360571099013       3.025231254507536E-034
  -15.0876570202682       1.543533094074143E-033
  -14.8800439250405       5.251293905324662E-010
  -14.8397960453101       1.172643465332548E-037
  -14.7891189013654       9.157806732650578E-037
  -14.1904597347236       2.144549013467207E-038
  -15.8670342444281       2.465359681698863E-035
  -15.8412095400792       1.279445512719476E-033
  -15.7982002095660       3.733506227363082E-007
  -15.7963908734180       1.100594276945096E-006
  -15.7932414453636       2.231342450838201E-032
  -15.7686049254975       9.367958835401912E-034
  -15.7647930487079       5.314876779060927E-008
  -15.7490208774038       1.429596722947277E-005
  -15.6890372840721       6.293250034840005E-008
  -15.2162792897445       4.912100420018197E-039
  -15.1849501976555       3.635845854814233E-008
  -15.1447811543698       2.743289132133246E-005
  -14.9269070546691       7.642390238510832E-037
  -14.9039600767012       2.147952124288441E-008
  -14.8653190882233       2.650903617007097E-006
  -14.2647498024464       2.345818524060580E-010
  -15.6110606522324       4.976874810534715E-038
  -15.5618927896538       1.587461105845281E-033
  -15.5517930517397       8.510333183399952E-006
  -15.5447942526119       8.632388238017229E-036
  -15.5260207919816       8.441647931524748E-011
  -15.5075031091699       1.296042451491154E-033
  -15.4991885366074       7.829373966014665E-005
  -15.4764162682082       2.675551964195072E-007
  -15.3925688120917       4.253065546563798E-005
  -14.9516010721873       5.319298844019510E-036
  -14.9213849965989       2.002274945899312E-004
  -14.8698583759389       1.507245476166184E-007
  -14.6665263686746       8.562084410961903E-037
  -14.6413722678008       1.289333672949432E-005
  -14.5696864122631       5.894822210924903E-009
  -13.9817515416228       5.279187292345791E-007
  -15.4921827498642       1.464691772428944E-007
  -15.4414224740519       1.939919800845106E-005
  -15.4406272486746       1.440053883897855E-032
  -15.4277452671144       9.136308994703452E-005
  -15.4241436515840       3.695224247588069E-031
  -15.3988316465068       1.860693411286778E-004
  -15.3756119181998       4.386161516849567E-033
  -15.3563768525006       9.534000613626229E-034
  -15.2815636165665       8.822316626989925E-036
  -14.8254816486821       6.763153794454863E-008
  -14.8098069082088       7.688726276062573E-035
  -14.7567084330181       5.114612443597452E-036
  -14.5535093919706       6.873950797053253E-008
  -14.5169500553663       6.633301510310805E-038
  -14.4592889385745       3.479339478630460E-037
  -13.8634965666389       1.345031511206594E-037
  -15.4922910617640       2.162288539748740E-006
  -15.4671097951379       1.059542496628122E-034
  -15.4603503077951       1.488276276016050E-006
  -15.4542469328096       4.465362773224498E-004
  -15.4285905131752       7.132412419622624E-033
  -15.4101974416364       5.371224245042712E-006
  -15.3969973084150       1.780270656817712E-034
  -15.3673270757250       8.008463021272667E-034
  -15.2856164026608       1.383173881853468E-037
  -14.8356694406666       4.699374815758537E-006
  -14.8085857162028       7.234410340169997E-035
  -14.7705302637985       1.282670923296253E-034
  -14.5751712246603       3.180780873574734E-006
  -14.5401567424017       2.103295843887949E-037
  -14.4649369902172       7.288309631101444E-039
  -13.8765966612580       5.563247287070923E-039
  -15.6275600117831       1.337463095961982E-036
  -15.6043388078729       5.682563913327084E-004
  -15.5652558655827       4.805916691142276E-035
  -15.5383981962393       6.715262892677825E-033
  -15.5323386863139       2.578721732852937E-004
  -15.5203420480088       2.363730808434299E-007
  -15.5027465517750       3.935175120477446E-034
  -15.4398561056417       8.242943381760278E-007
  -15.3388715139354       4.567136004004269E-005
  -14.9300455791185       2.862062765245798E-035
  -14.8832925363817       1.572389411449451E-004
  -14.8157763065912       2.003967082903393E-006
  -14.6939281788454       6.790413537693870E-034
  -14.6847947959717       1.856354567576465E-006
  -14.5304406747723       2.036897283170499E-008
  -13.9629010438043       1.968787270312984E-009
  -15.3953631294803       4.585874104171609E-036
  -15.3440983560065       4.830353834217579E-036
  -15.3336386836104       4.112146190561357E-006
  -15.3203651698311       6.555411980606843E-032
  -15.3096754418206       8.718105228028408E-007
  -15.2861233290104       9.767702392491432E-035
  -15.2673414629886       3.768090510794549E-006
  -15.2488430895598       1.223151368535449E-004
  -15.1784140558823       3.674210258564526E-007
  -14.7298527117896       2.385041505840645E-036
  -14.7015072637521       1.076580781233969E-006
  -14.6385803329297       3.372464197276780E-004
  -14.4467147706581       4.019069120352903E-035
  -14.4183536187488       1.041494081629226E-007
  -14.3478681700717       2.456487608293569E-005
  -13.7512144776859       8.708327194884000E-011
  -15.3393294942530       3.310309476615304E-007
  -15.3190939575984       4.333636447773655E-036
  -15.2868141234514       2.423419604487683E-005
  -15.2676484026432       4.671042877073999E-005
  -15.2511775015896       3.253100489225942E-004
  -15.2450785996290       7.661860994913710E-032
  -15.2190509516946       1.144345555479660E-033
  -15.1962966763233       4.164531479437697E-034
  -15.1097586837562       8.528513776968612E-037
  -14.6630463351459       1.264302567865695E-007
  -14.6413525818847       2.482848641070329E-035
  -14.5717987043805       6.279499060028930E-034
  -14.4189981159229       6.579917516979059E-009
  -14.3802519684614       1.251921337337643E-037
  -14.2880435977171       1.160660702467581E-036
  -13.7012497484438       1.523390196222850E-036
  -15.2247034443373       6.080520584303152E-036
  -15.1968205727904       3.713190521352029E-004
  -15.1686875019803       2.670071079026868E-033
  -15.1542430958958       1.243159805044128E-034
  -15.1478505849938       6.528872775831294E-034
  -15.1433624080695       7.205460266297803E-008
  -15.1120851083826       4.778886568079246E-005
  -15.0872945700157       1.560644368976928E-006
  -15.0189444442012       1.172422267350115E-004
  -14.5514799530198       3.689713400926058E-034
  -14.5356782462864       4.079579553901673E-005
  -14.4692503431461       2.193237864440310E-011
  -14.3072850053329       1.226439098562970E-034
  -14.2652490015444       1.471264674010408E-007
  -14.1964308502043       7.672684847859841E-010
  -13.6084228253324       2.852846457821140E-006
  -15.2005128228041       1.121445407348367E-005
  -15.1841659456954       9.889826084999357E-036
  -15.1570484319059       9.796636719490285E-005
  -15.1553069247424       1.176755502462181E-004
  -15.1184943155127       1.695008585457975E-007
  -15.1156797979609       1.177671411637990E-031
  -15.0877399251832       8.117620627874826E-034
  -15.0609897813420       2.527572782195036E-035
  -14.9804251165491       1.719041324305277E-037
  -14.5480861683102       6.386422878811424E-006
  -14.5137997001203       2.736098309848686E-034
  -14.4662707585539       1.295772699460099E-035
  -14.2909379777107       8.016514842260841E-007
  -14.2379334336251       2.686160270958213E-038
  -14.1683119334463       5.099959618019877E-038
  -13.5916427105509       3.617218483165400E-039
  -15.0756562437084       3.101017932173019E-037
  -15.0287919155435       2.405917051633550E-034
  -15.0137815347891       1.278473958872739E-008
  -15.0037528754880       4.174305708596441E-035
  -14.9816745302210       8.020419601582919E-007
  -14.9673392872091       4.031241865294678E-034
  -14.9604993288425       2.640782727550043E-006
  -14.9421318584479       3.405935518253975E-004
  -14.8600281161740       8.112820291226337E-007
  -14.4141023724392       3.495708522674384E-038
  -14.3771927567966       1.411543369850870E-008
  -14.3250047695155       1.624438728229394E-005
  -14.1289186981698       1.168836147794279E-035
  -14.1064826730435       5.242545007737035E-013
  -14.0341136022435       1.763704722772747E-006
  -13.4426803497294       7.158013008117034E-009
  -14.8446647866928       1.645356710990815E-037
  -14.8024019712068       3.219025305409067E-034
  -14.7862699651817       1.691058598631537E-004
  -14.7801164807208       2.341256336113093E-007
  -14.7757465573965       1.957532542653491E-033
  -14.7556790960536       6.059490856596406E-035
  -14.7278754248502       6.130836132629941E-005
  -14.7132035558222       1.725745718942831E-007
  -14.6430286083194       9.818913644774348E-006
  -14.1851125447291       4.066834838245630E-035
  -14.1652193216385       1.728505652900757E-005
  -14.1212420241165       4.333953312843257E-007
  -13.9030835442772       1.010496962279498E-035
  -13.8695189476739       1.435901539537013E-006
  -13.8156508924823       5.235336410704772E-009
  -13.2178898593444       3.347815325277767E-006
  -14.9045115705689       1.807059829466920E-035
  -14.8582007668355       1.662455927988644E-034
  -14.8465573039150       3.125157417060942E-008
  -14.8354818089899       2.922758268073230E-034
  -14.8107795482656       3.626524832088680E-007
  -14.7997625088914       6.313863406901663E-033
  -14.7920862825386       1.914344114090750E-006
  -14.7769043018908       3.128650917967612E-004
  -14.6938602846417       7.452282498825214E-008
  -14.2414816936917       5.443735832605521E-037
  -14.2052187101204       3.820814707172520E-008
  -14.1529956215260       4.181878898553405E-005
  -13.9605879792486       2.469120443140363E-037
  -13.9414087944016       9.536353443478903E-009
  -13.8647668695405       2.810637708467951E-009
  -13.2700856420398       3.397096988493622E-008
  -14.6466293404865       2.165244226940271E-035
  -14.6006294012644       3.543865495533086E-035
  -14.5812573241591       1.151771829804719E-008
  -14.5767715554460       3.608580977311520E-031
  -14.5688772236346       8.153652681055750E-006
  -14.5439243853397       6.234144741212796E-034
  -14.5330681043834       1.164855454035815E-007
  -14.5099930099173       3.615100562445145E-005
  -14.4347987900388       1.370938459524213E-007
  -13.9907108583097       4.051705494259955E-036
  -13.9645429472874       8.522630525835199E-008
  -13.9145818252550       1.808268228480805E-004
  -13.6994069719777       5.677841021312686E-037
  -13.6698771682302       1.353228952999061E-008
  -13.6129039797209       3.139827268268475E-005
  -13.0225259265603       6.060413001895501E-009
  -14.5952875988918       1.660270492339120E-041
  -14.5521797584460       4.109685187097924E-035
  -14.5375057368919       5.030860081863147E-005
  -14.5305147256411       4.556490464763120E-036
  -14.5174690982274       3.996721125014505E-010
  -14.4989872371937       3.919930498380766E-034
  -14.4876267960510       2.947917110152080E-005
  -14.4705565255546       4.280951002105037E-007
  -14.3887796112089       2.754353992603722E-005
  -13.9382814529504       1.031227650831001E-036
  -13.9087905602344       8.263169184482111E-005
  -13.8642672057710       6.686587781571152E-008
  -13.6554430602430       1.674430614451484E-036
  -13.6345608147628       8.882649680742508E-006
  -13.5638509030959       1.378983437298040E-008
  -12.9726609422401       7.277061525686779E-006
  -13.8138708463261       4.308969525310785E-038
  -13.7740584651540       4.585406318479620E-005
  -13.7702509636331       2.955339329467713E-034
  -13.7591790272219       3.274326286397571E-034
  -13.7262333468998       2.490719706161309E-029
  -13.7261820410137       1.035993659837461E-005
  -13.7056218995493       1.469844254328261E-004
  -13.6819915850367       1.988807191195335E-008
  -13.6050336115453       1.808579537602806E-004
  -13.1497185642971       1.545503186242032E-036
  -13.1107458414271       4.749973831406294E-005
  -13.0618493711382       4.287848410762880E-007
  -12.8860951616079       1.321933016308108E-036
  -12.8464502156514       1.231287696139753E-006
  -12.7859026004784       2.038788532829273E-006
  -12.1985939870050       2.164396124403990E-004
  -13.6251114232288       7.595365255574417E-036
  -13.5768554902261       8.623780810492648E-007
  -13.5711310710730       8.635065640791288E-033
  -13.5615594942952       6.456096257780720E-034
  -13.5371394663558       2.330412420116933E-006
  -13.5257509882775       8.545046560637728E-033
  -13.5068064780171       5.749937249451377E-006
  -13.4869784525778       1.565488775740663E-005
  -13.4076311688472       9.325868752916077E-007
  -12.9598075586316       2.020644402903991E-036
  -12.9318382946646       7.615079200554220E-007
  -12.8685400926017       1.459897265206587E-004
  -12.6896833160400       1.206086254886630E-034
  -12.6607938756495       4.495001436785900E-009
  -12.5833802034967       4.131326429312160E-005
  -11.9928961505456       2.289563334939073E-006
  -13.5681546432534       2.013143871351378E-039
  -13.5363679991766       8.335976613453347E-005
  -13.5161912583243       3.375311003147374E-037
  -13.4693919722669       4.772914984472104E-034
  -13.4560278058060       2.178905584917999E-004
  -13.4369185162097       4.211131413447278E-007
  -13.4360884595272       7.585562223154512E-034
  -13.4005668608729       2.957438173539251E-011
  -13.2683466074112       3.891206898636210E-004
  -12.8511293353079       7.777538074854817E-036
  -12.8135635234992       1.571335837761699E-004
  -12.7192365260272       4.724673255178304E-008
  -12.6090035642433       3.478325308491683E-004
  -12.6078375518104       4.117867859019922E-036
  -12.4410562945987       1.120332414653849E-007
  -11.8518269695793       2.952750563825983E-004
  -12.7066040721164       1.410699289463029E-039
  -12.6968319078084       1.655505306735657E-005
  -12.5973804802173       2.788966325898350E-008
  -12.5498670067124       1.880704556288193E-004
  -12.5046132308903       1.100654584370711E-038
  -12.4954236039423       1.449539202314648E-034
  -12.4405705713377       4.540926587994281E-008
  -12.4372480065539       1.141531033573913E-036
  -12.2928661604008       5.502479759553949E-040
  -11.9372832433805       9.606122301072171E-004
  -11.9147813650461       2.136799382077206E-035
  -11.7990722241664       2.648950257825608E-034
  -11.7283064756977       1.342335384649177E-003
  -11.6755797936521       4.679818940947177E-040
  -11.5026867539609       9.185949254914282E-036
  -10.9536415670539       2.824383969014800E-037
  -11.7279731268938       4.905278826948452E-004
  -11.7158581754286       1.320744862549593E-036
  -11.6889506090295       1.835499978422749E-035
  -11.6386754692444       6.002758263928265E-034
  -11.6249739564677       3.717889917776606E-005
  -11.5925341097120       1.795524564704222E-008
  -11.5912350549204       6.815370054036391E-033
  -11.5226645693779       2.512555695133994E-006
  -11.4061035831296       1.294348106549508E-005
  -11.0431192100298       1.229771934936192E-031
  -10.9885872253973       7.062476881939087E-004
  -10.9101159836921       1.006172788082935E-006
  -10.8121522272073       1.302032076522465E-034
  -10.7685087247270       4.158588421595553E-004
  -10.6207820846479       8.386302211300584E-007
  -10.0803944551155       6.359558310077114E-005
  -11.4489934047800       6.056426401314098E-035
  -11.4200735053243       4.667182955567427E-006
  -11.3935660576538       6.447069613188308E-034
  -11.3864186844061       2.906080901577106E-032
  -11.3272677109775       1.030463664413675E-004
  -11.3186239561502       2.129897854184866E-004
  -11.3141157367918       6.523968594967293E-032
  -11.2743917753038       9.320126328051408E-005
  -11.1992473494814       2.153661302613525E-007
  -10.7771109299631       3.750766351941009E-033
  -10.7242566311231       7.957903445794871E-007
  -10.6316968106809       4.030851607849009E-004
  -10.5207969685052       1.014105608100615E-035
  -10.4868464508373       1.929874224119877E-006
  -10.3815949999623       4.457670652251364E-004
  -9.80502287382918       1.015451488213586E-007
  -11.4338864037273       1.099890713583594E-034
  -11.4019341731021       1.608582147164641E-003
  -11.3793124145480       9.957891783232517E-005
  -11.3290583314034       3.270698508306853E-007
  -11.3126912461366       1.879862376237916E-033
  -11.2767450301530       2.732464948604460E-030
  -11.2359867325769       1.360404093794285E-007
  -11.1909263900823       5.706182523531108E-031
  -11.0533220513158       1.163268270940734E-035
  -10.7034030245652       7.840952268251765E-007
  -10.6651384336613       5.790656076547211E-034
  -10.5682233033720       3.202013591975214E-034
  -10.4968614951604       1.844982829869513E-005
  -10.4647024103603       1.622623922533546E-036
  -10.2712155265211       1.258515535018721E-038
  -9.73442932802732       1.026825047310184E-036
  -11.3899406498402       1.875911153624034E-035
  -11.3831699222414       3.038121559057959E-007
  -11.2934906620728       1.001728449981459E-005
  -11.2758517717589       1.337347708222171E-003
  -11.2356314226322       1.395377700250782E-004
  -11.2302230281253       1.913802034354211E-031
  -11.2103699403820       4.075980309293893E-034
  -11.1625007778575       1.396464661464084E-032
  -11.0755193123742       5.690487028198263E-035
  -10.6630661996577       1.051537491749829E-008
  -10.6355069443946       6.016595779928380E-032
  -10.5207714260876       1.298782944572890E-032
  -10.4558411553651       4.110157119851557E-008
  -10.3940468875497       2.175612609631402E-034
  -10.2643271620397       2.702788238942916E-035
  -9.69063198716430       2.926570413323416E-036
  -11.2051114500568       4.059851247913632E-039
  -11.1522876377501       5.088582239521418E-004
  -11.1163476167697       1.752069169105106E-041
  -11.0927559498891       5.236074873898209E-004
  -11.0867835335226       7.711065591944423E-034
  -11.0505952706402       3.091973168513976E-008
  -11.0347205592249       5.066395717867245E-035
  -11.0082693238559       1.693830271999983E-008
  -10.8844485480808       2.902109358343134E-004
  -10.4941427325567       1.267238183352498E-037
  -10.4477722749099       6.404918568785486E-006
  -10.3439199207818       1.964985413171484E-007
  -10.2504763220929       6.253474255768945E-006
  -10.2399013077952       7.605520940074735E-035
  -10.0800209222864       2.858834372642815E-007
  -9.51533141015101       5.302932597578057E-008
  -10.9337277607166       9.784582485463408E-004
  -10.9099991844373       1.910828368558264E-038
  -10.8738282858634       3.130485610381730E-037
  -10.8197896732789       1.006464197664603E-033
  -10.7847364335251       1.833328630459435E-005
  -10.7699748743913       3.296403206041490E-033
  -10.7550430348762       1.602998250250179E-007
  -10.7212024847641       3.697241527723394E-007
  -10.5827466513541       2.436803461963551E-004
  -10.2139315828415       7.511698430833470E-035
  -10.1735880423496       3.265901003180584E-004
  -10.0678024663571       1.566057017001914E-008
  -9.99645649454951       3.511630578258285E-035
  -9.95254912367596       9.294143151366531E-005
  -9.78561017118511       9.027078442581191E-009
  -9.22807479042813       1.772357928343280E-005
  -10.6323157649805       4.269073719814251E-034
  -10.5878098922577       1.791244722348099E-007
  -10.5667558618017       5.663682425232454E-033
  -10.5312031613782       8.079968421857967E-033
  -10.5064395710259       4.897491833930818E-013
  -10.4759884557817       2.645135181769008E-004
  -10.4640252795048       3.676053895423859E-030
  -10.4513109790164       6.980393603931959E-004
  -10.3264207485504       1.175235250833840E-008
  -9.92626205024815       8.587077880831011E-034
  -9.88833797428052       1.546299065890806E-007
  -9.76605322310304       3.327423568227425E-004
  -9.67441859452634       1.040561582981201E-007
  -9.66976390804079       3.912724589184139E-037
  -9.50374567736074       1.149640432832988E-004
  -8.92004483290227       3.295612842316922E-008
  -6.21810097996926       2.682768446272777E-039
  -6.20478224007627       2.275844215435714E-004
  -6.17361935480839       8.553433048870744E-038
  -6.10067372754597       5.296184707749052E-033
  -6.08802538363543       3.279243201621405E-004
  -6.07025353076301       6.044712292159877E-033
  -6.05707820602524       3.087293610254444E-008
  -6.01784503558986       4.826149010845320E-009
  -5.86456094176763       4.515402423862694E-004
  -5.48983664119228       2.633994505777592E-036
  -5.44682540099335       1.739790651661325E-005
  -5.32765383533536       1.018267229474039E-009
  -5.25957976580710       7.402505528411648E-036
  -5.23978192466460       5.200268184796545E-004
  -5.05199414930673       1.325090502873204E-007
  -4.48022202081555       9.994649425408345E-004
  -2.84832748914895       6.299957625975750E-036
  -2.81466941078725       3.874510909921151E-004
  -2.80278601795948       1.206279441592062E-003
  -2.70730905141395       1.971961212904825E-007
  -2.70647431016079       3.093460858512554E-035
  -2.64777034979329       9.834787731380016E-031
  -2.63134560109716       1.683508372662223E-007
  -2.57452355110472       1.530198484267921E-031
  -2.39869759198346       9.926564297774658E-037
  -2.11992757914632       1.094708692520040E-007
  -2.07225590605763       1.603391131430595E-035
  -1.93638921556585       4.225755742402624E-034
  -1.88909732833783       2.506336528094147E-005
  -1.84999054880301       1.047662904969067E-038
  -1.62770857445589       8.401715862792403E-039
  -1.09979471015446       9.660781152817349E-036
  -2.81402978623824       1.614589595660840E-037
  -2.78903220983130       2.404826358182232E-007
  -2.70968333512196       4.300365426299530E-006
  -2.67825681719324       9.788873507190234E-004
  -2.65522642143414       4.006041297117185E-004
  -2.61257720804861       3.302073101420531E-030
  -2.59135655413989       1.001604145750229E-032
  -2.55031075954607       1.076076817048924E-031
  -2.45012217608556       7.884725278826705E-036
  -2.08913025332378       1.393361815729684E-010
  -2.02949351157699       1.939854085838431E-033
  -1.91951831117902       4.271096397866118E-032
  -1.85811013879962       6.887502301312876E-008
  -1.77964002967125       8.714721596326609E-036
  -1.63943950725480       1.031782393663657E-034
  -1.06629969676065       2.827773678463110E-037
  -2.64991195910348       8.880781517297171E-035
  -2.64285953029357       1.058662094715605E-003
  -2.61738129191687       7.300885251813338E-036
  -2.55363772192533       3.193750588788985E-004
  -2.51479310014270       1.922735532558955E-035
  -2.48867279868299       1.562470924477871E-007
  -2.46370430143917       4.133292748721661E-036
  -2.41498584307228       1.293379553220843E-007
  -2.23779085786006       4.979197450132119E-005
  -1.94131387015392       6.419964249623955E-037
  -1.90641586215986       1.746287044980611E-007
  -1.76570851614407       1.656700611956747E-009
  -1.69961595273189       5.796989302253201E-032
  -1.68911498584547       4.982682894320524E-005
  -1.46165955015607       2.345651615960729E-008
 -0.928115039672292       4.232004069483555E-006
  -2.59650169108929       6.647413377150974E-004
  -2.58531245416418       2.681069875120910E-037
  -2.51915858437226       2.355462101270926E-036
  -2.47943145956905       4.473509477834034E-034
  -2.47030724923195       2.617794926168564E-034
  -2.43039329397478       4.996117838090288E-007
  -2.40740143681670       2.854941315402344E-004
  -2.36871162099886       2.411346920613992E-006
  -2.27785868254148       3.766862640500131E-004
  -1.89575269056235       2.311826634924817E-036
  -1.84073027451702       3.315997644448507E-006
  -1.73545819532855       1.815847485898804E-009
  -1.65641128651222       4.847937560839308E-036
  -1.59244072867944       5.611939008443311E-006
  -1.45956951087988       3.145586204344526E-008
 -0.879154691504951       1.740040456355909E-006
  -2.48160135490904       1.838762582149422E-039
  -2.42411346275746       2.077473483132457E-008
  -2.40682878040523       5.456631274475738E-035
  -2.36191386943078       8.828029042561272E-007
  -2.36011146368492       3.270671881121628E-035
  -2.31546665590817       9.603194590761569E-005
  -2.30333812772320       9.226952108340537E-004
  -2.30255813733196       2.591233045407285E-029
  -2.14958981046861       3.289612973803582E-007
  -1.76975867340276       5.660058280445009E-036
  -1.74070858673408       3.571748129781158E-010
  -1.61538628471202       1.647904840348787E-006
  -1.51971453101400       1.796756642595214E-010
  -1.50394740718415       1.857746139971895E-040
  -1.33756278076441       1.032057271193176E-004
 -0.765184195689361       7.070594761507479E-009
   1.92920977411564       6.243114234191685E-039
   1.97515839378663       7.490696252600185E-006
   2.07809074674460       2.346289555047009E-004
   2.10284940888084       2.769609948457440E-008
   2.19560010831852       1.787062969589714E-037
   2.21224221277301       5.531742831290192E-008
   2.22078688510235       3.073512917585305E-034
   2.28502480874970       2.772433475339117E-034
   2.45586549325067       7.739241518066041E-038
   2.73017672324011       2.049397619145819E-004
   2.79530955554192       1.032537563302503E-034
   2.93861014065078       2.576724556064480E-029
   2.94178715281678       2.713299257004699E-003
   3.03189807769743       2.935726727196570E-037
   3.24033776501440       5.946236140274920E-037
   3.78381552079660       5.598230289472607E-037
   2.86820083154244       7.111342109621191E-036
   2.91169910312760       9.251779113945586E-005
   2.95170440319157       8.218482309767698E-035
   2.99080832187607       1.676819866694802E-004
   3.03413420546992       1.388048515367433E-034
   3.06348755864803       3.000947098298080E-007
   3.08750894483633       1.474203427552753E-032
   3.14953319815037       4.828553492935868E-008
   3.32699641634190       1.140366483845711E-005
   3.60646631124198       3.581638034811047E-033
   3.66374121941388       2.624013926947425E-004
   3.80603529265342       1.173481566887838E-008
   3.86400322596377       5.179433245441321E-031
   3.87060323874437       1.835963913051074E-003
   4.10541012392231       1.899903632343819E-006
   4.63897335396696       1.787528202440365E-004
   3.22543688472713       1.505171605774507E-035
   3.24761008315397       9.937874907056729E-008
   3.29850532948982       4.462461838014968E-033
   3.32643054338087       8.706248821273648E-032
   3.39317984089640       1.750278835378089E-029
   3.39442845244186       1.644245059716243E-005
   3.40395953810787       6.076661122103622E-007
   3.46142831558017       2.791630546856180E-004
   3.56220043660672       7.589542887947683E-008
   3.93558568536138       8.043406143854402E-036
   3.99711090229227       6.443542689584782E-007
   4.12580082685463       2.273456941000075E-004
   4.19351495663236       2.519256485145080E-035
   4.23564192113133       4.565091687076378E-006
   4.38970499435627       1.624345031324385E-003
   4.97757203500889       5.093332279132504E-007
   10.5936665129606       3.626415557057470E-038
   10.6074751754528       2.077988531467488E-004
   10.6511060429379       3.284121002924528E-035
   10.7307918844182       1.541396717021737E-032
   10.7515441819442       1.962059811167756E-004
   10.7712337584429       4.756790552563260E-033
   10.7860596620101       4.520000763662000E-009
   10.8363910147845       6.335666702473893E-011
   11.0069720349682       3.427500867057050E-004
   11.3290484686766       1.210765756639943E-035
   11.3823187735543       6.116175226529983E-006
   11.5219055155696       1.943348780426640E-010
   11.5692091539358       3.477303724044609E-034
   11.6006970651873       7.271928041866259E-004
   11.8090141948867       1.590520460712764E-007
   12.3705312316272       1.594933754622389E-003
   18.9552915780982       4.223435136957721E-038
   18.9773961429906       1.728569937558165E-005
   19.0120987645973       1.063692552685568E-003
   19.1264574462646       1.003949166267675E-034
   19.1295258576137       1.515107869154416E-007
   19.1939223053403       2.875825143641169E-007
   19.1993683285214       5.284109864156585E-031
   19.2681506564927       2.601240317380398E-032
   19.4761399816124       1.606105677873041E-037
   19.6943214396301       2.481347501871497E-007
   19.7559239656103       1.080990827173530E-032
   19.9259182347820       5.565781273265515E-035
   19.9486337390839       1.696294311697097E-005
   19.9980038681530       1.732575249714527E-035
   20.2479083627012       1.567088372436276E-037
   20.7776072871323       1.442028082596204E-038
   18.9839555040221       2.262038319467148E-037
   19.0160619123222       1.180392365568819E-007
   19.0936246267631       2.538852922568576E-006
   19.1446622896016       1.614972691917134E-004
   19.1663263991863       7.695248227982300E-004
   19.2279074847787       1.683164968867712E-031
   19.2405022635396       2.370917656325333E-033
   19.2928432531298       9.590641263719075E-035
   19.4197847562973       6.511784697326423E-036
   19.7210130655843       7.187101834043685E-010
   19.8051689137530       2.881327887208279E-031
   19.9299826184335       3.930591459343741E-032
   19.9751483857405       4.800735936608437E-008
   20.0643849970120       1.101921875190055E-035
   20.2329040457378       1.647403193341872E-035
   20.8075254023993       6.228678949493914E-037
   19.1154923912293       9.727168910188349E-036
   19.1236727227918       6.901763885930993E-004
   19.1564830088001       2.850990951425607E-036
   19.2445689216092       2.930876259494280E-004
   19.2815321671006       6.999653303138218E-035
   19.3259127551684       6.630700106114113E-008
   19.3365069208205       2.121450874273874E-035
   19.3935737296515       1.410222365980809E-007
   19.6065015770652       2.136188951253214E-005
   19.8414218609192       2.790048525756742E-037
   19.8868872595012       3.930624648104349E-007
   20.0621421420378       3.667463479140235E-010
   20.1021606194643       4.215083681997701E-033
   20.1251939669640       2.397140191051847E-005
   20.3819026557151       7.819999202145977E-009
   20.9152487504516       1.361522618071487E-006
   19.1740612547892       4.081054427361631E-004
   19.1840734192101       1.643006814282705E-036
   19.2564493702936       5.965316052396596E-036
   19.3042990780529       4.742181406170080E-036
   19.3254700705431       3.969305684598075E-035
   19.3731275986297       8.766594787377303E-007
   19.3873560709568       1.718033103489128E-004
   19.4349400442129       2.179989690947297E-006
   19.5531184590205       2.995090202322381E-004
   19.8839771329394       2.983967273652608E-039
   19.9571314055935       9.970722596043803E-010
   20.0765932497572       1.047805404105477E-010
   20.1455113494269       1.258216270431776E-038
   20.2152965335315       7.229055607703139E-008
   20.3752814746646       1.394344833929636E-008
   20.9584302237672       7.096446138094345E-008
   19.2746572231124       5.099576315814918E-035
   19.3331342607644       7.297252275001253E-010
   19.3501637407149       4.759375712721559E-033
   19.4114233460490       6.195419247734837E-007
   19.4206887224345       1.018964996726623E-032
   19.4617392009913       7.598753302969447E-006
   19.4756345403427       4.238821431840697E-031
   19.4939743291127       7.271375282929893E-004
   19.6707949749101       3.124988429103300E-007
   20.0014057139504       2.699963042698221E-040
   20.0330409445579       3.958913008165296E-011
   20.1822463143100       4.153207748296329E-007
   20.2738638325879       5.477371381969184E-010
   20.2798109484711       2.354685678293872E-036
   20.4836031371083       3.862321117193637E-005
   21.0557922086773       1.730383471705033E-009
   54.6110124731908       2.309865078926322E-039
   54.6265767593125       8.225549728530047E-005
   54.6856670986304       3.428937929328580E-034
   54.7588295100255       4.375239374612480E-034
   54.8020761632833       7.289084541190528E-005
   54.8135679107140       4.215230966303142E-033
   54.8307074313093       5.379592900962909E-010
   54.8964459645339       9.613459553912473E-011
   55.0742309347379       1.452629613302176E-004
   55.3460835545508       2.005538653531865E-036
   55.4154040032129       1.645597336573597E-006
   55.5657754073726       1.613825051209763E-010
   55.6009027823106       4.687912308247568E-034
   55.6520384681875       4.261470240120781E-004
   55.8654440133689       1.235298948604163E-007
   56.4147711700014       1.612886380400010E-003
   58.9233872851251       6.373632452897760E-038
   58.9589692945282       5.800888016386438E-006
   59.0339136496630       1.348583615967237E-004
   59.1166025145453       4.546051012615360E-009
   59.1780863221342       2.462015131944161E-008
   59.1936818925901       5.868059877190135E-035
   59.2224975527474       2.826970382287570E-030
   59.2987039050707       4.590436050557378E-033
   59.4892698995942       5.788310448138304E-039
   59.7006944446131       2.117940324042107E-006
   59.7935284517864       6.160700834850420E-032
   59.9358793452483       1.721828735645699E-003
   59.9580501736340       1.155679776099290E-030
   60.0297046057303       9.179981813809260E-034
   60.2648847726327       1.346199343122520E-036
   60.7993165897263       2.083225152938654E-037
   59.5260714121571       9.978323294888290E-038
   59.5747868973748       4.416613137912462E-005
   59.6039731898614       9.877978771409802E-036
   59.6827944168982       1.566093795873719E-004
   59.7144509611102       1.005647197109363E-035
   59.7591019435847       3.031788907272556E-008
   59.7809698438446       4.001085832332798E-033
   59.8288657743992       1.572213461081099E-008
   60.0536715486446       4.805573296584529E-008
   60.2866786965366       1.851837925167244E-034
   60.3370776078404       2.575867791786594E-006
   60.5217968467598       2.373747834329494E-007
   60.5490483346241       2.477712234082217E-031
   60.5538042168959       1.337112417235987E-003
   60.8283911644301       1.734227283715385E-006
   61.3602732226911       7.893836499326453E-005
   59.7371349373105       9.051744279879354E-041
   59.7640961175880       6.202323909474110E-008
   59.8256149308818       3.134082722148594E-035
   59.8743183220222       5.480416645553346E-033
   59.9304545758624       1.924915936010968E-031
   59.9436428670179       1.334418281655913E-006
   59.9496080239364       2.091782880602850E-006
   60.0120177134140       1.511767317316573E-004
   60.1650544001589       3.583815326004269E-010
   60.4695189782336       2.013132372002248E-036
   60.5408127802749       2.079578310083698E-008
   60.6851028179167       2.986412949775627E-006
   60.7318984849417       5.521438224220546E-035
   60.7780005241265       3.513134530682069E-006
   60.9725630151997       1.152493151023683E-003
   61.5434825988492       3.409237561838135E-007
   94.1993159724320       6.218647172127888E-008
   94.2059037084939       2.658112158420826E-036
   94.2717033492052       1.552754066815814E-004
   94.3824578150933       6.663840353809515E-009
   94.3972224773661       4.848462418145421E-034
   94.4460142137957       9.215846506511721E-008
   94.4586033000875       6.862399627611049E-030
   94.5342030390235       7.686895321531155E-032
   94.7542332015743       1.602909521687738E-036
   94.9387384467501       1.239184785500868E-009
   95.0115613477314       5.996990942551634E-033
   95.1996233048239       1.069126379638017E-031
   95.2081808306719       2.520849955226542E-006
   95.2624824926068       3.258284985108287E-038
   95.5252967223699       9.581861073981906E-037
   96.0556567712640       6.411086320590170E-038
   94.2270693967799       3.982856604487493E-037
   94.2389002334367       1.976376762793546E-009
   94.3254792537899       2.980381171926450E-007
   94.3836364975082       7.099534195827516E-007
   94.4336670861197       1.322430041797732E-004
   94.4789632656086       1.164868295364261E-033
   94.4801989990480       1.860621558057488E-035
   94.5549164685021       4.917678444075935E-036
   94.7164311013812       2.668551926372049E-036
   94.9592868214175       3.647520799444022E-012
   95.0533595611923       2.225529469997729E-031
   95.1997539517598       1.374143710597033E-032
   95.2282343738101       7.653550582108160E-009
   95.3116070872987       2.875402071832039E-035
   95.5162066064571       2.453968036567864E-036
   96.0787556050679       4.032110118937630E-037
   94.2904752610221       2.507019480990031E-041
   94.3044647716630       1.094183862522108E-004
   94.3632177605328       1.246420328614837E-035
   94.4763090528540       2.454511172308497E-033
   94.4817487986223       4.380143811135212E-005
   94.5401471986178       9.096690011627511E-034
   94.5465011625337       2.071300470345184E-009
   94.6214780586467       2.439470507983207E-008
   94.8443631822663       2.345443077392268E-007
   95.0323698899195       1.117026644883080E-038
   95.0999076891468       3.711407759122823E-009
   95.2902189251006       1.539145189433489E-011
   95.3030952227599       1.374320770737959E-035
   95.3499904733887       2.935428165936486E-006
   95.6157301521180       6.199212292329398E-010
   96.1462890368638       1.503247991427072E-007
   94.3545186977044       1.099473703016480E-040
   94.3729568995139       3.602797771122624E-005
   94.4428682752429       6.772298391279790E-037
   94.4955048856583       6.914796617463921E-036
   94.5499768064229       6.414031455398212E-034
   94.5700567325599       3.327215343940218E-005
   94.5726953942805       1.340671318572771E-006
   94.6426085556151       3.475528454442694E-007
   94.8017242091716       4.877171779302346E-005
   95.0773562161852       4.957724808001054E-040
   95.1523340484684       7.733809283828325E-010
   95.2962955713323       4.827652819197643E-012
   95.3533636298403       2.497671480271008E-038
   95.4091944790240       1.447506738483902E-007
   95.6097530850073       2.630757030180612E-009
   96.1805282874831       5.163213000842266E-009
   94.4161400254035       1.520506277100340E-036
   94.4712727228096       1.594733608915850E-009
   94.5035409626830       1.005350277220768E-033
   94.5812027982870       1.673447595121121E-037
   94.5918387290967       1.208872793229501E-007
   94.6307788334824       1.202311292771661E-007
   94.6452256354698       2.785720764323585E-034
   94.6942634830678       1.080006687300860E-004
   94.8875401477709       7.467813158592281E-008
   95.1561686171948       1.141402678615030E-037
   95.2025282519393       1.929660564491799E-012
   95.3701056482750       8.407950957256956E-009
   95.4383490954100       2.375684937636266E-037
   95.4535737312132       3.438773645114264E-010
   95.6860629021237       4.127159683944243E-006
   96.2455593684450       8.252329171520729E-011
   132.877915759165       3.209085272763690E-042
   132.903651659258       1.627042512342645E-005
   132.965219392791       1.845134875158496E-038
   133.037623661353       2.539218621928497E-036
   133.084915101087       7.565352149812490E-006
   133.102570149187       2.139377681756445E-036
   133.110834216157       3.410911175784680E-011
   133.186356536194       6.251909939423212E-010
   133.374353512096       3.024594841400288E-005
   133.609847257937       9.431827038158830E-039
   133.680697572052       3.828890237397686E-007
   133.842984962922       1.971762502349596E-011
   133.876188898006       9.447716502088699E-036
   133.924359592251       1.776323038356536E-004
   134.153971523659       3.767711005629883E-008
   134.693815967014       5.046246949477033E-004
   270.078505968351       5.283220667588931E-007
   270.086203046820       2.154442922768698E-036
   270.172522636084       8.737873759700899E-006
   270.254697656505       1.572950576331322E-010
   270.318009161177       3.483437006710917E-035
   270.324299076610       1.508484824533362E-009
   270.346067476075       7.781711857543766E-031
   270.430041916956       2.097278707784392E-033
   270.632112483315       3.836311580243496E-038
   270.787925127408       1.438760983481957E-006
   270.876153711280       4.614206861365711E-032
   271.046124927757       9.865272819661621E-005
   271.055620762252       4.155063740131147E-029
   271.108440492884       5.205867324119615E-033
   271.367052710717       6.116308984926443E-036
   271.864810992842       7.354741493664909E-037
   270.416580997201       6.022751745484044E-038
   270.467012939009       1.480157819716261E-006
   270.511959533951       4.698159704299092E-035
   270.608659379595       4.105072813124415E-033
   270.614813746366       1.168825261701133E-005
   270.665174636782       3.185789087307859E-010
   270.683421571155       4.848801968554499E-036
   270.745404604680       1.636034103005847E-009
   270.966590551337       1.288206178692960E-008
   271.139376685698       2.684913805982625E-036
   271.195216003611       1.604234571769677E-006
   271.388980321756       3.065203964309812E-009
   271.405780796303       1.093259794826969E-032
   271.424205535030       7.165576738455873E-005
   271.700350507436       7.955374438284020E-008
   272.195540025598       8.237724097375539E-006
   270.570625754919       1.713353613649752E-035
   270.607135632866       1.683642138096670E-009
   270.670714926369       8.083040563459782E-032
   270.732334001604       4.703812972576652E-032
   270.792283892338       1.756425571441311E-008
   270.803009531364       3.046492124428127E-030
   270.805032093870       3.324248252507548E-007
   270.884266484591       9.561915856487517E-006
   271.068688329062       8.868621853498284E-010
   271.278496149483       3.628033072238701E-035
   271.348977294188       2.302013542388223E-009
   271.514133236938       1.299027365429649E-006
   271.544451291439       1.422814945240062E-032
   271.581595514081       9.289622427540410E-008
   271.820236320040       6.709729856219679E-005
   272.336557477214       2.367547502866119E-008
   322.624068462407       1.286856516924421E-039
   322.656716192969       3.501969744720451E-006
   322.720432571213       4.370970980863603E-036
   322.793332822360       1.339526555623181E-036
   322.842644230348       1.005015335319471E-006
   322.864966722826       1.434605163661078E-034
   322.866935176784       4.136069537470063E-012
   322.949227299606       2.811643858755149E-010
   323.144638303509       6.962256012100530E-006
   323.344136239666       2.248007542223041E-036
   323.415465090585       1.252578204385871E-007
   323.587419964242       4.666468930877162E-012
   323.617244545154       5.958411287245562E-033
   323.662247480630       5.506170547741536E-005
   323.905407789052       1.100135869532624E-008
   324.428612389604       1.483095351482840E-004
   365.022048130518       5.540573008663329E-011
   365.052667755006       7.523130893706177E-036
   365.118682113452       1.572642762374509E-006
   365.212235970668       3.578895654574152E-012
   365.244059880075       9.738727453305746E-035
   365.285456752688       1.100868800606108E-009
   365.286234250402       2.289734856353636E-030
   365.370821086580       4.126762844764206E-034
   365.587412026117       7.590002101513509E-037
   365.736001926318       1.803453815555325E-010
   365.807819068389       2.543804348082114E-032
   366.000742556418       1.311979610078563E-031
   366.008849829755       3.218163981698113E-008
   366.051861275466       7.625276792267089E-035
   366.322630431857       4.244373827151876E-038
   366.821429262770       2.339084569537654E-037
   365.049052083042       1.895396954494180E-013
   365.067900411040       2.437451114183123E-037
   365.149009233635       2.019036475584726E-009
   365.214749056788       3.569877539653813E-010
   365.285254397984       1.354551224240635E-006
   365.288891237908       2.820139894376359E-032
   365.301474361307       8.945473608240675E-033
   365.385963983141       4.324439453240161E-036
   365.574083916637       4.957193573871708E-037
   365.751117827511       2.711208751654020E-013
   365.835392688195       1.264459859900937E-032
   366.004070597322       1.309188252352279E-033
   366.023545611845       8.884694640191508E-011
   366.080520741452       9.679463017253580E-036
   366.323221906895       7.142034955615232E-037
   366.838013156718       8.223136535361100E-038
   365.080195945587       5.148747252209790E-041
   365.111538799029       1.155925431896096E-006
   365.176852902439       4.113215718546924E-037
   365.270720346335       1.849634258009138E-035
   365.301527141258       4.073691122571884E-007
   365.343999884817       7.191130298378215E-031
   365.344069328777       4.948891260482170E-012
   365.428609215848       2.189453252746965E-010
   365.645577806620       7.627245648871727E-010
   365.794463933089       4.293562251850849E-040
   365.865648265296       4.740092865991107E-011
   366.058898865247       2.794702012198173E-014
   366.067393724690       3.365717828638162E-036
   366.109654250140       4.423739204785296E-008
   366.380791603993       6.983729422698930E-012
   366.879554309615       2.245233550883066E-013
   365.124166622413       4.143542930433988E-042
   365.160338647613       2.536998401930369E-007
   365.225256022455       3.848942175266481E-036
   365.289646586247       6.181448129437655E-035
   365.348559808477       3.960936511343999E-007
   365.361582708514       1.548688409523572E-033
   365.362235224215       3.514506888593330E-012
   365.445004745314       2.762048117122205E-009
   365.633286880675       5.338757600168721E-007
   365.829478039711       3.462083791097414E-039
   365.899802546541       2.092578846055445E-010
   366.068254211543       4.348211325166460E-014
   366.104578929116       3.563586970657648E-036
   366.144730302066       4.195156414058565E-009
   366.386482527900       3.113534496530678E-011
   366.905339421443       3.640713672677659E-010
   365.165054155161       2.224664015403594E-038
   365.216402427576       3.208044655275413E-011
   365.265364086589       1.090063512228188E-034
   365.343341004613       1.041046798378370E-035
   365.372563775117       1.323592230596508E-009
   365.401682577763       1.012747869888211E-009
   365.417309405629       6.498523973951233E-034
   365.483458278641       1.113960184830416E-006
   365.686624824509       8.920481958564024E-010
   365.878527819273       3.302894632764064E-039
   365.934848637695       9.922903728665150E-014
   366.115795384585       1.942686418796944E-012
   366.155274776211       8.150815819673734E-039
   366.179054385420       4.458891087873417E-012
   366.434908726352       4.670037853372225E-008
   366.947781694892       1.212147413059896E-013
   604.990743658013       1.316174191570681E-041
   605.029777206350       1.782315346925971E-007
   605.093064036894       9.582777143683651E-036
   605.169493543325       4.835165476881654E-035
   605.214857965409       3.289378591535504E-008
   605.239548077599       5.926538718060291E-015
   605.244516174612       7.993036888459188E-038
   605.325419226337       2.668892082928455E-011
   605.527613719700       4.262925782006961E-007
   605.686343299733       3.911416427352257E-038
   605.754282051665       1.689484788717541E-009
   605.935865757797       1.245099331580758E-013
   605.960724758757       8.462457838900436E-033
   605.996900121594       3.483894310044346E-006
   606.256388856901       6.236496232007696E-010
   606.751092225001       7.955847658334479E-006
