           0  7.376047043185595831630920622341275E-0002
           1  0.286236162230147718913249708436637      
           2   104.140680700959579976984633584581      
           3   19728.4051095837324866597706720013      
           4   6046160.41286332316507999887973869      
           5   2263332659.55759336574970507179275      
           6   984676651290.429618466598841237605      
           7   482558810874621.321559109267306509      
           8   257824893560607852.057939511634812      
           9   145613295540621416816.221432100485      
          10   84957898504880600848221.7486100638      
          11   50470448902079000571596850.8282367      
          12   30275067970118965493742294668.9728      
          13   18254547999015624426831008058814.0      
          14  1.103672127591818960215996226724301E+0034
          15  6.682431714039017174661021961327536E+0036
          16  4.049118637048615738745200845959969E+0039
          17  2.454498916971963603132226136628432E+0042
          18  1.488193596794199243442452284633785E+0045
          19  9.024156640593557773920957426146551E+0047
          20  5.472441746236493166819880160612552E+0050
          21  3.318719365473739412677325082794174E+0053
          22  2.012649117729357855391121248656425E+0056
          23  1.220590936086622282173421297833879E+0059
          24  7.402438163910102955545096124148232E+0061
          25  4.489323926399538139860682835202063E+0064
          26  2.722626218393221603436963897195560E+0067
          27  1.651184895385960127542799736092115E+0070
          28  1.001391317721886686998989857553059E+0073
          29  6.073125682308701905314225305856516E+0075
          30  3.683163473227471407835153014581225E+0078
