                   832
  -19.2276979114982       2.565970135487840E-067
  -19.1863762991481       8.670203236850781E-005
  -19.1803045324925       1.278404422877670E-066
  -19.1665336504743       3.065923788018939E-065
  -19.1323398482695       3.717843169737598E-014
  -19.1319032598438       3.001514978302701E-064
  -19.1064100611865       3.009971742449562E-007
  -19.0842742979447       1.144779862597676E-011
  -18.9989108498682       1.194137762848844E-009
  -18.5395609504293       1.945443718458808E-065
  -18.4935606516633       8.881179930761512E-008
  -18.4459459167578       1.771532886099043E-015
  -18.2785907975620       6.548714203979508E-069
  -18.2410397157405       8.011398449912015E-009
  -18.1627047908715       1.245777977549306E-016
  -17.5643018338549       3.847817690555364E-012
  -19.1773017693551       7.441082687672841E-066
  -19.1201249673972       2.353643733163072E-008
  -19.1054000617859       4.394049121827363E-064
  -19.1037188905998       5.587369597809553E-061
  -19.0561540337853       1.197763760926041E-010
  -19.0417624850018       6.315622754675867E-011
  -19.0094771886230       1.678758826800212E-065
  -18.9748358351605       2.812555961736265E-012
  -18.9087012204754       4.890357986686687E-013
  -18.4967178999420       1.104152925695335E-070
  -18.4593038802770       5.106788505225949E-016
  -18.3478643125138       2.004462917265796E-013
  -18.2163645198903       1.560836469925550E-065
  -18.1850228361319       1.393272247558134E-012
  -18.0804492119838       4.845541646518034E-013
  -17.5014962270813       2.141905898997888E-016
  -18.8564097820927       6.511210173160820E-064
  -18.8146404904416       2.759107844757161E-063
  -18.8077404927913       2.655810014660202E-006
  -18.7800977287760       6.065632761656510E-062
  -18.7476330314749       2.660176992711846E-008
  -18.7270151253927       1.713437197313251E-007
  -18.7017256329643       1.564234753674412E-063
  -18.6776161882505       3.710290349305965E-010
  -18.6280643845014       5.321459414774066E-011
  -18.1886457288868       2.990532569930446E-067
  -18.1286941590600       3.842363253691692E-011
  -18.0483903191033       5.736082890866399E-010
  -17.9146264564127       5.399002828291618E-066
  -17.8832090009250       1.875033641087047E-010
  -17.7998481082534       2.703868752211473E-011
  -17.2161796896256       2.204437169545620E-013
  -18.8255764730230       1.153312819565469E-063
  -18.8013938279529       1.385969606985194E-004
  -18.7921169582465       5.891307011194316E-067
  -18.7689593939823       5.912805288695948E-062
  -18.7394266333287       3.825050140324213E-062
  -18.7315272799847       1.138333008331399E-007
  -18.7085117835728       7.820397966550509E-009
  -18.7022579292352       4.167097430496725E-008
  -18.6334557549670       2.028070884094384E-011
  -18.1565328259994       2.637216981817553E-063
  -18.0944922966871       2.701794807120778E-007
  -18.0530432451196       4.441471119532821E-012
  -17.9065395529122       3.832285805979115E-067
  -17.8641806526590       8.041310986114932E-010
  -17.8040036357103       1.225804325736456E-012
  -17.2073150428195       1.769382504805175E-012
  -18.7687503433087       3.734789119875021E-065
  -18.7251167490525       7.907719002186700E-005
  -18.6735883215458       7.565065145750854E-065
  -18.6564130290212       3.687661920903426E-010
  -18.6535939343417       4.249960463035660E-060
  -18.6461133992253       4.196625710638773E-007
  -18.6297427629333       1.666927374743123E-064
  -18.5348728567897       8.604970607378663E-013
  -18.4655486171594       5.856521774429570E-009
  -18.0484923810424       1.046672797967585E-063
  -17.9786000808533       5.274939916852870E-008
  -17.9265889451812       4.419166292911771E-014
  -17.7923457687421       6.028129777412050E-066
  -17.7808182110144       2.106239946273048E-007
  -17.6287465252815       1.030981646539760E-016
  -17.0290876088813       5.359216800120371E-010
  -18.8425982841528       1.342848432752949E-032
  -18.7826989051547       1.168151904110848E-039
  -18.7722363660276       3.260408095989218E-039
  -18.7260054919429       4.298484307992001E-042
  -18.7015058981674       2.849664644330804E-042
  -18.6629740825495       4.609943503192766E-041
  -18.6528289326410       1.043637990961422E-032
  -18.5745062312326       4.861811502627695E-040
  -18.5464336948197       1.045307271099821E-046
  -18.1139624307424       1.315490685354126E-038
  -18.0652257411095       3.736038171766492E-035
  -18.0285709037714       1.852101939105525E-046
  -17.8568745345608       1.779700349541935E-039
  -17.8418031821945       1.484544698203392E-035
  -17.7284598255802       2.442069743548095E-049
  -17.1504391085071       9.199548901244285E-046
  -18.6093371836240       2.051022501650561E-067
  -18.5527966574929       9.709550899553615E-009
  -18.5337445952380       7.753939872535631E-061
  -18.5209837502548       5.834549589904033E-065
  -18.4826727347487       6.491525567060876E-013
  -18.4644964524980       3.815813624996090E-011
  -18.4142751754503       1.483652389186520E-065
  -18.3806519091368       1.641916709653210E-009
  -18.3128097971393       1.190807327140911E-011
  -17.9062153488509       1.592478306486179E-070
  -17.8771463752483       6.733913701539748E-014
  -17.7369864106707       7.150853670029048E-012
  -17.6401483259540       7.912621457000825E-067
  -17.6214061901862       8.494145984887112E-012
  -17.4824824897542       3.602837240683091E-013
  -16.9034646387068       3.711908968468950E-015
  -18.5153757258240       3.345845830173386E-070
  -18.4863828778563       1.413102835655267E-005
  -18.4675433298031       2.452694439272627E-064
  -18.4544816059887       1.985314755699692E-065
  -18.4180853853186       1.227639857288579E-066
  -18.4054981871721       8.508922604908426E-009
  -18.4037919786117       6.006871886724839E-011
  -18.3693888974816       1.975680857676597E-013
  -18.2810314658215       2.560749020704787E-008
  -17.8368645046598       5.521277466177813E-067
  -17.7919823942265       3.508139935152234E-008
  -17.7254537797224       4.669013791493416E-017
  -17.5835665504119       4.236201362118519E-068
  -17.5387962481850       1.130140297978936E-008
  -17.4607873157570       3.108029340732761E-015
  -16.8781792607649       1.093661269253224E-010
  -18.2808557319349       1.257559027408928E-037
  -18.2441822873072       3.011372438315043E-036
  -18.2214573493991       2.989075156874423E-033
  -18.2142693027814       2.653390260950159E-033
  -18.2083230016997       6.611101130783093E-037
  -18.1829722101574       1.204108721724294E-036
  -18.1743404231793       3.857774699732547E-036
  -18.1303099280941       7.990717078050493E-039
  -18.0819840481081       6.110669331919382E-042
  -17.6034928594128       1.685702861089485E-039
  -17.5963548586737       6.434294737257966E-040
  -17.5164868689859       3.227025177900672E-043
  -17.3588175126104       3.923872076368140E-039
  -17.3166668205762       9.948453044536875E-042
  -17.2585425806504       6.301855760168126E-044
  -16.6704351328974       3.404723094977941E-049
  -18.2110991759523       2.773227898908336E-067
  -18.1884721149465       9.525293332916164E-005
  -18.1661278885565       4.060752524099931E-067
  -18.1594632768084       4.302772425161150E-066
  -18.1328946691451       1.078647718326929E-066
  -18.1203556016859       3.638871784622268E-012
  -18.1108425470003       3.588226711801937E-007
  -18.0775110173945       1.819329654145275E-014
  -17.9995240592973       2.658305685959956E-012
  -17.5490385627613       3.783944512581510E-070
  -17.4960786740229       3.025403030884258E-010
  -17.4596807645600       2.797166254456750E-017
  -17.2934754436984       2.812602640717190E-071
  -17.2603952360322       5.580717875311660E-010
  -17.1745048956334       1.830413754670894E-017
  -16.5859510837469       1.952121986236911E-012
  -18.0840903712037       3.891096647842543E-037
  -18.0832256489044       3.250929984615267E-037
  -18.0664790258354       7.344701043589895E-032
  -18.0569946999717       6.576762659241467E-036
  -18.0221005315202       5.752284018773890E-041
  -18.0193516005540       2.860394459015973E-038
  -18.0048471648491       3.131825898266008E-038
  -17.9761130723464       6.742226767968948E-040
  -17.8962125429772       6.320169335904408E-042
  -17.4323130868030       7.452219120529186E-038
  -17.3991002268479       2.337394819587067E-041
  -17.3626691152357       1.330743671305616E-045
  -17.1905307152193       5.324350236607033E-037
  -17.1533415480163       9.588761939220971E-043
  -17.0735584676817       3.715806228162611E-048
  -16.4872795291190       3.991303646388392E-044
  -17.7324599368697       3.377294602645028E-066
  -17.6899869366934       1.742703595469768E-069
  -17.6599938326852       9.040469435657334E-009
  -17.6558276062362       8.547618859105827E-060
  -17.6548142838302       2.061187095805419E-009
  -17.6252661725750       1.883879562918864E-065
  -17.6164260874845       1.076125580087280E-009
  -17.6007002973277       7.936662159599768E-012
  -17.5265895548369       1.806189620801778E-011
  -17.0710181636152       1.210721306540965E-069
  -17.0448002228304       7.619935965987707E-014
  -16.9948262797901       1.660018849950594E-016
  -16.7757999663205       6.083252074317366E-070
  -16.7525415743734       6.043732028020027E-013
  -16.6953047356950       5.399565346130062E-014
  -16.0949891417826       4.395337409618782E-016
  -17.5840424313505       3.624651735659876E-062
  -17.5683364734359       4.601020016991390E-004
  -17.5276924055544       2.092866725399580E-062
  -17.5163234750064       1.360295027878234E-061
  -17.4995190926348       3.039593573856473E-009
  -17.4810975117485       8.463299561576334E-061
  -17.4724924929693       3.379240005512506E-007
  -17.4522918001200       5.502040329065660E-009
  -17.3691813986410       1.652742264705524E-009
  -16.8863326313691       1.193236189657193E-062
  -16.8824539216802       3.907364703386253E-009
  -16.8129977950891       1.186746088134572E-012
  -16.6705369712972       2.147026724875694E-065
  -16.6287572419966       8.372420206067939E-011
  -16.5497193683803       4.873253879368218E-013
  -15.9637939549806       4.611173783841170E-013
  -17.5143082935118       3.691016530908547E-063
  -17.4732370622939       1.269970754841798E-062
  -17.4701306557928       1.086381010604431E-005
  -17.4447122817392       3.182664184423188E-061
  -17.4110310054416       3.044156709432514E-008
  -17.3902512468331       4.410787536792075E-007
  -17.3892568635848       4.434442258860404E-058
  -17.3658689710010       3.338800198109226E-014
  -17.3004005167977       4.904736066625666E-011
  -16.8471224065821       9.630075791786124E-068
  -16.7903652251004       5.693726462773335E-012
  -16.7255063053209       3.010000473018726E-010
  -16.5795515874882       1.672117857160658E-064
  -16.5482462438550       3.138148714102192E-010
  -16.4747938232023       3.740789572650296E-011
  -15.8856712868152       1.251187481977284E-013
  -17.2923669828279       4.951405340543336E-036
  -17.2759715286972       3.047827714296678E-032
  -17.2645455103066       3.001448379430946E-032
  -17.2474201353017       5.005667820951088E-038
  -17.2069459687979       6.961649203846270E-037
  -17.1982134813266       6.085555919170091E-037
  -17.1731290675580       4.316106587949916E-038
  -17.1359416368545       1.162651671426170E-037
  -17.0369460176082       1.889955215781741E-042
  -16.6048178856953       1.560252536850695E-038
  -16.5770026654087       3.251669150613878E-039
  -16.5236847775808       7.246824279215878E-046
  -16.3812442769112       8.346622143494102E-045
  -16.3502150839894       2.199076797285120E-044
  -16.2239376656664       2.478617322934989E-047
  -15.6528960435656       3.812240471630749E-044
  -17.2970978621774       2.967530567014636E-035
  -17.2754145702448       3.618952698332566E-037
  -17.2235697285911       2.217764613567980E-033
  -17.1984297753480       4.969482700680591E-034
  -17.1849819453110       3.099805832513392E-035
  -17.1713095704729       1.669965312528358E-034
  -17.1655064863750       4.044481950157605E-040
  -17.1287016429751       4.811046845160242E-039
  -17.0351695327388       8.292259043799737E-041
  -16.5804986823500       1.466534760156886E-042
  -16.5782320773755       1.289305536356239E-040
  -16.4766887304261       8.976432957079876E-047
  -16.3614126671707       2.928530894547872E-039
  -16.3299334704655       1.758161758683585E-042
  -16.2103841338395       2.631727845100596E-046
  -15.6231791715007       1.477667145830251E-046
  -17.0352314419134       7.352415564936166E-067
  -16.9847416496971       1.536411760081816E-004
  -16.9510475957172       1.047878870763708E-065
  -16.9506324778241       1.306151799072126E-064
  -16.9258437583058       6.904919847333692E-006
  -16.9125149451190       6.394569550933797E-011
  -16.9027905569164       8.511681219652841E-068
  -16.8656141471150       7.822371641783167E-013
  -16.7684997252920       3.637747066313917E-009
  -16.3390350128396       2.245461917965355E-069
  -16.2878903714262       7.897833464656474E-015
  -16.2204643570639       1.403493552966605E-018
  -16.0801271851093       8.772832596268868E-068
  -16.0771080613913       1.471135042141184E-010
  -15.9471427266735       2.781313252475770E-019
  -15.3645527540794       1.237749485527346E-013
  -16.7552439964008       3.673152009217697E-068
  -16.7483368574223       4.047837215718249E-005
  -16.7213745035867       6.839219074792686E-063
  -16.6979484744608       2.767452101219520E-065
  -16.6801101794050       2.574677166006587E-065
  -16.6505189398379       7.849831210033967E-008
  -16.6474316830956       2.131077138271314E-008
  -16.6258296158508       1.239454709240093E-011
  -16.5355226563397       5.678549308772744E-008
  -16.0839242011725       5.352109740014389E-065
  -16.0387175306049       2.146395042314590E-008
  -15.9778505007086       3.348197635424198E-020
  -15.8449659732462       4.043343354902525E-068
  -15.8020267374624       4.708078307364467E-014
  -15.7121057273606       2.315903846452507E-016
  -15.1258968629692       1.976356881535998E-011
  -16.5727789592832       3.248020201158809E-063
  -16.5183522458064       5.480588032984426E-011
  -16.5014372524182       2.616208331459912E-061
  -16.4764684428761       5.427103627653934E-064
  -16.4544146335349       3.670273082894850E-011
  -16.4270723711316       2.134713652385249E-009
  -16.3973343417980       2.506001439191165E-009
  -16.3951072413834       1.569356327151848E-064
  -16.2809444142128       7.588190303167753E-014
  -15.8592877547684       7.053082658434924E-066
  -15.8282495789973       2.757313055921920E-012
  -15.7062006505758       6.238856318566606E-011
  -15.6151578827150       2.897428497609909E-011
  -15.6002677893926       1.209884025137706E-067
  -15.4498293293990       1.174757927655816E-012
  -14.8600084346072       5.514741479252175E-014
  -16.3522004606827       2.862212744623639E-066
  -16.3297289091291       1.753355849688992E-004
  -16.3002934628330       2.068075456632442E-064
  -16.2506338648709       2.151700950347645E-006
  -16.2504536514656       1.040409949279104E-058
  -16.2337027730472       3.155139828988485E-011
  -16.2232983799914       2.934048135024431E-067
  -16.1736839508554       2.381395297083789E-013
  -16.0505127790381       4.593180763818116E-008
  -15.6110105839017       3.117136831912434E-065
  -15.5693816016107       6.266087974450852E-008
  -15.4829379791087       1.018286212603168E-014
  -15.3933189112309       4.030036752552419E-007
  -15.3829929331376       1.389987897101109E-066
  -15.2083291014953       3.446851080176485E-015
  -14.6037251928976       4.285591780845452E-009
  -15.3549393725697       1.381245938778535E-032
  -15.3300123500942       3.177634634681524E-041
  -15.2561393466862       2.030735593971980E-039
  -15.1626502228806       5.912871319945772E-038
  -15.1433689174232       8.025976761843623E-038
  -15.1160635866313       2.055095009975532E-032
  -15.0946122106090       7.686140842406066E-040
  -15.0026693435096       4.376331420206299E-040
  -14.9469552750851       7.961403549960374E-042
  -14.5542894078110       8.386377706373723E-037
  -14.5508096521885       6.641564802354265E-036
  -14.4369484628217       1.218227729580826E-041
  -14.3275323003080       1.170514594778686E-038
  -14.3224538536167       8.566017969934306E-034
  -14.1518729030711       2.779421203546381E-044
  -13.5982206342440       1.338143578274690E-044
  -14.7454167271489       1.337900949317943E-003
  -14.7130801876040       2.930689550328171E-065
  -14.6511228474219       1.801132815595028E-064
  -14.6390810919958       2.535603109678549E-064
  -14.5985342359198       1.556646217501509E-007
  -14.5668687386359       1.184136402183369E-012
  -14.5355409180703       9.231650913034884E-067
  -14.5153586565802       3.207673508876442E-012
  -14.4001464032923       7.027925988409432E-008
  -13.9847290956349       1.644663022508065E-067
  -13.9519382350355       1.223978346941196E-009
  -13.8725670331191       5.722531779713913E-015
  -13.8081744920632       7.912338846916706E-065
  -13.7591531064838       1.775749064530687E-009
  -13.6055340862343       1.439174162881152E-016
  -13.0555398181622       5.103986586926856E-010
  -14.6703403801022       2.226631231167581E-036
  -14.6386142048837       4.893396181687448E-031
  -14.5797462853005       7.998679176561766E-035
  -14.5793492934390       8.813038231171066E-036
  -14.5509442837220       1.374037328361680E-036
  -14.5257716355026       1.146764464105449E-036
  -14.4552665010436       4.116568069885241E-042
  -14.4161751168184       6.135824517321858E-037
  -14.3078870949199       3.451337298173224E-041
  -13.9085872820363       4.523912436719321E-040
  -13.8727097398152       1.370497283879286E-045
  -13.8003220162558       1.698015496996653E-043
  -13.7333726950129       1.393844173606888E-036
  -13.7029483316936       4.479570647095385E-043
  -13.5161592251440       2.574221307518518E-044
  -12.9734608765433       1.885462050191740E-043
  -14.6345092011006       3.567413494710933E-039
  -14.6321408331495       7.506946965198381E-037
  -14.5203519137949       1.287157139305808E-033
  -14.5200394803961       1.589142859548938E-033
  -14.4825594358785       2.534112472321321E-038
  -14.4682202141001       3.021013137839741E-036
  -14.4463355521267       2.721250069436427E-037
  -14.3976790867487       1.232740923617944E-038
  -14.3240653071633       2.783814829608598E-039
  -13.8750387134083       1.420274988299385E-039
  -13.8727987903117       1.982740168349116E-037
  -13.7369526610808       1.547169511550397E-042
  -13.6988233841194       7.501745883214559E-040
  -13.6432632030000       4.671934005251270E-039
  -13.5115168662236       2.992659431459677E-043
  -12.9374990660467       1.817297880621771E-043
  -14.6073583381658       9.061377471285981E-065
  -14.5746779435644       2.412546700610755E-006
  -14.5341480171420       3.630266829037286E-061
  -14.5334201791422       4.747436461134377E-061
  -14.4897311354541       1.386428881546146E-011
  -14.4560929520601       4.372360618798652E-008
  -14.4238581856737       9.263638287673383E-065
  -14.3955429843703       1.140659625998663E-012
  -14.3273844834765       1.011490504602794E-010
  -13.9072949857621       6.332135238388705E-070
  -13.8400533531017       2.140122575433969E-012
  -13.7269325541285       6.917348677233092E-012
  -13.6649011431461       2.447365739783078E-067
  -13.6492497010946       1.426735236146640E-015
  -13.5099711102961       3.530867080053005E-012
  -12.9377493051198       3.722765441973181E-016
  -14.4375618261562       1.090128745095829E-065
  -14.3928643732213       4.299544670360690E-005
  -14.3495257081053       5.120587961631288E-063
  -14.3490109991745       3.737409708725767E-063
  -14.3203433064830       4.059582568048695E-006
  -14.2774215172804       3.015497479883231E-011
  -14.2559620995631       4.309108003263094E-068
  -14.2350699573051       9.347796248115283E-017
  -14.1471968483298       2.099476346871225E-008
  -13.7259699127451       2.694439800961949E-070
  -13.6599288400144       4.473268545237664E-011
  -13.5535210030337       1.662742614018359E-018
  -13.4828769826498       9.098452074984912E-065
  -13.4820122340835       7.983197229991064E-009
  -13.3322397257406       2.193723603874959E-016
  -12.7573758551061       5.553553967482065E-014
  -14.3859731395586       2.016436588200535E-065
  -14.3785397886870       4.100045419742591E-004
  -14.2911339319348       7.696590647690624E-064
  -14.2863933469914       2.716977552571970E-065
  -14.2757256223771       9.744511909409836E-007
  -14.2567404326400       1.499672026826892E-012
  -14.2411834495844       1.049438969986185E-064
  -14.1295234397883       9.740374081086521E-013
  -14.0523107065073       3.060020016839355E-008
  -13.6800098611005       1.134194590402802E-066
  -13.6028382367877       7.704248855282546E-008
  -13.5436441227988       1.017505743096750E-015
  -13.4577284528022       6.320500586412647E-069
  -13.4140781228142       2.149749775887324E-010
  -13.2600593484393       5.170725507820229E-015
  -12.7135941389882       2.085093485472753E-010
  -13.7790755456270       2.580612026323837E-064
  -13.7552995903828       9.127796377947235E-010
  -13.7268460279069       9.500528134629526E-062
  -13.6996564810850       5.950407134924337E-064
  -13.6506677319603       1.749415270337218E-009
  -13.6420649727930       1.915276339670904E-008
  -13.6038018390366       3.372582482934211E-064
  -13.5651968445655       3.412884691785575E-010
  -13.4904713764335       3.477124673542433E-012
  -13.0847938062698       1.660312000002754E-066
  -13.0390616395230       2.920735133843433E-012
  -12.9074073685150       1.115634940278805E-011
  -12.8393148836447       8.639883454565181E-068
  -12.8160839795870       4.761931517562141E-011
  -12.6681059738091       2.126137311751451E-011
  -12.0936829866807       1.885962724052665E-013
  -11.6107609315796       7.712516624097117E-066
  -11.6085239752445       2.901037691605219E-004
  -11.5790420334772       1.581317776175695E-063
  -11.5007131974937       3.001930079977981E-065
  -11.4959437016287       2.846826604609056E-006
  -11.4783905165545       7.666370505575652E-066
  -11.4601310472859       2.903924571484622E-015
  -11.4272322838390       9.179983138747228E-014
  -11.2786076251716       3.212503463091671E-007
  -10.8740758949843       5.746557306518227E-068
  -10.8324395229171       5.261878510001393E-009
  -10.7199324663121       3.731308086427960E-017
  -10.6583747979128       1.707550323219751E-069
  -10.6403994344461       2.632160531733944E-007
  -10.4556307472653       7.231390824851076E-015
  -9.87449440722957       2.011545905094150E-008
 -0.165998321382265       9.377343970897553E-039
 -0.123309395682487       1.048688895281141E-033
 -3.561892734893490E-003  3.318510042325952E-032
  4.649185716200321E-003  1.162675153269757E-041
  9.726870303482826E-002  1.158709232526747E-036
  0.127263963371234       4.745602255164512E-037
  0.133804564293737       2.217553559250752E-040
  0.187583088109502       8.293308682172360E-038
  0.361291905529747       1.558602801312856E-040
  0.649764686182984       1.304146214776053E-038
  0.706450946878274       7.232250796359138E-038
  0.852131055964705       9.844883483933316E-036
  0.853217364420427       2.128755993260997E-033
  0.938075671786613       4.366885843733881E-039
   1.14885161239680       7.755944496791498E-042
   1.69522532403451       6.126899290021393E-041
  0.347357418485235       2.208967444903602E-065
  0.386523182494024       2.373052436611066E-005
  0.442315257005770       4.050179454844618E-064
  0.473908157751882       7.726014386012268E-008
  0.515064171571460       7.971895770498650E-069
  0.545591588286797       4.090614625523790E-013
  0.564569406360658       2.667198877308207E-065
  0.644729002096820       5.890998938667675E-014
  0.808850792757490       3.769869520292185E-009
   1.09366049107322       6.126346621730236E-067
   1.16296929207058       1.362868749676247E-008
   1.29751786339863       1.953843511410397E-015
   1.34391648057963       8.294439354067283E-064
   1.35830104887084       4.861664244027495E-007
   1.59051898056903       1.027697318057806E-015
   2.12688773159586       3.739791107778425E-009
  0.705462145873973       4.380389466548183E-069
  0.723857696520412       4.960158253498884E-009
  0.776808275504084       3.561602620537489E-060
  0.809678571504215       3.081661124951720E-062
  0.878122678253529       5.427518936288117E-009
  0.884249721447610       1.429179200784280E-009
  0.888206744862750       1.161025162791555E-058
  0.958325582100475       9.508152118166526E-010
   1.05271495509837       4.535502149512428E-012
   1.42581029550046       1.447043852950370E-067
   1.48677379000163       6.114215269970850E-012
   1.63077334513486       2.417111758004912E-011
   1.67644859369455       1.618798018490045E-064
   1.72152752327031       9.663862468277179E-010
   1.88146792716577       5.857464006607541E-010
   2.46827183142206       1.459495624030971E-011
   4.91481394193100       3.481657049699050E-004
   4.91786875490812       1.833941246256291E-067
   4.96293912822820       6.330746743124393E-063
   5.05655429619591       8.013585109725170E-062
   5.06832584190285       7.304126703371434E-006
   5.08591361052265       2.726894682829734E-065
   5.11677665439992       9.750854042562268E-017
   5.15574911624778       9.992672621820303E-014
   5.32958818368922       6.244847355878923E-007
   5.66803934348142       9.604918862088066E-067
   5.72616488041798       1.711002069872701E-009
   5.86808010900039       1.841725349041413E-017
   5.89054721367370       1.460397290937613E-064
   5.92744554907670       6.552410836577633E-007
   6.13902108729616       2.617154427278409E-014
   6.70599058240395       1.365255210985004E-007
   5.38878308430290       2.737460767292670E-035
   5.44519206497372       7.761781343454464E-031
   5.47858642198229       5.938745795093221E-033
   5.55625372799498       3.161490058512034E-039
   5.56567697912989       2.440834936791210E-035
   5.63579844698781       4.384463291824146E-035
   5.66403479861406       6.054392385828383E-040
   5.72674896129941       2.527122244410591E-036
   5.90319531557726       7.558927939845842E-039
   6.16258398347827       2.337474011764257E-037
   6.22304416462952       8.527766775546626E-038
   6.36850538458225       5.826377057338570E-040
   6.39228628600073       3.899414169756061E-035
   6.44038213155485       7.107733252335713E-040
   6.68112996905168       3.569975896796193E-043
   7.21779248478852       5.231476546596942E-040
   5.40582438868377       1.095478005010999E-036
   5.43387438660324       2.583622168892207E-035
   5.53884796774464       3.261280908149765E-034
   5.58734830837525       5.247047495351107E-034
   5.64291081672653       1.245557572258715E-033
   5.64521787019727       6.034387985178108E-033
   5.65778813697143       1.872066630417210E-033
   5.73247784026269       1.452488004355673E-036
   5.85740336317086       2.389457342302311E-039
   6.17621022055894       2.456880551777966E-041
   6.22885842785056       5.494344625355212E-038
   6.39001929918010       5.864042728216336E-039
   6.40787827601944       6.140251446094786E-038
   6.47876686577759       9.409422960651434E-039
   6.66924969573300       4.654943767783489E-040
   7.23560533227368       1.695930211686976E-040
   5.40139329246760       2.897616382050753E-003
   5.45147071456714       2.129216040782931E-065
   5.54730747884714       1.451971472310672E-065
   5.57661093647416       3.720112788076990E-067
   5.63454877525181       1.663518139197369E-005
   5.69588651701213       4.113741911453482E-014
   5.70512655209953       3.564150439644028E-064
   5.74412445721136       3.282602609117849E-012
   5.92745565124418       3.530188205456739E-007
   6.19479290497074       3.523396939554779E-067
   6.25679450057757       9.813297738371754E-012
   6.40653946809650       1.435840216093284E-017
   6.42555750173531       2.798348384660829E-065
   6.48667888059242       1.252521378485417E-008
   6.71183923933089       2.491736404961504E-015
   7.25621968893149       2.419267428423918E-010
   5.52565239077759       2.981972387534085E-067
   5.55381724798693       3.518098527209638E-006
   5.60371202541235       1.806461682554515E-065
   5.66143551607253       4.328827897719562E-065
   5.66944846919821       1.104530237349124E-005
   5.73772300796746       1.057572957351655E-065
   5.75117451006985       3.581121262966790E-012
   5.77263038536259       3.690405950118338E-015
   5.92482287730259       6.645823672909184E-007
   6.24390567369639       1.309091610275929E-069
   6.31257206531109       5.451806094828759E-011
   6.46554567921959       3.795022607845704E-018
   6.51034123863371       4.813679053406262E-065
   6.53284193020637       2.558027807579787E-008
   6.73907389642687       1.404100651921766E-015
   7.30501057444994       8.989073442952141E-013
   5.62916647592954       3.944373307950565E-066
   5.66423513027932       2.421362887338264E-007
   5.71825589697432       8.219767056266504E-065
   5.77122265575089       9.173131033942817E-010
   5.77441135105011       4.346227598612508E-066
   5.84501312722447       2.247338291271164E-063
   5.85849272555414       3.855337815952936E-008
   5.88418653488327       4.772928166717347E-011
   6.04027770314433       2.208288445628323E-011
   6.35167671766108       3.740513997471941E-070
   6.42173729689405       6.652398526849150E-015
   6.57274461758347       2.052400186948596E-013
   6.62021079394848       2.254383518597512E-064
   6.64065165224715       9.569358770410399E-012
   6.84970930617699       4.561929108543084E-012
   7.41255084546433       4.363738749451210E-015
   50.3039103613063       8.806728061660390E-038
   50.3446159951535       1.616455455051358E-034
   50.4189170374047       3.348990444748053E-032
   50.5005882983397       4.876842786577676E-039
   50.5628040937481       8.093705335168884E-037
   50.5801708326183       2.739766439887480E-038
   50.6095148276556       4.946518195281580E-037
   50.6838118521165       1.276564849552653E-037
   50.8744287811906       1.258668817760728E-039
   51.0900403677579       1.356210235845506E-037
   51.1833932704407       9.141056842882614E-036
   51.3216350806818       2.473302651361014E-033
   51.3476800253210       4.910602086375484E-038
   51.4195479444147       1.230082952639967E-036
   51.6533423549191       9.362785458634912E-042
   52.1911403486672       2.508882182086322E-040
   50.7154723216184       4.808113685952622E-067
   50.7617519238402       3.358654404602402E-005
   50.7914203162945       1.841343840831070E-065
   50.8687477666412       3.591856991605988E-007
   50.9007628425914       2.048381663671887E-064
   50.9465689988967       1.845535088899108E-014
   50.9656008756797       2.136784631267025E-067
   51.0149535814342       5.357321902842132E-015
   51.2370386565175       1.907468745183673E-009
   51.4744093645071       1.996481752599073E-068
   51.5264943537607       2.189623183313617E-011
   51.7079374354043       2.117381940644410E-015
   51.7355257219008       6.438037027261700E-063
   51.7446388336338       9.643235329454544E-007
   52.0127388698988       2.913187535419584E-014
   52.5446330999637       6.999343957065170E-009
   51.0029920586734       4.007060829406434E-071
   51.0285518255113       1.426703764523708E-008
   51.0903630789373       3.026401779592834E-063
   51.1372164503071       8.885138753980081E-064
   51.1917765858173       7.076905663984034E-062
   51.2085274340003       2.055249046028804E-008
   51.2125266726711       5.499839325988399E-009
   51.2732864901479       8.818764765961318E-009
   51.4224564848198       1.018947653563954E-011
   51.7369395282291       3.246419925710562E-067
   51.8079391253793       5.162822676411366E-013
   51.9507802953889       2.825352035185880E-013
   51.9976848943498       2.496373863203289E-064
   52.0457327078220       8.434723166573227E-010
   52.2350973758094       4.774640106631415E-010
   52.8112173605694       1.916920338201857E-011
   59.7880746497329       1.491819963547424E-069
   59.8021590260988       1.027736627120549E-004
   59.8627223278491       5.348605131341514E-063
   59.9462119457035       1.102938165853080E-063
   59.9815423583107       1.918205169612390E-006
   60.0007023934300       4.355283334037294E-063
   60.0189523674851       1.529418018732151E-017
   60.0827478434025       3.570700853248470E-014
   60.2725964661076       2.289121086021795E-007
   60.5351843086778       6.314426226246419E-067
   60.6055748870779       5.994343270268628E-010
   60.7667677962123       3.058820889606391E-018
   60.7809392988288       1.772123409715283E-063
   60.8276356880636       6.232611350783554E-007
   61.0593200211827       2.905961555962265E-014
   61.6036764880198       1.730004454058706E-007
   250.159013973983       1.823391291270061E-070
   250.188462703220       7.466857050157660E-006
   250.252113677583       7.872892584060447E-063
   250.328658076979       1.537351572635201E-068
   250.374031142315       2.081469585350216E-007
   250.396986625738       7.859985963716180E-068
   250.402017162167       2.821424980963219E-018
   250.480320324834       5.212180203625106E-015
   250.677129769499       2.668449457362250E-008
   250.880958003924       2.967191967001611E-067
   250.951792650158       4.115102597792257E-011
   251.124740264319       1.809518843489763E-019
   251.144273344802       5.895064590083037E-062
   251.189114415810       1.025333890217115E-007
   251.433654907394       6.589251603231662E-015
   251.951766994771       3.072418022552641E-008
   251.522421299159       8.783451411205040E-038
   251.529156205900       1.273163161512987E-035
   251.615928688056       3.775024950278826E-033
   251.699069841076       3.403508670013974E-039
   251.761802361725       7.925795089994979E-036
   251.767942151415       2.367524821235821E-037
   251.790569478254       1.482323929992599E-037
   251.873451291444       3.665961363973123E-038
   252.077055375033       1.846936128052198E-042
   252.235930508110       1.582474132507801E-037
   252.323859157286       3.504259190204845E-035
   252.491208640353       9.211900019330086E-034
   252.504417918062       9.743095263187815E-038
   252.554573633575       5.212860765432414E-035
   252.813898739982       3.497563545512539E-043
   253.313134610146       1.610956085548965E-039
   251.828354446131       4.583932304124834E-067
   251.877533378607       3.694937124121190E-006
   251.923099592085       2.001701433781777E-062
   252.020403190043       2.241636628259846E-059
   252.026367634723       3.001794242504881E-007
   252.077932561524       1.343575015401461E-016
   252.094631182125       9.414957133960432E-066
   252.156524006031       2.430691390560487E-014
   252.379251066960       4.040411192442611E-010
   252.555215240627       1.134534865800185E-066
   252.612208783780       9.653808099455262E-011
   252.806213502187       2.907870104330780E-017
   252.819486742309       2.440970374654127E-061
   252.838083037222       2.599103451580975E-007
   253.115884196731       1.984109378791885E-014
   253.613865398183       8.368272258716473E-011
   251.977297991944       3.728795547013221E-066
   252.013175067326       3.986634675987729E-009
   252.077330155854       1.872236429882124E-059
   252.139850839570       1.414822184949261E-060
   252.199424256189       7.836760720276114E-010
   252.209829543334       5.688452582071674E-058
   252.213292151123       5.917976562969083E-012
   252.291042769105       7.085843475715137E-010
   252.476986868950       4.130661252420012E-013
   252.688917035743       1.607815857638172E-066
   252.759860610191       1.572671427315519E-013
   252.926521807233       6.462085036313677E-014
   252.952690587267       4.514020311797976E-062
   252.990985304828       3.141189613192781E-010
   253.230179338724       5.466668129256839E-011
   253.747825317838       1.147348215855381E-012
   281.063726275070       1.508035653781220E-040
   281.089643935894       8.240943076885849E-035
   281.156561337001       1.005944310167923E-032
   281.250118916152       8.888359325525686E-041
   281.282782426522       3.763295588932214E-034
   281.321218185027       8.985277448014764E-034
   281.324658903132       2.042451604732167E-033
   281.406731558827       1.269780505976893E-037
   281.622327958551       2.327822331139481E-038
   281.780273866740       1.865767644336194E-040
   281.852380501065       8.780743587397919E-037
   282.042110878227       4.946095820043328E-037
   282.046525738042       6.605457161726289E-037
   282.090292100896       1.427764163996501E-037
   282.360239925731       1.609793231127613E-043
   282.861620412385       4.643718156966275E-041
   281.071747243861       3.211035993502409E-041
   281.090924325437       8.998456646956165E-036
   281.169421478860       1.756666754683786E-034
   281.243884574014       1.249812061914419E-037
   281.306644466909       2.577184683022238E-032
   281.310541527782       2.139237558777474E-032
   281.326083442902       5.292453658984240E-034
   281.407683957011       2.624149370597833E-038
   281.601896804386       3.328255677512856E-038
   281.781320568840       1.301301190670055E-042
   281.860567486664       2.204745702186541E-035
   282.036337635660       3.466397705914474E-039
   282.047372476032       2.232506643047384E-040
   282.102029873472       8.476227935938756E-037
   282.350236224177       1.648002303381823E-041
   282.863915583520       3.994146958844999E-040
   281.071264308121       3.757650903030423E-068
   281.087587264980       3.695793784439392E-005
   281.164998191492       1.022309265812818E-066
   281.252218648389       1.509487524332057E-061
   281.301592794892       1.465911372515596E-007
   281.321090385763       1.159464672150277E-061
   281.334165345128       1.313431381438029E-017
   281.417102840070       5.450620666475745E-014
   281.624823243008       4.882721000606306E-009
   281.784389115852       7.920667589696329E-068
   281.863165725835       1.098470602112949E-013
   282.047801489070       7.859218146395878E-022
   282.048575426054       3.506551678703931E-063
   282.102891054958       7.326106734010961E-010
   282.365100606427       6.451519031333165E-017
   282.869461656738       1.856844910331543E-012
   281.084578168271       2.398222758530995E-070
   281.128539788105       1.083627156776132E-010
   281.183869176398       8.675995399512359E-064
   281.262127166504       7.755179538780657E-065
   281.297312223744       5.270031524991746E-007
   281.328523068022       1.290477250254091E-018
   281.333861916169       3.668816647649796E-067
   281.405936269394       2.302538987871991E-014
   281.608666439385       1.714455048427972E-008
   281.799634739699       5.790983811491616E-070
   281.863770239756       1.441117038368032E-013
   282.044602180005       4.314273241833527E-021
   282.072157374494       2.063942721005146E-062
   282.102283234006       8.958484887016217E-010
   282.357771618367       7.648793647612981E-017
   282.871664606325       1.504528547923172E-012
   281.102231913310       1.224098771762509E-067
   281.147563569205       2.021712844627480E-009
   281.201096061412       9.914734312773008E-062
   281.281905895669       9.243046960540723E-067
   281.312662696639       5.528470981866485E-011
   281.346919378533       7.893051149787288E-016
   281.354154736797       3.384526346872218E-062
   281.424326205227       6.903972385932616E-010
   281.629995754779       4.470244341173385E-015
   281.818419128527       4.803501444790413E-069
   281.881314485638       2.407083179095071E-017
   282.064092970402       3.867039937857705E-018
   282.091077187440       8.052267466904770E-062
   282.119325348684       9.097775528269848E-014
   282.377782637663       3.389417849452991E-013
   282.890115139972       6.295012757699620E-015
   504.862225232864       5.263394027140102E-071
   504.899567947821       2.479431270085492E-008
   504.962098069781       1.499459435201841E-062
   505.038863175949       2.141582183185633E-062
   505.082790062857       1.569775474138549E-009
   505.108217258839       2.860432846353253E-020
   505.111465816145       1.243776302731442E-064
   505.190898164912       1.508920168940175E-015
   505.392232326939       2.761524642204983E-010
   505.557821992698       7.680257936146633E-069
   505.624825040435       6.186969021432488E-013
   505.804839487762       3.979475048190987E-021
   505.826912211207       2.677268434485015E-060
   505.862922617376       1.135648051909740E-008
   506.120569116940       4.059200816960074E-016
   506.614564618152       1.495922603633814E-009
