                   832
  -19.2276979114982       3.344918530083624E-042
  -19.1863762991481       2.154064508204304E-040
  -19.1803045324925       4.695500225599687E-042
  -19.1665336504743       1.456458170263858E-040
  -19.1323398482695       5.306855472301189E-039
  -19.1319032598438       9.203153749875443E-042
  -19.1064100611865       1.900466708787075E-038
  -19.0842742979447       2.032374688518152E-040
  -18.9989108498682       5.243335667518104E-039
  -18.5395609504293       4.987565194319706E-035
  -18.4935606516633       4.534326159313116E-035
  -18.4459459167578       3.927358112765829E-043
  -18.2785907975620       1.407801824398176E-040
  -18.2410397157405       1.859317782792801E-040
  -18.1627047908715       1.537711219915475E-042
  -17.5643018338549       1.305449767974262E-040
  -19.1773017693551       2.409043916471373E-039
  -19.1201249673972       4.679471250335821E-046
  -19.1054000617859       8.533045018688476E-040
  -19.1037188905998       6.387928122621724E-038
  -19.0561540337853       1.446146009185686E-035
  -19.0417624850018       1.464872479032227E-042
  -19.0094771886230       5.228496493192534E-041
  -18.9748358351605       2.099890791605091E-037
  -18.9087012204754       2.424247017772080E-044
  -18.4967178999420       1.027432495060126E-037
  -18.4593038802770       3.729663767337688E-042
  -18.3478643125138       1.016000333089133E-037
  -18.2163645198903       1.834191019919892E-037
  -18.1850228361319       9.370588037613001E-044
  -18.0804492119838       9.057142375854761E-044
  -17.5014962270813       1.162087199756119E-041
  -18.8564097820927       1.634442179238945E-038
  -18.8146404904416       1.226115358111643E-038
  -18.8077404927913       4.070475243605339E-039
  -18.7800977287760       1.006123286710836E-038
  -18.7476330314749       6.184768374099898E-036
  -18.7270151253927       1.035109508757212E-035
  -18.7017256329643       2.184323303610338E-037
  -18.6776161882505       3.258841537644180E-036
  -18.6280643845014       2.331960698324782E-038
  -18.1886457288868       5.845165413138840E-036
  -18.1286941590600       3.034832583510661E-037
  -18.0483903191033       1.663628729360983E-036
  -17.9146264564127       7.986047070629272E-038
  -17.8832090009250       1.119262049960570E-039
  -17.7998481082534       3.873945405424267E-038
  -17.2161796896256       5.731119793512021E-042
  -18.8255764730230       1.456260654501756E-038
  -18.8013938279529       1.371510768319913E-037
  -18.7921169582465       3.722196453987461E-041
  -18.7689593939823       4.369932875321244E-037
  -18.7394266333287       1.066479136392715E-037
  -18.7315272799847       2.559929793486001E-037
  -18.7085117835728       3.114436052433147E-040
  -18.7022579292352       8.078773138547279E-037
  -18.6334557549670       3.376183549082896E-038
  -18.1565328259994       3.312214176710053E-033
  -18.0944922966871       3.860725256879201E-033
  -18.0530432451196       2.602998828282137E-037
  -17.9065395529122       3.745775349190306E-039
  -17.8641806526590       2.879044086212192E-040
  -17.8040036357103       1.749051431222050E-040
  -17.2073150428195       1.670481483590716E-038
  -18.7687503433087       4.690314034263428E-040
  -18.7251167490525       5.471092664782655E-039
  -18.6735883215458       1.765498816548420E-040
  -18.6564130290212       4.089564633696449E-036
  -18.6535939343417       1.539529093883248E-035
  -18.6461133992253       3.345987724215543E-036
  -18.6297427629333       1.219576727981720E-038
  -18.5348728567897       2.608175122687980E-038
  -18.4655486171594       3.585102810673485E-038
  -18.0484923810424       1.884210305575688E-033
  -17.9786000808533       1.740837537968687E-033
  -17.9265889451812       7.300219784599197E-040
  -17.7923457687421       7.281556301911084E-039
  -17.7808182110144       3.213910828798588E-036
  -17.6287465252815       2.290110957100778E-042
  -17.0290876088813       6.141555392677652E-040
  -18.8425982841528       1.994662726440645E-009
  -18.7826989051547       2.157692107234908E-080
  -18.7722363660276       1.161471283368344E-015
  -18.7260054919429       7.971528812933096E-063
  -18.7015058981674       7.346112899454367E-074
  -18.6629740825495       4.264539560527780E-068
  -18.6528289326410       2.216918591612896E-008
  -18.5745062312326       2.800375703020922E-014
  -18.5464336948197       3.410061933992501E-080
  -18.1139624307424       5.931393948910713E-064
  -18.0652257411095       1.531146529696741E-003
  -18.0285709037714       3.970734506245419E-068
  -17.8568745345608       1.185063168150529E-066
  -17.8418031821945       5.766827030504901E-005
  -17.7284598255802       9.125686211756432E-073
  -17.1504391085071       6.269134765628089E-073
  -18.6093371836240       5.725887119888238E-040
  -18.5527966574929       8.964226130497750E-045
  -18.5337445952380       6.303660156979245E-039
  -18.5209837502548       1.298442663701886E-041
  -18.4826727347487       7.792185080373388E-037
  -18.4644964524980       1.550467303675136E-041
  -18.4142751754503       1.109744241999661E-041
  -18.3806519091368       1.061506173041491E-035
  -18.3128097971393       2.707206914613922E-042
  -17.9062153488509       5.860438534578522E-036
  -17.8771463752483       8.376947500231745E-038
  -17.7369864106707       4.819712501528032E-038
  -17.6401483259540       1.472085597302724E-038
  -17.6214061901862       1.140927156577963E-040
  -17.4824824897542       2.081851162352774E-039
  -16.9034646387068       3.256487647010082E-045
  -18.5153757258240       1.037611743702307E-043
  -18.4863828778563       3.484346265657238E-042
  -18.4675433298031       5.690223084313644E-040
  -18.4544816059887       5.343934044354176E-040
  -18.4180853853186       1.494550163747305E-040
  -18.4054981871721       3.295870045447580E-038
  -18.4037919786117       3.412437609350744E-038
  -18.3693888974816       3.807305355690557E-039
  -18.2810314658215       6.054612926769472E-040
  -17.8368645046598       1.736927983727788E-036
  -17.7919823942265       1.390395702863168E-036
  -17.7254537797224       2.946633124268726E-041
  -17.5835665504119       2.168603509652156E-040
  -17.5387962481850       3.415973108170632E-040
  -17.4607873157570       7.712210875767559E-042
  -16.8781792607649       1.975421730430994E-039
  -18.2808557319349       7.219899954704082E-012
  -18.2441822873072       2.467525092476087E-069
  -18.2214573493991       1.534279803921084E-008
  -18.2142693027814       1.228667342391867E-008
  -18.2083230016997       2.947197296198785E-063
  -18.1829722101574       3.814176540174791E-011
  -18.1743404231793       8.389216606570172E-069
  -18.1303099280941       9.357110487037915E-065
  -18.0819840481081       2.590482050279666E-072
  -17.6034928594128       3.652862900145968E-008
  -17.5963548586737       3.310779467542956E-066
  -17.5164868689859       1.202581644999813E-067
  -17.3588175126104       3.454152963711160E-012
  -17.3166668205762       1.452073030045052E-072
  -17.2585425806504       5.403478184641027E-071
  -16.6704351328974       3.606360338868920E-073
  -18.2110991759523       8.725008586402770E-043
  -18.1884721149465       4.555859410630095E-040
  -18.1661278885565       2.285781535954841E-043
  -18.1594632768084       1.318432356455483E-042
  -18.1328946691451       2.994267940884514E-042
  -18.1203556016859       3.516064302345925E-039
  -18.1108425470003       1.842349794147323E-038
  -18.0775110173945       2.051925189992273E-041
  -17.9995240592973       1.696176060372453E-040
  -17.5490385627613       6.982465226676439E-039
  -17.4960786740229       6.246707955617772E-040
  -17.4596807645600       9.726681669688409E-042
  -17.2934754436984       1.212379227196564E-043
  -17.2603952360322       1.578211423847615E-041
  -17.1745048956334       2.059828647300825E-041
  -16.5859510837469       2.481160060932836E-039
  -18.0840903712037       6.497531102014366E-073
  -18.0832256489044       7.388450189909844E-011
  -18.0664790258354       2.417203887288811E-008
  -18.0569946999717       5.053651878043237E-012
  -18.0221005315202       3.467432374311447E-013
  -18.0193516005540       7.424432328853024E-065
  -18.0048471648491       4.891999131524434E-070
  -17.9761130723464       5.304262617493969E-069
  -17.8962125429772       2.231015740599073E-071
  -17.4323130868030       2.716803650257051E-006
  -17.3991002268479       8.346066029882343E-070
  -17.3626691152357       5.427663417314079E-068
  -17.1905307152193       3.118941857504565E-009
  -17.1533415480163       5.430365057878572E-074
  -17.0735584676817       6.880564433180683E-075
  -16.4872795291190       7.782471251496758E-071
  -17.7324599368697       2.399966219529664E-039
  -17.6899869366934       1.068754881250644E-040
  -17.6599938326852       1.226502674191440E-042
  -17.6558276062362       1.248461716244860E-036
  -17.6548142838302       4.391535988169708E-036
  -17.6252661725750       3.011929247371703E-041
  -17.6164260874845       2.108338736325401E-042
  -17.6007002973277       9.681476140107764E-039
  -17.5265895548369       1.367443182074916E-044
  -17.0710181636152       2.616471186215346E-038
  -17.0448002228304       2.221377889313686E-040
  -16.9948262797901       2.308860681413030E-041
  -16.7757999663205       4.655586933129765E-043
  -16.7525415743734       3.838704879529740E-046
  -16.6953047356950       5.245518690818306E-042
  -16.0949891417826       7.641808320553876E-046
  -17.5840424313505       1.389224379017903E-037
  -17.5683364734359       4.076410098241359E-036
  -17.5276924055544       5.064305113943669E-038
  -17.5163234750064       1.127461836950801E-036
  -17.4995190926348       1.077480701661788E-035
  -17.4810975117485       6.138266851421999E-036
  -17.4724924929693       1.012295707846213E-034
  -17.4522918001200       6.614210940914035E-036
  -17.3691813986410       2.925574552992334E-037
  -16.8863326313691       2.833642496094188E-031
  -16.8824539216802       2.823340878292972E-031
  -16.8129977950891       1.018073454265708E-036
  -16.6705369712972       5.459276246418482E-037
  -16.6287572419966       1.299932665395397E-043
  -16.5497193683803       2.583735715252616E-040
  -15.9637939549806       1.009341082021993E-040
  -17.5143082935118       1.399889126057357E-037
  -17.4732370622939       9.764629428302009E-038
  -17.4701306557928       1.300664411730267E-038
  -17.4447122817392       2.748693214396247E-037
  -17.4110310054416       6.585287685872661E-037
  -17.3902512468331       8.144182320572684E-034
  -17.3892568635848       9.588894234147965E-034
  -17.3658689710010       1.644461567501365E-036
  -17.3004005167977       1.665104374537476E-041
  -16.8471224065821       2.683749108800512E-036
  -16.7903652251004       6.730857121897513E-036
  -16.7255063053209       1.484816790322539E-035
  -16.5795515874882       2.374311266427025E-036
  -16.5482462438550       2.263032955221326E-038
  -16.4747938232023       1.867114213666018E-038
  -15.8856712868152       4.479244306929917E-044
  -17.2923669828279       2.416435561318752E-069
  -17.2759715286972       5.195225063912205E-009
  -17.2645455103066       1.267920519217923E-009
  -17.2474201353017       2.074918601382865E-012
  -17.2069459687979       2.453561750899189E-062
  -17.1982134813266       1.758838745480448E-065
  -17.1731290675580       5.010555033144162E-013
  -17.1359416368545       1.304265211321377E-063
  -17.0369460176082       3.978120507723750E-071
  -16.6048178856953       1.154169764201945E-006
  -16.5770026654087       8.662324886747522E-061
  -16.5236847775808       2.730912805672374E-067
  -16.3812442769112       1.355879951505360E-008
  -16.3502150839894       1.045503622294220E-068
  -16.2239376656664       4.987535566884826E-073
  -15.6528960435656       3.613486861741635E-071
  -17.2970978621774       2.611303770081379E-012
  -17.2754145702448       3.624743044132624E-072
  -17.2235697285911       5.417972533878875E-009
  -17.1984297753480       7.708368364545952E-012
  -17.1849819453110       6.514626796991348E-062
  -17.1713095704729       9.452105532540821E-010
  -17.1655064863750       5.408093767554795E-070
  -17.1287016429751       1.352930838078055E-065
  -17.0351695327388       1.588299301823368E-070
  -16.5804986823500       2.654579394932893E-008
  -16.5782320773755       1.424647260096563E-063
  -16.4766887304261       5.288285844615241E-072
  -16.3614126671707       1.980480971786062E-010
  -16.3299334704655       3.182814647507041E-074
  -16.2103841338395       1.082588157527389E-072
  -15.6231791715007       8.805698569883544E-077
  -17.0352314419134       5.566712774750080E-043
  -16.9847416496971       1.236239521750305E-038
  -16.9510475957172       1.242206879882013E-042
  -16.9506324778241       1.754791860900234E-041
  -16.9258437583058       4.962318647529326E-037
  -16.9125149451190       1.131935186316776E-036
  -16.9027905569164       8.644720694212066E-043
  -16.8656141471150       1.979946329026811E-037
  -16.7684997252920       6.452714052853497E-039
  -16.3390350128396       2.660595180670880E-036
  -16.2878903714262       2.720172254270408E-036
  -16.2204643570639       3.052735130947501E-041
  -16.0801271851093       2.437436510975837E-038
  -16.0771080613913       5.299531455669877E-039
  -15.9471427266735       3.731622641329123E-043
  -15.3645527540794       7.500617182836535E-041
  -16.7552439964008       1.342212099641829E-043
  -16.7483368574223       2.228772972090826E-040
  -16.7213745035867       6.036128817285753E-039
  -16.6979484744608       1.566977096387178E-040
  -16.6801101794050       1.579596768509897E-040
  -16.6505189398379       5.583274652329303E-037
  -16.6474316830956       6.902162095853132E-037
  -16.6258296158508       7.168962585027478E-040
  -16.5355226563397       6.885341045669127E-039
  -16.0839242011725       8.423586142667913E-034
  -16.0387175306049       8.469992423907719E-034
  -15.9778505007086       1.451892195488038E-044
  -15.8449659732462       4.225865970016657E-040
  -15.8020267374624       1.331826187324627E-045
  -15.7121057273606       1.860894773848328E-045
  -15.1258968629692       3.158305993052210E-043
  -16.5727789592832       1.619005107524386E-037
  -16.5183522458064       3.265280883987103E-045
  -16.5014372524182       4.780057725673246E-038
  -16.4764684428761       2.719370553319556E-041
  -16.4544146335349       1.158002673985874E-043
  -16.4270723711316       4.233907115078915E-036
  -16.3973343417980       3.451117574317965E-035
  -16.3951072413834       1.476045879777572E-037
  -16.2809444142128       3.038352768479159E-042
  -15.8592877547684       1.311932104744328E-034
  -15.8282495789973       3.083305610317525E-039
  -15.7062006505758       1.888137037274775E-035
  -15.6151578827150       1.415636753630998E-041
  -15.6002677893926       8.725134290246128E-040
  -15.4498293293990       9.547519538678277E-039
  -14.8600084346072       5.538814179864354E-046
  -16.3522004606827       7.566098604009414E-041
  -16.3297289091291       8.390051344907988E-039
  -16.3002934628330       4.277011806370837E-040
  -16.2506338648709       4.015002310206328E-038
  -16.2504536514656       1.117150294557326E-037
  -16.2337027730472       8.859167954613578E-038
  -16.2232983799914       1.438032637536525E-039
  -16.1736839508554       6.669244449974630E-040
  -16.0505127790381       2.284689214392080E-041
  -15.6110105839017       5.340514365264454E-035
  -15.5693816016107       5.390495372909068E-035
  -15.4829379791087       2.203095039761307E-041
  -15.3933189112309       9.672213707892816E-040
  -15.3829929331376       4.929158013295367E-039
  -15.2083291014953       3.652938370663361E-041
  -14.6037251928976       1.577674534860706E-038
  -15.3549393725697       7.593691793650434E-009
  -15.3300123500942       1.924482869659156E-080
  -15.2561393466862       1.216597712016116E-015
  -15.1626502228806       6.351048742566671E-070
  -15.1433689174232       5.321032690343734E-061
  -15.1160635866313       4.402333074939564E-007
  -15.0946122106090       4.753386249775177E-066
  -15.0026693435096       6.480686113037749E-015
  -14.9469552750851       1.816821405842243E-074
  -14.5542894078110       4.239742219180555E-061
  -14.5508096521885       9.605529909053750E-004
  -14.4369484628217       7.401485879919353E-063
  -14.3275323003080       3.015935762654504E-067
  -14.3224538536167       5.738072502216340E-004
  -14.1518729030711       5.066415776945911E-071
  -13.5982206342440       1.895729137587617E-078
  -14.7454167271489       2.865579302167022E-039
  -14.7130801876040       1.256490331994099E-041
  -14.6511228474219       5.353798986094340E-040
  -14.6390810919958       1.943833900284858E-039
  -14.5985342359198       8.252184980513396E-038
  -14.5668687386359       2.884325184006984E-037
  -14.5355409180703       1.177694572296182E-039
  -14.5153586565802       1.953154721398979E-036
  -14.4001464032923       2.685233903739440E-037
  -13.9847290956349       1.688605020574018E-034
  -13.9519382350355       3.318452287695474E-035
  -13.8725670331191       4.483747396270686E-037
  -13.8081744920632       8.149638977056708E-035
  -13.7591531064838       1.733696974557568E-037
  -13.6055340862343       1.363855097299171E-040
  -13.0555398181622       5.044510991264698E-037
  -14.6703403801022       1.292872203800857E-072
  -14.6386142048837       3.483806179374388E-011
  -14.5797462853005       2.562212198215392E-008
  -14.5793492934390       3.562782888696943E-009
  -14.5509442837220       9.537446105974532E-072
  -14.5257716355026       7.052062809542728E-062
  -14.4552665010436       6.384492410960481E-017
  -14.4161751168184       8.375689783845285E-062
  -14.3078870949199       1.725084843918213E-074
  -13.9085872820363       2.057586309684947E-005
  -13.8727097398152       1.829441179986430E-073
  -13.8003220162558       1.531284975269049E-066
  -13.7333726950129       1.670199925487438E-007
  -13.7029483316936       1.487742072831946E-074
  -13.5161592251440       3.127694024026292E-070
  -12.9734608765433       8.342717316040551E-075
  -14.6345092011006       3.041737875086246E-015
  -14.6321408331495       2.053087602453921E-071
  -14.5203519137949       1.035351703593123E-008
  -14.5200394803961       1.114219428386137E-008
  -14.4825594358785       2.863832366490362E-063
  -14.4682202141001       1.596012022539595E-071
  -14.4463355521267       1.379695033870000E-011
  -14.3976790867487       5.316897266733170E-063
  -14.3240653071633       4.590462405595219E-071
  -13.8750387134083       4.684301344189611E-008
  -13.8727987903117       1.741801898746340E-063
  -13.7369526610808       1.019698515455432E-064
  -13.6988233841194       5.504367835349664E-011
  -13.6432632030000       3.507670178452611E-072
  -13.5115168662236       4.814714245013896E-070
  -12.9374990660467       1.729685240217066E-072
  -14.6073583381658       3.464906717639726E-040
  -14.5746779435644       6.444986744797079E-041
  -14.5341480171420       7.470006507477603E-037
  -14.5334201791422       9.039351103598065E-037
  -14.4897311354541       2.326390991036665E-042
  -14.4560929520601       5.335733480021348E-035
  -14.4238581856737       1.258650390753760E-037
  -14.3955429843703       3.634344180149621E-036
  -14.3273844834765       2.773219349236513E-041
  -13.9072949857621       2.044387394421546E-037
  -13.8400533531017       7.761866200948429E-040
  -13.7269325541285       5.886175914655038E-036
  -13.6649011431461       4.508968617445102E-038
  -13.6492497010946       8.857515616206455E-051
  -13.5099711102961       7.255043510640144E-040
  -12.9377493051198       1.564706635712266E-043
  -14.4375618261562       7.695655743016887E-041
  -14.3928643732213       1.649795461085015E-042
  -14.3495257081053       2.118284879889385E-038
  -14.3490109991745       1.547139106312396E-038
  -14.3203433064830       3.618513435773400E-039
  -14.2774215172804       1.355040689659798E-037
  -14.2559620995631       1.786702963987375E-042
  -14.2350699573051       7.486172571037400E-039
  -14.1471968483298       1.929235880147680E-039
  -13.7259699127451       6.954660553691788E-037
  -13.6599288400144       2.845358019054418E-037
  -13.5535210030337       3.286036755871276E-039
  -13.4828769826498       6.477482658490280E-036
  -13.4820122340835       7.195390784449806E-036
  -13.3322397257406       7.786823089979947E-041
  -12.7573758551061       2.635622622842120E-041
  -14.3859731395586       7.978751832419323E-043
  -14.3785397886870       2.967189606452107E-040
  -14.2911339319348       1.156867496223385E-038
  -14.2863933469914       7.523423559767608E-039
  -14.2757256223771       9.301399194929973E-040
  -14.2567404326400       6.128684374133962E-038
  -14.2411834495844       1.630622240709164E-038
  -14.1295234397883       2.488214255588052E-037
  -14.0523107065073       2.009474708819702E-041
  -13.6800098611005       1.141973203166517E-035
  -13.6028382367877       1.199277298092724E-035
  -13.5436441227988       6.240514562526282E-040
  -13.4577284528022       6.254338785703184E-041
  -13.4140781228142       2.190590840821539E-039
  -13.2600593484393       4.154610770971051E-041
  -12.7135941389882       5.747230867591568E-040
  -13.7790755456270       3.575999471234531E-038
  -13.7552995903828       3.781910053068284E-046
  -13.7268460279069       8.666686760910715E-041
  -13.6996564810850       5.841939623379715E-039
  -13.6506677319603       1.391403596597345E-041
  -13.6420649727930       2.283415975662837E-036
  -13.6038018390366       1.158631979187532E-039
  -13.5651968445655       2.469480945037363E-035
  -13.4904713764335       1.057030612819866E-043
  -13.0847938062698       1.202087095615860E-034
  -13.0390616395230       5.617205042488736E-038
  -12.9074073685150       8.357391570188866E-036
  -12.8393148836447       9.382093041778505E-040
  -12.8160839795870       1.378026676416502E-042
  -12.6681059738091       4.194979277803040E-039
  -12.0936829866807       3.064820854696391E-043
  -11.6107609315796       2.132780134921160E-039
  -11.6085239752445       4.664270516089307E-039
  -11.5790420334772       1.383323801483761E-039
  -11.5007131974937       1.458733456393559E-043
  -11.4959437016287       5.378196273402323E-038
  -11.4783905165545       2.982084514290263E-040
  -11.4601310472859       1.419955587648192E-037
  -11.4272322838390       3.400686003887664E-039
  -11.2786076251716       1.709266880391849E-038
  -10.8740758949843       3.602677044799411E-037
  -10.8324395229171       5.092237424039710E-037
  -10.7199324663121       5.944695353916302E-042
  -10.6583747979128       1.767648171456394E-041
  -10.6403994344461       4.390194841080889E-040
  -10.4556307472653       1.501817381772448E-040
  -9.87449440722957       2.290552087777715E-039
 -0.165998321382265       1.288948019402367E-074
 -0.123309395682487       8.381920695752952E-009
 -3.561892734893490E-003  6.733806014805260E-007
  4.649185716200321E-003  1.292433315736134E-013
  9.726870303482826E-002  3.707419973658711E-068
  0.127263963371234       4.589941315269276E-058
  0.133804564293737       6.090405652311125E-015
  0.187583088109502       1.085111829075896E-062
  0.361291905529747       1.909956296079774E-072
  0.649764686182984       2.003040055592790E-004
  0.706450946878274       3.476992166930402E-063
  0.852131055964705       1.033245013859630E-052
  0.853217364420427       1.754570604874221E-004
  0.938075671786613       7.322420010465557E-072
   1.14885161239680       1.860083783921189E-067
   1.69522532403451       5.741727389056911E-070
  0.347357418485235       1.673914727869989E-040
  0.386523182494024       6.579430463961580E-039
  0.442315257005770       4.165118709937677E-039
  0.473908157751882       1.298182060361505E-038
  0.515064171571460       1.772372107446259E-042
  0.545591588286797       4.535222634043751E-037
  0.564569406360658       4.431748867629508E-039
  0.644729002096820       2.185990044971192E-036
  0.808850792757490       2.198707450231040E-039
   1.09366049107322       2.783622400831298E-035
   1.16296929207058       4.337325861693626E-035
   1.29751786339863       3.030366097254727E-040
   1.34391648057963       1.207950815054050E-035
   1.35830104887084       4.745157638261853E-036
   1.59051898056903       6.109910613453737E-039
   2.12688773159586       1.723197741667001E-037
  0.705462145873973       1.413528233499054E-039
  0.723857696520412       1.019959390283759E-044
  0.776808275504084       4.258784501735314E-037
  0.809678571504215       1.249058308396074E-037
  0.878122678253529       2.293352474484038E-037
  0.884249721447610       8.496249501173545E-040
  0.888206744862750       1.246756331465531E-037
  0.958325582100475       2.390837908382087E-036
   1.05271495509837       1.588105278027471E-044
   1.42581029550046       8.411426172199955E-036
   1.48677379000163       3.642981893865019E-040
   1.63077334513486       6.831288624569643E-038
   1.67644859369455       7.642376855613781E-037
   1.72152752327031       8.991282078813158E-041
   1.88146792716577       2.990225625422665E-037
   2.46827183142206       3.768979354577427E-043
   4.91481394193100       2.071192803551623E-039
   4.91786875490812       2.303017585784709E-039
   4.96293912822820       4.219104726376401E-039
   5.05655429619591       1.526997129111865E-045
   5.06832584190285       2.590085319754566E-040
   5.08591361052265       1.036169137575222E-040
   5.11677665439992       2.565137684417470E-040
   5.15574911624778       1.406451269125206E-040
   5.32958818368922       1.252424778840981E-038
   5.66803934348142       9.063010636386735E-036
   5.72616488041798       1.097317320393902E-035
   5.86808010900039       3.392062897586700E-040
   5.89054721367370       1.151657091202298E-036
   5.92744554907670       2.075738919149364E-036
   6.13902108729616       2.766204792526207E-040
   6.70599058240395       1.241504388081377E-036
   5.38878308430290       6.172878389306675E-072
   5.44519206497372       1.974115025482427E-006
   5.47858642198229       1.443303507917459E-006
   5.55625372799498       1.036934626304572E-013
   5.56567697912989       6.599489435783784E-068
   5.63579844698781       7.668459674780706E-060
   5.66403479861406       6.600659855806612E-014
   5.72674896129941       2.373050927786467E-060
   5.90319531557726       9.974524405394437E-070
   6.16258398347827       3.880657376231682E-006
   6.22304416462952       1.622804660490596E-063
   6.36850538458225       4.550554226522300E-063
   6.39228628600073       2.474736393583206E-006
   6.44038213155485       2.547859242878569E-068
   6.68112996905168       2.702943104900659E-069
   7.21779248478852       2.154816638463209E-070
   5.40582438868377       1.266257450880614E-070
   5.43387438660324       6.300901346312621E-010
   5.53884796774464       5.683825532006402E-009
   5.58734830837525       3.680851218739457E-009
   5.64291081672653       3.852780177232441E-014
   5.64521787019727       6.703546582447393E-062
   5.65778813697143       2.855139635588177E-058
   5.73247784026269       1.315177497710136E-059
   5.85740336317086       2.635727237535157E-068
   6.17621022055894       5.485641957505631E-009
   6.22885842785056       3.610278133941501E-062
   6.39001929918010       4.788850370671616E-060
   6.40787827601944       3.196271714928663E-009
   6.47876686577759       2.492822905471227E-069
   6.66924969573300       5.063035308152597E-065
   7.23560533227368       2.767727904897039E-071
   5.40139329246760       3.421420522973425E-037
   5.45147071456714       2.350006832004010E-040
   5.54730747884714       5.248137793157287E-040
   5.57661093647416       2.472829313970340E-042
   5.63454877525181       7.503008701533023E-037
   5.69588651701213       2.784940924315239E-036
   5.70512655209953       3.689053445727850E-040
   5.74412445721136       4.936137589837001E-037
   5.92745565124418       2.039736428374264E-037
   6.19479290497074       1.007795250226494E-035
   6.25679450057757       1.761983274273165E-035
   6.40653946809650       1.123703568467755E-037
   6.42555750173531       3.018148108045285E-036
   6.48667888059242       2.740022063423990E-037
   6.71183923933089       2.166160548563709E-041
   7.25621968893149       5.290154098663097E-041
   5.52565239077759       1.509304147093682E-041
   5.55381724798693       1.789151532202666E-041
   5.60371202541235       1.933517813499310E-040
   5.66143551607253       2.111972498685713E-043
   5.66944846919821       2.731037130202924E-041
   5.73772300796746       7.421370470081100E-041
   5.75117451006985       5.205569381994763E-038
   5.77263038536259       4.613289138576786E-038
   5.92482287730259       7.729351908464543E-041
   6.24390567369639       6.774727778116801E-038
   6.31257206531109       1.207256020444616E-037
   6.46554567921959       2.918389500245927E-040
   6.51034123863371       4.264671256663203E-039
   6.53284193020637       2.030137882528592E-039
   6.73907389642687       1.271238429857196E-044
   7.30501057444994       1.320233665114012E-043
   5.62916647592954       1.316518289260845E-040
   5.66423513027932       2.791176597098005E-042
   5.71825589697432       1.095380116847424E-039
   5.77122265575089       8.258473788727430E-043
   5.77441135105011       4.275395093886673E-044
   5.84501312722447       1.644652224742065E-038
   5.85849272555414       1.945988786823568E-034
   5.88418653488327       1.979054628136802E-034
   6.04027770314433       2.784256264623804E-043
   6.35167671766108       1.671169577338980E-038
   6.42173729689405       2.515298074546263E-042
   6.57274461758347       2.605826269584145E-037
   6.62021079394848       3.937956259364553E-038
   6.64065165224715       2.851658622355147E-042
   6.84970930617699       1.018890939088304E-037
   7.41255084546433       7.875795110878865E-044
   50.3039103613063       1.293793668865712E-074
   50.3446159951535       2.827429975914951E-008
   50.4189170374047       1.462018527313189E-007
   50.5005882983397       1.344847476767747E-017
   50.5628040937481       1.945600845610145E-015
   50.5801708326183       1.005131002512233E-069
   50.6095148276556       3.507602794477277E-058
   50.6838118521165       3.798587072876087E-063
   50.8744287811906       1.307653315263319E-070
   51.0900403677579       3.360495067180092E-006
   51.1833932704407       2.918457292329319E-060
   51.3216350806818       5.389900353226506E-007
   51.3476800253210       5.802207672611972E-060
   51.4195479444147       8.205237873500082E-066
   51.6533423549191       2.878328134772311E-068
   52.1911403486672       6.547663490223077E-073
   50.7154723216184       8.657906610511233E-041
   50.7617519238402       2.178968039793784E-038
   50.7914203162945       1.524192862680481E-041
   50.8687477666412       7.737636543890124E-038
   50.9007628425914       6.903162974341480E-040
   50.9465689988967       4.775214223236285E-037
   50.9656008756797       1.174246811055158E-042
   51.0149535814342       1.287191274022035E-038
   51.2370386565175       7.754934043680345E-040
   51.4744093645071       1.745885200745170E-036
   51.5264943537607       4.108941601375698E-035
   51.7079374354043       6.934800841207971E-036
   51.7355257219008       7.068867561744459E-035
   51.7446388336338       1.318266818220616E-034
   52.0127388698988       3.236592373555586E-039
   52.5446330999637       1.222290519152673E-037
   51.0029920586734       3.247991267656243E-042
   51.0285518255113       8.874540604819931E-043
   51.0903630789373       8.185896114058287E-040
   51.1372164503071       3.015288361181553E-039
   51.1917765858173       2.805676244150017E-039
   51.2085274340003       3.256543651243771E-038
   51.2125266726711       4.553656648004312E-036
   51.2732864901479       1.811941264309993E-035
   51.4224564848198       3.792712879966674E-043
   51.7369395282291       5.630854749302607E-036
   51.8079391253793       2.835119303251710E-038
   51.9507802953889       3.110157150935760E-036
   51.9976848943498       1.033121249481057E-036
   52.0457327078220       3.851061743113915E-038
   52.2350973758094       9.290287994487179E-037
   52.8112173605694       8.847096532366474E-042
   59.7880746497329       6.276305790376652E-041
   59.8021590260988       7.431994755240422E-041
   59.8627223278491       2.400615876754735E-039
   59.9462119457035       7.411135138668951E-042
   59.9815423583107       2.577189623384116E-039
   60.0007023934300       8.436019824014351E-041
   60.0189523674851       8.753836075784349E-039
   60.0827478434025       3.067565336362007E-040
   60.2725964661076       2.005836140063669E-039
   60.5351843086778       7.822456371345320E-036
   60.6055748870779       8.544917992756646E-036
   60.7667677962123       8.777183715075820E-039
   60.7809392988288       1.597601830452503E-035
   60.8276356880636       1.782718137820352E-035
   61.0593200211827       3.179034603554243E-041
   61.6036764880198       1.500412130453312E-037
   250.159013973983       2.860808274018829E-041
   250.188462703220       3.503147778881519E-040
   250.252113677583       1.584921862627490E-039
   250.328658076979       2.563949076886929E-045
   250.374031142315       7.522482481309428E-040
   250.396986625738       6.926548740849428E-043
   250.402017162167       1.240394412643257E-039
   250.480320324834       1.388479280801718E-041
   250.677129769499       3.397353747393245E-040
   250.880958003924       5.165759398718186E-036
   250.951792650158       3.640882682002376E-037
   251.124740264319       4.848923070369607E-039
   251.144273344802       8.790041135623901E-035
   251.189114415810       6.219573213473822E-035
   251.433654907394       1.405223795725877E-042
   251.951766994771       2.349816303698046E-038
   251.522421299159       5.294417580998127E-009
   251.529156205900       8.432300346760361E-069
   251.615928688056       3.523254024081157E-009
   251.699069841076       3.667056688858776E-017
   251.761802361725       1.624266382840274E-066
   251.767942151415       1.635697734061342E-016
   251.790569478254       2.403252250162508E-059
   251.873451291444       2.036881260960472E-064
   252.077055375033       1.784130363373506E-072
   252.235930508110       9.741515898297985E-007
   252.323859157286       2.941360374839317E-060
   252.491208640353       8.282050481001188E-007
   252.504417918062       1.369453702286149E-057
   252.554573633575       4.960696301835582E-062
   252.813898739982       5.867464032027791E-071
   253.313134610146       2.963616668192442E-069
   251.828354446131       2.215457497764495E-039
   251.877533378607       9.298262548010987E-042
   251.923099592085       1.099275539428032E-039
   252.020403190043       1.087054368305959E-037
   252.026367634723       1.221145916397183E-037
   252.077932561524       1.650990750593143E-037
   252.094631182125       4.035106683128790E-041
   252.156524006031       2.022834483676629E-038
   252.379251066960       3.238759147869687E-042
   252.555215240627       1.018361459232188E-035
   252.612208783780       9.249699318177658E-037
   252.806213502187       6.015300186701162E-040
   252.819486742309       3.755102677458540E-034
   252.838083037222       4.855583087663874E-034
   253.115884196731       5.029511995310544E-041
   253.613865398183       8.416666531980842E-041
   251.977297991944       2.460038881760035E-037
   252.013175067326       4.392972501425601E-042
   252.077330155854       5.526065936146602E-036
   252.139850839570       3.839398432553478E-038
   252.199424256189       5.176509590201668E-040
   252.209829543334       7.245121238471834E-042
   252.213292151123       1.729685703648135E-035
   252.291042769105       3.522655749881628E-040
   252.476986868950       2.150481071531222E-043
   252.688917035743       3.489599737532017E-035
   252.759860610191       2.619930193877380E-041
   252.926521807233       2.527229301379234E-034
   252.952690587267       9.716950138252243E-035
   252.990985304828       5.094718056971192E-036
   253.230179338724       1.126781078473342E-037
   253.747825317838       2.695546721371039E-041
   281.063726275070       5.404707805711425E-011
   281.089643935894       7.744772341827319E-069
   281.156561337001       1.489463539677929E-009
   281.250118916152       1.084283248263764E-014
   281.282782426522       9.739541813853076E-066
   281.321218185027       2.243688403029516E-013
   281.324658903132       3.393986634164940E-056
   281.406731558827       7.429577427693430E-063
   281.622327958551       6.670683814041173E-069
   281.780273866740       5.119336544820474E-009
   281.852380501065       1.812390052229523E-061
   282.042110878227       7.889175904599703E-056
   282.046525738042       1.426081088771213E-009
   282.090292100896       5.686816310742659E-066
   282.360239925731       1.486359329811354E-071
   282.861620412385       6.529819396898016E-072
   281.071747243861       1.272065764288386E-012
   281.090924325437       3.126943116685034E-070
   281.169421478860       9.238577183642401E-011
   281.243884574014       8.218530828762337E-015
   281.306644466909       2.068910354187071E-062
   281.310541527782       6.794425253792147E-012
   281.326083442902       5.531522644006187E-059
   281.407683957011       5.229247802219719E-067
   281.601896804386       5.439950779687524E-068
   281.781320568840       9.538971946262276E-011
   281.860567486664       2.387594975174614E-059
   282.036337635660       2.741848318350395E-060
   282.047372476032       2.708952669051784E-011
   282.102029873472       3.785186232244110E-064
   282.350236224177       3.965798326716453E-071
   282.863915583520       1.153839804614387E-069
   281.071264308121       2.413188239335853E-039
   281.087587264980       1.237357309513525E-038
   281.164998191492       4.061546822768213E-043
   281.252218648389       6.348042441630826E-040
   281.301592794892       6.322356211030951E-038
   281.321090385763       5.773459204448623E-041
   281.334165345128       2.668590061200392E-039
   281.417102840070       2.975217403171431E-040
   281.624823243008       8.745982000299582E-039
   281.784389115852       9.107631559385397E-037
   281.863165725835       4.259625436724089E-037
   282.047801489070       8.570574801085896E-040
   282.048575426054       6.601915982166142E-037
   282.102891054958       5.020165796179035E-037
   282.365100606427       6.116614950311134E-045
   282.869461656738       1.299821203797710E-042
   281.084578168271       3.530174968268519E-042
   281.128539788105       1.442826228426673E-045
   281.183869176398       8.272420212326027E-042
   281.262127166504       7.313798989264097E-041
   281.297312223744       9.644010949753130E-040
   281.328523068022       8.795085209994613E-039
   281.333861916169       2.023041592690835E-044
   281.405936269394       1.417269616439744E-040
   281.608666439385       1.757244182390477E-039
   281.799634739699       1.509882297382628E-038
   281.863770239756       1.545589664577765E-037
   282.044602180005       3.681545819193553E-042
   282.072157374494       4.962846822751938E-036
   282.102283234006       3.162000786736969E-036
   282.357771618367       6.330136884795801E-045
   282.871664606325       3.829008455928056E-042
   281.102231913310       1.423337559082624E-039
   281.147563569205       3.839418334255220E-043
   281.201096061412       1.865733133942307E-040
   281.281905895669       6.518906516533055E-042
   281.312662696639       1.552616208052965E-041
   281.346919378533       2.063474333100530E-036
   281.354154736797       1.009609580908826E-039
   281.424326205227       3.194855204417946E-036
   281.629995754779       8.226820069429758E-045
   281.818419128527       1.542868477764381E-037
   281.881314485638       6.728238023099398E-040
   282.064092970402       3.985794534955337E-036
   282.091077187440       4.325693237399662E-036
   282.119325348684       4.930993090923561E-039
   282.377782637663       3.356916563451139E-038
   282.890115139972       2.175185473495310E-043
   504.862225232864       1.364514543594201E-041
   504.899567947821       3.442821354020707E-041
   504.962098069781       1.692112091596515E-039
   505.038863175949       1.928766361424171E-040
   505.082790062857       1.260420967952179E-041
   505.108217258839       8.352163802228296E-041
   505.111465816145       2.037023706585902E-043
   505.190898164912       1.517967407175862E-041
   505.392232326939       7.084398208538943E-040
   505.557821992698       3.280062801250060E-036
   505.624825040435       1.612922566664873E-037
   505.804839487762       2.080259095018158E-040
   505.826912211207       2.854469578074071E-034
   505.862922617376       2.459948199424271E-034
   506.120569116940       1.029828573706714E-043
   506.614564618152       5.525464729920032E-038
