                   832
  -19.2276979114982       7.644643222471170E-072
  -19.1863762991481       6.376931666084823E-012
  -19.1803045324925       7.351629455932545E-071
  -19.1665336504743       8.857500965755636E-070
  -19.1323398482695       6.921494700817060E-016
  -19.1319032598438       3.670392215597963E-066
  -19.1064100611865       2.145210074480426E-010
  -19.0842742979447       3.262323305737069E-016
  -18.9989108498682       6.330577163647674E-011
  -18.5395609504293       1.585789529482159E-069
  -18.4935606516633       2.898460367308857E-007
  -18.4459459167578       1.355160776730152E-012
  -18.2785907975620       3.772197857679938E-073
  -18.2410397157405       9.103796685100174E-008
  -18.1627047908715       5.738380381270838E-013
  -17.5643018338549       4.549319769893255E-005
  -19.1773017693551       2.219816905965793E-070
  -19.1201249673972       5.445960404041049E-015
  -19.1054000617859       1.755641791670002E-068
  -19.1037188905998       1.677366720523411E-065
  -19.0561540337853       2.850728067298902E-012
  -19.0417624850018       1.593843077121972E-013
  -19.0094771886230       5.070792039562903E-069
  -18.9748358351605       3.426154547898096E-014
  -18.9087012204754       6.046413258749608E-014
  -18.4967178999420       2.860398656623033E-074
  -18.4593038802770       2.909018124608044E-015
  -18.3478643125138       3.373927607047891E-009
  -18.2163645198903       2.199489202176022E-069
  -18.1850228361319       1.483297190672650E-011
  -18.0804492119838       1.866575315706173E-010
  -17.5014962270813       2.992816296246410E-008
  -18.8564097820927       1.948703346326148E-068
  -18.8146404904416       7.511597992105804E-068
  -18.8077404927913       1.157662949803554E-011
  -18.7800977287760       1.818608344478297E-066
  -18.7476330314749       2.179751228548796E-010
  -18.7270151253927       1.253145718649569E-011
  -18.7017256329643       2.112083705338699E-066
  -18.6776161882505       3.081597686986739E-012
  -18.6280643845014       2.061356083250420E-012
  -18.1886457288868       9.936462274189975E-071
  -18.1286941590600       5.355195183961765E-010
  -18.0483903191033       6.728531929226059E-008
  -17.9146264564127       1.703485803352263E-068
  -17.8832090009250       2.158757428041323E-009
  -17.7998481082534       1.500854330928212E-008
  -17.2161796896256       3.210929524412851E-007
  -18.8255764730230       2.957131294220774E-068
  -18.8013938279529       3.178327779076788E-010
  -18.7921169582465       1.381361804611615E-071
  -18.7689593939823       1.597222236778384E-066
  -18.7394266333287       4.565009856404306E-066
  -18.7315272799847       3.177783303883425E-011
  -18.7085117835728       1.006193248741611E-011
  -18.7022579292352       2.650153667795974E-011
  -18.6334557549670       5.041275971135266E-012
  -18.1565328259994       2.364126111884213E-065
  -18.0944922966871       1.584815882658709E-006
  -18.0530432451196       6.468788274457809E-009
  -17.9065395529122       8.706816151171454E-071
  -17.8641806526590       8.259230418424348E-009
  -17.8040036357103       8.586347854219241E-010
  -17.2073150428195       4.285100045558103E-005
  -18.7687503433087       1.122206601321564E-069
  -18.7251167490525       6.166552592452614E-011
  -18.6735883215458       7.636385717921771E-068
  -18.6564130290212       1.989312504416449E-013
  -18.6535939343417       1.935047377201127E-064
  -18.6461133992253       4.866536807893204E-010
  -18.6297427629333       2.249518193729353E-066
  -18.5348728567897       2.195851017022025E-017
  -18.4655486171594       3.965611566478723E-010
  -18.0484923810424       8.429474166078037E-066
  -17.9786000808533       2.741363395461178E-006
  -17.9265889451812       1.571791753449767E-012
  -17.7923457687421       7.933557960009338E-069
  -17.7808182110144       1.206766527301082E-006
  -17.6287465252815       1.157978149314882E-013
  -17.0290876088813       6.965700229348432E-005
  -18.8425982841528       3.983322281442680E-037
  -18.7826989051547       8.617078938351208E-051
  -18.7722363660276       4.899431188476265E-043
  -18.7260054919429       1.284697491159468E-044
  -18.7015058981674       3.322375671289981E-044
  -18.6629740825495       7.219825215122884E-050
  -18.6528289326410       3.093485406264445E-037
  -18.5745062312326       1.037555852252498E-042
  -18.5464336948197       2.065700744444653E-047
  -18.1139624307424       3.227622304758737E-038
  -18.0652257411095       3.500293348042803E-038
  -18.0285709037714       3.194525625609657E-043
  -17.8568745345608       2.212721432317943E-038
  -17.8418031821945       4.436310205636411E-038
  -17.7284598255802       1.505900855850281E-044
  -17.1504391085071       3.705015132562394E-038
  -18.6093371836240       6.068567989476199E-072
  -18.5527966574929       2.185646805763738E-015
  -18.5337445952380       2.333072224256294E-065
  -18.5209837502548       1.699091775395211E-069
  -18.4826727347487       1.188154723437880E-013
  -18.4644964524980       8.750637311635440E-014
  -18.4142751754503       2.509900276502461E-070
  -18.3806519091368       6.423368217448999E-014
  -18.3128097971393       8.400790084048195E-013
  -17.9062153488509       4.326275172391403E-073
  -17.8771463752483       1.874555342487958E-014
  -17.7369864106707       8.247696982822545E-010
  -17.6401483259540       8.247032997910602E-069
  -17.6214061901862       1.010649227031810E-010
  -17.4824824897542       1.998742019204925E-011
  -16.9034646387068       3.317605039124648E-009
  -18.5153757258240       9.722808314896119E-075
  -18.4863828778563       2.530088384323226E-011
  -18.4675433298031       6.927582558178634E-069
  -18.4544816059887       1.379518110360695E-068
  -18.4180853853186       2.629659021175149E-069
  -18.4054981871721       6.460606854580854E-011
  -18.4037919786117       4.343753155280916E-013
  -18.3693888974816       1.912706340918956E-014
  -18.2810314658215       9.586283099879618E-010
  -17.8368645046598       4.490582702864378E-071
  -17.7919823942265       9.422984650009758E-008
  -17.7254537797224       1.238536367183323E-015
  -17.5835665504119       1.830382946810377E-072
  -17.5387962481850       1.348623135659203E-007
  -17.4607873157570       1.866663717901498E-013
  -16.8781792607649       6.512812861586994E-005
  -18.2808557319349       3.705562220865391E-042
  -18.2441822873072       3.030795012437196E-041
  -18.2214573493991       7.690290930264699E-038
  -18.2142693027814       6.563605409294320E-038
  -18.2083230016997       1.701930916620082E-040
  -18.1829722101574       1.944244994994582E-038
  -18.1743404231793       2.228606679540921E-038
  -18.1303099280941       9.307647281607973E-042
  -18.0819840481081       1.447448665447684E-043
  -17.6034928594128       5.546214447758818E-043
  -17.5963548586737       5.766210166341125E-040
  -17.5164868689859       2.069030366426736E-042
  -17.3588175126104       2.783487188337144E-043
  -17.3166668205762       1.221788461979729E-040
  -17.2585425806504       7.107301251120297E-043
  -16.6704351328974       4.632136044226053E-039
  -18.2110991759523       8.200415613424708E-072
  -18.1884721149465       9.660998778859865E-011
  -18.1661278885565       1.563473248572911E-071
  -18.1594632768084       1.270734035912819E-070
  -18.1328946691451       5.873826227828289E-071
  -18.1203556016859       4.141885883567347E-015
  -18.1108425470003       9.816468679787205E-012
  -18.0775110173945       7.257687123225031E-016
  -17.9995240592973       3.527526476841872E-012
  -17.5490385627613       7.913854607243675E-075
  -17.4960786740229       2.703400349392486E-009
  -17.4596807645600       4.005629085477859E-015
  -17.2934754436984       2.200400846456753E-075
  -17.2603952360322       5.192527798994133E-009
  -17.1745048956334       2.905102710984817E-015
  -16.5859510837469       3.940501980124997E-006
  -18.0840903712037       6.309854251522304E-043
  -18.0832256489044       9.580901035837515E-042
  -18.0664790258354       2.201294931592550E-036
  -18.0569946999717       1.710531341374078E-040
  -18.0221005315202       1.618889006924858E-042
  -18.0193516005540       6.635045070686635E-042
  -18.0048471648491       8.200484407324961E-042
  -17.9761130723464       7.184648632295901E-042
  -17.8962125429772       1.452465898272064E-042
  -17.4323130868030       2.417875530540060E-042
  -17.3991002268479       2.009658752492476E-040
  -17.3626691152357       3.132209696211155E-042
  -17.1905307152193       3.661520132116334E-041
  -17.1533415480163       9.885845871204145E-042
  -17.0735584676817       1.228926631400163E-045
  -16.4872795291190       1.715154848828666E-037
  -17.7324599368697       1.007327886005593E-070
  -17.6899869366934       9.205692500638961E-070
  -17.6599938326852       2.865861101938635E-013
  -17.6558276062362       1.048364665701781E-064
  -17.6548142838302       1.035853630169467E-013
  -17.6252661725750       2.668161435476283E-069
  -17.6164260874845       7.999501296841292E-013
  -17.6007002973277       9.061112320430615E-014
  -17.5265895548369       1.799683472664471E-014
  -17.0710181636152       2.627963038631044E-074
  -17.0448002228304       4.460799516810079E-013
  -16.9948262797901       4.186747000931447E-014
  -16.7757999663205       8.176612300157928E-075
  -16.7525415743734       7.854265934053970E-012
  -16.6953047356950       4.206590542848851E-012
  -16.0949891417826       1.910898758206586E-010
  -17.5840424313505       1.182195170858395E-066
  -17.5683364734359       3.318441740345797E-010
  -17.5276924055544       4.653579048059106E-067
  -17.5163234750064       5.598191401843911E-067
  -17.4995190926348       9.110093885434361E-012
  -17.4810975117485       8.618537037475379E-065
  -17.4724924929693       2.052118441101191E-011
  -17.4522918001200       1.842913859878345E-011
  -17.3691813986410       4.144950495746129E-011
  -16.8863326313691       6.398487833886687E-063
  -16.8824539216802       4.122882526899317E-009
  -16.8129977950891       2.469297284190931E-010
  -16.6705369712972       1.741625784616794E-070
  -16.6287572419966       9.351396251658750E-010
  -16.5497193683803       7.622837076780303E-010
  -15.9637939549806       1.700896336033942E-005
  -17.5143082935118       1.138701741646011E-067
  -17.4732370622939       4.327131329110713E-067
  -17.4701306557928       7.732610613253761E-011
  -17.4447122817392       1.144829263933206E-065
  -17.4110310054416       3.474664330906175E-010
  -17.3902512468331       2.993272692151633E-011
  -17.3892568635848       7.309719888546115E-062
  -17.3658689710010       1.111403735005203E-010
  -17.3004005167977       3.335880282897815E-013
  -16.8471224065821       2.737621860243688E-070
  -16.7903652251004       9.402097168811240E-011
  -16.7255063053209       3.189146634034980E-008
  -16.5795515874882       5.214678252024618E-065
  -16.5482462438550       3.868379349834262E-009
  -16.4747938232023       4.945059961874030E-008
  -15.8856712868152       1.568766874332893E-007
  -17.2923669828279       2.696409545527798E-042
  -17.2759715286972       8.823133752296258E-037
  -17.2645455103066       8.759810528547923E-037
  -17.2474201353017       5.092057484030727E-042
  -17.2069459687979       2.896155715333981E-040
  -17.1982134813266       9.210998637778071E-042
  -17.1731290675580       9.113292833911408E-042
  -17.1359416368545       6.844257532953107E-041
  -17.0369460176082       1.568127338719890E-043
  -16.6048178856953       4.130534548977637E-039
  -16.5770026654087       9.914358328555492E-039
  -16.5236847775808       6.910427407689393E-043
  -16.3812442769112       1.797050849892216E-040
  -16.3502150839894       2.232908982274048E-042
  -16.2239376656664       1.949131799936760E-044
  -15.6528960435656       5.485778657759567E-038
  -17.2970978621774       8.397840141204112E-040
  -17.2754145702448       3.707614958248470E-043
  -17.2235697285911       6.417156067076253E-038
  -17.1984297753480       1.556173530535914E-039
  -17.1849819453110       5.468591338921299E-038
  -17.1713095704729       1.962650786361425E-039
  -17.1655064863750       3.413959407920350E-043
  -17.1287016429751       1.347886034779584E-041
  -17.0351695327388       2.051481432556469E-042
  -16.5804986823500       4.454999993925072E-039
  -16.5782320773755       2.955085471338604E-040
  -16.4766887304261       2.975354840556389E-045
  -16.3614126671707       1.571620972080703E-043
  -16.3299334704655       3.187473990088814E-041
  -16.2103841338395       3.328788742410098E-044
  -15.6231791715007       4.945967900848302E-041
  -17.0352314419134       2.177970664472770E-071
  -16.9847416496971       2.466116906194748E-010
  -16.9510475957172       3.143697001134282E-070
  -16.9506324778241       3.660761150831189E-069
  -16.9258437583058       2.114731190577509E-010
  -16.9125149451190       1.505134067518007E-016
  -16.9027905569164       1.147890098867374E-070
  -16.8656141471150       1.712416216699760E-016
  -16.7684997252920       8.292212283632224E-010
  -16.3390350128396       2.019248397753387E-071
  -16.2878903714262       3.316893173884142E-011
  -16.2204643570639       2.559911546132184E-016
  -16.0801271851093       2.283846989974343E-069
  -16.0771080613913       8.094109587611723E-010
  -15.9471427266735       9.582342483938188E-017
  -15.3645527540794       7.315508746856059E-008
  -16.7552439964008       1.137926972166686E-072
  -16.7483368574223       3.334438244151437E-012
  -16.7213745035867       2.067059277878060E-067
  -16.6979484744608       2.106888715538564E-069
  -16.6801101794050       7.008050385046979E-068
  -16.6505189398379       2.047298366968457E-012
  -16.6474316830956       5.654579753383853E-013
  -16.6258296158508       1.935551308461224E-016
  -16.5355226563397       9.028590295178526E-010
  -16.0839242011725       1.679286801013358E-067
  -16.0387175306049       7.762985295152148E-008
  -15.9778505007086       7.256642806302787E-019
  -15.8449659732462       2.576268297568292E-072
  -15.8020267374624       3.628891442951421E-013
  -15.7121057273606       3.699427401725254E-014
  -15.1258968629692       6.387779455259575E-005
  -16.5727789592832       9.707980294830154E-068
  -16.5183522458064       6.153241774504555E-017
  -16.5014372524182       7.571153597601214E-066
  -16.4764684428761       5.712754695051186E-068
  -16.4544146335349       2.490092050007859E-015
  -16.4270723711316       7.063584354791190E-013
  -16.3973343417980       1.366704076229161E-013
  -16.3951072413834       2.592306876791251E-066
  -16.2809444142128       7.179755936754574E-013
  -15.8592877547684       1.018256967242035E-070
  -15.8282495789973       3.775902329890688E-011
  -15.7062006505758       2.707199555294719E-014
  -15.6151578827150       2.350788060569519E-010
  -15.6002677893926       5.717707660214643E-072
  -15.4498293293990       1.128266171371099E-011
  -14.8600084346072       6.555760634259225E-008
  -16.3522004606827       8.413453242014309E-071
  -16.3297289091291       1.622452712810954E-010
  -16.3002934628330       5.954907392247784E-069
  -16.2506338648709       3.085318766644097E-011
  -16.2504536514656       5.430949755693105E-063
  -16.2337027730472       1.901634016041906E-016
  -16.2232983799914       1.633203996158647E-066
  -16.1736839508554       2.004491723828785E-017
  -16.0505127790381       9.699629051570674E-010
  -15.6110105839017       2.803991154576710E-068
  -15.5693816016107       5.842185848671501E-007
  -15.4829379791087       2.299301228580229E-013
  -15.3933189112309       3.334699027176682E-006
  -15.3829929331376       7.037966459209991E-073
  -15.2083291014953       3.642347290275020E-013
  -14.6037251928976       2.504987467773207E-004
  -15.3549393725697       4.099589336413327E-037
  -15.3300123500942       6.808857053801687E-046
  -15.2561393466862       9.241558817964678E-043
  -15.1626502228806       4.112941713161566E-042
  -15.1433689174232       3.164536219119158E-041
  -15.1160635866313       6.069548231016315E-037
  -15.0946122106090       6.270970371146013E-044
  -15.0026693435096       1.029600584106699E-041
  -14.9469552750851       5.650257264509698E-043
  -14.5542894078110       8.131163387496804E-037
  -14.5508096521885       7.745696038169019E-037
  -14.4369484628217       1.236480586043811E-040
  -14.3275323003080       2.431938353079546E-037
  -14.3224538536167       3.830128182039768E-037
  -14.1518729030711       4.009935493418363E-044
  -13.5982206342440       3.469454060606861E-040
  -14.7454167271489       1.660989483887374E-008
  -14.7130801876040       8.737753506040630E-070
  -14.6511228474219       4.622789635085380E-069
  -14.6390810919958       7.431386686745442E-069
  -14.5985342359198       7.072484077587210E-012
  -14.5668687386359       7.231093993874554E-017
  -14.5355409180703       1.169119140750790E-068
  -14.5153586565802       8.458100617520247E-016
  -14.4001464032923       5.385795816345105E-009
  -13.9847290956349       1.689085861349095E-070
  -13.9519382350355       3.637795907785502E-009
  -13.8725670331191       2.418879855234293E-013
  -13.8081744920632       2.729175873456771E-068
  -13.7591531064838       9.955301820118228E-008
  -13.6055340862343       2.016730729993666E-012
  -13.0555398181622       3.184627389358662E-005
  -14.6703403801022       1.758984772848402E-041
  -14.6386142048837       1.436071594476761E-035
  -14.5797462853005       2.365624957722273E-039
  -14.5793492934390       2.420874266084417E-040
  -14.5509442837220       2.182712036049553E-043
  -14.5257716355026       8.788861676228340E-041
  -14.4552665010436       6.493342383031431E-046
  -14.4161751168184       8.946228022742481E-041
  -14.3078870949199       4.742092521231184E-042
  -13.9085872820363       7.551087938593629E-043
  -13.8727097398152       7.665292480476493E-044
  -13.8003220162558       1.223444859066598E-041
  -13.7333726950129       2.017868881907539E-041
  -13.7029483316936       6.735640738298128E-042
  -13.5161592251440       1.931680042913753E-042
  -12.9734608765433       1.296711398269959E-038
  -14.6345092011006       1.063725714793423E-043
  -14.6321408331495       6.804063534015299E-042
  -14.5203519137949       3.739077764358591E-038
  -14.5200394803961       3.035935766666597E-037
  -14.4825594358785       9.439171468032526E-044
  -14.4682202141001       1.558254219197584E-039
  -14.4463355521267       2.783275207296280E-040
  -14.3976790867487       1.352338020490337E-041
  -14.3240653071633       7.150382685079634E-041
  -13.8750387134083       9.590997507446138E-043
  -13.8727987903117       9.605548909964784E-038
  -13.7369526610808       1.781104494667216E-043
  -13.6988233841194       1.795528295055475E-044
  -13.6432632030000       1.168451123858449E-037
  -13.5115168662236       9.595718654618160E-044
  -12.9374990660467       7.598808310153238E-039
  -14.6073583381658       2.686350592777903E-069
  -14.5746779435644       3.242649927539592E-014
  -14.5341480171420       1.054454343070399E-065
  -14.5334201791422       1.428928199097026E-065
  -14.4897311354541       9.151819722571208E-014
  -14.4560929520601       2.713488139535011E-011
  -14.4238581856737       1.095425645122921E-067
  -14.3955429843703       4.705686204258215E-016
  -14.3273844834765       1.689721642849743E-011
  -13.9072949857621       4.702582122011779E-074
  -13.8400533531017       1.613855961787660E-012
  -13.7269325541285       7.298691468907039E-011
  -13.6649011431461       2.089029603338227E-071
  -13.6492497010946       1.670721364273870E-014
  -13.5099711102961       4.243977930329846E-011
  -12.9377493051198       1.278128388310260E-009
  -14.4375618261562       3.233486476646131E-070
  -14.3928643732213       1.251936941131932E-011
  -14.3495257081053       1.540147622443509E-067
  -14.3490109991745       1.087295486173648E-067
  -14.3203433064830       3.698898611995248E-009
  -14.2774215172804       2.230836941777510E-016
  -14.2559620995631       1.688855258803944E-071
  -14.2350699573051       1.479160911278735E-020
  -14.1471968483298       1.225720211104537E-008
  -13.7259699127451       3.564213442942911E-074
  -13.6599288400144       4.828148925444272E-011
  -13.5535210030337       4.170758350363800E-016
  -13.4828769826498       1.358986931545325E-065
  -13.4820122340835       7.473090415836057E-008
  -13.3322397257406       1.783174009267639E-014
  -12.7573758551061       1.343269419795264E-006
  -14.3859731395586       5.968059679601206E-070
  -14.3785397886870       1.520684722766028E-009
  -14.2911339319348       2.209762396506252E-068
  -14.2863933469914       6.376628328817149E-067
  -14.2757256223771       5.827407078626144E-011
  -14.2567404326400       5.508299124172790E-015
  -14.2411834495844       1.312276608283536E-065
  -14.1295234397883       8.305846512325075E-017
  -14.0523107065073       4.684698306186163E-009
  -13.6800098611005       1.695860315732479E-072
  -13.6028382367877       2.869405297217906E-007
  -13.5436441227988       2.269986309395549E-014
  -13.4577284528022       1.566585856302364E-072
  -13.4140781228142       1.413623208837033E-007
  -13.2600593484393       9.422970089605822E-013
  -12.7135941389882       5.366702038046760E-005
  -13.7790755456270       7.789012352191772E-069
  -13.7552995903828       8.013513131626341E-016
  -13.7268460279069       2.803062688069517E-066
  -13.6996564810850       2.686702215568408E-067
  -13.6506677319603       1.615034849087551E-012
  -13.6420649727930       6.955100599974055E-012
  -13.6038018390366       2.712266132905651E-066
  -13.5651968445655       5.806638304522020E-013
  -13.4904713764335       2.041073439087870E-013
  -13.0847938062698       5.084604909672797E-070
  -13.0390616395230       7.121618085776598E-012
  -12.9074073685150       4.489434637410574E-010
  -12.8393148836447       1.262391013429777E-073
  -12.8160839795870       6.185340790540179E-010
  -12.6681059738091       1.600073103889273E-009
  -12.0936829866807       3.767975455793227E-008
  -11.6107609315796       2.487115338015837E-070
  -11.6085239752445       2.740043836785266E-009
  -11.5790420334772       4.521505910535568E-068
  -11.5007131974937       5.197705832042596E-068
  -11.4959437016287       4.561629447328032E-010
  -11.4783905165545       1.252291967160392E-066
  -11.4601310472859       2.842283136147562E-018
  -11.4272322838390       7.508655735554090E-018
  -11.2786076251716       9.519522436180053E-009
  -10.8740758949843       4.492921218394697E-072
  -10.8324395229171       1.018426303021928E-008
  -10.7199324663121       4.280878607105746E-016
  -10.6583747979128       2.932617177606870E-074
  -10.6403994344461       3.428132012584758E-006
  -10.4556307472653       2.930614644495706E-014
  -9.87449440722957       7.895653153281981E-004
 -0.165998321382265       1.020749443368290E-042
 -0.123309395682487       3.127966081266284E-038
 -3.561892734893490E-003  9.905750852638650E-037
  4.649185716200321E-003  1.562739488908442E-041
  9.726870303482826E-002  4.326615676065986E-042
  0.127263963371234       1.446851064258058E-040
  0.133804564293737       1.017921839578837E-040
  0.187583088109502       1.584649136355621E-041
  0.361291905529747       1.062836696129470E-041
  0.649764686182984       8.104137065627567E-039
  0.706450946878274       3.304705904453450E-038
  0.852131055964705       4.818607995556481E-035
  0.853217364420427       4.833663267892379E-035
  0.938075671786613       1.183296445929220E-037
   1.14885161239680       1.006210411353464E-041
   1.69522532403451       4.142644310421058E-037
  0.347357418485235       6.596232256538089E-070
  0.386523182494024       2.064561852113928E-010
  0.442315257005770       1.108996658507336E-068
  0.473908157751882       6.288290060916565E-009
  0.515064171571460       3.754796806681139E-073
  0.545591588286797       1.115199893273246E-019
  0.564569406360658       1.702128599324041E-066
  0.644729002096820       3.780136478534504E-016
  0.808850792757490       6.982356164551579E-010
   1.09366049107322       1.992720940063226E-071
   1.16296929207058       1.424800344818278E-010
   1.29751786339863       1.287688174863906E-015
   1.34391648057963       2.027238348580809E-065
   1.35830104887084       6.055708609904014E-006
   1.59051898056903       8.561318243854630E-012
   2.12688773159586       2.119692730763231E-004
  0.705462145873973       1.126867051514925E-073
  0.723857696520412       9.031677719338142E-014
  0.776808275504084       9.353026451336262E-065
  0.809678571504215       2.862118786742542E-066
  0.878122678253529       2.162465969749833E-013
  0.884249721447610       8.248353715265075E-014
  0.888206744862750       9.277043962138096E-063
  0.958325582100475       1.572506575735615E-012
   1.05271495509837       4.068401757697949E-014
   1.42581029550046       1.830493419804928E-072
   1.48677379000163       3.037458250681857E-013
   1.63077334513486       1.560006530520328E-012
   1.67644859369455       4.664129180223867E-068
   1.72152752327031       1.562873601589844E-008
   1.88146792716577       1.834335921444071E-008
   2.46827183142206       3.286285800834581E-007
   4.91481394193100       1.168199869519094E-008
   4.91786875490812       6.389869342163252E-072
   4.96293912822820       1.252673525442048E-067
   5.05655429619591       4.631541384963321E-065
   5.06832584190285       1.980421339051131E-009
   5.08591361052265       8.797122730162449E-067
   5.11677665439992       4.809673889163043E-020
   5.15574911624778       1.760557697225653E-017
   5.32958818368922       2.865836638884570E-008
   5.66803934348142       7.375217211117855E-070
   5.72616488041798       1.121760059122805E-009
   5.86808010900039       1.077348403986088E-016
   5.89054721367370       4.683548924075120E-068
   5.92744554907670       1.005201080334290E-005
   6.13902108729616       3.235668223391504E-014
   6.70599058240395       2.097042312831043E-003
   5.38878308430290       1.774281426657067E-039
   5.44519206497372       2.229598857819279E-035
   5.47858642198229       1.710880970914186E-037
   5.55625372799498       9.887061985356295E-042
   5.56567697912989       1.312614346298053E-038
   5.63579844698781       4.797272168011067E-040
   5.66403479861406       9.837624331487691E-043
   5.72674896129941       8.134549268485022E-040
   5.90319531557726       9.857823562980141E-040
   6.16258398347827       5.970388519408428E-041
   6.22304416462952       5.554924292520150E-038
   6.36850538458225       3.028865427564748E-039
   6.39228628600073       2.511546766623352E-037
   6.44038213155485       1.332124993001706E-038
   6.68112996905168       8.836602565204809E-042
   7.21779248478852       5.733668305650358E-036
   5.40582438868377       7.937158220217073E-041
   5.43387438660324       7.931398415628166E-040
   5.53884796774464       9.827303809943115E-039
   5.58734830837525       2.619145154917703E-038
   5.64291081672653       5.830810231797689E-038
   5.64521787019727       2.029735801276881E-038
   5.65778813697143       3.612648715808917E-038
   5.73247784026269       9.579320685758264E-040
   5.85740336317086       6.279458180530636E-041
   6.17621022055894       1.667652784587196E-043
   6.22885842785056       5.750277356334920E-038
   6.39001929918010       2.365090106191093E-038
   6.40787827601944       9.777370813906699E-042
   6.47876686577759       2.016185784799729E-037
   6.66924969573300       1.159997490501474E-039
   7.23560533227368       1.377886548180824E-036
   5.40139329246760       2.758681974097990E-007
   5.45147071456714       6.312775039783127E-070
   5.54730747884714       4.311809667740029E-070
   5.57661093647416       3.300034438532067E-072
   5.63454877525181       1.406851092218134E-009
   5.69588651701213       2.577621681958325E-016
   5.70512655209953       4.199102580225364E-067
   5.74412445721136       8.100681254657594E-016
   5.92745565124418       3.013879281689312E-008
   6.19479290497074       1.031902556800579E-069
   6.25679450057757       2.931900696700950E-011
   6.40653946809650       2.240262901099348E-016
   6.42555750173531       1.199314177912767E-067
   6.48667888059242       2.749461459558178E-007
   6.71183923933089       3.078467023180153E-017
   7.25621968893149       1.837004704004035E-006
   5.52565239077759       8.818673034265169E-072
   5.55381724798693       4.359474744681262E-011
   5.60371202541235       5.336999219636779E-070
   5.66143551607253       1.480206043648279E-072
   5.66944846919821       1.087306659538585E-008
   5.73772300796746       2.765389671817236E-068
   5.75117451006985       5.657023934678701E-016
   5.77263038536259       5.168914230072757E-018
   5.92482287730259       3.715829008936988E-008
   6.24390567369639       1.289432924861057E-073
   6.31257206531109       2.388428920898268E-011
   6.46554567921959       7.507286052180625E-017
   6.51034123863371       1.058133697604063E-066
   6.53284193020637       3.273122103728790E-007
   6.73907389642687       4.408144454623019E-017
   7.30501057444994       2.567809154444416E-008
   5.62916647592954       1.171711662174831E-070
   5.66423513027932       2.553968895972941E-012
   5.71825589697432       2.441810487331639E-069
   5.77122265575089       2.814656520396114E-012
   5.77441135105011       6.303753112564215E-069
   5.84501312722447       7.617908836297933E-067
   5.85849272555414       6.079094382199092E-012
   5.88418653488327       4.605394201561924E-016
   6.04027770314433       1.585661929815332E-012
   6.35167671766108       3.829489321818011E-077
   6.42173729689405       4.098018499181283E-015
   6.57274461758347       1.977553195466723E-012
   6.62021079394848       2.548112092623807E-066
   6.64065165224715       1.202907903841666E-010
   6.84970930617699       7.815237324772208E-012
   7.41255084546433       1.429717977188736E-010
   50.3039103613063       1.070409766723302E-041
   50.3446159951535       5.123327709606457E-039
   50.4189170374047       1.167133971213018E-036
   50.5005882983397       1.580422866776259E-040
   50.5628040937481       4.871601903404912E-040
   50.5801708326183       7.400232876942123E-043
   50.6095148276556       3.791519390023873E-040
   50.6838118521165       1.986358877946951E-041
   50.8744287811906       1.310744282407281E-040
   51.0900403677579       8.551544919261801E-040
   51.1833932704407       7.509374228263250E-037
   51.3216350806818       1.504836548902129E-035
   51.3476800253210       1.977238561228030E-037
   51.4195479444147       2.934582128143050E-035
   51.6533423549191       9.956635127899107E-042
   52.1911403486672       1.342993631783025E-036
   50.7154723216184       1.397263314540470E-071
   50.7617519238402       5.790621925178615E-010
   50.7914203162945       6.091461635521995E-070
   50.8687477666412       6.159868632797086E-009
   50.9007628425914       9.468134545806658E-068
   50.9465689988967       7.730284371674569E-019
   50.9656008756797       3.500060744652700E-070
   51.0149535814342       1.365741567266264E-018
   51.2370386565175       3.890926169976347E-010
   51.4744093645071       2.530928218867993E-073
   51.5264943537607       8.444146101226621E-011
   51.7079374354043       1.161910504381821E-014
   51.7355257219008       5.392545684698502E-063
   51.7446388336338       1.088078766325059E-005
   52.0127388698988       3.330437273745107E-012
   52.5446330999637       1.482506007173023E-004
   51.0029920586734       4.855822573336035E-076
   51.0285518255113       4.237432604154423E-013
   51.0903630789373       1.941325406132584E-069
   51.1372164503071       5.792675291142887E-065
   51.1917765858173       7.907825476577278E-066
   51.2085274340003       2.071758957108156E-015
   51.2125266726711       5.455158206730871E-015
   51.2732864901479       2.867426996991745E-012
   51.4224564848198       3.142892089045348E-013
   51.7369395282291       3.206039233903863E-070
   51.8079391253793       3.683510743443129E-014
   51.9507802953889       8.206443947270474E-013
   51.9976848943498       7.352052407058384E-066
   52.0457327078220       1.341432387365015E-008
   52.2350973758094       4.737719122370201E-009
   52.8112173605694       2.421542401419877E-007
   59.7880746497329       7.250162296203362E-074
   59.8021590260988       4.039851188161114E-009
   59.8627223278491       3.160379624571579E-067
   59.9462119457035       1.362391781951472E-065
   59.9815423583107       1.714791598126956E-010
   60.0007023934300       8.264893295707832E-066
   60.0189523674851       8.361748534596670E-020
   60.0827478434025       4.914606261466732E-018
   60.2725964661076       2.674316688924131E-008
   60.5351843086778       2.300634346573879E-070
   60.6055748870779       6.491410684944696E-011
   60.7667677962123       1.427861913511645E-017
   60.7809392988288       2.239206585031685E-065
   60.8276356880636       1.007183276317844E-005
   61.0593200211827       2.685262487125296E-014
   61.6036764880198       1.895064945350681E-003
   250.159013973983       1.802875126665707E-075
   250.188462703220       1.258906798640793E-010
   250.252113677583       2.606185145098469E-069
   250.328658076979       7.394282895337074E-070
   250.374031142315       7.700383636461034E-012
   250.396986625738       9.304561143079578E-069
   250.402017162167       1.481305043021797E-020
   250.480320324834       3.395696001307953E-019
   250.677129769499       7.542260659663895E-009
   250.880958003924       1.215838038199472E-070
   250.951792650158       7.043612279926582E-014
   251.124740264319       6.563112702355625E-019
   251.144273344802       3.791724504006498E-062
   251.189114415810       1.529170760770419E-006
   251.433654907394       1.617752345760163E-014
   251.951766994771       3.240336323740547E-004
   251.522421299159       1.717850230925441E-041
   251.529156205900       2.791415277911158E-040
   251.615928688056       1.162278245886597E-036
   251.699069841076       1.210179253317191E-040
   251.761802361725       1.062081150389724E-039
   251.767942151415       2.391044268783640E-042
   251.790569478254       8.311179204690819E-040
   251.873451291444       1.500169979243974E-042
   252.077055375033       7.485495938783809E-043
   252.235930508110       2.109310011520602E-040
   252.323859157286       4.024914953274412E-037
   252.491208640353       6.675083654475226E-034
   252.504417918062       2.271029067351248E-037
   252.554573633575       8.683785332005405E-034
   252.813898739982       1.018583471175830E-042
   253.313134610146       1.027777254342635E-035
   251.828354446131       1.024184668386785E-071
   251.877533378607       9.740453059596450E-012
   251.923099592085       3.234475321290414E-067
   252.020403190043       1.527564256844013E-062
   252.026367634723       5.728295975788972E-012
   252.077932561524       3.393607003101098E-020
   252.094631182125       6.950888167188940E-067
   252.156524006031       7.984147181046687E-021
   252.379251066960       2.108886701262638E-010
   252.555215240627       1.620403708080532E-069
   252.612208783780       2.525834992919985E-012
   252.806213502187       7.067923657972334E-016
   252.819486742309       3.341056145848036E-061
   252.838083037222       3.187023973069283E-006
   253.115884196731       4.275402369208779E-013
   253.613865398183       1.026003181838861E-006
   251.977297991944       5.226874572503368E-070
   252.013175067326       1.388080830441725E-014
   252.077330155854       9.131009132020900E-063
   252.139850839570       4.520611315690969E-061
   252.199424256189       2.251192879300023E-013
   252.209829543334       2.723930753661487E-061
   252.213292151123       3.707174548358884E-015
   252.291042769105       7.473585383710970E-014
   252.476986868950       1.352437861518279E-013
   252.688917035743       4.727833214700270E-069
   252.759860610191       1.456910251280052E-015
   252.926521807233       2.909699447839189E-013
   252.952690587267       7.650383850984903E-061
   252.990985304828       4.416911998784609E-009
   253.230179338724       9.322274010111964E-012
   253.747825317838       1.133726129453597E-008
   281.063726275070       3.130497829486706E-046
   281.089643935894       1.259142574196552E-039
   281.156561337001       1.592680225232743E-038
   281.250118916152       2.725650341192133E-040
   281.282782426522       6.830222767386197E-039
   281.321218185027       9.072834722848256E-038
   281.324658903132       4.617336984443821E-038
   281.406731558827       1.848508631141922E-040
   281.622327958551       9.981479532325955E-039
   281.780273866740       2.679339490337963E-043
   281.852380501065       9.914504219027290E-039
   282.042110878227       5.395300731146231E-036
   282.046525738042       3.714417557459159E-036
   282.090292100896       2.031772850277522E-036
   282.360239925731       1.450980261266336E-041
   282.861620412385       3.844401996232114E-037
   281.071747243861       1.317806973728655E-046
   281.090924325437       1.460910624294019E-040
   281.169421478860       5.399373165514665E-039
   281.243884574014       1.340215508030743E-039
   281.306644466909       2.865524988774514E-036
   281.310541527782       1.948761796088210E-037
   281.326083442902       1.182260340224885E-037
   281.407683957011       5.267247072360395E-042
   281.601896804386       1.060723850315912E-038
   281.781320568840       1.189865460325007E-044
   281.860567486664       7.526590834277359E-038
   282.036337635660       2.260116634265203E-038
   282.047372476032       1.174006499778586E-037
   282.102029873472       1.295931228249465E-035
   282.350236224177       5.261627501198536E-041
   282.863915583520       2.921247100399101E-036
   281.071264308121       7.072408154130819E-072
   281.087587264980       7.545340635774640E-010
   281.164998191492       4.762503093670663E-070
   281.252218648389       2.792278534395022E-063
   281.301592794892       7.193789225375002E-012
   281.321090385763       1.206238962858647E-064
   281.334165345128       2.452462338006422E-020
   281.417102840070       4.025864803749488E-018
   281.624823243008       1.879191424553916E-009
   281.784389115852       5.920035005601319E-070
   281.863165725835       9.385875543428234E-018
   282.047801489070       2.948067554380087E-021
   282.048575426054       3.447338895267634E-063
   282.102891054958       1.119165915152898E-008
   282.365100606427       1.147020199789730E-016
   282.869461656738       1.329939967133474E-008
   281.084578168271       6.793719673643231E-075
   281.128539788105       5.398149008318435E-016
   281.183869176398       2.146903077887777E-068
   281.262127166504       3.070680474543718E-066
   281.297312223744       3.505415193627634E-011
   281.328523068022       1.068961451644241E-020
   281.333861916169       1.165672438918302E-069
   281.405936269394       9.764156153191944E-019
   281.608666439385       6.353927074696932E-009
   281.799634739699       1.532865123885767E-073
   281.863770239756       1.070064981064152E-015
   282.044602180005       1.123584203267766E-020
   282.072157374494       5.167080607065702E-062
   282.102283234006       1.159846548031577E-008
   282.357771618367       1.596396525807185E-016
   282.871664606325       1.625826563671676E-008
   281.102231913310       3.624963103316061E-072
   281.147563569205       9.585998293641659E-015
   281.201096061412       2.983919340593501E-066
   281.281905895669       1.846878420644675E-068
   281.312662696639       2.840645983190814E-015
   281.346919378533       5.310391626792029E-018
   281.354154736797       1.536056887103874E-064
   281.424326205227       2.448617169161705E-014
   281.629995754779       1.724718038661072E-015
   281.818419128527       2.389076500723155E-074
   281.881314485638       2.874947572731803E-019
   282.064092970402       4.639462307753714E-018
   282.091077187440       6.784607011457087E-061
   282.119325348684       1.162768002708022E-012
   282.377782637663       1.147416838268240E-012
   282.890115139972       6.981804563695795E-011
   504.862225232864       2.215239313912364E-074
   504.899567947821       1.555579654554454E-014
   504.962098069781       1.998116740829754E-065
   505.038863175949       1.203042032982964E-063
   505.082790062857       8.634347808490909E-013
   505.108217258839       2.457057552493909E-022
   505.111465816145       9.227771237555219E-070
   505.190898164912       2.708801886564795E-020
   505.392232326939       1.494380285436049E-010
   505.557821992698       1.223512336366473E-069
   505.624825040435       1.817069832770099E-015
   505.804839487762       8.654911635593381E-021
   505.826912211207       2.531895808880414E-059
   505.862922617376       1.525712237646174E-007
   506.120569116940       1.541184914053358E-015
   506.614564618152       1.532554139761302E-005
