                   832
  -19.2276979114982       7.446258921873080E-072
  -19.1863762991481       5.984246668708445E-012
  -19.1803045324925       3.388694937809127E-070
  -19.1665336504743       4.549436583028110E-069
  -19.1323398482695       3.032852802748040E-011
  -19.1319032598438       5.333840996996630E-062
  -19.1064100611865       3.832243825213415E-010
  -19.0842742979447       1.885899778958405E-010
  -18.9989108498682       2.335443086563646E-010
  -18.5395609504293       2.014037283214165E-069
  -18.4935606516633       3.982243824289655E-009
  -18.4459459167578       1.245418275483469E-009
  -18.2785907975620       2.575337551859561E-073
  -18.2410397157405       4.326165315790195E-009
  -18.1627047908715       4.795980634656924E-008
  -17.5643018338549       8.259821709939684E-010
  -19.1773017693551       4.994038987522126E-071
  -19.1201249673972       2.500234370427549E-015
  -19.1054000617859       5.858180289940853E-066
  -19.1037188905998       3.485447644473765E-066
  -19.0561540337853       1.528512042152664E-008
  -19.0417624850018       4.568868767639913E-014
  -19.0094771886230       1.274326818997513E-067
  -18.9748358351605       2.159621775254322E-010
  -18.9087012204754       1.450054949322394E-013
  -18.4967178999420       3.400463344205828E-076
  -18.4593038802770       8.498416798296380E-019
  -18.3478643125138       1.673104466610963E-005
  -18.2163645198903       2.568283091543040E-067
  -18.1850228361319       1.090307099707081E-014
  -18.0804492119838       6.767022409104596E-006
  -17.5014962270813       8.960989429143681E-013
  -18.8564097820927       3.563437036750867E-071
  -18.8146404904416       2.767745912953136E-066
  -18.8077404927913       1.862927092746900E-011
  -18.7800977287760       2.028079918846921E-066
  -18.7476330314749       2.777495533105438E-009
  -18.7270151253927       6.660416513839834E-008
  -18.7017256329643       2.671361848716843E-064
  -18.6776161882505       2.818998066692897E-009
  -18.6280643845014       1.398495954794976E-010
  -18.1886457288868       7.457299692601852E-070
  -18.1286941590600       1.193336007983074E-009
  -18.0483903191033       1.124942307349105E-005
  -17.9146264564127       2.088547179518975E-067
  -17.8832090009250       3.291158342386255E-010
  -17.7998481082534       1.959555963963845E-005
  -17.2161796896256       3.026449557269494E-010
  -18.8255764730230       3.899398729162170E-067
  -18.8013938279529       8.415170511898370E-010
  -18.7921169582465       2.033706003767308E-069
  -18.7689593939823       4.293063978066505E-065
  -18.7394266333287       3.594565570852925E-063
  -18.7315272799847       8.548567633565263E-009
  -18.7085117835728       1.108969869209621E-008
  -18.7022579292352       1.525873708662450E-008
  -18.6334557549670       2.433749500456940E-009
  -18.1565328259994       9.321666390950341E-067
  -18.0944922966871       3.666864559707572E-007
  -18.0530432451196       1.634686557989435E-008
  -17.9065395529122       5.617788998730239E-068
  -17.8641806526590       2.051217924972387E-009
  -17.8040036357103       1.052354166356147E-006
  -17.2073150428195       4.783363958946103E-008
  -18.7687503433087       6.322512119248657E-071
  -18.7251167490525       2.392576081825964E-014
  -18.6735883215458       2.819921111162609E-065
  -18.6564130290212       9.942065510698102E-009
  -18.6535939343417       3.596487459982186E-061
  -18.6461133992253       9.405975821417138E-009
  -18.6297427629333       1.758778631204250E-064
  -18.5348728567897       4.526992337252959E-012
  -18.4655486171594       1.057735827628608E-010
  -18.0484923810424       3.452588416557860E-067
  -17.9786000808533       1.591328460760257E-008
  -17.9265889451812       9.975423082232050E-011
  -17.7923457687421       9.664204529798279E-068
  -17.7808182110144       8.170286936566854E-009
  -17.6287465252815       2.712394362477509E-008
  -17.0290876088813       5.369389683351853E-010
  -18.8425982841528       1.545372189889147E-037
  -18.7826989051547       1.637610111756929E-048
  -18.7722363660276       1.744800655353292E-039
  -18.7260054919429       1.589835594183618E-037
  -18.7015058981674       1.631590797370390E-045
  -18.6629740825495       2.182736531475212E-039
  -18.6528289326410       1.474530767332160E-037
  -18.5745062312326       1.258779876082226E-039
  -18.5464336948197       1.763495176153597E-049
  -18.1139624307424       7.209069906169149E-042
  -18.0652257411095       4.708974293132752E-037
  -18.0285709037714       1.812326068631752E-038
  -17.8568745345608       5.274554873413523E-040
  -17.8418031821945       1.640101441587949E-037
  -17.7284598255802       2.483431345898184E-038
  -17.1504391085071       2.576155128709638E-044
  -18.6093371836240       4.483282669856858E-074
  -18.5527966574929       5.971580458216071E-017
  -18.5337445952380       2.003012265049729E-066
  -18.5209837502548       1.310198402925128E-066
  -18.4826727347487       1.520202454566245E-009
  -18.4644964524980       6.434351638241425E-014
  -18.4142751754503       5.130919244487249E-066
  -18.3806519091368       3.520745143790216E-008
  -18.3128097971393       1.368692220455970E-014
  -17.9062153488509       9.477149863108875E-072
  -17.8771463752483       2.652581883266188E-013
  -17.7369864106707       2.740953184462490E-005
  -17.6401483259540       7.672396029383551E-069
  -17.6214061901862       1.977144090025168E-012
  -17.4824824897542       1.768386169655499E-005
  -16.9034646387068       2.966527643863884E-015
  -18.5153757258240       4.645123157952983E-074
  -18.4863828778563       2.287431739827428E-014
  -18.4675433298031       8.457892114200439E-068
  -18.4544816059887       4.169139505291609E-066
  -18.4180853853186       7.319598623462025E-066
  -18.4054981871721       2.594352370229490E-012
  -18.4037919786117       1.016148043575001E-011
  -18.3693888974816       4.512749084922460E-010
  -18.2810314658215       6.486165169306380E-010
  -17.8368645046598       1.040069188591881E-069
  -17.7919823942265       2.523171472705533E-011
  -17.7254537797224       1.018930554868751E-011
  -17.5835665504119       9.868020025528226E-070
  -17.5387962481850       1.003162722931913E-009
  -17.4607873157570       3.362441836743441E-008
  -16.8781792607649       1.219183986701229E-010
  -18.2808557319349       3.681583262236314E-043
  -18.2441822873072       7.204739882268226E-043
  -18.2214573493991       2.526287266205578E-036
  -18.2142693027814       1.627948991584515E-035
  -18.2083230016997       3.084410669452427E-036
  -18.1829722101574       4.649955210708926E-035
  -18.1743404231793       1.694371186071903E-039
  -18.1303099280941       7.264255088060784E-036
  -18.0819840481081       2.371566064935053E-042
  -17.6034928594128       3.479485104414579E-043
  -17.5963548586737       4.042999639625778E-041
  -17.5164868689859       7.823377541958105E-038
  -17.3588175126104       1.799949299871202E-040
  -17.3166668205762       4.991492236356718E-042
  -17.2585425806504       1.783008920298515E-037
  -16.6704351328974       1.505818125362378E-045
  -18.2110991759523       5.147016167014214E-072
  -18.1884721149465       1.085891003385027E-015
  -18.1661278885565       4.631866973374556E-070
  -18.1594632768084       1.441383190095981E-070
  -18.1328946691451       1.212906347502797E-067
  -18.1203556016859       2.516072855835475E-010
  -18.1108425470003       2.702458146816684E-010
  -18.0775110173945       2.286842702231755E-011
  -17.9995240592973       4.277719125474732E-013
  -17.5490385627613       6.568588849693723E-073
  -17.4960786740229       1.672541603361543E-011
  -17.4596807645600       2.083357071026517E-012
  -17.2934754436984       1.613902973377889E-074
  -17.2603952360322       8.351756146099177E-011
  -17.1745048956334       3.365307447921728E-009
  -16.5859510837469       2.529966199330393E-012
  -18.0840903712037       2.163087968644737E-044
  -18.0832256489044       1.055225203009668E-041
  -18.0664790258354       3.136686904149497E-036
  -18.0569946999717       6.905960345314108E-039
  -18.0221005315202       2.485560114548176E-037
  -18.0193516005540       1.872164449579211E-036
  -18.0048471648491       3.129758021660451E-042
  -17.9761130723464       6.696312685027397E-038
  -17.8962125429772       2.307986097104007E-042
  -17.4323130868030       6.356553016422587E-040
  -17.3991002268479       5.377530046848424E-042
  -17.3626691152357       1.214759241503188E-039
  -17.1905307152193       1.268162859647478E-038
  -17.1533415480163       1.069193712987218E-044
  -17.0735584676817       6.560391004986362E-041
  -16.4872795291190       3.101972235481833E-042
  -17.7324599368697       2.088150471243638E-071
  -17.6899869366934       8.289879527983277E-068
  -17.6599938326852       2.147330231513986E-015
  -17.6558276062362       1.801095206874916E-061
  -17.6548142838302       3.484192813505242E-011
  -17.6252661725750       3.996728266849982E-067
  -17.6164260874845       2.966742463325742E-013
  -17.6007002973277       1.729793317686567E-009
  -17.5265895548369       4.075721707909051E-014
  -17.0710181636152       1.141179904637185E-073
  -17.0448002228304       1.897279993976710E-015
  -16.9948262797901       1.658301552906968E-010
  -16.7757999663205       4.879763223207889E-073
  -16.7525415743734       1.689092366583877E-013
  -16.6953047356950       1.852635660512842E-007
  -16.0949891417826       1.755866558431801E-015
  -17.5840424313505       1.279481850717690E-066
  -17.5683364734359       4.978559705406096E-009
  -17.5276924055544       5.726226161034252E-067
  -17.5163234750064       9.871477186586433E-065
  -17.4995190926348       4.451882043477396E-013
  -17.4810975117485       3.218553245527667E-064
  -17.4724924929693       1.343676145822275E-009
  -17.4522918001200       7.926289674942194E-009
  -17.3691813986410       2.804467654491068E-009
  -16.8863326313691       9.989859187350437E-062
  -16.8824539216802       5.798348536991568E-008
  -16.8129977950891       1.305216298202474E-010
  -16.6705369712972       3.708208535440295E-067
  -16.6287572419966       1.555773460924923E-009
  -16.5497193683803       5.516214651815326E-007
  -15.9637939549806       2.928966453294405E-008
  -17.5143082935118       1.825367339418466E-067
  -17.4732370622939       1.905186786763304E-065
  -17.4701306557928       1.563794389827027E-010
  -17.4447122817392       4.525011463725816E-069
  -17.4110310054416       1.015027428819515E-009
  -17.3902512468331       1.970630978090564E-007
  -17.3892568635848       2.130409073537979E-058
  -17.3658689710010       2.782512507621139E-008
  -17.3004005167977       1.618883113428680E-010
  -16.8471224065821       1.419145801468550E-069
  -16.7903652251004       3.442529098056864E-010
  -16.7255063053209       2.534566193237643E-006
  -16.5795515874882       2.713197278751532E-064
  -16.5482462438550       2.010366157487617E-009
  -16.4747938232023       3.713071482089232E-005
  -15.8856712868152       2.706988986680076E-010
  -17.2923669828279       1.538746041542443E-043
  -17.2759715286972       3.688184251552685E-037
  -17.2645455103066       1.006761490764015E-037
  -17.2474201353017       2.654571241161818E-039
  -17.2069459687979       2.665574734474108E-038
  -17.1982134813266       9.228182045376879E-041
  -17.1731290675580       3.176767983515828E-039
  -17.1359416368545       4.381741418910690E-041
  -17.0369460176082       3.961738733782685E-044
  -16.6048178856953       3.024537857841018E-038
  -16.5770026654087       1.020920408017177E-037
  -16.5236847775808       2.948930867508592E-038
  -16.3812442769112       5.809340432348675E-040
  -16.3502150839894       9.321138793979827E-041
  -16.2239376656664       9.092463225862778E-040
  -15.6528960435656       1.134001979537684E-042
  -17.2970978621774       4.548236201579098E-042
  -17.2754145702448       2.302549344459413E-045
  -17.2235697285911       2.217933497825370E-039
  -17.1984297753480       2.572095835481540E-035
  -17.1849819453110       2.754375845486341E-037
  -17.1713095704729       2.677885780540738E-037
  -17.1655064863750       3.609568830349046E-045
  -17.1287016429751       1.513017774040761E-037
  -17.0351695327388       2.097887181731471E-042
  -16.5804986823500       1.002020582879519E-039
  -16.5782320773755       6.957573599126850E-041
  -16.4766887304261       3.237959159709455E-042
  -16.3614126671707       2.090980183035342E-039
  -16.3299334704655       1.034920410457877E-041
  -16.2103841338395       1.522562025695639E-039
  -15.6231791715007       6.042248025740692E-046
  -17.0352314419134       8.316606390822658E-072
  -16.9847416496971       3.215773435591647E-013
  -16.9510475957172       2.279754914671020E-070
  -16.9506324778241       9.837773345807936E-069
  -16.9258437583058       5.056865643734214E-011
  -16.9125149451190       5.764366648698534E-011
  -16.9027905569164       1.099409193279935E-066
  -16.8656141471150       3.297574281489815E-012
  -16.7684997252920       5.027061727407931E-012
  -16.3390350128396       5.102011622219754E-071
  -16.2878903714262       3.389712488755007E-012
  -16.2204643570639       3.509796743955666E-014
  -16.0801271851093       7.653090297890778E-071
  -16.0771080613913       4.213832848807187E-011
  -15.9471427266735       3.264841646997684E-010
  -15.3645527540794       2.769692552472653E-014
  -16.7552439964008       1.194968735279187E-072
  -16.7483368574223       1.088939608213544E-012
  -16.7213745035867       5.053513367015798E-067
  -16.6979484744608       2.485622146492091E-067
  -16.6801101794050       1.261849675498432E-065
  -16.6505189398379       1.595384293594375E-010
  -16.6474316830956       3.230053115694730E-010
  -16.6258296158508       7.781526908630000E-011
  -16.5355226563397       3.911132886527427E-010
  -16.0839242011725       5.383838408852811E-072
  -16.0387175306049       2.845349382460766E-009
  -15.9778505007086       2.418037399627094E-015
  -15.8449659732462       1.562985972513367E-071
  -15.8020267374624       3.427524596849928E-014
  -15.7121057273606       6.711790700980036E-009
  -15.1258968629692       2.814510963298916E-010
  -16.5727789592832       7.717906607640999E-068
  -16.5183522458064       5.425171927879581E-018
  -16.5014372524182       4.849439108730311E-066
  -16.4764684428761       2.026719053112087E-065
  -16.4544146335349       7.224713986111126E-017
  -16.4270723711316       8.516843827260333E-008
  -16.3973343417980       2.799399659192607E-007
  -16.3951072413834       1.089490631432394E-062
  -16.2809444142128       2.693175410119638E-014
  -15.8592877547684       2.089726737717368E-068
  -15.8282495789973       1.089077689563609E-012
  -15.7062006505758       5.575256367408172E-006
  -15.6151578827150       2.677608842127267E-012
  -15.6002677893926       5.507083458136112E-070
  -15.4498293293990       1.713674738270556E-005
  -14.8600084346072       2.348835297599556E-016
  -16.3522004606827       2.279923884760153E-070
  -16.3297289091291       8.193805725564706E-012
  -16.3002934628330       4.144203969682605E-068
  -16.2506338648709       4.441680951715199E-009
  -16.2504536514656       6.523280311400754E-060
  -16.2337027730472       4.592779482720828E-009
  -16.2232983799914       5.878791194179626E-063
  -16.1736839508554       6.414934013731438E-012
  -16.0505127790381       5.821071111191025E-010
  -15.6110105839017       8.013847098717627E-070
  -15.5693816016107       1.689275490963702E-009
  -15.4829379791087       2.282679597300753E-010
  -15.3933189112309       2.814579440239486E-008
  -15.3829929331376       5.337449557945143E-069
  -15.2083291014953       8.950998156618818E-008
  -14.6037251928976       2.392888274216702E-009
  -15.3549393725697       1.329714139135536E-037
  -15.3300123500942       2.015705666732407E-050
  -15.2561393466862       1.881063151360134E-039
  -15.1626502228806       1.206984795538850E-044
  -15.1433689174232       6.430790431298402E-036
  -15.1160635866313       8.146450534735914E-036
  -15.0946122106090       1.160793919684440E-037
  -15.0026693435096       7.480879031261134E-040
  -14.9469552750851       1.101453797714466E-047
  -14.5542894078110       1.256879091769325E-039
  -14.5508096521885       1.655391384909897E-035
  -14.4369484628217       1.445457533526326E-035
  -14.3275323003080       2.997807708583486E-039
  -14.3224538536167       1.904314222771254E-039
  -14.1518729030711       4.165859747477967E-037
  -13.5982206342440       2.636294280828161E-046
  -14.7454167271489       9.706587620483710E-012
  -14.7130801876040       4.039365237184579E-070
  -14.6511228474219       1.795783784671146E-066
  -14.6390810919958       9.478551758224608E-069
  -14.5985342359198       1.495460015805062E-012
  -14.5668687386359       1.479843696976626E-012
  -14.5355409180703       5.312497225356191E-065
  -14.5153586565802       3.707028460604701E-011
  -14.4001464032923       2.678745882483875E-010
  -13.9847290956349       1.827088471577854E-069
  -13.9519382350355       9.040959978772918E-009
  -13.8725670331191       4.311834826370358E-009
  -13.8081744920632       9.307442650058453E-065
  -13.7591531064838       2.198297531279279E-011
  -13.6055340862343       1.136398743272839E-007
  -13.0555398181622       5.464466889068512E-010
  -14.6703403801022       5.291457034672829E-046
  -14.6386142048837       4.853938769252886E-035
  -14.5797462853005       2.207317783196822E-037
  -14.5793492934390       6.480776599800313E-040
  -14.5509442837220       4.916826407295521E-042
  -14.5257716355026       3.812291633805742E-034
  -14.4552665010436       3.608790385739842E-043
  -14.4161751168184       8.370983343625252E-035
  -14.3078870949199       7.852560739090410E-045
  -13.9085872820363       6.338882734434344E-039
  -13.8727097398152       3.972557695612373E-049
  -13.8003220162558       1.998904794649345E-036
  -13.7333726950129       8.435212124157650E-038
  -13.7029483316936       6.886501245802657E-044
  -13.5161592251440       1.439162651468465E-036
  -12.9734608765433       2.510856960610902E-044
  -14.6345092011006       4.910211037244304E-044
  -14.6321408331495       2.177890267800085E-046
  -14.5203519137949       2.144693065974101E-038
  -14.5200394803961       8.057145435449710E-035
  -14.4825594358785       2.508649770181010E-036
  -14.4682202141001       1.434807752915322E-041
  -14.4463355521267       3.496641389432510E-035
  -14.3976790867487       1.997878580057004E-035
  -14.3240653071633       3.689798913123207E-048
  -13.8750387134083       1.133878283644268E-040
  -13.8727987903117       5.892521593677421E-043
  -13.7369526610808       8.531319283621847E-037
  -13.6988233841194       3.673228823206361E-040
  -13.6432632030000       1.735498353449110E-039
  -13.5115168662236       5.254968459002782E-036
  -12.9374990660467       4.014656398056996E-045
  -14.6073583381658       1.382057443991626E-069
  -14.5746779435644       3.342608913324405E-014
  -14.5341480171420       8.884118120877005E-065
  -14.5334201791422       9.770367612928672E-066
  -14.4897311354541       2.030658776544295E-016
  -14.4560929520601       2.165168620500765E-007
  -14.4238581856737       2.124150572918059E-065
  -14.3955429843703       1.476087071235854E-010
  -14.3273844834765       3.032906718805510E-016
  -13.9072949857621       1.475823342933042E-072
  -13.8400533531017       9.727000113727623E-012
  -13.7269325541285       7.646289803497139E-006
  -13.6649011431461       5.594990632252226E-068
  -13.6492497010946       1.036988981293415E-015
  -13.5099711102961       3.578393642150357E-004
  -12.9377493051198       4.156492843343071E-016
  -14.4375618261562       1.150505608007761E-070
  -14.3928643732213       3.901333671209542E-013
  -14.3495257081053       2.606208581726981E-067
  -14.3490109991745       7.834391813225229E-067
  -14.3203433064830       1.237059952827228E-010
  -14.2774215172804       1.716673281184807E-009
  -14.2559620995631       1.076663068469426E-067
  -14.2350699573051       2.016746316888474E-015
  -14.1471968483298       4.299960826719047E-011
  -13.7259699127451       2.107642394795761E-070
  -13.6599288400144       1.467846848559217E-012
  -13.5535210030337       6.766876184915237E-010
  -13.4828769826498       3.181113222112777E-066
  -13.4820122340835       1.013919038013806E-009
  -13.3322397257406       5.079897717778533E-008
  -12.7573758551061       1.060858372599035E-012
  -14.3859731395586       4.605238163309113E-070
  -14.3785397886870       1.337795831988794E-011
  -14.2911339319348       3.927289136878721E-068
  -14.2863933469914       2.592803033544911E-065
  -14.2757256223771       2.488684568589635E-011
  -14.2567404326400       7.140808382709328E-012
  -14.2411834495844       4.849540818527741E-064
  -14.1295234397883       1.160992453613998E-010
  -14.0523107065073       1.417093565620823E-010
  -13.6800098611005       8.292440067320590E-070
  -13.6028382367877       2.410842160818279E-011
  -13.5436441227988       1.748008311553104E-009
  -13.4577284528022       2.375940952368862E-068
  -13.4140781228142       6.197824138686885E-009
  -13.2600593484393       1.293255674377538E-007
  -12.7135941389882       3.696947698523572E-010
  -13.7790755456270       2.330179124189612E-069
  -13.7552995903828       2.000110029763181E-018
  -13.7268460279069       1.497726822116294E-069
  -13.6996564810850       3.975403147177594E-064
  -13.6506677319603       6.152257381515910E-013
  -13.6420649727930       7.515522497615558E-008
  -13.6038018390366       3.522586075420184E-065
  -13.5651968445655       2.914342827464734E-007
  -13.4904713764335       2.311686394146483E-014
  -13.0847938062698       2.892284924920356E-069
  -13.0390616395230       4.579108925842081E-013
  -12.9074073685150       1.849242869480191E-005
  -12.8393148836447       1.369509870833807E-068
  -12.8160839795870       8.145574842057890E-012
  -12.6681059738091       2.296786603359283E-004
  -12.0936829866807       1.935701410165545E-013
  -11.6107609315796       7.296862579876082E-069
  -11.6085239752445       3.177127486989859E-012
  -11.5790420334772       2.352053741065089E-066
  -11.5007131974937       5.107755927744449E-065
  -11.4959437016287       2.883842222906627E-011
  -11.4783905165545       6.675427415334517E-064
  -11.4601310472859       7.147158438497297E-011
  -11.4272322838390       9.620987338266501E-012
  -11.2786076251716       5.410240919027357E-011
  -10.8740758949843       1.294561177888072E-069
  -10.8324395229171       3.068657094738583E-013
  -10.7199324663121       1.700102619186786E-011
  -10.6583747979128       2.839978693283117E-071
  -10.6403994344461       3.214768802103631E-008
  -10.4556307472653       1.196770586703403E-007
  -9.87449440722957       1.162750954160099E-009
 -0.165998321382265       1.432375615956649E-046
 -0.123309395682487       2.271783211069262E-039
 -3.561892734893490E-003  3.790501067216624E-036
  4.649185716200321E-003  3.288486226421669E-040
  9.726870303482826E-002  1.382750510924953E-042
  0.127263963371234       1.922236726305947E-034
  0.133804564293737       4.111029061055775E-036
  0.187583088109502       1.524845674175779E-035
  0.361291905529747       4.284518304348589E-046
  0.649764686182984       3.318157146397846E-035
  0.706450946878274       2.837764775413949E-040
  0.852131055964705       5.774424111449125E-030
  0.853217364420427       5.691252825358716E-030
  0.938075671786613       1.116172776073717E-039
   1.14885161239680       4.146486999023230E-035
   1.69522532403451       8.807475898666954E-043
  0.347357418485235       2.457624059812038E-070
  0.386523182494024       1.155604926885320E-013
  0.442315257005770       4.843392371502739E-074
  0.473908157751882       4.427328342523483E-014
  0.515064171571460       4.102481289788324E-066
  0.545591588286797       9.166923355178230E-012
  0.564569406360658       1.538336280248208E-063
  0.644729002096820       8.743961457550333E-011
  0.808850792757490       1.013095133576048E-011
   1.09366049107322       5.796389007255080E-068
   1.16296929207058       5.486259747966792E-010
   1.29751786339863       8.777610074583279E-011
   1.34391648057963       1.412187943111245E-063
   1.35830104887084       2.926778102429955E-008
   1.59051898056903       8.521928324002360E-007
   2.12688773159586       2.406515743589021E-009
  0.705462145873973       2.293495781807668E-073
  0.723857696520412       4.335761607977292E-018
  0.776808275504084       5.851457258085759E-065
  0.809678571504215       1.283061134999330E-062
  0.878122678253529       1.699345186479422E-009
  0.884249721447610       3.039821306172972E-012
  0.888206744862750       2.119021997033179E-059
  0.958325582100475       2.588455905205128E-007
   1.05271495509837       1.747360918686404E-014
   1.42581029550046       3.167708717875009E-071
   1.48677379000163       1.008551259940027E-012
   1.63077334513486       3.139045833744218E-006
   1.67644859369455       1.677480760483663E-065
   1.72152752327031       3.388279180339470E-010
   1.88146792716577       1.866194311398910E-003
   2.46827183142206       1.092805846702379E-012
   4.91481394193100       1.018936978195719E-012
   4.91786875490812       2.603274393467960E-072
   4.96293912822820       5.556136139022405E-068
   5.05655429619591       1.294201552834717E-063
   5.06832584190285       2.040385746783414E-011
   5.08591361052265       2.509648437596829E-065
   5.11677665439992       2.253118442071091E-013
   5.15574911624778       1.531931969339919E-011
   5.32958818368922       1.344810952699770E-011
   5.66803934348142       9.099124711300941E-069
   5.72616488041798       6.557884294055226E-012
   5.86808010900039       1.292572171689289E-011
   5.89054721367370       3.698445005716835E-065
   5.92744554907670       8.756224923691369E-008
   6.13902108729616       2.028954830050803E-007
   6.70599058240395       3.733462521742970E-009
   5.38878308430290       4.454088977985650E-044
   5.44519206497372       9.673105748767077E-036
   5.47858642198229       4.562489993275878E-037
   5.55625372799498       5.571867235958234E-041
   5.56567697912989       6.187262878278266E-041
   5.63579844698781       2.159850761103489E-033
   5.66403479861406       1.131382191199412E-039
   5.72674896129941       1.716403702631753E-033
   5.90319531557726       1.749891759430718E-042
   6.16258398347827       5.242703576320505E-039
   6.22304416462952       1.093535747333260E-044
   6.36850538458225       3.433148116512773E-036
   6.39228628600073       1.404762916352547E-036
   6.44038213155485       8.988091113266652E-041
   6.68112996905168       3.793361971350533E-036
   7.21779248478852       2.890123963676747E-041
   5.40582438868377       2.215584733808677E-045
   5.43387438660324       3.289970995517328E-039
   5.53884796774464       3.720348066630628E-037
   5.58734830837525       7.267868309116859E-035
   5.64291081672653       4.211118516770093E-034
   5.64521787019727       9.427127118908694E-037
   5.65778813697143       3.033588292061676E-033
   5.73247784026269       4.221536150387071E-034
   5.85740336317086       7.282820659639048E-043
   6.17621022055894       1.705129303484982E-041
   6.22885842785056       2.839421178630274E-038
   6.39001929918010       2.455464604637766E-033
   6.40787827601944       1.663978463508723E-037
   6.47876686577759       2.234273828048398E-039
   6.66924969573300       1.633403113962344E-033
   7.23560533227368       2.944914099621957E-043
   5.40139329246760       1.860209578414327E-011
   5.45147071456714       4.326814095649576E-070
   5.54730747884714       6.408538139698867E-070
   5.57661093647416       1.135330628931570E-067
   5.63454877525181       8.749986640043632E-011
   5.69588651701213       3.090759201610481E-011
   5.70512655209953       2.450247601116931E-061
   5.74412445721136       2.846772268856719E-010
   5.92745565124418       1.328372170501600E-011
   6.19479290497074       1.979961642753028E-068
   6.25679450057757       3.583303143760632E-012
   6.40653946809650       1.176235647251361E-013
   6.42555750173531       6.607324367772746E-067
   6.48667888059242       3.252730677702556E-009
   6.71183923933089       1.153457907090719E-008
   7.25621968893149       2.477349457730829E-012
   5.52565239077759       8.690586526342692E-072
   5.55381724798693       5.694012739112755E-014
   5.60371202541235       8.467114580834723E-070
   5.66143551607253       2.702829296619003E-064
   5.66944846919821       1.634728368563443E-010
   5.73772300796746       2.296036118846021E-064
   5.75117451006985       4.114313546917396E-010
   5.77263038536259       4.382970549387558E-014
   5.92482287730259       3.224931515014138E-012
   6.24390567369639       2.768667747559572E-070
   6.31257206531109       1.968915299851506E-012
   6.46554567921959       2.055849386534102E-011
   6.51034123863371       6.192986537110482E-065
   6.53284193020637       3.437034299226250E-009
   6.73907389642687       1.305355020592632E-008
   7.30501057444994       2.156177857998215E-014
   5.62916647592954       5.521586658142838E-071
   5.66423513027932       3.377775549334135E-015
   5.71825589697432       1.220179381303158E-069
   5.77122265575089       1.312310290174662E-014
   5.77441135105011       3.942194800125591E-065
   5.84501312722447       7.461984129913347E-063
   5.85849272555414       4.039948164511063E-006
   5.88418653488327       6.312177980706942E-008
   6.04027770314433       4.256704971027631E-016
   6.35167671766108       4.387860845613306E-072
   6.42173729689405       1.021216512704297E-016
   6.57274461758347       1.028306275273388E-007
   6.62021079394848       1.346040051375133E-064
   6.64065165224715       1.335490904688297E-012
   6.84970930617699       5.683376155863599E-005
   7.41255084546433       1.876625885689323E-016
   50.3039103613063       1.032809085589419E-045
   50.3446159951535       6.796988844634005E-039
   50.4189170374047       5.186840795771393E-036
   50.5005882983397       3.895615012231243E-038
   50.5628040937481       1.733864590374931E-037
   50.5801708326183       1.032015055053629E-043
   50.6095148276556       2.808991551479078E-034
   50.6838118521165       2.600100700373466E-035
   50.8744287811906       1.452034804868890E-046
   51.0900403677579       1.998508892982686E-037
   51.1833932704407       6.457425059646460E-038
   51.3216350806818       2.975457345529571E-032
   51.3476800253210       2.526764141832880E-032
   51.4195479444147       2.287168009249709E-037
   51.6533423549191       3.487266036599003E-035
   52.1911403486672       4.276270594276600E-042
   50.7154723216184       2.377366825620413E-070
   50.7617519238402       3.119325109580023E-013
   50.7914203162945       3.469489314168380E-068
   50.8687477666412       7.002887089775406E-012
   50.9007628425914       6.279218450048186E-063
   50.9465689988967       2.144648019176232E-012
   50.9656008756797       6.931310573798194E-065
   51.0149535814342       1.582366544012532E-012
   51.2370386565175       1.826063157821215E-012
   51.4744093645071       2.001135873515127E-068
   51.5264943537607       2.080166033320325E-012
   51.7079374354043       2.047057024959284E-010
   51.7355257219008       1.495430484373629E-060
   51.7446388336338       4.584333381082046E-008
   52.0127388698988       6.308954815914149E-007
   52.5446330999637       1.224866268230184E-009
   51.0029920586734       3.060749425222163E-075
   51.0285518255113       1.482748082975273E-016
   51.0903630789373       1.212625230816845E-069
   51.1372164503071       1.251508199250551E-064
   51.1917765858173       4.668075779295753E-062
   51.2085274340003       3.451200515938810E-012
   51.2125266726711       9.366337305563787E-011
   51.2732864901479       5.534005729277812E-007
   51.4224564848198       1.374487644541793E-014
   51.7369395282291       2.765673695097884E-069
   51.8079391253793       1.429923553930158E-016
   51.9507802953889       6.873601718031441E-010
   51.9976848943498       3.684673765414328E-066
   52.0457327078220       2.380547909527117E-010
   52.2350973758094       1.214646903361141E-003
   52.8112173605694       9.556351707789211E-015
   59.7880746497329       7.837121204121403E-074
   59.8021590260988       2.719614828306220E-013
   59.8627223278491       1.400708148246649E-067
   59.9462119457035       5.438204265189094E-065
   59.9815423583107       1.138997914945213E-011
   60.0007023934300       3.692475300518208E-064
   60.0189523674851       9.123646874161745E-014
   60.0827478434025       5.937151904144614E-012
   60.2725964661076       6.781334224603731E-016
   60.5351843086778       2.666510661532974E-068
   60.6055748870779       3.846893650404945E-012
   60.7667677962123       1.673780418765680E-012
   60.7809392988288       5.678514841698245E-062
   60.8276356880636       8.240959706226840E-008
   61.0593200211827       1.457048203612319E-007
   61.6036764880198       4.953003530191796E-009
   250.159013973983       3.137894089966275E-074
   250.188462703220       1.114996795490603E-013
   250.252113677583       1.597805178851774E-065
   250.328658076979       1.391361652206214E-067
   250.374031142315       1.454771606525666E-012
   250.396986625738       5.526595653897108E-065
   250.402017162167       3.358784557871508E-015
   250.480320324834       1.129561176034929E-012
   250.677129769499       9.699230289139163E-016
   250.880958003924       3.128931590966880E-069
   250.951792650158       3.354298989296491E-013
   251.124740264319       9.746179201364170E-014
   251.144273344802       2.331479712017711E-060
   251.189114415810       1.011613085765960E-008
   251.433654907394       2.486945214980786E-008
   251.951766994771       1.677742330083152E-009
   251.522421299159       1.788679563564750E-040
   251.529156205900       1.373956249096167E-043
   251.615928688056       1.641404634861359E-035
   251.699069841076       1.326897195157735E-040
   251.761802361725       5.830981482981845E-041
   251.767942151415       9.626845164607982E-038
   251.790569478254       1.462427922232247E-034
   251.873451291444       1.086447117719462E-035
   252.077055375033       2.379523272200725E-050
   252.235930508110       7.328755316535154E-039
   252.323859157286       2.330335495519741E-037
   252.491208640353       3.804244358805091E-032
   252.504417918062       3.485345523197507E-032
   252.554573633575       4.543149684758400E-036
   252.813898739982       8.759426597728275E-037
   253.313134610146       8.627006778107569E-041
   251.828354446131       1.226252009030520E-068
   251.877533378607       1.438804037448836E-013
   251.923099592085       2.651669271945722E-063
   252.020403190043       6.996673621763410E-061
   252.026367634723       1.189611623364942E-012
   252.077932561524       7.902129813529601E-014
   252.094631182125       4.855501164455347E-064
   252.156524006031       1.111178320025288E-011
   252.379251066960       1.077109875198869E-013
   252.555215240627       2.219368744955577E-066
   252.612208783780       5.770628965242356E-013
   252.806213502187       2.748311402661110E-011
   252.819486742309       5.703461130043366E-061
   252.838083037222       1.101392555387636E-008
   253.115884196731       1.001190756244755E-007
   253.613865398183       1.182839324310501E-011
   251.977297991944       1.147407868061980E-067
   252.013175067326       2.908575351618544E-016
   252.077330155854       6.780269472842845E-061
   252.139850839570       7.928941740178136E-059
   252.199424256189       2.240654874786452E-014
   252.209829543334       1.620277909377582E-057
   252.213292151123       2.854551491954106E-011
   252.291042769105       1.004008614204245E-007
   252.476986868950       1.553434104179043E-016
   252.688917035743       1.425872951610833E-066
   252.759860610191       8.262444050030571E-016
   252.926521807233       4.105260918934230E-009
   252.952690587267       1.051392773876758E-060
   252.990985304828       3.606231785997096E-011
   253.230179338724       1.050695999055520E-004
   253.747825317838       4.261826634755256E-014
   281.063726275070       4.360967285760440E-042
   281.089643935894       2.149990960065001E-043
   281.156561337001       1.128242576736378E-033
   281.250118916152       2.906570720114521E-037
   281.282782426522       6.371238706639253E-040
   281.321218185027       1.301102726062883E-032
   281.324658903132       3.143663670122277E-032
   281.406731558827       5.776473293434831E-034
   281.622327958551       3.397715793097179E-041
   281.780273866740       8.107446069303971E-043
   281.852380501065       2.636132176342988E-038
   282.042110878227       1.340164465898143E-032
   282.046525738042       1.492629419531406E-032
   282.090292100896       3.115805964137026E-039
   282.360239925731       1.288303757889046E-036
   282.861620412385       7.042768109149173E-042
   281.071747243861       7.637925773459111E-044
   281.090924325437       4.734086057430247E-043
   281.169421478860       5.682638981865554E-037
   281.243884574014       3.324185894082564E-037
   281.306644466909       1.748123888320946E-036
   281.310541527782       2.594020128179452E-034
   281.326083442902       2.103021198016610E-034
   281.407683957011       2.054654561077380E-036
   281.601896804386       5.589563173269057E-041
   281.781320568840       6.433729172739744E-043
   281.860567486664       4.628523845405416E-040
   282.036337635660       3.347152179080416E-035
   282.047372476032       1.065053848105812E-036
   282.102029873472       1.574335865234939E-037
   282.350236224177       2.169614386766624E-035
   282.863915583520       3.662101326297692E-042
   281.071264308121       1.034470081390984E-070
   281.087587264980       5.988749447242379E-013
   281.164998191492       3.776944733394364E-069
   281.252218648389       1.749243422054754E-061
   281.301592794892       1.709883279051556E-012
   281.321090385763       5.313700453014149E-063
   281.334165345128       5.151586673015664E-015
   281.417102840070       1.304856512606606E-011
   281.624823243008       5.421219100622674E-014
   281.784389115852       9.661790617086151E-069
   281.863165725835       5.381552114926091E-016
   282.047801489070       1.698452190865509E-016
   282.048575426054       8.843973882630321E-060
   282.102891054958       6.638028823867585E-011
   282.365100606427       1.645693855397677E-010
   282.869461656738       9.322357348677042E-014
   281.084578168271       1.029124928115088E-072
   281.128539788105       5.190594892621784E-018
   281.183869176398       1.787738243807512E-065
   281.262127166504       2.143669154615982E-063
   281.297312223744       6.983195443487343E-012
   281.328523068022       2.489523325182684E-015
   281.333861916169       9.897605260768564E-065
   281.405936269394       5.676583243044698E-012
   281.608666439385       1.637501460014926E-014
   281.799634739699       3.387304417635544E-070
   281.863770239756       7.325888205191119E-016
   282.044602180005       1.232110855991212E-015
   282.072157374494       1.105271826784850E-064
   282.102283234006       6.631883818286064E-011
   282.357771618367       2.349781466849209E-010
   282.871664606325       1.047530273771653E-013
   281.102231913310       2.507496587291818E-070
   281.147563569205       9.388039096737309E-017
   281.201096061412       9.139867519802285E-064
   281.281905895669       1.491556680626124E-066
   281.312662696639       6.340274738472727E-016
   281.346919378533       2.610628829695522E-012
   281.354154736797       1.368419429800567E-059
   281.424326205227       1.850493081403487E-007
   281.629995754779       1.465946194125731E-020
   281.818419128527       1.309680342175889E-069
   281.881314485638       1.447907208034817E-019
   282.064092970402       2.897170093944184E-012
   282.091077187440       1.298906214998939E-060
   282.119325348684       6.268748238710329E-015
   282.377782637663       1.126260164491049E-006
   282.890115139972       4.922449741606439E-016
   504.862225232864       4.739004511276860E-072
   504.899567947821       1.401742986237364E-015
   504.962098069781       1.139137424741389E-063
   505.038863175949       2.169164045334535E-061
   505.082790062857       1.358040801501845E-014
   505.108217258839       2.946657037532757E-017
   505.111465816145       1.243350278653467E-062
   505.190898164912       4.423444149421342E-013
   505.392232326939       4.177023005892099E-022
   505.557821992698       1.125538125372500E-067
   505.624825040435       3.322603570373252E-015
   505.804839487762       1.311877837734961E-015
   505.826912211207       1.870604727094565E-059
   505.862922617376       7.781013332924734E-010
   506.120569116940       1.116122787060138E-009
   506.614564618152       1.407118731455905E-010
