                  1248
  -19.2204800419660       4.416189772487173E-068
  -19.1797202420199       3.859212126109666E-007
  -19.1733516838823       4.479257643106184E-066
  -19.1596404300198       1.295996404773213E-067
  -19.1250923850144       4.382214711171515E-060
  -19.1247790150687       2.340004548169708E-010
  -19.0991816130232       6.764372818954461E-005
  -19.0763075783312       2.272436602573576E-010
  -18.9916065200708       4.446650410770400E-007
  -18.5348511133129       2.934169213142701E-066
  -18.4880709844040       1.089797485274279E-006
  -18.4408806825875       1.020450264074397E-013
  -18.2735225401225       2.825002044297940E-070
  -18.2355126752857       3.181230078450090E-008
  -18.1574468550553       6.754181001765035E-015
  -17.5608699788318       4.729140525444222E-011
  -19.1721371143691       1.802328828187923E-065
  -19.1154623287417       2.333158010269682E-011
  -19.1004612423501       4.971402122647012E-066
  -19.0988550924562       1.443864101626168E-060
  -19.0502846799945       6.241886281348777E-008
  -19.0365891713456       5.098825294289876E-008
  -19.0043229144261       2.524185785930071E-063
  -18.9688305647431       5.335721389574553E-010
  -18.9032726119723       1.223867309176105E-012
  -18.4938019297520       9.019182008158642E-070
  -18.4555692283561       1.103831080115336E-015
  -18.3442616037593       2.531741761432971E-012
  -18.2132248713484       2.192768271057265E-067
  -18.1814650622998       5.997242807744638E-012
  -18.0770340978795       1.809110048101141E-011
  -17.4999868372231       1.631212931864783E-014
  -18.8555513860661       8.396052404138487E-065
  -18.8132249457238       1.690005626051284E-064
  -18.8072482909849       1.175979878322180E-010
  -18.7789510457869       3.286598233989421E-063
  -18.7452582326586       3.396692430109381E-005
  -18.7252026890323       4.193624548621986E-005
  -18.7005268785750       2.115531421925818E-063
  -18.6757900391378       9.209185186485168E-008
  -18.6259165061730       2.596005257192274E-009
  -18.1895773555467       3.011571023867244E-069
  -18.1283599304971       3.038934570279145E-010
  -18.0481292046731       2.631912833711544E-009
  -17.9153877579095       1.662521246285214E-066
  -17.8839198892139       7.263108822506108E-010
  -17.7995957836163       7.135597212525819E-010
  -17.2179408931569       1.044611053914537E-013
  -18.8206882877383       2.329782983674295E-064
  -18.7986924140369       9.630904819947538E-007
  -18.7874089112179       1.117161291194364E-063
  -18.7676460737091       2.854742917992571E-063
  -18.7367311367732       8.152324930983342E-063
  -18.7282177667080       2.860180613479513E-005
  -18.7050855923128       1.548377616372287E-006
  -18.6992578278287       1.455514249990468E-006
  -18.6300078610627       3.198588169798803E-007
  -18.1538088722036       9.536464970552446E-062
  -18.0935053682417       3.230006537102775E-006
  -18.0507843930729       1.205959120992358E-011
  -17.9053212013179       4.399865113472766E-066
  -17.8627359422346       4.753181848871825E-009
  -17.8024194392042       6.315680945483158E-011
  -17.2075878159833       1.541045498114506E-011
  -18.7658889505136       4.948555793673846E-067
  -18.7228889369043       1.892730404864508E-007
  -18.6726670163439       9.131685974173315E-067
  -18.6555994768880       6.211213654273341E-062
  -18.6535292391988       7.888009008175190E-008
  -18.6432518490097       1.484653745838454E-004
  -18.6267624014547       7.150091296543262E-062
  -18.5355591728710       3.819223367777804E-011
  -18.4615880722457       5.763216848684659E-007
  -18.0476106363949       2.414308894578676E-065
  -17.9788304644043       1.980527951865215E-006
  -17.9257637161351       1.103370716522283E-012
  -17.7899578727329       2.145629806711169E-067
  -17.7803145241796       1.178580472569777E-006
  -17.6253910073504       1.067635724752854E-013
  -17.0258973142292       1.615383853203751E-009
  -18.8337033025960       1.391084930913639E-033
  -18.7747765636903       1.171129992596268E-044
  -18.7643160797832       8.798294497284286E-038
  -18.7194920582938       4.602063371558305E-039
  -18.6940285113301       4.683919342748228E-039
  -18.6553748262708       4.299447732220132E-040
  -18.6494736273466       9.908392783677085E-034
  -18.5722018561779       8.656383331416593E-038
  -18.5403381913467       7.140695736973050E-045
  -18.1092117722031       5.615453661615511E-039
  -18.0617987305046       2.797728911087426E-036
  -18.0251257918018       2.531059532368368E-041
  -17.8506093633977       1.851983061675609E-040
  -17.8377499163097       2.622585763021646E-036
  -17.7237626219505       1.155639596694234E-047
  -17.1467762195703       1.027955360574396E-044
  -18.6038092790644       3.142489455538533E-068
  -18.5471251449032       8.626586849193287E-012
  -18.5280254936165       2.044487855974727E-061
  -18.5155336925901       2.687153416049168E-063
  -18.4767248321835       9.553026690305852E-008
  -18.4586097598830       4.518672769975863E-008
  -18.4095613288600       1.244022988238738E-062
  -18.3749880966945       1.037488891262148E-007
  -18.3073699086032       1.630837129223310E-010
  -17.9033247893638       2.054741606544000E-070
  -17.8738047402872       3.937348330284751E-016
  -17.7345254374190       5.347587113658377E-011
  -17.6361482893792       1.865298185251673E-068
  -17.6168815888916       2.901855359527504E-011
  -17.4788335437349       5.253710863973495E-012
  -16.9013999223998       1.659532700278809E-014
  -18.5288929634640       1.759835999162891E-069
  -18.5014190438926       3.894893609322144E-008
  -18.4814100208581       2.507822861650790E-066
  -18.4707735438826       3.943061228788661E-069
  -18.4334090438828       1.724210577829984E-065
  -18.4197878684680       7.669456970875480E-008
  -18.4158254300117       6.939275340033821E-012
  -18.3839680152370       2.065184728912184E-011
  -18.2972089502958       9.999848545452740E-008
  -17.8579473981335       1.512851141785109E-069
  -17.8094968390743       5.827076462103703E-007
  -17.7462480353688       2.017031189449286E-014
  -17.6018973149930       5.908892291789880E-071
  -17.5558593203518       3.561445093562470E-008
  -17.4800261625461       3.490285281147731E-014
  -16.8998294163909       3.796771700777413E-013
  -18.3161392581663       5.951943415844722E-038
  -18.2811261504535       2.870373115629989E-047
  -18.2535278261187       3.945614197257662E-034
  -18.2446208741296       4.202722340028564E-034
  -18.2404963576921       1.106255667270819E-033
  -18.2130670671753       4.226965301204256E-033
  -18.2071435892245       3.238868542930030E-033
  -18.1591386510588       3.507414864450241E-036
  -18.1118855376106       6.204071683273782E-039
  -17.6351231157701       3.313844930282628E-041
  -17.6304128608514       3.152283142087880E-037
  -17.5454766001953       3.159552685912649E-042
  -17.3960409740480       2.815371332732279E-040
  -17.3531683454022       2.539504793185881E-039
  -17.2910827253906       2.669314220915389E-048
  -16.7067127989531       7.068148689844251E-042
  -18.2515103731079       5.800660195831026E-067
  -18.2308492102039       1.856912063958495E-007
  -18.2029927092755       5.631364399515335E-067
  -18.1984657558890       3.712833584486349E-066
  -18.1713412663946       1.679369064902485E-064
  -18.1599327271931       3.386702633753379E-008
  -18.1521087389902       1.885738057095568E-004
  -18.1112650723274       5.841003375138154E-011
  -18.0344482450317       2.905521807576935E-013
  -17.5883391945229       3.148280945494771E-069
  -17.5336366872566       2.538220588440622E-009
  -17.4967783862203       1.513020803377192E-015
  -17.3360783772621       6.920954569063013E-070
  -17.3043212305616       1.522132462702712E-009
  -17.2124542829239       2.512678394681042E-016
  -16.6274467847642       1.989441377162577E-012
  -18.1481837181502       5.169334130894183E-039
  -18.1369111914219       9.857902214272928E-036
  -18.1298531071127       9.321651149955646E-033
  -18.1166827051437       1.379569996688020E-035
  -18.0782865335554       2.481701852513613E-034
  -18.0729811677429       4.895743909687654E-039
  -18.0661981808725       1.701427633002736E-034
  -18.0279254787750       1.657404767520488E-036
  -17.9478990647857       1.834973782976020E-041
  -17.4873028336309       3.789845205588683E-039
  -17.4542411747096       3.316207669821349E-038
  -17.4174890870159       1.208803011198615E-042
  -17.2536164648398       2.555872224030456E-038
  -17.2183191392644       6.817059036019810E-043
  -17.1289264223825       4.940792969868191E-044
  -16.5476567574947       2.511221611885556E-044
  -17.7298272254730       1.846598257872825E-067
  -17.6872706122901       3.031704877276430E-064
  -17.6576500622449       2.052278010442471E-010
  -17.6533455519804       2.348522216454218E-060
  -17.6512162937479       1.905871728433668E-010
  -17.6225049931694       4.141984351325156E-064
  -17.6137101829253       6.540917935224714E-008
  -17.5972400411413       1.019869790743299E-013
  -17.5234123480462       2.817747593722083E-010
  -17.0704307246980       1.016374232181452E-071
  -17.0433335999998       8.922624004623317E-013
  -16.9933350594046       3.635289938146874E-015
  -16.7750742502571       6.055820247049936E-068
  -16.7517352772135       2.999831660885836E-012
  -16.6940077900649       1.797396004371206E-013
  -16.0955997582366       1.141505484634562E-015
  -17.6651541191005       2.020583676811112E-065
  -17.6425114207867       4.158650704205639E-006
  -17.5941189127563       1.755838803304211E-065
  -17.5895317254618       1.172692301253586E-066
  -17.5696472908792       1.268607510649061E-007
  -17.5492948839485       4.687687833613290E-005
  -17.5480377854403       1.717864074241543E-057
  -17.5199246498751       9.888700729110831E-010
  -17.4351275855945       2.340110184084062E-008
  -16.9617804149915       3.422940567657702E-009
  -16.9594834822019       8.995076896779700E-064
  -16.8839651758689       5.943676081204758E-013
  -16.7424517065032       1.117778668202970E-067
  -16.7037189807843       4.113361896347920E-011
  -16.6155797435977       4.751737856026411E-013
  -16.0324093266945       8.747685167139326E-012
  -17.5429218068645       7.885151830625522E-068
  -17.4977957298093       1.096111871991529E-011
  -17.4969077471649       8.997673053717956E-064
  -17.4714089905985       6.110953500070031E-064
  -17.4320322641447       3.091000921619828E-006
  -17.4191508315923       1.175346738803836E-057
  -17.4157820421088       1.232956154139050E-005
  -17.3977515731768       1.007853655174411E-007
  -17.3232021021785       6.049070758446060E-011
  -16.8761254480770       1.012167532008152E-070
  -16.8169821981741       9.960322578348825E-014
  -16.7540390306879       1.806497891753295E-010
  -16.6071016331868       7.110967061316505E-067
  -16.5779435710642       5.926898157304296E-011
  -16.4985820620173       4.540439099017809E-010
  -15.9118801417705       1.152743942472201E-014
  -17.3731842426674       6.396891268425580E-037
  -17.3708633024079       6.073945454007710E-035
  -17.3501305037541       6.106904533403653E-033
  -17.3354238180042       1.600579606749398E-035
  -17.2970362800725       9.021011342063566E-034
  -17.2814670194286       8.403806552098172E-036
  -17.2744971056018       1.465549472344583E-034
  -17.2338692836854       3.237847161178497E-035
  -17.1361100083244       2.226031188873048E-039
  -16.7055828675547       1.136753570982294E-039
  -16.6775287143787       1.846339795728039E-040
  -16.6242759842172       5.908349879807049E-041
  -16.4669876303134       1.512568018461974E-040
  -16.4332078026659       7.453393572440834E-043
  -16.3209719552083       6.315127395140345E-043
  -15.7454720092847       1.808823513664708E-046
  -17.4049551054330       4.044212793994907E-036
  -17.3799800437213       1.484943294433942E-038
  -17.3391539685431       6.268167185204875E-034
  -17.3102893305533       3.594104054121901E-032
  -17.2997087744844       2.128369924682502E-031
  -17.2908407519747       6.790596320374611E-032
  -17.2755589677039       5.169852925631738E-035
  -17.2451612681416       1.757414074784290E-036
  -17.1479121214296       9.022379948217561E-041
  -16.7012219257732       7.482846814774697E-040
  -16.6946132113751       6.460541987544891E-039
  -16.6012969512774       2.919181286722232E-042
  -16.4694741498847       2.273593848309993E-040
  -16.4394527893015       1.171313941291021E-040
  -16.3236374787657       2.389807036341529E-044
  -15.7364758391926       5.725516757535709E-043
  -17.1290687252582       1.469284256597878E-071
  -17.0769768427621       4.107049937158034E-006
  -17.0508978990798       3.047948262414327E-065
  -17.0505406143891       1.752846815681930E-065
  -17.0179912945776       1.982854111382599E-004
  -17.0086981742751       3.014790969485071E-009
  -17.0003046110175       6.131427893709205E-065
  -16.9693070469692       8.157272799384020E-011
  -16.8676153915916       1.408277520078415E-007
  -16.4401453487678       9.935880037014002E-071
  -16.3929869098711       1.164312926069223E-010
  -16.3259925495312       1.040099029951514E-016
  -16.1742214787136       1.832221378920563E-069
  -16.1696396381668       2.073893062200595E-010
  -16.0446953125458       1.684282424343381E-017
  -15.4600339121293       1.529011027228309E-013
  -16.8539469935266       3.432512369903964E-068
  -16.8351034789392       7.249238741656093E-008
  -16.8092304576392       2.744930969964403E-064
  -16.8055282879194       2.814243087847839E-064
  -16.7723891490446       2.808104624169985E-062
  -16.7469374694314       1.086819222755147E-005
  -16.7425397033682       6.594499510638755E-006
  -16.7217839030192       3.710698294657696E-010
  -16.6391992108764       8.567805663048427E-007
  -16.1856352417382       2.494005877201253E-066
  -16.1306157886605       9.043495603734866E-007
  -16.0797134428391       6.755578923049102E-015
  -15.9364067868779       1.295976129585663E-068
  -15.8911629703572       7.398022236769763E-011
  -15.8164434273719       5.633980223389131E-015
  -15.2297715664509       1.395231047367810E-011
  -16.7168854274825       3.034816367663185E-064
  -16.6621080698727       5.810330098545683E-010
  -16.6488085462417       7.776143115299954E-062
  -16.6265883208092       9.838438231613750E-064
  -16.5955882157410       2.873052126585882E-007
  -16.5809570091149       2.305409452737629E-007
  -16.5405337321468       1.886117138484416E-060
  -16.5337220397499       3.336729878971964E-008
  -16.4312830589414       1.293279091256939E-009
  -16.0119777915753       4.022212477409947E-067
  -15.9824724089593       2.292513271241776E-011
  -15.8587811547330       1.380677979223619E-011
  -15.7560345968347       9.072773473278086E-012
  -15.7499206381506       2.062454552087090E-067
  -15.6018973939602       5.863274485927084E-013
  -15.0157083447020       6.031895200655414E-012
  -16.6052305994741       5.569470081394350E-068
  -16.5749947816036       1.864407594884733E-006
  -16.5423933959548       3.678659037690375E-065
  -16.5021661027531       2.767526604473854E-059
  -16.4996074126114       2.849225736373227E-004
  -16.4879465337077       2.676062755475911E-008
  -16.4697541199411       4.583102660636927E-062
  -16.4183260504408       1.552528891387688E-010
  -16.2991660398747       2.883340952978499E-006
  -15.8668517117748       1.804680743225015E-066
  -15.8242399868121       1.087393853860353E-006
  -15.7402142287886       2.960783946798201E-012
  -15.6437162334404       2.617765881109130E-006
  -15.6295028265640       4.878437232089175E-068
  -15.4570531389637       1.487654908952543E-012
  -14.8507560992040       9.069564422107257E-009
  -15.9407480078145       1.070026250752360E-033
  -15.9184719389924       1.771783751285783E-043
  -15.8506202183747       7.368007053320877E-038
  -15.7584123153077       3.238509559910817E-036
  -15.7513083477460       3.427934283061070E-036
  -15.7338795726657       1.876181687858484E-033
  -15.6977134484976       3.344654553127781E-039
  -15.6316796419621       4.424780311479552E-038
  -15.5608735494519       1.577124528130733E-043
  -15.1608596490123       6.554786281750449E-038
  -15.1541921291290       3.183530070334122E-038
  -15.0535468712939       2.499231431538157E-040
  -14.9374345336921       4.881302284035309E-035
  -14.9249740529770       9.416656420274875E-040
  -14.7643796797717       2.280786528628334E-042
  -14.2091985596123       7.178726794179409E-045
  -15.1690094065571       2.148617257837740E-063
  -15.1601196380023       1.130492762750060E-006
  -15.0961150378548       3.407329107251734E-063
  -15.0906749483817       4.496349817945975E-064
  -15.0716413580809       2.464970510374156E-006
  -15.0584746990758       2.249618848380764E-010
  -15.0474013204175       2.323457189762057E-065
  -14.9518425606309       1.652477206990401E-009
  -14.8788881763973       9.949957613737898E-009
  -14.4853949136647       3.393301147878482E-065
  -14.4149821662819       5.050600200032781E-007
  -14.3711930515959       5.259206571411434E-012
  -14.2543585194922       3.126970624550964E-067
  -14.2081389510663       5.196218083191886E-007
  -14.0854247942224       2.931725956026863E-012
  -13.5370235583794       4.512307495616852E-010
  -14.9979577905007       3.017828106100402E-065
  -14.9722081457813       3.367869496545621E-008
  -14.9464290849474       7.509965415398586E-063
  -14.9387782743392       1.299658246427692E-063
  -14.8836226827156       3.996944412975213E-005
  -14.8678007164602       5.874289652420290E-005
  -14.8466829315129       1.102369458728244E-059
  -14.8106788593154       3.033831427875986E-008
  -14.7535598685943       2.611382003824160E-014
  -14.3217446011486       1.685563113439330E-067
  -14.2602438281091       9.314121834160712E-012
  -14.1638110653893       7.012489338844322E-010
  -14.0727292902612       2.374761065098454E-069
  -14.0408450385975       1.093787351450514E-010
  -13.9345119174779       2.470733092234867E-009
  -13.3591661963661       2.068823441546102E-013
  -14.9254417615221       4.925336060224061E-039
  -14.8967042099457       4.166425191247727E-032
  -14.8541516524882       1.612000999435417E-035
  -14.8414701073241       1.601757589894288E-037
  -14.8127069384197       1.375100041145021E-034
  -14.7916690318641       9.057495848440320E-036
  -14.7329030128976       5.018045014099995E-038
  -14.6931706998939       1.037541531091751E-035
  -14.5822878295882       2.590522499805601E-039
  -14.1824443261969       6.111777702376033E-041
  -14.1482353073799       2.451265132392609E-040
  -14.0765378305031       4.263494961656783E-042
  -13.9962359225735       2.578624521392855E-037
  -13.9669365537607       4.562627681747102E-041
  -13.7890252037258       2.733999479329911E-043
  -13.2431357816975       8.613328134137046E-044
  -14.8997388980848       8.297573474777248E-037
  -14.8939284429955       3.064887798710432E-038
  -14.7975219491571       1.467872721857036E-034
  -14.7900915625518       6.259168343170876E-033
  -14.7576239128660       3.710392596555639E-035
  -14.7394091720015       1.666879841894447E-035
  -14.7322566094742       5.163917246248704E-035
  -14.6783811134508       4.189081157682714E-037
  -14.6029519516672       1.761994874190295E-039
  -14.1558296018921       8.100098026335846E-041
  -14.1508635300551       1.382989097521802E-036
  -14.0247467670930       1.238267382210611E-041
  -13.9686622980080       1.430546486417012E-040
  -13.9146488811515       2.393236326942692E-038
  -13.7901249074053       4.203193822453711E-042
  -13.2150422504991       2.857821225881769E-041
  -14.8475332290006       2.705569004887993E-005
  -14.8396368416951       4.231975063074249E-066
  -14.7572235232201       1.624277503168796E-064
  -14.7478296703919       3.034497952465924E-063
  -14.7006402382111       1.437574629107818E-007
  -14.6828698140843       9.271841182761991E-010
  -14.6759626461032       9.131827286122010E-062
  -14.6528956194114       2.155283451581835E-010
  -14.5356957024607       1.424286990086962E-006
  -14.1079521918329       1.054279722377628E-069
  -14.0930372480114       1.450857521166958E-008
  -13.9865296833803       8.291908377107812E-014
  -13.9180821954768       1.862459058982204E-066
  -13.8720277729762       3.281318739214031E-009
  -13.7306287275253       1.520393154066427E-013
  -13.1638243402778       1.146335623718578E-011
  -14.7115111547425       1.884200626367779E-066
  -14.6599403935288       1.216275416723892E-005
  -14.6092739145930       1.809822607399858E-063
  -14.6000912520993       1.950341945329974E-062
  -14.5966193134417       5.682008031743853E-004
  -14.5587893852652       8.770461775635422E-011
  -14.5449762953764       2.194432988612389E-062
  -14.5016530092106       8.503530772042033E-012
  -14.4017644644199       1.919908656350861E-006
  -13.9945310955571       2.006920209469936E-070
  -13.9320861963685       1.460040953723138E-010
  -13.8418820888144       8.479313273800414E-017
  -13.7526470144863       9.576618846542114E-010
  -13.7484771625397       8.715524739891628E-067
  -13.5930737940515       1.323138596626895E-014
  -13.0232449714071       4.078595229658932E-012
  -14.3129323354602       5.992983027603182E-067
  -14.2752750352980       1.005082985453268E-013
  -14.2541098455019       9.762196093726054E-065
  -14.2253322753134       2.839230063201022E-067
  -14.1907481633166       2.961562303929231E-007
  -14.1709559288594       2.392691767598669E-008
  -14.1531729864033       2.109066635281935E-060
  -14.1310537872689       1.469842343475346E-007
  -14.0278079522428       1.583725066382079E-010
  -13.6148050423763       9.376597708952434E-070
  -13.5750673188988       2.357523308234655E-012
  -13.4570351525799       6.778424634337425E-013
  -13.3638993732348       4.041655919916840E-070
  -13.3565294105017       1.317566490850817E-011
  -13.2060436022231       6.357174840246922E-011
  -12.6246411500788       8.798506017513895E-014
  -12.6203677530468       4.986697704186840E-070
  -12.6009768604272       5.578576814620194E-007
  -12.5762858485236       1.044780472646871E-065
  -12.5192914766466       2.027562381016356E-065
  -12.4991629707696       3.254715820304060E-004
  -12.4896463340415       4.837241046428010E-061
  -12.4806853100107       1.388823491098009E-011
  -12.4431850772674       1.319509549815551E-011
  -12.3054661467894       4.289089033618610E-006
  -11.8956163003469       1.282405422399320E-068
  -11.8574147881425       2.273641823191724E-008
  -11.7548028325304       8.341767144309316E-016
  -11.6633860676006       1.523253945726310E-068
  -11.6462915370239       6.817183899292148E-007
  -11.4807080599496       1.585238915545558E-013
  -10.8963938917992       2.770892413070621E-009
  -9.09680258710829       7.262892850467942E-040
  -9.06050925646739       4.343027933408148E-032
  -9.03934659509381       3.771877044678931E-034
  -8.97604562299444       3.186728735457211E-037
  -8.96486799494632       2.857591802905912E-035
  -8.91822063407467       1.931647396059200E-036
  -8.88449757551756       2.275866028093947E-039
  -8.83504851629832       9.407363947899239E-036
  -8.68495062362149       1.147058436967553E-039
  -8.35912928906209       3.371363275395400E-041
  -8.31634212445344       6.742680973494563E-039
  -8.20538947542277       1.183093562421852E-045
  -8.14917652324069       2.598895146923017E-036
  -8.11252136663332       1.259207280901879E-037
  -7.90741109519468       1.167377295186790E-043
  -7.37416356382767       4.569277668817402E-043
  -9.10877530384487       7.705740208712166E-005
  -9.07669686825608       5.258168082774566E-049
  -8.98044828264663       2.144067449102851E-044
  -8.97884948183240       1.029762028188846E-040
  -8.89820838671195       3.956830147645990E-005
  -8.87763511755868       5.509589299666298E-040
  -8.87691215559989       1.503838993288080E-010
  -8.83608256772530       3.303857654172468E-010
  -8.69646363130470       2.440616070973926E-006
  -8.34654584527111       8.742211113716328E-053
  -8.30241867418263       6.744132372110648E-011
  -8.18854108593779       4.667347294799008E-017
  -8.14274972978307       3.996030191516247E-051
  -8.07327062380564       2.757686380765105E-008
  -7.90611478268218       4.424871787877829E-014
  -7.35532471885005       4.320485863599373E-011
  -9.07717754803671       4.303020789978463E-022
  -9.06027063729435       3.595596227359708E-029
  -8.97162800872664       7.696610250206717E-029
  -8.95308384215178       7.976796464460618E-023
  -8.91295496865859       2.844538234747542E-023
  -8.89592175220542       1.829475351424003E-026
  -8.87725937152249       1.166348027239367E-022
  -8.82980138325293       1.825272448981532E-028
  -8.74088519181359       2.428784723850663E-024
  -8.34375438520999       1.669161991415346E-036
  -8.30438282316402       7.837127475088806E-029
  -8.18963391509791       1.208774552316601E-034
  -8.13313599548267       4.975287847460212E-034
  -8.06231187537817       3.592074876021422E-027
  -7.92993695102034       9.699612412805997E-034
  -7.35643755358341       1.359600860016697E-030
  -8.94025015361597       4.209411704426909E-068
  -8.88723841243981       1.145655191134304E-005
  -8.85628922371509       4.477058437036533E-066
  -8.82975875547990       5.700169046503961E-065
  -8.82520295449733       6.781191196795902E-004
  -8.77602847250402       1.272691734858161E-010
  -8.76690967289828       5.225591610006679E-061
  -8.75386284356759       7.433261950156573E-012
  -8.62613228871672       3.745023582024781E-006
  -8.23314951512213       3.459592584359904E-072
  -8.18643114168549       6.461269138913652E-012
  -8.07678666303372       3.592478896112621E-021
  -7.98273823760633       3.387857560011504E-008
  -7.97621938918662       2.493325674820279E-066
  -7.81793808740263       1.433534674005564E-014
  -7.24947023617532       2.174693167581077E-012
  -8.91410905542432       2.420387047875230E-068
  -8.86183958511172       1.881060967993081E-008
  -8.83294575084633       4.616110130533177E-065
  -8.80998995009007       8.194070124399145E-062
  -8.79943655922705       5.442164268653246E-007
  -8.75079207992401       2.979465005838522E-007
  -8.74269487892546       6.500868328775478E-062
  -8.73486371822874       1.774499890268227E-009
  -8.60976265750238       5.246551800604303E-010
  -8.20900022277226       4.227682979487894E-071
  -8.16281460974819       1.635367496155175E-014
  -8.05386660458421       7.629826605001088E-014
  -7.95780161781478       4.714969866155512E-012
  -7.95240477275154       3.051454590946946E-067
  -7.79851409228170       7.328286217131389E-011
  -7.22714481010621       2.492757850954876E-014
  -7.75005885410800       4.621215161574807E-041
  -7.71508363468719       4.971008997368882E-037
  -7.60566547831853       5.074666191063104E-038
  -7.59456287927377       2.858007196305835E-033
  -7.50566573794445       1.368592001917782E-036
  -7.48999105797730       7.919872674675603E-037
  -7.47588868815326       5.555192548893352E-038
  -7.43022323896239       1.089609442886250E-037
  -7.27584137736346       4.061034597161657E-041
  -6.96444404197140       1.475531596688226E-038
  -6.91466101416787       2.048525879667218E-039
  -6.78836139789827       2.497407487796315E-038
  -6.75698745499783       1.240174243296084E-034
  -6.67789313943148       2.404169028868860E-040
  -6.49092342472401       1.938070231263525E-041
  -5.94658550623579       9.425264363150429E-046
  -7.45004501803941       2.213301893188187E-065
  -7.40336500774232       6.669101852697767E-007
  -7.35563764082596       2.144877101365206E-064
  -7.33664798717219       9.919322848063777E-005
  -7.30463531937138       5.526939899284503E-062
  -7.28250301352603       1.048351688886492E-011
  -7.25650829958266       1.907012122929421E-062
  -7.18662264443753       2.167150968393963E-011
  -7.04644517349144       1.516257603718035E-007
  -6.73136053467763       8.030072402425862E-066
  -6.67184416120770       8.154041151584743E-008
  -6.56089191826270       9.115166226554349E-016
  -6.47671506985495       2.626316090627055E-066
  -6.46522234067820       8.676898152360481E-008
  -6.26885915182916       2.014309326125815E-014
  -5.73666239850073       3.507435044687479E-009
  -7.17263446358035       3.296569855513446E-069
  -7.14527834100377       1.332566503894722E-011
  -7.10403478384301       1.786749210576010E-061
  -7.09737162983451       7.219946586255123E-063
  -7.03637873145222       4.371457251816244E-010
  -7.01661738699128       1.238298810440477E-063
  -7.01290098712376       1.111779954177115E-008
  -6.95833945865140       6.797590050441300E-008
  -6.88880557839731       5.262791556022430E-015
  -6.47962577796810       6.266107810832963E-068
  -6.42746050792862       2.376096693245056E-011
  -6.31236750862935       8.998056699471104E-012
  -6.22444620072273       5.664345474044057E-067
  -6.18725668339878       7.266940875616824E-010
  -6.05875515825447       1.736702670314410E-009
  -5.46961230609629       4.862955408531785E-012
  -5.39777358693611       1.220425977770044E-070
  -5.37197999210343       9.702411098734318E-007
  -5.34404555414458       2.520235725814290E-065
  -5.28266179258415       8.541731923747277E-064
  -5.26148176264784       2.423368822922887E-004
  -5.24504637711561       2.944333822153009E-064
  -5.24292301516902       1.923607781768356E-012
  -5.19674543771538       4.406281454206244E-012
  -5.04607571112830       4.834318029291066E-006
  -4.67183270013993       5.511395477987645E-069
  -4.63358357049443       8.320046707145551E-009
  -4.51610618878292       2.663932695899752E-016
  -4.43055775318964       1.106054550684538E-067
  -4.41391365916978       1.826356414975719E-006
  -4.23035876258701       3.676883879875557E-013
  -3.65370308524290       1.311434716519898E-008
   4.52012261401725       2.151137442689447E-038
   4.55572067060686       5.767856214572663E-034
   4.57237004999773       3.753358552955067E-032
   4.67888990911619       1.590727443520556E-034
   4.68165576878473       1.095340181325883E-037
   4.74856864968681       4.568649496647058E-034
   4.75458595759352       3.695079021854482E-038
   4.81986812744139       4.334818430952750E-034
   5.01214876731726       2.382994830192633E-038
   5.26022486109368       4.396422882887364E-040
   5.31554645254117       8.033419847539934E-039
   5.46918490898425       6.618192664410228E-043
   5.49875873107747       2.037486500459989E-036
   5.54429346605847       8.814491505647113E-039
   5.78234059510166       3.397364522653136E-042
   6.31041409541058       4.420946939835668E-045
   4.53729021609657       2.710516016569445E-022
   4.57044955948831       1.242886377366737E-030
   4.64941822235419       1.683103234678407E-029
   4.69105525806957       2.316846138307210E-023
   4.71214136543784       1.262173124455881E-025
   4.76700840664147       3.834780244404093E-028
   4.78236537094752       8.490925897256582E-023
   4.82929333724888       2.114778147903658E-030
   4.94090307412331       4.964784417734552E-024
   5.27453789122988       2.667701103003005E-036
   5.34677899414035       2.834202980280070E-030
   5.46563806990143       7.852008583217590E-038
   5.51320438410417       1.087550200529445E-033
   5.59932069922868       3.989458755479615E-027
   5.75340049881826       1.174291910220751E-034
   6.32792485603559       8.572739007722462E-030
   4.50281699418494       7.364858337662919E-005
   4.55410736881471       1.518404215785146E-049
   4.62767119007015       2.174203502560691E-049
   4.67582734078045       2.084699225030195E-041
   4.75172175551144       3.243533417676413E-040
   4.75799096152260       6.529959121015413E-005
   4.78673516944363       7.785673976956134E-012
   4.83990729902422       2.213825728507598E-010
   5.00256167577154       3.048963472108649E-006
   5.26984641631886       8.165921745683866E-054
   5.34686979615714       3.110205065126067E-013
   5.48336951410638       1.223715249241443E-017
   5.50215397024837       6.936190411696356E-052
   5.59033038311778       4.750013315587597E-008
   5.78757706079079       5.131374056801452E-014
   6.33322355681296       1.701886370363405E-011
   4.67669519613956       9.133074514878270E-069
   4.73145106534120       3.239773133566270E-006
   4.75100070119681       6.043801624065290E-067
   4.80153253262944       6.054686910402601E-004
   4.80773130542687       9.773599287278356E-068
   4.85709964951263       1.794662658457567E-012
   4.86315663692615       6.795775292252442E-066
   4.87357554672163       1.332854694893828E-010
   5.03607818533535       5.331749238825890E-006
   5.39100901984159       4.268983738662232E-073
   5.42628494754156       2.672554807103697E-012
   5.56063715227272       6.917429899576853E-018
   5.65563634372880       4.520347589723349E-008
   5.66153208717703       1.602260328573231E-066
   5.84655578210524       1.688275559561816E-014
   6.41633549423046       1.382826641015784E-012
   4.71896336008819       2.058803152215397E-064
   4.77390122267710       6.949146204075062E-009
   4.79313907128276       5.295216722034572E-062
   4.84341202787154       2.972592187228426E-007
   4.84927962037614       8.731060687376891E-062
   4.89888031053344       1.356248911896403E-008
   4.90509243483838       1.151260897959577E-057
   4.91431115743262       4.458355480562665E-007
   5.07634087920097       6.162903317387337E-010
   5.43355544436420       8.635646510213016E-072
   5.46833167864233       1.941267744747222E-015
   5.60245010449599       8.305952183787925E-014
   5.69758187725832       1.262704597809259E-013
   5.70384415255632       1.255910230288766E-066
   5.88760354334125       9.455417084912489E-011
   6.45812172116847       1.171214789182526E-014
   7.09066518359180       3.514162874429641E-075
   7.11260892941546       2.838826942275571E-006
   7.15368877447077       2.871888795306313E-063
   7.20554624399815       8.630615919966928E-065
   7.24895399373794       1.813018832613408E-004
   7.25080519505990       4.155247725075699E-065
   7.26066231554273       8.108247042153506E-013
   7.31697224682497       3.798263006905536E-012
   7.46345075106773       3.743332534820848E-006
   7.80013232826933       1.152178270733927E-070
   7.85238007603150       7.813680534608083E-011
   7.97007501322798       3.631585902199221E-017
   8.05158501013804       1.141949445257620E-067
   8.09284642534925       5.202353331001261E-007
   8.26365898365683       1.909121465626997E-013
   8.82267261121564       1.689239387652523E-009
   8.83607301601217       8.887599973970734E-023
   8.89442671627866       1.276813295541090E-023
   8.97240716522682       5.689845658888926E-022
   9.02098758614956       5.268412396504861E-028
   9.09662110894430       6.912205803738742E-028
   9.12747832462701       2.280770691359801E-021
   9.14323908919413       1.783524315220379E-027
   9.21180489502212       6.690216643381643E-025
   9.37697064305872       1.576237377194655E-024
   9.61843939917217       9.705201367496758E-027
   9.71134911725090       9.111525294713483E-026
   9.84517701198647       1.125406245841809E-022
   9.85013646509360       6.234343444056095E-026
   9.95473255503884       3.289179635163859E-023
   10.1565569756643       1.923508556309331E-026
   10.6959668884772       4.615748663855089E-026
   8.90816900470362       7.753142820195059E-041
   8.96388995679889       1.214574864374812E-005
   8.98101173645918       4.022680112910281E-036
   9.02664048111200       5.329302079527879E-005
   9.08721625011491       3.442106176933129E-042
   9.09628268665282       1.572826350702372E-011
   9.14450793505261       1.069605934299949E-040
   9.16780896624120       2.198447932816563E-011
   9.37525531752750       1.243891198332724E-008
   9.65610418544800       1.507485332967812E-040
   9.67944988960420       4.819206476557431E-010
   9.84773793728516       4.884287593954722E-013
   9.89798195011370       3.761961183850948E-006
   9.91863282178566       5.549817157796126E-037
   10.1523488896281       6.461161611988696E-013
   10.6867047865515       1.372735968115640E-009
   8.96679236008518       7.085703223937442E-044
   8.99872135252021       1.226372386543397E-008
   9.04163334672855       1.237439853167660E-041
   9.05777690957502       4.949969841540900E-042
   9.10910623594727       1.144177757873817E-042
   9.11356590138987       2.026591606681410E-007
   9.14356567968265       6.106045151181342E-006
   9.17309043399432       4.311496286568010E-006
   9.27332291468445       2.708291055462234E-011
   9.66832155833837       1.460739934834690E-044
   9.72343544420728       4.889425247677570E-010
   9.82694595846766       1.323777656368211E-010
   9.93047979416760       8.059929651438683E-042
   9.96804228775034       1.178509229119685E-007
   10.1039117876165       2.311646697700886E-008
   10.7003812231978       8.604468706210572E-011
   28.2302006416533       1.621343750575183E-078
   28.2545520751945       2.310430621362168E-006
   28.3023911525643       2.068666206387677E-064
   28.3611136834226       1.100988902219683E-070
   28.4061253514667       7.682437466911187E-005
   28.4136772087692       4.407273653255061E-061
   28.4214216230439       2.237295486322729E-014
   28.4852901596679       1.223498484338064E-014
   28.6468931758183       2.785972146414221E-006
   28.9482002751981       1.215030801910122E-071
   29.0057277263984       1.578664611897350E-010
   29.1395683978532       1.950453978335850E-017
   29.2064900599507       6.568530843336538E-069
   29.2489779647306       1.332946537891823E-006
   29.4418414788183       3.412335256243333E-013
   29.9965819477122       7.429700541756752E-009
   40.3786665459769       4.479313346764355E-025
   40.4315769050489       2.988852695156013E-026
   40.5056809954871       2.965410419732429E-024
   40.5762852183140       6.910567799401457E-030
   40.6366615765076       3.649889865238983E-029
   40.6802873360677       1.137033507369599E-023
   40.6996944439462       6.715150675035667E-031
   40.7747407188107       3.052060138404040E-030
   40.9522623166901       8.064463344846871E-027
   41.1563771141143       1.333688960010872E-029
   41.2672256985811       1.216272762461717E-028
   41.4005657119360       5.655790955328869E-025
   41.4191327822736       6.139011358434316E-029
   41.5141651414478       1.613137801842671E-025
   41.7315682224835       9.550312041647093E-028
   42.2708937915736       4.249406082139272E-029
   40.4763764667849       9.420723904784383E-046
   40.5388834660171       1.757212179766861E-006
   40.5504592059833       2.566372371881326E-040
   40.6106628103210       9.477401725837795E-005
   40.6670649618143       2.644102366327350E-048
   40.6882747241018       1.576501120292047E-012
   40.7312637470784       2.372360477090940E-047
   40.7558688064771       5.850873626650431E-011
   40.9831276009110       8.253377498213626E-009
   41.2333244930895       6.712727784863469E-047
   41.2584886117471       5.101263167573343E-011
   41.4469638703199       2.017435210713630E-015
   41.4924570200920       3.463171293145513E-006
   41.5027209262036       1.668941616428171E-040
   41.7583201506279       5.671661447253171E-013
   42.2902390764817       1.904996576007064E-009
   40.5933486499547       6.949950503717464E-050
   40.6251804321999       4.119397231204441E-010
   40.6797147472614       3.910348232204175E-046
   40.6974636178869       1.073180012862970E-049
   40.7513826560781       8.576957401560235E-047
   40.7646933002187       3.069494348654637E-009
   40.7883383902231       5.102501864740982E-007
   40.8269701725607       7.498041640252260E-010
   40.9479387113992       3.909516425449211E-010
   41.3089606811857       9.605950666784044E-053
   41.3724833064050       1.384508066864346E-012
   41.4837991245416       1.279230127098163E-013
   41.5768663883632       1.514467580451151E-046
   41.6201420455939       3.336170009706402E-009
   41.7767220965225       3.366967075095310E-009
   42.3706868728295       5.952444395019054E-014
   40.8663997230657       3.146024801819748E-039
   40.8760462194356       2.678107476994746E-037
   40.9281680510960       1.350044686507854E-032
   41.0482438362241       1.558927688087581E-039
   41.0491049404701       5.870674969971958E-037
   41.1088435779899       3.660323646891816E-041
   41.1217178933458       2.548865799317787E-035
   41.1915362331208       1.554967901098172E-035
   41.4102234753965       2.809578321888886E-042
   41.6094284460185       1.310620892897155E-041
   41.6771125890994       1.603786266492361E-037
   41.8602210258981       5.957520405281084E-041
   41.8714413322018       3.483640262947683E-036
   41.9256243867920       5.592427051632099E-038
   42.1843753509594       1.723962026255043E-042
   42.7170128638000       8.869672395783375E-043
   40.8812965718518       2.358354481272380E-023
   40.9103248699747       2.424327361041549E-035
   40.9899095053368       8.112850259838762E-033
   41.0421018794677       4.022890512088742E-027
   41.0745427288744       2.609764129036303E-024
   41.1367363308854       1.292810108327185E-033
   41.1464021001958       5.179295043263109E-024
   41.2049444548756       4.294943354394562E-031
   41.3446597269646       5.556405887748011E-026
   41.6228046146515       1.443955781714254E-038
   41.7170021214459       1.206572534086655E-035
   41.8480588515840       1.619051924327701E-041
   41.8845526176789       4.430993955044122E-034
   41.9777464597689       5.506357463187473E-027
   42.1579329536585       2.734621313537736E-033
   42.7336047892225       6.452352701180580E-029
   40.8535166914073       2.551737514786128E-005
   40.8956081176273       2.673874353832793E-056
   40.9637610890931       2.405715598131937E-050
   41.0463221179192       2.258545108631093E-044
   41.1015596671493       2.065907491210448E-043
   41.1214020314038       2.986964099989046E-005
   41.1532904924308       1.071365068948150E-013
   41.2214912688326       6.663626901316835E-011
   41.4054501004912       1.180064298306493E-006
   41.6182037817501       1.362756586050684E-056
   41.7139313873333       3.515180695454640E-016
   41.8725675955895       6.030853281815295E-019
   41.8750297682210       1.174079525185292E-053
   41.9696746822754       3.147734511160785E-008
   42.1923828543991       2.317795468478820E-018
   42.7397464481780       3.886560885560213E-013
   41.0003867034009       6.958169120312023E-069
   41.0582401059571       4.465147504203355E-011
   41.0794965698337       2.330701757882609E-065
   41.1520679879718       3.608435646294014E-055
   41.1523853299966       2.189515867711010E-004
   41.1950666955177       7.385501100619557E-017
   41.2089367043599       1.120086816945511E-064
   41.2415167940238       4.218552111355301E-011
   41.4225803960384       2.549101510198837E-006
   41.7346383631369       7.014530520390885E-071
   41.7714407775670       1.327252639660128E-013
   41.9266690470523       4.810586892132062E-019
   42.0158407120588       4.151766570479389E-062
   42.0208406457037       6.186264890146899E-008
   42.2350172957664       8.172837377344010E-015
   42.8074785095373       6.452271564695766E-013
   41.0476420856327       1.003348734657610E-065
   41.1060719050979       7.611414248949037E-012
   41.1264763879281       5.677047733916398E-062
   41.1980078066238       5.306188761096581E-008
   41.2007721646300       3.298490569290254E-062
   41.2428896769471       2.539120014353421E-011
   41.2577064774150       6.478501317629242E-067
   41.2890671178655       3.399474050406031E-007
   41.4720739939329       1.521711555159805E-010
   41.7824717185571       4.418509955440239E-072
   41.8185341021145       1.154841275724969E-016
   41.9748825401819       8.057948704207504E-015
   42.0638137581952       5.094132276238843E-067
   42.0676472595990       1.838548004753878E-011
   42.2835696861657       5.494302079685441E-011
   42.8549657352178       2.653771548830164E-017
   63.6160986793214       1.005569132690663E-075
   63.6430312323373       1.241167898999243E-006
   63.6967011346610       1.309053575447278E-065
   63.7607352227335       1.901514140410087E-067
   63.8075635185337       2.750195094114016E-005
   63.8199412073349       9.597995779529778E-066
   63.8263362482831       9.817790454869350E-016
   63.8967504015584       5.482396371731892E-013
   64.0709609325247       1.575335414442655E-006
   64.3428302314906       1.101366487417036E-071
   64.4057630728273       6.983456751161179E-011
   64.5533612426964       6.554868069178808E-018
   64.6075207675986       8.205632733333183E-068
   64.6522675412698       1.494560762449454E-006
   64.8623197199775       3.330174188920550E-013
   65.4140551326948       8.817162786428646E-009
   120.123747447909       8.695856667832850E-027
   120.149837513850       4.770334442796938E-030
   120.234393093978       7.720733555712494E-029
   120.312942273655       1.296796058052710E-032
   120.375771890320       1.848495086401081E-030
   120.402815892635       1.058436678281368E-027
   120.426983968803       5.048659318882046E-035
   120.507946080325       8.413346247164526E-029
   120.699512772628       3.896913548235387E-028
   120.878654627166       1.001080678333494E-031
   120.987360658633       8.761826628271232E-032
   121.135036823552       5.446634776871633E-026
   121.154708246554       4.970504967045513E-032
   121.232110606075       1.059543426016668E-026
   121.469116992948       5.006430113200229E-030
   121.999576280478       1.082311430662306E-029
   120.254025893538       2.441872257949574E-069
   120.313711230008       1.322034973369433E-008
   120.339332530943       7.993155515593953E-065
   120.421479630046       4.606632257413067E-005
   120.448366465818       7.099603530317156E-064
   120.489255601197       2.516343893881825E-014
   120.518930662528       1.920837864925125E-064
   120.563419545920       3.774370776920622E-011
   120.791650609587       1.913336106510250E-008
   121.007312682109       1.028685871332081E-069
   121.047882022256       4.555751946812705E-011
   121.243386748631       7.880884660701382E-016
   121.278738271528       2.000469033297541E-062
   121.288720701199       1.769854366472281E-006
   121.557329250103       2.015159685481427E-013
   122.080903970915       4.826997905980415E-011
   120.429032033560       8.311644145232348E-056
   120.462084668076       2.253333335568586E-011
   120.523635321273       9.377231076061933E-049
   120.560369428350       8.929041917505179E-053
   120.623504414167       1.637921006443710E-052
   120.633394493412       6.194559706019322E-010
   120.642123869492       5.450571762724433E-008
   120.705876444585       2.163595575965104E-008
   120.859032631311       2.198170344372500E-010
   121.154040974796       7.190744966899810E-055
   121.224182095642       9.956028648594814E-015
   121.359877087175       7.540582571695426E-014
   121.424089297478       9.661204852636544E-051
   121.469467420951       7.916988897050002E-010
   121.664069512487       2.319393946946053E-009
   122.233432421014       4.385615095227293E-014
   123.271271261450       6.057018147432175E-055
   123.302222371572       4.808502678381107E-007
   123.359289804703       3.593421007728322E-049
   123.429130482661       3.999327111320614E-058
   123.474783049127       5.089160405821653E-006
   123.494037359569       2.991211365975411E-056
   123.497371812413       2.053225622841835E-017
   123.573180871785       1.330972213900635E-012
   123.759737231282       6.570639794203739E-007
   124.007637406654       1.268611154855064E-052
   124.073343265719       1.928422979355812E-011
   124.234205006170       1.134966700890591E-018
   124.277732986364       6.395389182309457E-046
   124.321481636004       1.344381397441795E-006
   124.548845542347       2.388276610667484E-013
   125.099253063032       8.326239654508750E-009
   140.363461696527       1.213611036163559E-041
   140.377977596022       6.766678464735267E-041
   140.444846612481       1.208542746486675E-033
   140.552505695835       1.646457968000872E-042
   140.571769344575       1.568949949498430E-038
   140.618604911058       3.397362702811847E-040
   140.629982711988       9.967438116788281E-037
   140.708415218246       5.415277296980342E-037
   140.930539341401       2.200760105879799E-041
   141.105699952871       1.005546912700437E-044
   141.180230814034       5.797329797688752E-040
   141.373270547564       5.136786200445967E-040
   141.378032581550       1.089268840906472E-037
   141.432931445189       5.518245082336292E-043
   141.698186550990       1.909766565975206E-043
   142.225859280251       8.372363238358572E-047
   140.391411098798       6.702334720149792E-026
   140.398115768451       4.032278082335877E-037
   140.488930733541       2.136736014059633E-032
   140.543335585738       1.114996576554821E-030
   140.600973698839       1.587692248503213E-025
   140.643515179517       1.361642944134128E-033
   140.643990581875       1.794183359442919E-028
   140.721830641255       5.092087671859241E-031
   140.887491329547       1.541583128691876E-026
   141.118744402226       2.972289742065262E-042
   141.216358759124       4.813794749434687E-036
   141.364381638255       1.243477556798203E-038
   141.390443060382       2.132533088339045E-035
   141.473365771172       7.761443265575681E-030
   141.682658065688       3.249727464736281E-035
   142.241337525307       5.685218776348584E-032
   140.371175904444       1.986643740451309E-006
   140.383777185962       8.662641604803669E-055
   140.468469789569       5.163165207282629E-051
   140.553036741117       4.453977642016826E-048
   140.615107024933       6.173583323252204E-045
   140.624385684158       2.770796931131130E-006
   140.655037912696       2.806374232274819E-016
   140.734802197165       3.808844611608727E-012
   140.931973280114       1.008629107083567E-007
   141.113517894346       2.964621303892318E-063
   141.211545541021       4.891559065853920E-015
   141.382574921819       5.800073874753867E-055
   141.384701419857       3.195948261689723E-020
   141.466699081942       2.852738339348037E-009
   141.707805727754       1.416733137451348E-015
   142.245136696206       3.869982187048902E-013
   140.470588611545       2.138578458008760E-072
   140.526193305225       4.330889400772570E-009
   140.562273588101       8.068045214510582E-067
   140.635413851857       2.335635727930930E-065
   140.655753422134       1.952787672785701E-005
   140.686208038527       5.702445733809044E-019
   140.702212232496       2.159307442320780E-063
   140.756717449608       1.844951679037139E-012
   140.948841100311       2.625137826455041E-007
   141.210528373481       8.320075974384198E-076
   141.258461463723       1.235514283442027E-016
   141.426320104013       1.631441753799379E-021
   141.492106092411       6.392335026272829E-071
   141.511844422921       3.413483343685311E-009
   141.743993514216       1.375632197702249E-015
   142.301006372876       1.720296290817024E-013
   140.512055477965       4.219804359718483E-068
   140.569072639861       2.256013415566524E-011
   140.603373858930       8.274319623068886E-063
   140.679659437886       1.967431403351921E-063
   140.695022605857       2.958837625748055E-009
   140.728787987280       1.438684861287347E-013
   140.746742429797       9.114650482441876E-064
   140.799241538177       3.865221352839180E-008
   140.994676492991       2.279265383166106E-012
   141.253438971993       1.282349243659585E-073
   141.299780860325       1.757946285745202E-018
   141.470302560530       9.116169520222472E-018
   141.535078486484       4.012568704795414E-067
   141.552909454368       1.472461961276449E-013
   141.788296233482       6.428167985335420E-012
   142.343581871085       6.643075024849857E-016
   223.969907583183       1.422353793322708E-074
   224.000647881322       1.364571284171930E-007
   224.063481321335       3.120466028007632E-068
   224.133406197218       8.198712608009058E-067
   224.184965842595       1.359757861515856E-006
   224.202823844160       9.349583470546950E-064
   224.207501585942       2.628788877535494E-018
   224.288015224570       3.864935610816777E-013
   224.478885376097       2.034659724166802E-007
   224.702572020470       6.687719232569918E-071
   224.774113959666       6.552627677250447E-012
   224.940658961460       4.255035434953122E-019
   224.977401214894       9.666471178688002E-066
   225.026723539505       4.452055427161641E-007
   225.259544658373       9.140093030724209E-014
   225.801655665097       3.893534068218349E-009
   345.183137689979       2.567634269871929E-039
   345.191494843947       1.968368781985585E-038
   345.280652178963       5.105333272296412E-035
   345.360189497212       4.724958293713225E-040
   345.429307570405       1.634199370719704E-035
   345.431553287345       2.684922186271648E-037
   345.455684584742       1.641018317381326E-037
   345.540838789456       5.848760728530415E-037
   345.742899864044       8.073399150454452E-040
   345.888427016303       1.963934312756897E-038
   345.981087060824       2.494809125050889E-036
   346.153103517806       1.857459425851024E-035
   346.161626731097       8.170072672951590E-036
   346.218865313557       6.367629799036158E-036
   346.476988008976       1.356731207743785E-041
   346.975429684746       3.318149895545020E-041
   345.269842456606       1.948354601967576E-068
   345.325376718057       8.330762113480247E-009
   345.367809136197       6.096050208107256E-062
   345.466188201822       4.328834392975658E-057
   345.468781828676       4.192105683179289E-006
   345.518567027693       3.972780261451572E-017
   345.541340662883       4.104630813323502E-064
   345.600765020284       4.324519103154076E-012
   345.824638018056       2.865491783275966E-010
   345.992166715480       3.785436764810504E-065
   346.042998330845       3.800440120943375E-010
   346.241948581147       3.324209326256298E-016
   346.262651549175       1.540651443766058E-058
   346.279933372105       2.837049976314561E-007
   346.557274007321       4.675338736774292E-014
   347.052713753039       3.480312456044456E-010
   345.394685873140       8.667144034328694E-071
   345.432909135988       2.068273828605077E-012
   345.496447238525       8.200511841700347E-062
   345.553420250700       2.659742238632574E-059
   345.618109755704       3.382613694342497E-009
   345.625387822052       1.470084313993360E-012
   345.625609173245       1.499593662602367E-058
   345.707200226245       3.991603929776493E-009
   345.889308932569       1.988014482908311E-011
   346.098726498053       2.617836510570858E-070
   346.168344729511       9.895846699747338E-014
   346.330667838639       4.455615781741735E-013
   346.368558995709       5.909213456443182E-062
   346.406388812889       8.091139940620494E-011
   346.642334509646       3.621266189831281E-010
   347.161388496219       2.228499963821799E-014
   401.023443577860       2.120341340068485E-074
   401.057114227936       3.081941686822484E-008
   401.122001900525       1.325075448678695E-066
   401.194553994104       2.730515549699311E-068
   401.245874996468       2.068042306786165E-007
   401.267407103870       1.504429090911348E-066
   401.269455995416       8.310212544013517E-020
   401.353492152695       1.457402302811144E-013
   401.550572376716       5.063968629622479E-008
   401.748544206359       1.257488562302270E-070
   401.820962892746       1.196319824778642E-012
   401.995196926726       7.373525310821498E-020
   402.026477754424       1.328205282705428E-064
   402.074036956020       1.478374489777348E-007
   402.317577133883       3.148217711583142E-014
   402.847447114611       2.523015948999118E-009
   419.881159990947       2.166444659370294E-043
   419.912923528825       4.120242199577726E-038
   419.979299230147       6.446827527959460E-035
   420.073302640028       1.128081205572498E-042
   420.105271268383       1.259081731691068E-035
   420.146800677891       7.007275135717311E-042
   420.147774843030       1.109186257277253E-038
   420.232780534727       2.022233727391785E-038
   420.450786989665       3.545974601645652E-039
   420.595251330262       3.946153200150129E-042
   420.667376500277       6.186329936807083E-037
   420.862694494301       7.859969927043502E-039
   420.869399646724       6.825630561368918E-038
   420.913342758135       1.604574356395470E-037
   421.185103812737       2.832965503764266E-045
   421.683523601810       4.559289169455391E-042
   419.906258607349       1.466956172572890E-042
   419.925038410968       8.555177400887099E-028
   420.007298110653       2.674627972995669E-034
   420.071487599349       1.169543927606799E-037
   420.142747046307       2.491033039033800E-026
   420.148557275217       4.221105836668750E-026
   420.159899856262       2.526725856858100E-037
   420.244896939387       1.042136156851321E-032
   420.432882370692       3.161752862258790E-028
   420.607295769266       1.631901333959343E-040
   420.693162181004       1.194114056569950E-036
   420.861779017445       3.618233284331243E-039
   420.880961152756       1.378891598927699E-037
   420.939532770318       3.306549057098462E-031
   421.181886975305       8.366260162947575E-037
   421.697089421847       4.556319598211924E-033
   419.895913168107       2.081349843150218E-060
   419.913292953658       3.477387592830876E-008
   419.994809994786       6.577906191789840E-053
   420.076764178726       1.473531932172479E-052
   420.135886086528       5.562303824084962E-008
   420.148873821232       6.083390396022406E-046
   420.164935352458       3.096504867934412E-019
   420.250574288519       6.213631504463374E-014
   420.455892689584       1.808408868397510E-009
   420.602685654122       3.606775228394899E-060
   420.688254828467       3.709172140692597E-014
   420.872443940878       9.430681505144093E-021
   420.875526682657       1.717934311357866E-057
   420.934402565573       1.076881673942052E-010
   421.194263200952       4.675525814410027E-017
   421.697598302233       3.736726920778640E-015
   419.963011456383       5.917095695130820E-073
   420.014438700316       4.389995018737018E-011
   420.064385820620       7.140094430743530E-066
   420.139677193180       5.856809961547020E-063
   420.172809521496       3.847060615389651E-007
   420.198411911793       2.818507565255076E-019
   420.213647930380       7.884182008719733E-066
   420.281116563232       2.159978517879816E-014
   420.482348175222       6.105268945723987E-009
   420.675330897168       8.923992586275955E-073
   420.731812127551       1.588575870693182E-014
   420.911644187797       1.390916200865571E-020
   420.952653057462       1.963070207309801E-063
   420.978014601311       1.355432681393526E-010
   421.231570312119       6.592246353438530E-017
   421.746041751800       5.565579474144915E-014
   419.995514101672       3.514070831152381E-071
   420.048209802230       8.439538066319571E-013
   420.096671903587       3.791514765698302E-065
   420.174490673777       4.288518308285010E-067
   420.203630550895       3.259317851970547E-011
   420.231831989571       7.145347913858651E-018
   420.248630909784       1.630333767506575E-067
   420.314510833641       8.592968167264978E-010
   420.518291392937       9.724152059086903E-016
   420.709005921829       5.755332068304519E-072
   420.764124115850       1.694435712095848E-018
   420.946224650170       5.074907664736436E-017
   420.986392579633       4.407722990464360E-067
   421.010293504991       1.889471427088028E-014
   421.266323935583       2.565042515680019E-013
   421.779430265487       1.171551250957829E-016
   718.993611336898       1.379537514522739E-076
   719.032264754980       5.556039896537795E-009
   719.096835207928       2.469416077090142E-072
   719.173021878132       4.725797563499668E-068
   719.220349668695       2.778145712027672E-008
   719.244857086371       2.861350828219227E-020
   719.248367105982       2.822040231438559E-065
   719.331469053562       3.405242813718113E-014
   719.534555675307       1.057014718881629E-008
   719.695732895675       1.669801342786294E-072
   719.765235878482       4.679355828901299E-013
   719.947900957574       2.424061165237525E-020
   719.973172542983       3.788761853673135E-068
   720.012827631871       3.991393209896835E-008
   720.271027198647       9.596573810113679E-015
   720.773379111517       1.674333486353761E-009
   1882.79783032586       1.971516083557352E-074
   1882.84481462186       4.730642747328776E-010
   1882.90671903555       7.831956579714859E-066
   1882.98884455386       2.188237265139929E-064
   1883.02719570977       6.771659578998203E-010
   1883.05217691738       6.793132806409955E-022
   1883.06587315543       1.913350960614530E-069
   1883.14133413357       6.782172225101608E-015
   1883.35118487509       1.266451102508545E-009
   1883.45733023331       1.182219755149042E-069
   1883.51857396733       6.566142822013935E-014
   1883.71307288250       4.203173710578980E-021
   1883.73255055979       4.625534291468238E-060
   1883.75597121982       7.031924389968565E-009
   1884.03652201438       2.016797214530173E-015
   1884.49362717415       6.221740920769510E-010
