                  1248
  -19.2204800419660       5.608640009708886E-038
  -19.1797202420199       1.134171353982172E-037
  -19.1733516838823       5.138353208737060E-039
  -19.1596404300198       1.958090475003548E-040
  -19.1250923850144       3.444084589268497E-037
  -19.1247790150687       1.710705349412353E-039
  -19.0991816130232       2.424217403562170E-037
  -19.0763075783312       2.746095359599112E-040
  -18.9916065200708       3.318742524844873E-040
  -18.5348511133129       1.867600893079161E-039
  -18.4880709844040       5.201876162047993E-039
  -18.4408806825875       2.202748213533684E-042
  -18.2735225401225       8.126129215558596E-042
  -18.2355126752857       1.973514508198925E-042
  -18.1574468550553       7.492054768525764E-044
  -17.5608699788318       3.483598117982188E-043
  -19.1721371143691       6.296468192616873E-035
  -19.1154623287417       2.106509413655073E-043
  -19.1004612423501       9.217378152503956E-039
  -19.0988550924562       4.686507036861788E-034
  -19.0502846799945       1.853310430049557E-034
  -19.0365891713456       1.117431038469316E-041
  -19.0043229144261       2.699625993572888E-038
  -18.9688305647431       1.509728439514059E-037
  -18.9032726119723       6.007364137027589E-045
  -18.4938019297520       2.399890599689309E-038
  -18.4555692283561       2.873723548941345E-045
  -18.3442616037593       2.088750989970804E-038
  -18.2132248713484       4.759082824281788E-040
  -18.1814650622998       8.999869389340651E-047
  -18.0770340978795       6.732970412867770E-042
  -17.4999868372231       2.866898099583238E-045
  -18.8555513860661       1.502586260098663E-035
  -18.8132249457238       1.633796708737533E-035
  -18.8072482909849       7.840615985580732E-039
  -18.7789510457869       3.275775333910643E-035
  -18.7452582326586       1.764635122932525E-035
  -18.7252026890323       1.761024514034249E-035
  -18.7005268785750       3.833665282608804E-036
  -18.6757900391378       1.268599932302927E-037
  -18.6259165061730       4.276346652737249E-040
  -18.1895773555467       2.173496762652249E-039
  -18.1283599304971       1.588737577864349E-039
  -18.0481292046731       1.033800288871469E-038
  -17.9153877579095       1.521962611637305E-040
  -17.8839198892139       4.476923310458457E-043
  -17.7995957836163       3.331304388524859E-043
  -17.2179408931569       2.752544638626867E-045
  -18.8206882877383       2.484893551728532E-035
  -18.7986924140369       5.312845825582544E-036
  -18.7874089112179       8.585664850011713E-036
  -18.7676460737091       4.293651975949467E-035
  -18.7367311367732       2.651517727285741E-036
  -18.7282177667080       1.176034409938224E-034
  -18.7050855923128       4.091829879175173E-037
  -18.6992578278287       4.288230332283353E-036
  -18.6300078610627       1.133256578271002E-038
  -18.1538088722036       4.319989711166690E-036
  -18.0935053682417       6.276746668015101E-036
  -18.0507843930729       3.039566096150154E-039
  -17.9053212013179       7.604605341985801E-038
  -17.8627359422346       2.654111404003153E-042
  -17.8024194392042       2.276045361004746E-042
  -17.2075878159833       8.088996798000251E-042
  -18.7658889505136       1.939786999997222E-038
  -18.7228889369043       5.110940082322907E-039
  -18.6726670163439       2.617724575105399E-039
  -18.6555994768880       2.661533431551181E-033
  -18.6535292391988       3.663472538506674E-033
  -18.6432518490097       1.080495051118311E-034
  -18.6267624014547       1.670510051523979E-036
  -18.5355591728710       6.774091647177862E-039
  -18.4615880722457       5.204735236529025E-040
  -18.0476106363949       6.809781233288031E-038
  -17.9788304644043       1.316425253482592E-037
  -17.9257637161351       2.664313786909784E-041
  -17.7899578727329       3.329604042137931E-039
  -17.7803145241796       5.751809096319276E-039
  -17.6253910073504       1.964087486366843E-044
  -17.0258973142292       2.620394909710227E-041
  -18.8337033025960       3.506984837236641E-005
  -18.7747765636903       2.441807546620257E-078
  -18.7643160797832       1.405297799052957E-013
  -18.7194920582938       2.033008352278581E-065
  -18.6940285113301       1.213844897347119E-075
  -18.6553748262708       7.657737651545028E-069
  -18.6494736273466       5.418947039539285E-005
  -18.5722018561779       4.228390585210122E-013
  -18.5403381913467       1.950744289938490E-082
  -18.1092117722031       8.374021760366393E-070
  -18.0617987305046       1.013600914394730E-007
  -18.0251257918018       6.377981765160962E-068
  -17.8506093633977       3.732454280300717E-074
  -17.8377499163097       4.787694628273061E-010
  -17.7237626219505       2.735908982877517E-078
  -17.1467762195703       1.210763550537682E-076
  -18.6038092790644       1.481927260820656E-036
  -18.5471251449032       2.423358032521384E-043
  -18.5280254936165       5.418938291016480E-036
  -18.5155336925901       7.143532721530327E-038
  -18.4767248321835       1.233759801570265E-037
  -18.4586097598830       3.384047628423104E-043
  -18.4095613288600       8.203604418572094E-037
  -18.3749880966945       2.061608554804586E-036
  -18.3073699086032       3.853440399577438E-044
  -17.9033247893638       7.860921340277497E-039
  -17.8738047402872       4.159941710739870E-043
  -17.7345254374190       7.353978733597981E-039
  -17.6361482893792       1.765865845174706E-043
  -17.6168815888916       4.517189284247914E-045
  -17.4788335437349       8.453968704578776E-045
  -16.9013999223998       7.741180165781729E-046
  -18.5288929634640       1.585710386449934E-039
  -18.5014190438926       1.160984466364791E-040
  -18.4814100208581       3.990081391290046E-039
  -18.4707735438826       5.167467079770171E-044
  -18.4334090438828       1.118286945671836E-042
  -18.4197878684680       2.731764809636689E-040
  -18.4158254300117       1.591656385435274E-040
  -18.3839680152370       5.340907885807337E-040
  -18.2972089502958       5.766479015428822E-041
  -17.8579473981335       7.602437361787912E-041
  -17.8094968390743       1.127077656786937E-040
  -17.7462480353688       7.687266987632967E-042
  -17.6018973149930       2.578880271059578E-043
  -17.5558593203518       8.527044902229408E-046
  -17.4800261625461       4.111228937887281E-045
  -16.8998294163909       2.079696771091580E-043
  -18.3161392581663       9.353095435697229E-009
  -18.2811261504535       4.880891610565455E-077
  -18.2535278261187       2.196818732850314E-006
  -18.2446208741296       1.723595272269444E-006
  -18.2404963576921       1.065444182698640E-059
  -18.2130670671753       4.327785195174211E-009
  -18.2071435892245       5.689756929537271E-065
  -18.1591386510588       1.004667760594192E-063
  -18.1118855376106       3.983919654139670E-071
  -17.6351231157701       7.115738271807856E-011
  -17.6304128608514       9.196211509382550E-067
  -17.5454766001953       4.499924823680269E-072
  -17.3960409740480       8.705951777829969E-013
  -17.3531683454022       5.205479318075604E-074
  -17.2910827253906       9.210210339918958E-074
  -16.7067127989531       4.974661290244698E-073
  -18.2515103731079       5.130988694276458E-038
  -18.2308492102039       2.292761589125059E-037
  -18.2029927092755       3.196570504003643E-038
  -18.1984657558890       6.641366779782547E-038
  -18.1713412663946       6.049403257606762E-039
  -18.1599327271931       1.349732770049001E-035
  -18.1521087389902       1.350740249443041E-035
  -18.1112650723274       7.679730311891781E-038
  -18.0344482450317       2.032612112510747E-045
  -17.5883391945229       7.378096753491073E-040
  -17.5336366872566       4.062558626473156E-039
  -17.4967783862203       7.269312458409011E-043
  -17.3360783772621       2.103465506061673E-041
  -17.3043212305616       3.118494034428275E-044
  -17.2124542829239       7.461602478546687E-046
  -16.6274467847642       2.074110375020597E-045
  -18.1481837181502       2.346496165044982E-070
  -18.1369111914219       7.304240351810604E-006
  -18.1298531071127       1.489012756003521E-005
  -18.1166827051437       9.753978220163324E-009
  -18.0782865335554       4.168086013340568E-063
  -18.0729811677429       1.512355609195636E-012
  -18.0661981808725       1.512994472612156E-067
  -18.0279254787750       3.507066610537245E-066
  -17.9478990647857       5.603752724551984E-077
  -17.4873028336309       3.622540663359640E-010
  -17.4542411747096       1.900144830518212E-068
  -17.4174890870159       6.644035603086508E-071
  -17.2536164648398       2.241474408422685E-010
  -17.2183191392644       1.475763243284768E-077
  -17.1289264223825       2.334160481712963E-075
  -16.5476567574947       6.967627766983308E-078
  -17.7298272254730       3.052850008176825E-037
  -17.6872706122901       2.519914574325642E-037
  -17.6576500622449       6.144821243820599E-040
  -17.6533455519804       1.499404118454848E-033
  -17.6512162937479       1.434089985237703E-033
  -17.6225049931694       2.313729571611312E-039
  -17.6137101829253       9.080715086568560E-042
  -17.5972400411413       1.354027517556724E-038
  -17.5234123480462       2.339419360219561E-046
  -17.0704307246980       7.967698562827895E-042
  -17.0433335999998       1.483514764620430E-045
  -16.9933350594046       2.034407600065756E-042
  -16.7750742502571       1.520318834259742E-041
  -16.7517352772135       4.015303937992591E-047
  -16.6940077900649       8.337257949606036E-045
  -16.0955997582366       9.146815540188346E-048
  -17.6651541191005       1.261328539204319E-036
  -17.6425114207867       4.777670304420031E-036
  -17.5941189127563       1.606814688069761E-035
  -17.5895317254618       1.643057308704263E-038
  -17.5696472908792       1.836662119325073E-035
  -17.5492948839485       3.398853907545641E-034
  -17.5480377854403       4.262211054175879E-034
  -17.5199246498751       5.234544927448771E-037
  -17.4351275855945       2.288140607669557E-039
  -16.9617804149915       3.260148854803507E-035
  -16.9594834822019       3.382414685979609E-035
  -16.8839651758689       3.207326996818336E-043
  -16.7424517065032       7.842941246542029E-040
  -16.7037189807843       2.669699592207463E-046
  -16.6155797435977       6.256732978640688E-045
  -16.0324093266945       4.037715109143028E-046
  -17.5429218068645       1.056184353531122E-038
  -17.4977957298093       2.821043475229315E-037
  -17.4969077471649       3.909558901345044E-036
  -17.4714089905985       6.049852748201018E-036
  -17.4320322641447       4.239977915581112E-038
  -17.4191508315923       6.326459183395011E-034
  -17.4157820421088       7.946991152074910E-034
  -17.3977515731768       7.450478440039533E-036
  -17.3232021021785       2.062837110867330E-044
  -16.8761254480770       6.656748871786269E-041
  -16.8169821981741       8.697118784788288E-042
  -16.7540390306879       7.015247689563817E-040
  -16.6071016331868       1.040409546940987E-040
  -16.5779435710642       2.146845514154018E-046
  -16.4985820620173       7.571192255289850E-042
  -15.9118801417705       5.202346737893127E-047
  -17.3731842426674       1.404908055327319E-064
  -17.3708633024079       2.736029704780933E-005
  -17.3501305037541       3.504549098423137E-005
  -17.3354238180042       9.391920640478026E-009
  -17.2970362800725       5.344825500646650E-061
  -17.2814670194286       3.065008934496631E-065
  -17.2744971056018       4.629610656024064E-010
  -17.2338692836854       4.488905316935944E-065
  -17.1361100083244       1.925070673438041E-072
  -16.7055828675547       4.181452419216198E-010
  -16.6775287143787       1.554028492662959E-070
  -16.6242759842172       6.653113622271312E-069
  -16.4669876303134       7.463332105569478E-013
  -16.4332078026659       6.934878383196980E-076
  -16.3209719552083       6.067414033857052E-074
  -15.7454720092847       6.674964833833448E-077
  -17.4049551054330       5.201561765567015E-007
  -17.3799800437213       4.325759065051891E-069
  -17.3391539685431       5.720547458218559E-006
  -17.3102893305533       6.668369854525444E-007
  -17.2997087744844       7.947196838186473E-059
  -17.2908407519747       5.353054662608602E-007
  -17.2755589677039       7.056786791374862E-067
  -17.2451612681416       3.744821043015448E-067
  -17.1479121214296       4.434933888129104E-072
  -16.7012219257732       1.930894430007249E-012
  -16.6946132113751       1.352069352568920E-068
  -16.6012969512774       9.855070591588359E-071
  -16.4694741498847       2.073490080899694E-012
  -16.4394527893015       2.454649397185701E-073
  -16.3236374787657       3.122117663538046E-074
  -15.7364758391926       4.965330965449174E-076
  -17.1290687252582       1.459305977438751E-042
  -17.0769768427621       2.471992542648250E-040
  -17.0508978990798       2.817303909637921E-037
  -17.0505406143891       2.883310521622878E-037
  -17.0179912945776       2.635834906071711E-038
  -17.0086981742751       4.484926868515468E-038
  -17.0003046110175       1.005021808065762E-039
  -16.9693070469692       5.391739686459016E-040
  -16.8676153915916       2.278731443894327E-042
  -16.4401453487678       5.077486868061792E-041
  -16.3929869098711       2.714957553226705E-041
  -16.3259925495312       2.112605811931127E-042
  -16.1742214787136       9.880968340588701E-042
  -16.1696396381668       6.161864383547441E-042
  -16.0446953125458       1.297417296209985E-047
  -15.4600339121293       1.686282352629446E-044
  -16.8539469935266       1.536493014048359E-038
  -16.8351034789392       1.106636321036008E-038
  -16.8092304576392       1.239458774312050E-036
  -16.8055282879194       6.237570381808005E-037
  -16.7723891490446       2.136065610356045E-037
  -16.7469374694314       1.080170718999454E-035
  -16.7425397033682       1.036296754507054E-035
  -16.7217839030192       6.299332263835750E-040
  -16.6391992108764       3.458986342590572E-039
  -16.1856352417382       1.913129263885790E-038
  -16.1306157886605       2.506360756358993E-038
  -16.0797134428391       1.227402373601641E-041
  -15.9364067868779       1.547244113918934E-040
  -15.8911629703572       1.098126921545659E-045
  -15.8164434273719       3.959026280607849E-044
  -15.2297715664509       5.665622546455953E-042
  -16.7168854274825       1.207657342850145E-034
  -16.6621080698727       5.525737606027119E-040
  -16.6488085462417       2.501293856138068E-034
  -16.6265883208092       3.847619783318219E-039
  -16.5955882157410       9.221236624708492E-039
  -16.5809570091149       9.505005056617711E-035
  -16.5405337321468       5.882444751252446E-037
  -16.5337220397499       2.089341334781555E-034
  -16.4312830589414       2.787960157316259E-042
  -16.0119777915753       2.911277815003607E-037
  -15.9824724089593       5.730019216387015E-041
  -15.8587811547330       6.307101578486711E-039
  -15.7560345968347       1.017183566725718E-044
  -15.7499206381506       1.251344058244339E-040
  -15.6018973939602       2.796976770418013E-041
  -15.0157083447020       3.191583816480547E-044
  -16.6052305994741       3.719403061148762E-039
  -16.5749947816036       1.208998361715452E-037
  -16.5423933959548       7.224983459950525E-037
  -16.5021661027531       5.315141954877665E-036
  -16.4996074126114       1.838219661767175E-035
  -16.4879465337077       7.547145236578374E-037
  -16.4697541199411       3.590951578469487E-037
  -16.4183260504408       2.468603439833198E-039
  -16.2991660398747       1.338909418025082E-042
  -15.8668517117748       3.116600022178648E-038
  -15.8242399868121       8.619243094240248E-039
  -15.7402142287886       3.303013450649316E-041
  -15.6437162334404       1.410777465766010E-041
  -15.6295028265640       3.611760270929836E-040
  -15.4570531389637       1.342676535713014E-043
  -14.8507560992040       1.472383748267877E-041
  -15.9407480078145       2.275206728212835E-005
  -15.9184719389924       1.825361863634465E-079
  -15.8506202183747       2.178621841973916E-013
  -15.7584123153077       1.043381832042642E-068
  -15.7513083477460       4.986989129033106E-061
  -15.7338795726657       1.202935627087273E-004
  -15.6977134484976       1.022993184449572E-067
  -15.6316796419621       2.908816330277069E-012
  -15.5608735494519       2.077814510170829E-078
  -15.1608596490123       2.840134063655827E-067
  -15.1541921291290       1.213405894378936E-006
  -15.0535468712939       6.511561631461179E-067
  -14.9374345336921       2.334815490644152E-007
  -14.9249740529770       3.115067409843440E-073
  -14.7643796797717       2.454041986700620E-072
  -14.2091985596123       3.461364245479970E-077
  -15.1690094065571       4.513937811023300E-035
  -15.1601196380023       3.641678411939522E-035
  -15.0961150378548       5.707631996052740E-035
  -15.0906749483817       7.751692932714723E-035
  -15.0716413580809       4.492694684380459E-036
  -15.0584746990758       1.076848886294503E-036
  -15.0474013204175       4.052689382018895E-040
  -14.9518425606309       2.244241453864754E-036
  -14.8788881763973       1.949461010009680E-040
  -14.4853949136647       1.331998620551789E-037
  -14.4149821662819       2.299593107577130E-038
  -14.3711930515959       6.785867760517857E-041
  -14.2543585194922       3.920486858727385E-039
  -14.2081389510663       1.391638872148425E-040
  -14.0854247942224       5.778238342977719E-042
  -13.5370235583794       1.465112894749338E-042
  -14.9979577905007       4.632177599201845E-036
  -14.9722081457813       8.457867240465022E-039
  -14.9464290849474       4.136645982221226E-035
  -14.9387782743392       1.140233377516613E-035
  -14.8836226827156       1.040972288029612E-035
  -14.8678007164602       7.563775686773486E-034
  -14.8466829315129       6.877486324240908E-034
  -14.8106788593154       1.003036985367294E-035
  -14.7535598685943       4.548037529343928E-043
  -14.3217446011486       1.270566495574769E-039
  -14.2602438281091       6.204361047162739E-040
  -14.1638110653893       2.512634439622381E-040
  -14.0727292902612       1.385946778775963E-042
  -14.0408450385975       6.355934380429336E-046
  -13.9345119174779       6.729405599270939E-043
  -13.3591661963661       3.215896497353624E-045
  -14.9254417615221       1.313919036599844E-072
  -14.8967042099457       2.412015420000970E-005
  -14.8541516524882       2.804085420532597E-005
  -14.8414701073241       1.574740373136912E-010
  -14.8127069384197       2.840903036235315E-067
  -14.7916690318641       3.461449175432428E-062
  -14.7329030128976       1.647620452492032E-012
  -14.6931706998939       3.169648613894389E-064
  -14.5822878295882       7.161977681525077E-074
  -14.1824443261969       6.508401732956702E-009
  -14.1482353073799       1.378645342206408E-068
  -14.0765378305031       1.461244221068462E-067
  -13.9962359225735       2.076940456284211E-010
  -13.9669365537607       9.049874898511892E-074
  -13.7890252037258       6.156501806672006E-072
  -13.2431357816975       1.760070750007201E-074
  -14.8997388980848       3.996318036808295E-008
  -14.8939284429955       2.561697215472318E-071
  -14.7975219491571       4.677859871349870E-006
  -14.7900915625518       4.143247076385478E-006
  -14.7576239128660       6.790962192021158E-063
  -14.7394091720015       3.650592703806763E-068
  -14.7322566094742       2.218109160485642E-009
  -14.6783811134508       1.232863102552862E-065
  -14.6029519516672       1.888441845811586E-073
  -14.1558296018921       3.706729837918384E-012
  -14.1508635300551       4.475857148475661E-065
  -14.0247467670930       2.628309112721113E-067
  -13.9686622980080       3.008462576420787E-013
  -13.9146488811515       8.851783917705376E-072
  -13.7901249074053       4.264223370957674E-073
  -13.2150422504991       9.255816879213494E-075
  -14.8475332290006       4.446796979335525E-038
  -14.8396368416951       1.452208998006687E-037
  -14.7572235232201       7.122897184864797E-036
  -14.7478296703919       7.585982394940673E-036
  -14.7006402382111       1.273735597644931E-039
  -14.6828698140843       6.560661461912111E-038
  -14.6759626461032       3.588488835824628E-038
  -14.6528956194114       3.715010531827136E-038
  -14.5356957024607       4.402584369778779E-040
  -14.1079521918329       1.727058097819358E-036
  -14.0930372480114       2.013032289367652E-036
  -13.9865296833803       3.968415799441025E-039
  -13.9180821954768       2.618923462368377E-039
  -13.8720277729762       9.434038959394444E-043
  -13.7306287275253       7.021716140825149E-044
  -13.1638243402778       2.717423033922787E-045
  -14.7115111547425       8.659112330014338E-038
  -14.6599403935288       2.188621136214414E-037
  -14.6092739145930       3.955139764761056E-035
  -14.6000912520993       1.444195673030101E-037
  -14.5966193134417       8.917112397800546E-035
  -14.5587893852652       1.092809379547324E-035
  -14.5449762953764       1.513835880632900E-039
  -14.5016530092106       3.342924415687304E-037
  -14.4017644644199       2.492656513736650E-039
  -13.9945310955571       1.674870856651807E-038
  -13.9320861963685       1.415302551991934E-037
  -13.8418820888144       7.510719857311095E-043
  -13.7526470144863       2.676774791613952E-040
  -13.7484771625397       1.637323765456629E-041
  -13.5930737940515       2.690917181830924E-046
  -13.0232449714071       1.714646192259486E-043
  -14.3129323354602       2.589651266029656E-037
  -14.2752750352980       3.290639546682498E-045
  -14.2541098455019       3.102571036510834E-037
  -14.2253322753134       1.157842396879453E-041
  -14.1907481633166       1.153502094850055E-042
  -14.1709559288594       1.773914469496856E-035
  -14.1531729864033       1.582905712320374E-034
  -14.1310537872689       6.949933941551995E-035
  -14.0278079522428       2.879786018580584E-045
  -13.6148050423763       2.353074488488887E-039
  -13.5750673188988       1.993297206092569E-041
  -13.4570351525799       2.575091148231751E-039
  -13.3638993732348       2.958976274923229E-044
  -13.3565294105017       2.087461927265707E-046
  -13.2060436022231       2.934328329117208E-042
  -12.6246411500788       2.729828530451393E-047
  -12.6203677530468       1.305278207197947E-039
  -12.6009768604272       5.479249279137871E-039
  -12.5762858485236       5.750880803398705E-039
  -12.5192914766466       2.513513200420652E-039
  -12.4991629707696       2.396724472094951E-037
  -12.4896463340415       4.850127116514098E-038
  -12.4806853100107       4.267894673189246E-038
  -12.4431850772674       8.853782312349401E-041
  -12.3054661467894       6.084753512088119E-043
  -11.8956163003469       1.135266579880297E-039
  -11.8574147881425       5.767843541393173E-040
  -11.7548028325304       3.096000188041911E-042
  -11.6633860676006       4.059399183301799E-041
  -11.6462915370239       7.999093964135786E-042
  -11.4807080599496       5.907133532236879E-043
  -10.8963938917992       8.515119113942491E-044
  -9.09680258710829       8.089572396931103E-075
  -9.06050925646739       1.444972092188799E-004
  -9.03934659509381       1.395162027367248E-004
  -8.97604562299444       4.805319110276559E-013
  -8.96486799494632       9.076533936324683E-069
  -8.91822063407467       6.161952548496387E-063
  -8.88449757551756       1.624649044315255E-011
  -8.83504851629832       7.898639278763717E-066
  -8.68495062362149       5.108857291641721E-075
  -8.35912928906209       2.583314673052024E-010
  -8.31634212445344       3.081361703949810E-065
  -8.20538947542277       1.300785355440739E-073
  -8.14917652324069       4.778757003434147E-010
  -8.11252136663332       3.935313738161629E-069
  -7.90741109519468       3.821630203086965E-074
  -7.37416356382767       2.961285966082507E-075
  -9.10877530384487       2.358305290885840E-027
  -9.07669686825608       5.850981064048990E-027
  -8.98044828264663       2.837869474911190E-023
  -8.97884948183240       2.515335986328055E-023
  -8.89820838671195       7.352254585837333E-027
  -8.87763511755868       1.851564366126148E-025
  -8.87691215559989       2.258087963696762E-027
  -8.83608256772530       5.979158987228024E-027
  -8.69646363130470       1.053856880507112E-027
  -8.34654584527111       1.506662098373843E-030
  -8.30241867418263       5.865880685878914E-033
  -8.18854108593779       3.052153971566068E-032
  -8.14274972978307       8.308896993801339E-031
  -8.07327062380564       4.692482157307116E-032
  -7.90611478268218       1.851212093096977E-031
  -7.35532471885005       5.072427686106829E-034
  -9.07717754803671       1.615751798309860E-043
  -9.06027063729435       1.989124190142900E-007
  -8.97162800872664       3.435295976899023E-006
  -8.95308384215178       2.043538009350379E-006
  -8.91295496865859       8.276925258631452E-010
  -8.89592175220542       2.682840749685133E-045
  -8.87725937152249       1.193435574416711E-046
  -8.82980138325293       1.828481163804507E-044
  -8.74088519181359       2.232117008034202E-045
  -8.34375438520999       2.982589988565825E-014
  -8.30438282316402       1.537429110753784E-051
  -8.18963391509791       1.741516396448437E-049
  -8.13313599548267       1.753031310091888E-013
  -8.06231187537817       2.558445882119721E-050
  -7.92993695102034       4.882714416742967E-051
  -7.35643755358341       1.968820102449902E-054
  -8.94025015361597       3.433935316398658E-039
  -8.88723841243981       1.326719988211869E-038
  -8.85628922371509       7.320972629282530E-038
  -8.82975875547990       2.935236121603476E-039
  -8.82520295449733       5.500309069735994E-037
  -8.77602847250402       8.098034625815387E-037
  -8.76690967289828       2.422368370397684E-037
  -8.75386284356759       7.138837952696372E-039
  -8.62613228871672       3.362130799784578E-041
  -8.23314951512213       4.978810911812048E-041
  -8.18643114168549       2.082928545923616E-040
  -8.07678666303372       2.326604229865206E-046
  -7.98273823760633       4.743118503727106E-042
  -7.97621938918662       1.275182711926507E-040
  -7.81793808740263       9.228181992548024E-045
  -7.24947023617532       6.120074280390641E-045
  -8.91410905542432       2.192101329832831E-039
  -8.86183958511172       6.032038838904647E-042
  -8.83294575084633       7.197029832017410E-037
  -8.80998995009007       2.673785261528713E-036
  -8.79943655922705       2.681838517613774E-041
  -8.75079207992401       2.737872720243762E-035
  -8.74269487892546       3.823933241425656E-037
  -8.73486371822874       2.509706437929249E-035
  -8.60976265750238       7.087833242482776E-044
  -8.20900022277226       1.848650076806347E-040
  -8.16281460974819       1.993610524099165E-044
  -8.05386660458421       1.420662807641952E-040
  -7.95780161781478       5.033796408781327E-046
  -7.95240477275154       6.167199545087405E-041
  -7.79851409228170       3.687648768485288E-042
  -7.22714481010621       4.253225971235747E-046
  -7.75005885410800       1.068669917617411E-077
  -7.71508363468719       1.761133462969126E-008
  -7.60566547831853       1.032395560009058E-012
  -7.59456287927377       1.091415182268453E-004
  -7.50566573794445       8.048497592730567E-071
  -7.48999105797730       8.779729460867450E-062
  -7.47588868815326       4.459627339059042E-012
  -7.43022323896239       1.134375398581496E-067
  -7.27584137736346       6.103599822576310E-077
  -6.96444404197140       1.210538863643887E-006
  -6.91466101416787       1.876523345378406E-070
  -6.78836139789827       1.259140344562451E-063
  -6.75698745499783       3.556503922945198E-007
  -6.67789313943148       1.012519091867118E-074
  -6.49092342472401       6.298949654905289E-073
  -5.94658550623579       1.745662848427791E-078
  -7.45004501803941       1.051451203676637E-036
  -7.40336500774232       7.099722869506921E-038
  -7.35563764082596       6.155393683432027E-036
  -7.33664798717219       1.767258127241167E-036
  -7.30463531937138       7.911787378992973E-036
  -7.28250301352603       8.538946739491686E-037
  -7.25650829958266       4.244496400787689E-039
  -7.18662264443753       2.107378381425556E-037
  -7.04644517349144       2.168641998677234E-041
  -6.73136053467763       6.817256152561345E-037
  -6.67184416120770       4.800736859124526E-037
  -6.56089191826270       3.979650034436656E-042
  -6.47671506985495       3.553718957712550E-038
  -6.46522234067820       2.200248722446037E-037
  -6.26885915182916       5.799825366090191E-044
  -5.73666239850073       3.257145383144341E-041
  -7.17263446358035       2.828893276500019E-037
  -7.14527834100377       1.889514433990977E-045
  -7.10403478384301       2.737582288958795E-036
  -7.09737162983451       2.354049960802365E-036
  -7.03637873145222       1.452627169982983E-039
  -7.01661738699128       7.219271747328136E-038
  -7.01290098712376       7.546282964722778E-044
  -6.95833945865140       1.609560599578347E-037
  -6.88880557839731       1.801052060037658E-046
  -6.47962577796810       4.863445457015482E-038
  -6.42746050792862       1.373937843490126E-041
  -6.31236750862935       1.379504969055527E-037
  -6.22444620072273       1.598965034157822E-040
  -6.18725668339878       9.530300844031898E-045
  -6.05875515825447       5.081282554157497E-039
  -5.46961230609629       3.227799800125256E-046
  -5.39777358693611       1.024164968506033E-039
  -5.37197999210343       3.217753144148640E-039
  -5.34404555414458       4.001347072246453E-039
  -5.28266179258415       3.126422420396719E-038
  -5.26148176264784       2.423897355825592E-040
  -5.24504637711561       1.606025657151386E-040
  -5.24292301516902       6.978059296632602E-038
  -5.19674543771538       3.646754391190429E-041
  -5.04607571112830       1.078024137753769E-040
  -4.67183270013993       1.539098557610893E-039
  -4.63358357049443       5.054275342396509E-039
  -4.51610618878292       3.132435023845256E-043
  -4.43055775318964       8.908526863607570E-041
  -4.41391365916978       5.250123283115004E-040
  -4.23035876258701       2.712950128091795E-045
  -3.65370308524290       1.450344550855756E-041
   4.52012261401725       5.013429308890086E-072
   4.55572067060686       1.510448077015145E-004
   4.57237004999773       1.540016137502882E-004
   4.67888990911619       8.418324000845362E-068
   4.68165576878473       4.679065994078322E-012
   4.74856864968681       1.553302161919888E-059
   4.75458595759352       2.861859440534395E-012
   4.81986812744139       5.128112583474339E-062
   5.01214876731726       1.411362228594399E-073
   5.26022486109368       1.148125776021236E-009
   5.31554645254117       5.162396324058162E-068
   5.46918490898425       3.173099299126644E-066
   5.49875873107747       2.541362256300925E-010
   5.54429346605847       1.282170911788829E-071
   5.78234059510166       3.204522249727396E-072
   6.31041409541058       5.590972358771801E-078
   4.53729021609657       6.926126989455077E-046
   4.57044955948831       2.495856538491137E-008
   4.64941822235419       1.178440518206176E-007
   4.69105525806957       9.541492861651587E-008
   4.71214136543784       1.604039628861454E-008
   4.76700840664147       9.759256065985311E-046
   4.78236537094752       1.521705171129546E-045
   4.82929333724888       1.203704578595767E-047
   4.94090307412331       1.639150786462580E-045
   5.27453789122988       2.715466295562327E-013
   5.34677899414035       6.232013502379138E-053
   5.46563806990143       1.980511232741300E-049
   5.51320438410417       3.688105469707253E-013
   5.59932069922868       1.381537391942836E-051
   5.75340049881826       1.439116383223159E-052
   6.32792485603559       5.616286776812770E-054
   4.50281699418494       3.523031073565451E-027
   4.55410736881471       4.932420764123778E-027
   4.62767119007015       7.552466650201344E-027
   4.67582734078045       7.730662237792736E-026
   4.75172175551144       5.967006151618568E-026
   4.75799096152260       1.120804968839992E-026
   4.78673516944363       7.913058061191813E-029
   4.83990729902422       7.450419575758547E-028
   5.00256167577154       2.090054719365153E-028
   5.26984641631886       8.147355847690405E-031
   5.34686979615714       4.873496193791775E-034
   5.48336951410638       1.140466399986546E-031
   5.50215397024837       1.713115396795129E-031
   5.59033038311778       1.835525409521872E-032
   5.78757706079079       6.722153488688535E-032
   6.33322355681296       1.175952800503477E-034
   4.67669519613956       1.763955799944551E-039
   4.73145106534120       7.683853932250695E-039
   4.75100070119681       4.187127897982421E-039
   4.80153253262944       6.176302347398196E-038
   4.80773130542687       2.170046005785243E-041
   4.85709964951263       1.936547529810929E-037
   4.86315663692615       1.140672643381341E-038
   4.87357554672163       3.711307665611352E-038
   5.03607818533535       1.292724443801141E-041
   5.39100901984159       4.099241934846392E-042
   5.42628494754156       9.955346369404981E-042
   5.56063715227272       1.300112356019351E-043
   5.65563634372880       1.818823117365410E-041
   5.66153208717703       6.584259393056541E-041
   5.84655578210524       1.024023835370057E-045
   6.41633549423046       1.073129620745380E-043
   4.71896336008819       3.939938753317371E-035
   4.77390122267710       7.198966865051509E-039
   4.79313907128276       3.481909325061127E-034
   4.84341202787154       2.940242076784798E-039
   4.84927962037614       2.922426483011046E-036
   4.89888031053344       2.980101326341417E-033
   4.90509243483838       1.232616603584819E-033
   4.91431115743262       5.725566600571115E-033
   5.07634087920097       8.190593749898263E-043
   5.43355544436420       1.711064399902688E-040
   5.46833167864233       8.924226346437603E-044
   5.60245010449599       1.104907296581471E-039
   5.69758187725832       5.520499802625503E-046
   5.70384415255632       3.589746793690366E-041
   5.88760354334125       5.138709303560896E-043
   6.45812172116847       2.133711367579467E-046
   7.09066518359180       2.474068357230189E-041
   7.11260892941546       7.121374428895096E-041
   7.15368877447077       1.001960150279244E-039
   7.20554624399815       1.606785818667675E-038
   7.24895399373794       4.902375221404567E-039
   7.25080519505990       6.051653603191721E-041
   7.26066231554273       1.391553597399180E-039
   7.31697224682497       9.381564796030989E-044
   7.46345075106773       4.630186118224124E-041
   7.80013232826933       9.267447912585072E-041
   7.85238007603150       2.030166111829221E-039
   7.97007501322798       9.748041265108154E-043
   8.05158501013804       3.869923090047425E-041
   8.09284642534925       1.724137550796645E-039
   8.26365898365683       3.033799515399586E-043
   8.82267261121564       6.190955789673792E-041
   8.83607301601217       9.692220928571018E-039
   8.89442671627866       1.378244978871495E-006
   8.97240716522682       3.457082603715750E-005
   9.02098758614956       8.155699033724067E-013
   9.09662110894430       1.852692059194468E-012
   9.12747832462701       1.063898143252028E-039
   9.14323908919413       1.669020475578389E-041
   9.21180489502212       2.281273405373231E-041
   9.37697064305872       7.759842875181222E-044
   9.61843939917217       3.392236090111304E-007
   9.71134911725090       7.172752256239444E-042
   9.84517701198647       1.487446298644614E-007
   9.85013646509360       2.382935172247783E-039
   9.95473255503884       5.752671444965436E-042
   10.1565569756643       1.622150887499195E-043
   10.6959668884772       8.238002032052002E-044
   8.90816900470362       2.095053221217562E-022
   8.96388995679889       8.817137680506237E-022
   8.98101173645918       3.152000791347178E-021
   9.02664048111200       2.256817297818977E-021
   9.08721625011491       7.370374382984593E-026
   9.09628268665282       1.476773606300472E-025
   9.14450793505261       1.249071416518402E-026
   9.16780896624120       5.325736138117467E-028
   9.37525531752750       3.731547768121393E-028
   9.65610418544800       1.027171798558750E-022
   9.67944988960420       2.439962082363512E-023
   9.84773793728516       1.889939410358387E-029
   9.89798195011370       3.370607045582056E-024
   9.91863282178566       1.156553891239625E-025
   10.1523488896281       4.843719764591312E-029
   10.6867047865515       1.496211339128480E-027
   8.96679236008518       3.565402217923274E-023
   8.99872135252021       1.267950393833609E-025
   9.04163334672855       1.322384836365944E-024
   9.05777690957502       3.038769664297998E-025
   9.10910623594727       7.873811153826386E-032
   9.11356590138987       8.488172885525054E-025
   9.14356567968265       4.637899303407664E-026
   9.17309043399432       1.829433159942082E-024
   9.27332291468445       2.269852369899389E-028
   9.66832155833837       2.370444237605498E-024
   9.72343544420728       1.259121330969011E-027
   9.82694595846766       4.526659492256347E-026
   9.93047979416760       7.742896764269257E-026
   9.96804228775034       9.438868295071233E-029
   10.1039117876165       1.749215556093866E-026
   10.7003812231978       2.653787325123150E-033
   28.2302006416533       7.570725291613405E-043
   28.2545520751945       6.184048611764442E-043
   28.3023911525643       4.318129787819780E-043
   28.3611136834226       3.022599443461898E-041
   28.4061253514667       4.166170169331508E-039
   28.4136772087692       3.667609709313299E-039
   28.4214216230439       2.851616311073295E-042
   28.4852901596679       5.715757878870176E-047
   28.6468931758183       1.371916939680779E-043
   28.9482002751981       1.398141944103179E-041
   29.0057277263984       2.740245567706938E-041
   29.1395683978532       3.585883813320021E-043
   29.2064900599507       1.011958631953529E-042
   29.2489779647306       1.353370345835526E-043
   29.4418414788183       5.582956652828317E-044
   29.9965819477122       1.281269003943310E-042
   40.3786665459769       1.186609535952854E-043
   40.4315769050489       2.647074274341886E-006
   40.5056809954871       8.683759346238064E-006
   40.5762852183140       5.945152222912420E-013
   40.6366615765076       7.033951722834840E-013
   40.6802873360677       5.752337400517697E-045
   40.6996944439462       1.243609049536451E-045
   40.7747407188107       1.347368112670749E-048
   40.9522623166901       3.801837325281396E-049
   41.1563771141143       2.613569194228912E-008
   41.2672256985811       9.848113312966980E-047
   41.4005657119360       5.720948294865978E-008
   41.4191327822736       2.096483241917241E-045
   41.5141651414478       8.653873340202098E-049
   41.7315682224835       8.046815662734273E-047
   42.2708937915736       1.623702538168752E-050
   40.4763764667849       2.134047024904366E-024
   40.5388834660171       1.485026656386814E-023
   40.5504592059833       1.492401011794367E-023
   40.6106628103210       2.633495359452859E-024
   40.6670649618143       3.717700185478106E-030
   40.6882747241018       3.950572596372859E-030
   40.7312637470784       2.537115785629229E-032
   40.7558688064771       1.053993077630670E-033
   40.9831276009110       1.648145869798838E-031
   41.2333244930895       4.855213670831823E-026
   41.2584886117471       1.048744261441644E-026
   41.4469638703199       2.595301541247478E-036
   41.4924570200920       5.970542850494236E-027
   41.5027209262036       1.734684553227182E-027
   41.7583201506279       3.787899642464330E-035
   42.2902390764817       2.207230893191000E-031
   40.5933486499547       3.879269585736604E-026
   40.6251804321999       4.240576541061302E-031
   40.6797147472614       4.947340941956401E-028
   40.6974636178869       1.807343027658219E-032
   40.7513826560781       6.771330142795075E-032
   40.7646933002187       3.110010475293755E-026
   40.7883383902231       9.871934437144937E-030
   40.8269701725607       5.056830204917770E-026
   40.9479387113992       3.346190869013398E-032
   41.3089606811857       1.489152051109594E-026
   41.3724833064050       4.563724211030886E-035
   41.4837991245416       5.571702965716176E-028
   41.5768663883632       3.535844573147396E-027
   41.6201420455939       6.413521339062912E-036
   41.7767220965225       4.966801792215757E-028
   42.3706868728295       4.270460312299058E-039
   40.8663997230657       1.479368749534613E-072
   40.8760462194356       2.166650328742638E-006
   40.9281680510960       2.422085460220116E-006
   41.0482438362241       8.734713744595665E-016
   41.0491049404701       2.360406551845544E-068
   41.1088435779899       1.972846288985888E-016
   41.1217178933458       7.402592260658653E-061
   41.1915362331208       4.149614702476485E-064
   41.4102234753965       4.516332479131709E-079
   41.6094284460185       1.606486170665257E-010
   41.6771125890994       7.282578141236295E-067
   41.8602210258981       1.977582511036270E-066
   41.8714413322018       4.463859395876763E-011
   41.9256243867920       2.978218967172614E-070
   42.1843753509594       7.772846658736571E-074
   42.7170128638000       2.870031764413739E-075
   40.8812965718518       3.939061962057681E-047
   40.9103248699747       2.245690752752314E-011
   40.9899095053368       3.005603278740293E-011
   41.0421018794677       3.136811582912227E-009
   41.0745427288744       3.475870327097374E-009
   41.1367363308854       7.288536530317242E-049
   41.1464021001958       3.789039328255811E-049
   41.2049444548756       1.975642957795439E-049
   41.3446597269646       2.143807750966501E-050
   41.6228046146515       8.003083105889811E-014
   41.7170021214459       1.453854263333071E-056
   41.8480588515840       3.219526306731842E-052
   41.8845526176789       1.927785000873457E-013
   41.9777464597689       1.110865792715957E-052
   42.1579329536585       6.661781239005944E-053
   42.7336047892225       6.230502680588591E-056
   40.8535166914073       7.448329520276845E-033
   40.8956081176273       4.379971217713067E-032
   40.9637610890931       1.848893954456850E-028
   41.0463221179192       6.064595746600874E-027
   41.1015596671493       8.411679717856055E-027
   41.1214020314038       2.614620230537726E-029
   41.1532904924308       4.091582324728716E-029
   41.2214912688326       2.962005300778942E-031
   41.4054501004912       1.793675965505639E-030
   41.6182037817501       4.257882754021707E-032
   41.7139313873333       1.664812611529530E-034
   41.8725675955895       1.370481449461813E-033
   41.8750297682210       2.221362473946507E-032
   41.9696746822754       1.810968556166710E-033
   42.1923828543991       1.410774178425622E-038
   42.7397464481780       1.256331127068918E-037
   41.0003867034009       7.345182942392700E-039
   41.0582401059571       6.474485462604208E-039
   41.0794965698337       3.204896628263630E-038
   41.1520679879718       1.502857586547136E-033
   41.1523853299966       1.479714371873616E-033
   41.1950666955177       2.154431785328169E-038
   41.2089367043599       3.193011165332521E-040
   41.2415167940238       2.190359840518394E-039
   41.4225803960384       1.461244131779949E-041
   41.7346383631369       1.684577223476578E-040
   41.7714407775670       1.205409769937742E-041
   41.9266690470523       1.025841837605115E-045
   42.0158407120588       2.258242173157777E-038
   42.0208406457037       3.218882904671833E-038
   42.2350172957664       3.624952872351023E-045
   42.8074785095373       3.943988228586554E-043
   41.0476420856327       9.226923609191285E-036
   41.1060719050979       4.368510018514729E-040
   41.1264763879281       7.437062692447473E-035
   41.1980078066238       2.840252705415731E-040
   41.2007721646300       6.534110672732839E-037
   41.2428896769471       2.779049627819396E-034
   41.2577064774150       3.526880448238348E-042
   41.2890671178655       1.069930050132431E-034
   41.4720739939329       3.795417275674960E-044
   41.7824717185571       3.764593759018252E-040
   41.8185341021145       5.060637441489049E-046
   41.9748825401819       2.657258040528431E-039
   42.0638137581952       6.414645073954724E-042
   42.0676472595990       1.350974511359079E-042
   42.2835696861657       4.767107059689081E-041
   42.8549657352178       1.073671766674470E-047
   63.6160986793214       3.842491373895461E-042
   63.6430312323373       2.942005191699269E-042
   63.6967011346610       6.106303355962790E-042
   63.7607352227335       2.136269701299855E-040
   63.8075635185337       5.249838245533968E-040
   63.8199412073349       2.315564638824393E-041
   63.8263362482831       3.161323720063233E-045
   63.8967504015584       8.967872441583784E-046
   64.0709609325247       2.767803569185279E-042
   64.3428302314906       2.028459303566323E-041
   64.4057630728273       8.215006572150311E-041
   64.5533612426964       6.130467848415489E-045
   64.6075207675986       5.528615931248672E-042
   64.6522675412698       1.583534443851428E-040
   64.8623197199775       2.871942233630125E-047
   65.4140551326948       6.719612290637458E-042
   120.123747447909       7.394286600184057E-048
   120.149837513850       1.115375052374332E-006
   120.234393093978       4.406197310620193E-007
   120.312942273655       1.104740489677046E-013
   120.375771890320       4.911458381422926E-014
   120.402815892635       6.302129980975364E-052
   120.426983968803       1.154121998954881E-049
   120.507946080325       2.317600752423899E-053
   120.699512772628       4.720745999841921E-052
   120.878654627166       4.750619312706749E-009
   120.987360658633       1.426486356085136E-049
   121.135036823552       7.598454567468547E-009
   121.154708246554       2.027547439372108E-048
   121.232110606075       8.215641739246521E-049
   121.469116992948       4.294836961245464E-051
   121.999576280478       7.823586919681399E-051
   120.254025893538       6.691903884267292E-039
   120.313711230008       1.635670606521528E-042
   120.339332530943       3.737430136000438E-038
   120.421479630046       4.357887182162746E-039
   120.448366465818       6.470201912491468E-038
   120.489255601197       6.395465624473955E-039
   120.518930662528       1.911381118037799E-041
   120.563419545920       5.811625121394319E-042
   120.791650609587       7.670927830498656E-043
   121.007312682109       4.901911217334240E-038
   121.047882022256       1.044198134204991E-038
   121.243386748631       1.388441361001142E-041
   121.278738271528       1.665840556515055E-038
   121.288720701199       2.948619064682923E-038
   121.557329250103       5.498861413370498E-044
   122.080903970915       8.034266163964877E-043
   120.429032033560       6.007924709342420E-028
   120.462084668076       9.579725200829350E-035
   120.523635321273       3.725510063787065E-029
   120.560369428350       7.632875873695478E-034
   120.623504414167       4.571224916065450E-035
   120.633394493412       2.342522828492067E-027
   120.642123869492       1.467780335754528E-031
   120.705876444585       3.004432324636900E-028
   120.859032631311       4.937636623437272E-035
   121.154040974796       5.280505750072319E-030
   121.224182095642       2.086165190470016E-038
   121.359877087175       1.076787229942180E-029
   121.424089297478       2.334966713597973E-030
   121.469467420951       6.497116614725311E-037
   121.664069512487       6.052991934809649E-030
   122.233432421014       7.648028880953651E-041
   123.271271261450       9.479603090809641E-029
   123.302222371572       1.642510625611908E-028
   123.359289804703       1.752880417401108E-030
   123.429130482661       8.829012497232886E-036
   123.474783049127       1.697143382323570E-030
   123.494037359569       1.523543547142218E-038
   123.497371812413       1.277786066300720E-036
   123.573180871785       1.872875664189759E-038
   123.759737231282       5.543181944096213E-031
   124.007637406654       2.884004797498103E-030
   124.073343265719       5.489128864885605E-029
   124.234205006170       3.821840099715842E-037
   124.277732986364       1.643203599267750E-029
   124.321481636004       1.154039834246118E-029
   124.548845542347       2.173441468711730E-036
   125.099253063032       4.107402205491044E-030
   140.363461696527       3.669301580371947E-009
   140.377977596022       2.621678154293397E-076
   140.444846612481       5.081736009692753E-009
   140.552505695835       7.127716684223605E-016
   140.571769344575       9.186378703078917E-074
   140.618604911058       6.881902727972113E-016
   140.629982711988       3.131262863092079E-061
   140.708415218246       2.842143664261525E-066
   140.930539341401       6.879452730412413E-079
   141.105699952871       6.763112454274075E-013
   141.180230814034       9.382740209618614E-071
   141.373270547564       3.839448049832985E-063
   141.378032581550       1.602428920914174E-012
   141.432931445189       5.381294279088014E-080
   141.698186550990       1.350267029233700E-076
   142.225859280251       9.392667600752244E-080
   140.391411098798       2.687958978211126E-049
   140.398115768451       2.596976835800788E-012
   140.488930733541       7.765031575572797E-012
   140.543335585738       1.830918862813001E-011
   140.600973698839       3.014360392564668E-011
   140.643515179517       1.122678416276531E-051
   140.643990581875       5.099584245428376E-050
   140.721830641255       1.930041567336685E-050
   140.887491329547       1.627466339717815E-051
   141.118744402226       6.639562470106805E-016
   141.216358759124       2.512944432807430E-057
   141.364381638255       2.371940646013947E-053
   141.390443060382       3.111393703917422E-015
   141.473365771172       8.010250091912521E-056
   141.682658065688       2.006061008890790E-055
   142.241337525307       3.165252033645272E-060
   140.371175904444       2.346617209564519E-030
   140.383777185962       1.277571059926587E-029
   140.468469789569       2.887672196120086E-030
   140.553036741117       1.407782028489388E-029
   140.615107024933       1.430821525408091E-029
   140.624385684158       1.246130065102195E-030
   140.655037912696       8.192413695410976E-031
   140.734802197165       2.824607937376470E-035
   140.931973280114       2.471432300891405E-032
   141.113517894346       6.315436540382002E-035
   141.211545541021       4.450950237649287E-036
   141.382574921819       5.029743354008752E-035
   141.384701419857       5.535907925218066E-035
   141.466699081942       4.767289253508929E-035
   141.707805727754       3.426502963358033E-036
   142.245136696206       4.230550820042152E-039
   140.470588611545       1.602588925707378E-041
   140.526193305225       1.197196133699297E-042
   140.562273588101       1.548149887333584E-040
   140.635413851857       4.250107875503016E-039
   140.655753422134       1.712999198486466E-038
   140.686208038527       2.271480606008191E-039
   140.702212232496       1.303569949597569E-040
   140.756717449608       1.250418702790891E-041
   140.948841100311       5.013209335726818E-043
   141.210528373481       2.742847495352352E-044
   141.258461463723       1.207567967630355E-044
   141.426320104013       3.009394061285574E-046
   141.492106092411       7.591823434280555E-050
   141.511844422921       3.617016900483944E-047
   141.743993514216       2.143413459860520E-048
   142.301006372876       1.959872192401704E-047
   140.512055477965       2.763333099940558E-037
   140.569072639861       1.980897366575909E-044
   140.603373858930       1.871853543407398E-036
   140.679659437886       1.583618555422035E-039
   140.695022605857       1.060663582043204E-040
   140.728787987280       2.607898358092052E-036
   140.746742429797       2.158936142800188E-040
   140.799241538177       6.671679469513499E-037
   140.994676492991       1.014979182015215E-045
   141.253438971993       5.168480871382834E-042
   141.299780860325       2.169006207880832E-044
   141.470302560530       5.183702075556520E-042
   141.535078486484       4.932707256119459E-045
   141.552909454368       4.049538511824304E-047
   141.788296233482       2.086297573765664E-044
   142.343581871085       2.093309287139026E-047
   223.969907583183       1.203525219828876E-041
   224.000647881322       6.848945850372240E-042
   224.063481321335       5.109494052706238E-044
   224.133406197218       8.483310043142887E-041
   224.184965842595       4.490650253898943E-040
   224.202823844160       4.306095404310675E-042
   224.207501585942       1.503899809890157E-041
   224.288015224570       4.156217742611419E-044
   224.478885376097       4.516646264811318E-042
   224.702572020470       1.661561786327607E-040
   224.774113959666       2.234575401665974E-040
   224.940658961460       2.684221536670431E-043
   224.977401214894       7.946431214273084E-041
   225.026723539505       7.512645586998084E-040
   225.259544658373       2.683529964481825E-044
   225.801655665097       9.404411809244541E-042
   345.183137689979       3.182796772810527E-007
   345.191494843947       2.229467390822040E-070
   345.280652178963       8.163434495973152E-010
   345.360189497212       1.655660849164899E-014
   345.429307570405       1.731416425825965E-069
   345.431553287345       5.179229541308638E-016
   345.455684584742       1.457919771154481E-058
   345.540838789456       7.934864602001963E-065
   345.742899864044       1.561106085517133E-073
   345.888427016303       1.303155271346535E-008
   345.981087060824       1.201947331749605E-064
   346.153103517806       1.093900668538005E-010
   346.161626731097       1.651415987370797E-059
   346.218865313557       2.156275830528795E-067
   346.476988008976       2.918888905612604E-074
   346.975429684746       1.845940590190001E-073
   345.269842456606       1.813601687335569E-037
   345.325376718057       4.637620912919741E-039
   345.367809136197       1.671326784143552E-036
   345.466188201822       2.463946326013277E-035
   345.468781828676       4.574890248002860E-035
   345.518567027693       2.276796968334518E-037
   345.541340662883       3.135472891045195E-041
   345.600765020284       1.406251929358685E-038
   345.824638018056       1.377972256877350E-043
   345.992166715480       2.577983399540613E-036
   346.042998330845       2.374836740805566E-037
   346.241948581147       1.434138484258184E-041
   346.262651549175       5.536129032260675E-038
   346.279933372105       2.276030070379274E-037
   346.557274007321       1.889934951722768E-044
   347.052713753039       2.300342644578127E-041
   345.394685873140       7.141268001562641E-039
   345.432909135988       1.852819785314200E-044
   345.496447238525       3.693829575254368E-037
   345.553420250700       4.498385277350537E-036
   345.618109755704       3.910198471309790E-040
   345.625387822052       4.278281832706769E-036
   345.625609173245       1.381036300873043E-035
   345.707200226245       8.632643771623922E-041
   345.889308932569       3.115924114600492E-043
   346.098726498053       5.243589311269935E-041
   346.168344729511       3.926934079048927E-040
   346.330667838639       6.744486758280419E-039
   346.368558995709       6.940178207066321E-040
   346.406388812889       9.848101191441984E-041
   346.642334509646       8.309857352403986E-043
   347.161388496219       4.999143537343121E-045
   401.023443577860       1.199358207323097E-041
   401.057114227936       1.666102875058966E-041
   401.122001900525       2.074008907948450E-042
   401.194553994104       1.843290100428226E-041
   401.245874996468       1.908656456917163E-040
   401.267407103870       1.234713427920939E-044
   401.269455995416       2.618935422515929E-040
   401.353492152695       9.370712872525442E-042
   401.550572376716       2.276562893265333E-042
   401.748544206359       2.594299526347734E-040
   401.820962892746       2.224496516571361E-040
   401.995196926726       1.099728345849139E-044
   402.026477754424       1.814122227938553E-040
   402.074036956020       1.345745848475848E-039
   402.317577133883       7.202332769878937E-045
   402.847447114611       2.643230786068721E-041
   419.881159990947       9.997262073294438E-011
   419.912923528825       1.999117663219411E-070
   419.979299230147       7.529910489715207E-011
   420.073302640028       1.398752942607238E-018
   420.105271268383       3.867050104851766E-067
   420.146800677891       2.596980626531748E-018
   420.147774843030       3.320072944986142E-061
   420.232780534727       2.654154025587020E-067
   420.450786989665       2.918718024476590E-072
   420.595251330262       3.152165784935402E-012
   420.667376500277       1.316687284931642E-064
   420.862694494301       7.804266312970761E-062
   420.869399646724       1.231944718076743E-014
   420.913342758135       1.000923539843738E-068
   421.185103812737       4.833799838012314E-077
   421.683523601810       9.579482170746886E-074
   419.906258607349       1.115251104832425E-015
   419.925038410968       3.446039010816183E-052
   420.007298110653       2.357127012045042E-015
   420.071487599349       6.988582881168426E-017
   420.142747046307       7.202553338558105E-014
   420.148557275217       1.201106592143994E-050
   420.159899856262       1.675935337103561E-052
   420.244896939387       3.958882171454543E-055
   420.432882370692       4.471300110067671E-054
   420.607295769266       1.715840827957088E-015
   420.693162181004       2.717896815943933E-058
   420.861779017445       1.721682954639878E-054
   420.880961152756       1.276641056998916E-017
   420.939532770318       9.167361589142685E-058
   421.181886975305       6.540315186923976E-058
   421.697089421847       7.953800941233825E-062
   419.895913168107       2.468934331351318E-032
   419.913292953658       1.134712264741340E-032
   419.994809994786       6.925575197392488E-034
   420.076764178726       2.053256313898936E-032
   420.135886086528       4.145656981255832E-034
   420.148873821232       9.446914563501846E-033
   420.164935352458       3.722220933888899E-033
   420.250574288519       1.003968051886559E-034
   420.455892689584       5.323015663233295E-035
   420.602685654122       4.477415494081319E-035
   420.688254828467       9.273961248954883E-036
   420.872443940878       3.703284860771434E-036
   420.875526682657       3.648799690535375E-037
   420.934402565573       4.319036110810601E-037
   421.194263200952       2.046668802043222E-038
   421.697598302233       1.830774904078805E-043
   419.963011456383       2.725113376447137E-041
   420.014438700316       4.629093229020968E-043
   420.064385820620       5.963427863152901E-040
   420.139677193180       9.550654936636736E-039
   420.172809521496       4.990261927492915E-039
   420.198411911793       2.262174241742405E-040
   420.213647930380       6.669250435884723E-044
   420.281116563232       7.372319129278700E-043
   420.482348175222       2.154624279843652E-042
   420.675330897168       3.117715519601783E-041
   420.731812127551       1.646376027658899E-042
   420.911644187797       5.321089975075081E-045
   420.952653057462       2.585140347310575E-042
   420.978014601311       6.888232854835340E-042
   421.231570312119       3.405442278815560E-049
   421.746041751800       6.170954696040476E-046
   419.995514101672       1.236912980864295E-039
   420.048209802230       7.717479342604839E-046
   420.096671903587       1.648341312398217E-039
   420.174490673777       2.363046045992374E-042
   420.203630550895       2.316755922274419E-043
   420.231831989571       5.939388198640745E-039
   420.248630909784       3.301211170883869E-045
   420.314510833641       8.280953966253776E-039
   420.518291392937       1.286013038008720E-049
   420.709005921829       1.100094572952200E-040
   420.764124115850       7.700335791036755E-047
   420.946224650170       9.079228662030890E-043
   420.986392579633       1.583274840672246E-045
   421.010293504991       2.274402817168460E-046
   421.266323935583       1.334360568955900E-045
   421.779430265487       3.902283066173776E-049
   718.993611336898       4.488444402617885E-044
   719.032264754980       7.099392198271891E-044
   719.096835207928       1.213813955683073E-047
   719.173021878132       2.120936021755997E-042
   719.220349668695       6.440079498185812E-041
   719.244857086371       1.563258135129373E-041
   719.248367105982       4.073993779749520E-044
   719.331469053562       4.712939809412507E-043
   719.534555675307       3.802625140571671E-043
   719.695732895675       1.151969459624588E-041
   719.765235878482       4.869605761305191E-042
   719.947900957574       7.528287523339475E-048
   719.973172542983       1.017555312657588E-041
   720.012827631871       5.004124774312436E-041
   720.271027198647       2.090810262626689E-046
   720.773379111517       2.386898893381097E-042
   1882.79783032586       3.370595924693394E-042
   1882.84481462186       1.056595023541069E-041
   1882.90671903555       1.064883109376139E-041
   1882.98884455386       5.884220335981477E-041
   1883.02719570977       1.390366255188841E-040
   1883.05217691738       1.585631992320146E-042
   1883.06587315543       5.234321304877606E-048
   1883.14133413357       1.602745690924837E-043
   1883.35118487509       4.891852141085762E-042
   1883.45733023331       5.166137018916518E-040
   1883.51857396733       3.149721413702538E-042
   1883.71307288250       6.433192485782419E-045
   1883.73255055979       1.033083870548556E-039
   1883.75597121982       2.576670765657015E-039
   1884.03652201438       1.533932730291511E-047
   1884.49362717415       1.137462496310395E-041
