                  1248
  -19.2204800419660       2.195298193885657E-072
  -19.1797202420199       7.240536183693829E-013
  -19.1733516838823       1.855160140001384E-066
  -19.1596404300198       2.028854539868556E-071
  -19.1250923850144       3.666897747056407E-062
  -19.1247790150687       2.094423307391726E-012
  -19.0991816130232       1.590458891877913E-010
  -19.0763075783312       2.320124644939879E-010
  -18.9916065200708       2.871219455604755E-010
  -18.5348511133129       3.544655341828070E-069
  -18.4880709844040       3.369725236905491E-008
  -18.4408806825875       4.835357549592244E-007
  -18.2735225401225       3.164980559984386E-073
  -18.2355126752857       2.903164027709204E-010
  -18.1574468550553       1.211873073323528E-010
  -17.5608699788318       7.816092230444187E-011
  -19.1721371143691       3.871928475257753E-068
  -19.1154623287417       3.083407447658553E-018
  -19.1004612423501       6.527890860671374E-065
  -19.0988550924562       1.149149126246316E-062
  -19.0502846799945       4.320371899877469E-008
  -19.0365891713456       2.253310848859558E-014
  -19.0043229144261       1.161658243502555E-065
  -18.9688305647431       4.206773940508346E-010
  -18.9032726119723       9.055628117870209E-014
  -18.4938019297520       5.331105199569078E-067
  -18.4555692283561       8.016731790401343E-016
  -18.3442616037593       8.351564030726379E-004
  -18.2132248713484       8.319883200102318E-068
  -18.1814650622998       3.340208210623195E-015
  -18.0770340978795       1.421642194120254E-007
  -17.4999868372231       4.368734046821283E-014
  -18.8555513860661       2.639074912156068E-068
  -18.8132249457238       3.295250278631969E-064
  -18.8072482909849       1.418661827589896E-012
  -18.7789510457869       2.822699635155396E-065
  -18.7452582326586       5.959436480331634E-009
  -18.7252026890323       3.671320436267492E-009
  -18.7005268785750       6.270810606914320E-064
  -18.6757900391378       6.388751052652705E-009
  -18.6259165061730       1.497033667837416E-011
  -18.1895773555467       4.149176274531617E-068
  -18.1283599304971       3.879141778123524E-009
  -18.0481292046731       4.721900950047223E-004
  -17.9153877579095       1.934241305144043E-065
  -17.8839198892139       8.346942489865221E-010
  -17.7995957836163       4.524239851926387E-007
  -17.2179408931569       4.815713278653789E-012
  -18.8206882877383       1.113251655121119E-067
  -18.7986924140369       5.612177741192398E-011
  -18.7874089112179       1.659658976431111E-064
  -18.7676460737091       9.163777803577983E-065
  -18.7367311367732       5.182752000875760E-065
  -18.7282177667080       7.383850239812057E-011
  -18.7050855923128       2.179388623024162E-008
  -18.6992578278287       4.154153116623448E-009
  -18.6300078610627       1.057123523073930E-009
  -18.1538088722036       2.214754312667044E-062
  -18.0935053682417       6.800964825142026E-006
  -18.0507843930729       2.653202243252890E-005
  -17.9053212013179       1.087913227871886E-069
  -17.8627359422346       1.992674660434055E-009
  -17.8024194392042       2.924342318233471E-010
  -17.2075878159833       1.797642038516720E-009
  -18.7658889505136       1.590762977960556E-071
  -18.7228889369043       3.645941340542566E-013
  -18.6726670163439       4.718640600842982E-067
  -18.6555994768880       2.740427094494341E-062
  -18.6535292391988       5.586393656812038E-009
  -18.6432518490097       6.482068465420307E-009
  -18.6267624014547       1.790278966086729E-063
  -18.5355591728710       2.247088347470438E-011
  -18.4615880722457       1.876339974174902E-010
  -18.0476106363949       4.634716646588417E-067
  -17.9788304644043       2.203457570012390E-008
  -17.9257637161351       3.832868271247300E-007
  -17.7899578727329       4.021436614617137E-069
  -17.7803145241796       1.326593785624945E-008
  -17.6253910073504       8.238953142990692E-012
  -17.0258973142292       3.787526604486720E-011
  -18.8337033025960       6.014408995342921E-040
  -18.7747765636903       4.600655480208744E-050
  -18.7643160797832       2.408605488368778E-038
  -18.7194920582938       2.760495463869679E-038
  -18.6940285113301       9.990583279782714E-047
  -18.6553748262708       1.384003456884480E-040
  -18.6494736273466       6.835796633629946E-039
  -18.5722018561779       8.732338800506588E-038
  -18.5403381913467       3.973814196668848E-049
  -18.1092117722031       1.028562225422537E-039
  -18.0617987305046       1.446461341291822E-034
  -18.0251257918018       2.665237741955745E-034
  -17.8506093633977       9.353592762319585E-044
  -17.8377499163097       7.748837834444210E-036
  -17.7237626219505       1.024598464899163E-043
  -17.1467762195703       3.564289286154473E-046
  -18.6038092790644       1.285643248083478E-071
  -18.5471251449032       5.748199221398054E-017
  -18.5280254936165       4.301834044812015E-064
  -18.5155336925901       2.064542232182491E-065
  -18.4767248321835       3.370552051732024E-009
  -18.4586097598830       8.522828624240236E-014
  -18.4095613288600       1.929124853992490E-065
  -18.3749880966945       5.079411828062534E-008
  -18.3073699086032       7.695561109635143E-015
  -17.9033247893638       7.459913968965532E-069
  -17.8738047402872       7.439258310131359E-012
  -17.7345254374190       1.008790482178895E-003
  -17.6361482893792       1.191242308499881E-069
  -17.6168815888916       1.782969429237119E-012
  -17.4788335437349       4.896650205329566E-007
  -16.9013999223998       4.789745563510730E-016
  -18.5288929634640       5.745290912981275E-073
  -18.5014190438926       4.892920048211318E-016
  -18.4814100208581       3.836551143064210E-069
  -18.4707735438826       8.459975685474715E-069
  -18.4334090438828       2.000353353753771E-066
  -18.4197878684680       8.609663397540900E-013
  -18.4158254300117       7.768291299512565E-013
  -18.3839680152370       2.599568635086990E-010
  -18.2972089502958       2.946083980151728E-010
  -17.8579473981335       5.644975634206723E-070
  -17.8094968390743       1.260645302260938E-009
  -17.7462480353688       5.194304817257320E-008
  -17.6018973149930       3.117584530030671E-072
  -17.5558593203518       1.555378511900168E-012
  -17.4800261625461       3.473384253770901E-012
  -16.8998294163909       3.960725598577277E-012
  -18.3161392581663       5.851617102070482E-041
  -18.2811261504535       7.401265411124846E-052
  -18.2535278261187       8.898216687771584E-036
  -18.2446208741296       3.211419860286981E-035
  -18.2404963576921       2.205786266637535E-034
  -18.2130670671753       8.441931876921597E-035
  -18.2071435892245       8.555234389055740E-039
  -18.1591386510588       7.564033116311237E-036
  -18.1118855376106       1.129047659218057E-042
  -17.6351231157701       1.882244971558909E-040
  -17.6304128608514       1.318756262325769E-039
  -17.5454766001953       2.185480270316108E-034
  -17.3960409740480       3.192346902158674E-040
  -17.3531683454022       2.909532665627488E-041
  -17.2910827253906       2.869120182765076E-040
  -16.7067127989531       2.162429891091770E-045
  -18.2515103731079       9.187901299331710E-072
  -18.2308492102039       2.917376135084985E-014
  -18.2029927092755       2.820043366217223E-066
  -18.1984657558890       1.409560051119788E-069
  -18.1713412663946       4.139406849142044E-066
  -18.1599327271931       1.430951674854818E-010
  -18.1521087389902       1.439805451117822E-010
  -18.1112650723274       2.276317106127172E-011
  -18.0344482450317       1.564208927987518E-016
  -17.5883391945229       1.128697463837053E-067
  -17.5336366872566       3.169693713533001E-009
  -17.4967783862203       1.511694493421773E-008
  -17.3360783772621       2.991976776657529E-070
  -17.3043212305616       2.963671254338737E-011
  -17.2124542829239       8.172058920159290E-013
  -16.6274467847642       1.401122788309196E-013
  -18.1481837181502       1.289165975589933E-045
  -18.1369111914219       1.605433891580355E-039
  -18.1298531071127       8.363310228325170E-037
  -18.1166827051437       8.358823556542787E-037
  -18.0782865335554       5.678846802510813E-036
  -18.0729811677429       1.927696416986348E-037
  -18.0661981808725       3.647282794308170E-040
  -18.0279254787750       2.331689256863069E-038
  -17.9478990647857       4.634269090542969E-044
  -17.4873028336309       1.667422081496083E-038
  -17.4542411747096       6.841007441691696E-038
  -17.4174890870159       4.713824110816501E-036
  -17.2536164648398       3.890896988369110E-039
  -17.2183191392644       1.492191035484449E-044
  -17.1289264223825       3.978414013106843E-041
  -16.5476567574947       1.983052718081860E-044
  -17.7298272254730       9.945494748179620E-071
  -17.6872706122901       2.024294039730048E-063
  -17.6576500622449       1.418923435624131E-014
  -17.6533455519804       5.157827599942768E-060
  -17.6512162937479       1.007236902581710E-008
  -17.6225049931694       6.455776214973578E-066
  -17.6137101829253       1.141211568177260E-013
  -17.5972400411413       6.999506756627522E-010
  -17.5234123480462       1.759042247088793E-014
  -17.0704307246980       5.478955039747105E-073
  -17.0433335999998       4.341065922603735E-013
  -16.9933350594046       1.849772323566095E-007
  -16.7750742502571       8.100252414809427E-069
  -16.7517352772135       7.788862180674856E-016
  -16.6940077900649       4.235101251546218E-010
  -16.0955997582366       5.291321508775917E-017
  -17.6651541191005       2.559332898541730E-069
  -17.6425114207867       1.283410247406509E-011
  -17.5941189127563       1.134355287711724E-065
  -17.5895317254618       2.923073863896917E-071
  -17.5696472908792       7.642284989345365E-010
  -17.5492948839485       1.013529092301024E-009
  -17.5480377854403       1.552020491670031E-061
  -17.5199246498751       1.363564391721691E-010
  -17.4351275855945       1.284465862510271E-010
  -16.9617804149915       1.280037658754621E-008
  -16.9594834822019       1.032340942944464E-062
  -16.8839651758689       6.056086485263700E-007
  -16.7424517065032       2.275586516058198E-067
  -16.7037189807843       1.309126853942090E-011
  -16.6155797435977       2.549125742557189E-012
  -16.0324093266945       2.658136141079017E-011
  -17.5429218068645       9.396921939305495E-074
  -17.4977957298093       1.367398614052759E-013
  -17.4969077471649       1.802908311272305E-066
  -17.4714089905985       1.560932563437076E-069
  -17.4320322641447       1.082980563282106E-010
  -17.4191508315923       1.107302040061920E-059
  -17.4157820421088       9.775024316676305E-008
  -17.3977515731768       7.606164011111529E-008
  -17.3232021021785       7.416711030429355E-015
  -16.8761254480770       6.077983065168050E-071
  -16.8169821981741       4.105552617371450E-013
  -16.7540390306879       2.365603573214151E-004
  -16.6071016331868       4.552070402442818E-067
  -16.5779435710642       5.476867318211080E-012
  -16.4985820620173       1.545588152693478E-007
  -15.9118801417705       1.640907443590317E-014
  -17.3731842426674       1.096603664783583E-042
  -17.3708633024079       1.096895206173124E-037
  -17.3501305037541       7.073165841428924E-035
  -17.3354238180042       1.773678880828987E-036
  -17.2970362800725       1.548426526850497E-036
  -17.2814670194286       2.918823277122482E-042
  -17.2744971056018       1.601668822529148E-037
  -17.2338692836854       1.044272328434357E-037
  -17.1361100083244       3.999085111106931E-042
  -16.7055828675547       3.254607376846281E-041
  -16.6775287143787       5.918624023096467E-041
  -16.6242759842172       7.126203615331776E-035
  -16.4669876303134       5.155310584878299E-040
  -16.4332078026659       3.032815299551207E-042
  -16.3209719552083       3.579067810788721E-040
  -15.7454720092847       5.963443091801327E-046
  -17.4049551054330       2.064626305464631E-042
  -17.3799800437213       8.191920857526150E-045
  -17.3391539685431       8.989806647471331E-039
  -17.3102893305533       1.813863074478967E-035
  -17.2997087744844       2.783408867478465E-036
  -17.2908407519747       6.636533477470132E-037
  -17.2755589677039       3.767602279357763E-041
  -17.2451612681416       9.890729242304433E-038
  -17.1479121214296       1.434897393100053E-042
  -16.7012219257732       6.785605901872718E-040
  -16.6946132113751       2.313597796251121E-044
  -16.6012969512774       1.231332931893279E-035
  -16.4694741498847       2.746038807149374E-041
  -16.4394527893015       2.344231980574322E-040
  -16.3236374787657       1.259944001809310E-040
  -15.7364758391926       3.722783620088618E-044
  -17.1290687252582       4.807891719353179E-078
  -17.0769768427621       1.594613023462307E-015
  -17.0508978990798       2.284382507225428E-065
  -17.0505406143891       2.984078501887855E-066
  -17.0179912945776       3.490157200570508E-011
  -17.0086981742751       6.819330207959312E-011
  -17.0003046110175       1.603262669251053E-065
  -16.9693070469692       2.616446883267019E-015
  -16.8676153915916       2.378630512971213E-011
  -16.4401453487678       8.348359608199144E-070
  -16.3929869098711       4.160373636800818E-012
  -16.3259925495312       5.384464707301989E-009
  -16.1742214787136       1.784669219488029E-070
  -16.1696396381668       7.787141480075133E-012
  -16.0446953125458       3.187605070275037E-015
  -15.4600339121293       1.635643805703760E-014
  -16.8539469935266       1.049044632843727E-071
  -16.8351034789392       1.927913754060244E-014
  -16.8092304576392       1.629936764798165E-065
  -16.8055282879194       1.377374999144964E-064
  -16.7723891490446       7.366673339989958E-063
  -16.7469374694314       1.168169072630027E-009
  -16.7425397033682       2.016648271125074E-009
  -16.7217839030192       4.051893937589904E-010
  -16.6391992108764       1.506475342657790E-010
  -16.1856352417382       5.396907136142982E-068
  -16.1306157886605       1.379286988696293E-008
  -16.0797134428391       1.169974495462129E-007
  -15.9364067868779       6.616900917924226E-070
  -15.8911629703572       1.237551280597028E-012
  -15.8164434273719       1.374734792691380E-011
  -15.2297715664509       3.148659893106226E-012
  -16.7168854274825       3.630073220137128E-067
  -16.6621080698727       1.869670986883391E-016
  -16.6488085462417       4.227663599171876E-064
  -16.6265883208092       4.811029100940853E-064
  -16.5955882157410       2.941262763343159E-013
  -16.5809570091149       1.144541558238267E-008
  -16.5405337321468       1.147195962291724E-060
  -16.5337220397499       3.171058129310050E-007
  -16.4312830589414       6.271491681433418E-012
  -16.0119777915753       7.911759265202699E-066
  -15.9824724089593       2.536383493058684E-012
  -15.8587811547330       7.008641283438531E-004
  -15.7560345968347       1.979453352720067E-013
  -15.7499206381506       5.317194536870644E-067
  -15.6018973939602       4.117824721864600E-007
  -15.0157083447020       1.427356276830646E-012
  -16.6052305994741       3.118901568954646E-072
  -16.5749947816036       3.232567913233526E-014
  -16.5423933959548       1.051809349717578E-068
  -16.5021661027531       5.440906009154492E-062
  -16.4996074126114       9.694212809352522E-009
  -16.4879465337077       1.001452324375505E-008
  -16.4697541199411       8.621366235052617E-064
  -16.4183260504408       1.281275100385385E-011
  -16.2991660398747       2.029122629108631E-009
  -15.8668517117748       5.171332890820046E-067
  -15.8242399868121       2.061395735679830E-009
  -15.7402142287886       3.602450915388439E-007
  -15.6437162334404       4.891972051148235E-008
  -15.6295028265640       7.310569582326136E-069
  -15.4570531389637       1.434270863345768E-010
  -14.8507560992040       5.235257761701202E-010
  -15.9407480078145       1.507541145136865E-038
  -15.9184719389924       2.905837703060527E-051
  -15.8506202183747       2.454099124739194E-037
  -15.7584123153077       7.855200952665287E-043
  -15.7513083477460       1.785163694199379E-035
  -15.7338795726657       6.714338570981511E-036
  -15.6977134484976       2.341606063381540E-040
  -15.6316796419621       3.674213995946375E-036
  -15.5608735494519       9.552520725298083E-049
  -15.1608596490123       2.409660133342741E-038
  -15.1541921291290       1.050353107807947E-034
  -15.0535468712939       1.208958513447053E-033
  -14.9374345336921       5.258547832696701E-034
  -14.9249740529770       4.350618119077722E-044
  -14.7643796797717       5.692309346349244E-039
  -14.2091985596123       8.012134358668589E-047
  -15.1690094065571       9.729145743278676E-067
  -15.1601196380023       1.525543988816418E-014
  -15.0961150378548       2.967401914249491E-065
  -15.0906749483817       1.068195798206353E-066
  -15.0716413580809       1.632954351005096E-011
  -15.0584746990758       1.664956156935396E-011
  -15.0474013204175       1.039679476435705E-066
  -14.9518425606309       3.419260024993378E-010
  -14.8788881763973       1.290332585995007E-011
  -14.4853949136647       8.603538094656883E-067
  -14.4149821662819       8.825285244281200E-007
  -14.3711930515959       4.725037883161291E-006
  -14.2543585194922       2.715337635572156E-067
  -14.2081389510663       8.873059111833023E-008
  -14.0854247942224       4.389610639536651E-009
  -13.5370235583794       2.669586539052980E-010
  -14.9979577905007       4.152187934429136E-071
  -14.9722081457813       1.195969127414962E-014
  -14.9464290849474       2.330034742360198E-065
  -14.9387782743392       1.164541493273554E-066
  -14.8836226827156       5.159744194987217E-011
  -14.8678007164602       4.158057390420658E-010
  -14.8466829315129       1.083491711620993E-061
  -14.8106788593154       4.228888070538416E-010
  -14.7535598685943       4.043026428429221E-014
  -14.3217446011486       8.496856769617098E-067
  -14.2602438281091       4.547749315110312E-011
  -14.1638110653893       6.020209442573206E-004
  -14.0727292902612       1.958244730594706E-067
  -14.0408450385975       1.951147657152265E-009
  -13.9345119174779       4.018657039798529E-006
  -13.3591661963661       4.739457648491972E-013
  -14.9254417615221       8.690338148703405E-047
  -14.8967042099457       2.500080667778728E-036
  -14.8541516524882       2.129913924935758E-037
  -14.8414701073241       1.471027147476582E-036
  -14.8127069384197       9.661674162835762E-041
  -14.7916690318641       4.248845866412417E-035
  -14.7329030128976       9.876754897638063E-037
  -14.6931706998939       5.905581678902294E-036
  -14.5822878295882       1.859894195818492E-045
  -14.1824443261969       1.372433664852379E-037
  -14.1482353073799       9.626782782255488E-040
  -14.0765378305031       6.665962880628122E-035
  -13.9962359225735       2.911798813517352E-037
  -13.9669365537607       6.754294839372614E-043
  -13.7890252037258       3.421118360212877E-039
  -13.2431357816975       7.337003284243012E-044
  -14.8997388980848       5.617909147118506E-042
  -14.8939284429955       1.011267296742342E-045
  -14.7975219491571       4.942100087928637E-038
  -14.7900915625518       2.693460955547083E-034
  -14.7576239128660       1.257630172320392E-036
  -14.7394091720015       7.803146171114665E-042
  -14.7322566094742       6.670570480446607E-034
  -14.6783811134508       6.315882989372205E-037
  -14.6029519516672       1.685084768605750E-043
  -14.1558296018921       1.779633919918025E-040
  -14.1508635300551       2.995314117720505E-037
  -14.0247467670930       1.098753920260300E-034
  -13.9686622980080       5.370867906548229E-039
  -13.9146488811515       2.160163716388399E-040
  -13.7901249074053       6.949169006045011E-039
  -13.2150422504991       6.830152568241251E-045
  -14.8475332290006       2.982091272485258E-012
  -14.8396368416951       1.344341113369679E-071
  -14.7572235232201       9.059277812074068E-067
  -14.7478296703919       1.702156702899398E-062
  -14.7006402382111       5.387554702852390E-013
  -14.6828698140843       1.317945120486250E-010
  -14.6759626461032       4.909553170420407E-062
  -14.6528956194114       1.892861114400388E-010
  -14.5356957024607       3.536478333000127E-010
  -14.1079521918329       2.687197607387917E-064
  -14.0930372480114       2.338762652703563E-008
  -13.9865296833803       7.540024335065900E-007
  -13.9180821954768       1.654515012861517E-064
  -13.8720277729762       1.127281482834817E-010
  -13.7306287275253       1.898534826103829E-011
  -13.1638243402778       2.643422037875123E-013
  -14.7115111547425       2.069526139731483E-069
  -14.6599403935288       3.191356733155505E-013
  -14.6092739145930       1.490347388984951E-065
  -14.6000912520993       6.644379593642585E-063
  -14.5966193134417       1.962192850923620E-011
  -14.5587893852652       1.200177019356233E-010
  -14.5449762953764       9.071980915697699E-065
  -14.5016530092106       3.110689979488029E-011
  -14.4017644644199       2.173835447330647E-011
  -13.9945310955571       1.088955335446657E-065
  -13.9320861963685       2.127631001437546E-009
  -13.8418820888144       1.952922166983763E-008
  -13.7526470144863       6.597472130092552E-012
  -13.7484771625397       1.283269137389680E-065
  -13.5930737940515       1.186266953155611E-013
  -13.0232449714071       2.841304448107095E-014
  -14.3129323354602       5.037471962600278E-072
  -14.2752750352980       3.758555261529527E-020
  -14.2541098455019       3.302119179499285E-069
  -14.2253322753134       5.522583293226331E-068
  -14.1907481633166       2.426397337927050E-014
  -14.1709559288594       1.298883806387022E-007
  -14.1531729864033       4.294476506764497E-060
  -14.1310537872689       6.359527764438692E-007
  -14.0278079522428       1.010964308405950E-014
  -13.6148050423763       4.014103510137915E-070
  -13.5750673188988       2.890983166702683E-012
  -13.4570351525799       4.700268843742621E-004
  -13.3638993732348       2.861504171121883E-069
  -13.3565294105017       5.289108055296257E-015
  -13.2060436022231       3.401087771085583E-007
  -12.6246411500788       3.801313178232084E-016
  -12.6203677530468       2.595770614555282E-073
  -12.6009768604272       3.240714676549889E-013
  -12.5762858485236       1.649365513697450E-068
  -12.5192914766466       1.971472775104538E-063
  -12.4991629707696       9.289643185222425E-011
  -12.4896463340415       3.317487877901099E-062
  -12.4806853100107       1.302589246253184E-010
  -12.4431850772674       2.957189820005324E-012
  -12.3054661467894       7.007293023264625E-011
  -11.8956163003469       1.929096486492339E-068
  -11.8574147881425       1.281157310089221E-009
  -11.7548028325304       1.238115334974272E-009
  -11.6633860676006       7.441246735456389E-069
  -11.6462915370239       4.456478835745032E-011
  -11.4807080599496       3.282241034194799E-010
  -10.8963938917992       6.385274497288187E-011
  -9.09680258710829       8.171448796001675E-047
  -9.06050925646739       2.270926503185994E-035
  -9.03934659509381       2.757869564819509E-037
  -8.97604562299444       1.653828962118067E-037
  -8.96486799494632       8.407928077955011E-042
  -8.91822063407467       2.681374316463010E-035
  -8.88449757551756       2.518809756039297E-038
  -8.83504851629832       4.338828458316377E-036
  -8.68495062362149       7.741722026680130E-045
  -8.35912928906209       2.538543979458866E-040
  -8.31634212445344       2.515175476697236E-037
  -8.20538947542277       4.686036264076155E-038
  -8.14917652324069       3.785672405436360E-036
  -8.11252136663332       4.268392729242616E-039
  -7.90741109519468       3.396861114508298E-040
  -7.37416356382767       2.895724823846294E-045
  -9.10877530384487       2.022753085124193E-013
  -9.07669686825608       3.860033522667189E-050
  -8.98044828264663       5.445070513144393E-045
  -8.97884948183240       6.352395264313049E-045
  -8.89820838671195       8.919801021751138E-011
  -8.87763511755868       2.625424307601921E-042
  -8.87691215559989       1.921390779616103E-010
  -8.83608256772530       7.715446369158010E-012
  -8.69646363130470       3.528614688981157E-011
  -8.34654584527111       5.565651796859983E-049
  -8.30241867418263       4.357922170569121E-011
  -8.18854108593779       3.414390304778772E-010
  -8.14274972978307       6.203781469419450E-045
  -8.07327062380564       1.954201565306919E-010
  -7.90611478268218       1.043809312061337E-011
  -7.35532471885005       3.624512673590979E-014
  -9.07717754803671       1.884196450203731E-029
  -9.06027063729435       1.399592459185990E-030
  -8.97162800872664       1.747587582800915E-027
  -8.95308384215178       1.757272528589139E-027
  -8.91295496865859       1.943510812934387E-029
  -8.89592175220542       1.361719654427061E-027
  -8.87725937152249       1.091354121052538E-027
  -8.82980138325293       5.097335233042287E-028
  -8.74088519181359       1.258381790487636E-027
  -8.34375438520999       4.246144288316986E-033
  -8.30438282316402       2.376110691355906E-029
  -8.18963391509791       2.769995176319469E-027
  -8.13313599548267       1.240528989293786E-027
  -8.06231187537817       6.025162583801700E-029
  -7.92993695102034       1.274558400645167E-030
  -7.35643755358341       1.608372751290883E-033
  -8.94025015361597       1.487874592588260E-071
  -8.88723841243981       1.157365512660885E-013
  -8.85628922371509       8.519696690324220E-069
  -8.82975875547990       2.850481039381292E-065
  -8.82520295449733       1.175653459830345E-012
  -8.77602847250402       6.604259575724822E-011
  -8.76690967289828       1.468303393696210E-065
  -8.75386284356759       4.021220079185309E-011
  -8.62613228871672       9.856177132317997E-012
  -8.23314951512213       4.534378009980442E-069
  -8.18643114168549       7.328347104753354E-011
  -8.07678666303372       1.443836395551354E-013
  -7.98273823760633       6.825161609796460E-011
  -7.97621938918662       1.472025104317610E-065
  -7.81793808740263       2.128641021365660E-011
  -7.24947023617532       1.367339585381630E-014
  -8.91410905542432       3.564130502637079E-073
  -8.86183958511172       2.680858757869357E-015
  -8.83294575084633       2.133545663396180E-068
  -8.80998995009007       1.914524086220198E-061
  -8.79943655922705       5.193760133111653E-014
  -8.75079207992401       7.037521994439872E-008
  -8.74269487892546       7.048265553932530E-064
  -8.73486371822874       1.624390146781203E-007
  -8.60976265750238       9.119765991477812E-015
  -8.20900022277226       7.510036232863218E-071
  -8.16281460974819       7.090670200176282E-014
  -8.05386660458421       1.833311396299158E-006
  -7.95780161781478       7.335982748426628E-014
  -7.95240477275154       2.872848518745659E-067
  -7.79851409228170       1.953106202159012E-007
  -7.22714481010621       3.562515582458146E-017
  -7.75005885410800       2.078261997688375E-049
  -7.71508363468719       3.643383606057773E-042
  -7.60566547831853       4.452639936041650E-038
  -7.59456287927377       3.056742908754271E-037
  -7.50566573794445       1.388801575965829E-043
  -7.48999105797730       9.325536130890135E-035
  -7.47588868815326       4.782959548627815E-036
  -7.43022323896239       4.137503424634720E-039
  -7.27584137736346       1.721970246052480E-046
  -6.96444404197140       1.876547842806081E-034
  -6.91466101416787       9.256731010159719E-040
  -6.78836139789827       9.146805398772865E-032
  -6.75698745499783       7.866916812725247E-032
  -6.67789313943148       1.343629808529267E-045
  -6.49092342472401       1.171338797903148E-038
  -5.94658550623579       5.815927592678067E-048
  -7.45004501803941       6.331742717855488E-069
  -7.40336500774232       6.209753485450454E-015
  -7.35563764082596       3.439782024818249E-067
  -7.33664798717219       2.422683644369873E-013
  -7.30463531937138       1.803184618472335E-062
  -7.28250301352603       1.257454297992975E-012
  -7.25650829958266       3.287993062398000E-063
  -7.18662264443753       4.319662593078313E-011
  -7.04644517349144       3.460512701409963E-012
  -6.73136053467763       1.738709336359619E-063
  -6.67184416120770       4.036998326193893E-008
  -6.56089191826270       2.006422867210713E-008
  -6.47671506985495       3.702712236291397E-065
  -6.46522234067820       1.550039638153528E-008
  -6.26885915182916       4.103243401882866E-010
  -5.73666239850073       1.904918903011607E-011
  -7.17263446358035       3.567003740984479E-072
  -7.14527834100377       2.583202871849718E-018
  -7.10403478384301       9.445321049867375E-063
  -7.09737162983451       2.815347954916588E-061
  -7.03637873145222       1.433728416488537E-009
  -7.01661738699128       3.599299093607092E-063
  -7.01290098712376       1.341696520117367E-014
  -6.95833945865140       2.316507088286176E-007
  -6.88880557839731       3.480835019209952E-015
  -6.47962577796810       1.442483934811553E-067
  -6.42746050792862       1.160830948620401E-011
  -6.31236750862935       4.939134603221615E-004
  -6.22444620072273       3.946077761915152E-066
  -6.18725668339878       1.081477954496976E-011
  -6.05875515825447       1.204811435247584E-005
  -5.46961230609629       2.559734558067581E-014
  -5.39777358693611       1.072887791903889E-072
  -5.37197999210343       2.524560820526677E-013
  -5.34404555414458       6.402196016651944E-067
  -5.28266179258415       6.734061181414652E-065
  -5.26148176264784       6.154590575039528E-011
  -5.24504637711561       1.454467810882782E-062
  -5.24292301516902       1.002928780535905E-010
  -5.19674543771538       2.591145846208791E-013
  -5.04607571112830       3.381503655387717E-011
  -4.67183270013993       9.167989384592290E-071
  -4.63358357049443       1.302702184202488E-009
  -4.51610618878292       5.191372735959379E-010
  -4.43055775318964       2.542371891567640E-067
  -4.41391365916978       3.476356969748166E-011
  -4.23035876258701       2.347232880091995E-010
  -3.65370308524290       6.428141327398358E-011
   4.52012261401725       5.330124244050773E-046
   4.55572067060686       4.025325602462784E-035
   4.57237004999773       3.178467411524088E-033
   4.67888990911619       8.882831608620179E-042
   4.68165576878473       7.073308963703383E-036
   4.74856864968681       5.604626499168978E-033
   4.75458595759352       9.181379226325260E-038
   4.81986812744139       3.002685231286084E-034
   5.01214876731726       3.416529397124410E-045
   5.26022486109368       6.364524477679746E-038
   5.31554645254117       2.643538234425727E-038
   5.46918490898425       7.982470681940014E-034
   5.49875873107747       3.806363869495256E-038
   5.54429346605847       2.785510798487019E-041
   5.78234059510166       8.553758652745484E-040
   6.31041409541058       5.170956850795368E-049
   4.53729021609657       3.450512955790849E-031
   4.57044955948831       1.586754966230035E-030
   4.64941822235419       2.231737358552854E-029
   4.69105525806957       1.510776563465059E-029
   4.71214136543784       7.477839092200366E-030
   4.76700840664147       4.508707356375256E-028
   4.78236537094752       5.773548407170585E-028
   4.82929333724888       3.856822253893867E-030
   4.94090307412331       2.903917933302777E-029
   5.27453789122988       6.919594715445699E-031
   5.34677899414035       3.959909151070280E-030
   5.46563806990143       1.699528282754232E-027
   5.51320438410417       1.683100117616431E-027
   5.59932069922868       2.164774733151242E-030
   5.75340049881826       9.164601378478618E-032
   6.32792485603559       1.014230238561821E-034
   4.50281699418494       3.239995582954052E-013
   4.55410736881471       2.300086512845069E-049
   4.62767119007015       1.129271282786180E-049
   4.67582734078045       8.682330392449602E-048
   4.75172175551144       1.418068604452547E-046
   4.75799096152260       6.588130094855074E-011
   4.78673516944363       1.449401025338283E-010
   4.83990729902422       1.792409921109822E-013
   5.00256167577154       1.530546809798690E-011
   5.26984641631886       1.710089919381484E-048
   5.34686979615714       5.040438890346643E-012
   5.48336951410638       4.269242266129360E-010
   5.50215397024837       3.283583908715332E-045
   5.59033038311778       1.048424403609514E-010
   5.78757706079079       2.551013593694336E-014
   6.33322355681296       2.533543349823760E-014
   4.67669519613956       2.532127049037034E-071
   4.73145106534120       1.279623883451305E-013
   4.75100070119681       6.609348076565683E-069
   4.80153253262944       5.919486158770088E-013
   4.80773130542687       7.915321745385254E-066
   4.85709964951263       6.377538803510772E-011
   4.86315663692615       8.086464328682898E-063
   4.87357554672163       5.658748116857621E-011
   5.03607818533535       8.712890100777761E-012
   5.39100901984159       4.556990603849992E-070
   5.42628494754156       9.182258784541511E-012
   5.56063715227272       9.772007856588511E-011
   5.65563634372880       2.710060645817419E-011
   5.66153208717703       2.270460764928949E-064
   5.84655578210524       2.033023648148023E-011
   6.41633549423046       1.707971474877900E-014
   4.71896336008819       6.759832623854279E-066
   4.77390122267710       9.181055410077991E-016
   4.79313907128276       7.160501732779418E-063
   4.84341202787154       3.266183963323915E-014
   4.84927962037614       1.566814972476279E-061
   4.89888031053344       2.463891837823931E-007
   4.90509243483838       1.498127985267591E-056
   4.91431115743262       3.974700935451936E-007
   5.07634087920097       4.793685603098011E-016
   5.43355544436420       1.295541241200057E-067
   5.46833167864233       3.586672714206747E-015
   5.60245010449599       7.037462863533026E-007
   5.69758187725832       2.134754679622651E-016
   5.70384415255632       3.913250284345045E-065
   5.88760354334125       1.431118631885472E-007
   6.45812172116847       2.708602794422348E-017
   7.09066518359180       5.986606955435049E-076
   7.11260892941546       5.988219960842223E-014
   7.15368877447077       2.325399329316815E-063
   7.20554624399815       3.267911311733145E-063
   7.24895399373794       1.550018463786100E-011
   7.25080519505990       2.058603634161041E-062
   7.26066231554273       1.798708887404062E-011
   7.31697224682497       1.080362049410436E-013
   7.46345075106773       1.150058545385782E-011
   7.80013232826933       1.298278284914803E-068
   7.85238007603150       6.759671238830075E-011
   7.97007501322798       2.534994477692586E-010
   8.05158501013804       6.041649339104307E-065
   8.09284642534925       3.872152304254318E-012
   8.26365898365683       2.739786358321865E-010
   8.82267261121564       4.680353637823437E-011
   8.83607301601217       2.311456399037120E-031
   8.89442671627866       6.732410512030803E-028
   8.97240716522682       1.975803423711394E-028
   9.02098758614956       6.985761087569693E-029
   9.09662110894430       9.381379421672877E-029
   9.12747832462701       1.424497721404668E-028
   9.14323908919413       7.100261133288943E-025
   9.21180489502212       1.591435700593276E-026
   9.37697064305872       3.537765765355521E-030
   9.61843939917217       1.242797974978908E-023
   9.71134911725090       6.527054198870587E-026
   9.84517701198647       2.520942011359916E-019
   9.85013646509360       2.813814665692610E-019
   9.95473255503884       3.444909274518832E-028
   10.1565569756643       6.564878653710802E-024
   10.6959668884772       1.786276116893467E-028
   8.90816900470362       9.328667975864024E-045
   8.96388995679889       1.667704125330779E-011
   8.98101173645918       1.260047668343116E-042
   9.02664048111200       2.209691043861384E-011
   9.08721625011491       2.811950649346594E-039
   9.09628268665282       1.322074561098428E-009
   9.14450793505261       1.301209298151258E-040
   9.16780896624120       9.526586781245457E-012
   9.37525531752750       3.343890777772063E-012
   9.65610418544800       3.166589068655417E-039
   9.67944988960420       1.971504797183856E-008
   9.84773793728516       2.243686163039112E-007
   9.89798195011370       2.701573205572919E-006
   9.91863282178566       7.577282302480794E-038
   10.1523488896281       1.701219275699618E-008
   10.6867047865515       1.625339704049355E-010
   8.96679236008518       1.349180588236994E-044
   8.99872135252021       9.693561706759372E-014
   9.04163334672855       1.232923719651478E-042
   9.05777690957502       2.643892911509181E-045
   9.10910623594727       6.859883622294285E-045
   9.11356590138987       6.734083257108624E-009
   9.14356567968265       2.148708391005668E-009
   9.17309043399432       1.129745415876206E-007
   9.27332291468445       3.546079125141617E-011
   9.66832155833837       1.020264694990195E-040
   9.72343544420728       7.881920614385708E-009
   9.82694595846766       9.708302583547337E-005
   9.93047979416760       3.489031881033963E-039
   9.96804228775034       2.510842075820230E-008
   10.1039117876165       2.179714906606584E-006
   10.7003812231978       1.726208669436797E-012
   28.2302006416533       1.587560826563137E-077
   28.2545520751945       4.420274463854691E-014
   28.3023911525643       1.009815383904379E-062
   28.3611136834226       2.462066444514540E-066
   28.4061253514667       3.510483253780292E-012
   28.4136772087692       2.371913689852650E-060
   28.4214216230439       5.378030603858075E-012
   28.4852901596679       2.789194281102358E-016
   28.6468931758183       5.881772576597919E-012
   28.9482002751981       6.213041644597081E-070
   29.0057277263984       1.309713280307333E-010
   29.1395683978532       1.094189329018761E-010
   29.2064900599507       4.797177811282172E-066
   29.2489779647306       1.455465294571643E-011
   29.4418414788183       1.720908179632721E-010
   29.9965819477122       4.213059754245739E-011
   40.3786665459769       1.138222181616216E-033
   40.4315769050489       7.459392730447367E-029
   40.5056809954871       3.268410969066652E-029
   40.5762852183140       5.489550419737106E-031
   40.6366615765076       1.412257231455270E-032
   40.6802873360677       3.091719764637035E-031
   40.6996944439462       9.602062503227229E-028
   40.7747407188107       6.760796109901991E-032
   40.9522623166901       1.667263024015628E-032
   41.1563771141143       3.801211161012129E-026
   41.2672256985811       9.479157178182704E-029
   41.4005657119360       2.121348768241325E-022
   41.4191327822736       2.580660304207832E-022
   41.5141651414478       1.633227704360106E-030
   41.7315682224835       2.519129044107870E-025
   42.2708937915736       1.833918485335646E-031
   40.4763764667849       5.314315422824050E-052
   40.5388834660171       2.212170744633553E-014
   40.5504592059833       3.174987167888196E-049
   40.6106628103210       1.169078136502000E-012
   40.6670649618143       2.830863279076635E-047
   40.6882747241018       2.866951063115402E-011
   40.7312637470784       1.338020046246697E-047
   40.7558688064771       4.395485490651077E-012
   40.9831276009110       1.499645794241463E-014
   41.2333244930895       2.569870205941507E-045
   41.2584886117471       1.822385932087906E-009
   41.4469638703199       1.140249662170761E-008
   41.4924570200920       3.377506004890172E-008
   41.5027209262036       1.229918201620901E-042
   41.7583201506279       3.425147613421128E-010
   42.2902390764817       1.548203542468477E-013
   40.5933486499547       2.576966107466287E-048
   40.6251804321999       3.897826744436067E-017
   40.6797147472614       2.463149553115690E-046
   40.6974636178869       2.989002275651813E-053
   40.7513826560781       5.533149181642435E-051
   40.7646933002187       6.026742929196239E-009
   40.7883383902231       5.126031560420800E-012
   40.8269701725607       5.258001009069302E-008
   40.9479387113992       3.362127607960269E-014
   41.3089606811857       5.574333188637544E-044
   41.3724833064050       1.736078299754363E-013
   41.4837991245416       7.424867095810274E-006
   41.5768663883632       8.174441741447440E-042
   41.6201420455939       5.965826681343501E-012
   41.7767220965225       8.119732683083089E-008
   42.3706868728295       3.295164779931796E-017
   40.8663997230657       4.916575136450736E-048
   40.8760462194356       4.140979123896053E-039
   40.9281680510960       1.594854324665062E-034
   41.0482438362241       2.551935140781182E-039
   41.0491049404701       1.215889499687552E-045
   41.1088435779899       8.255651347824226E-039
   41.1217178933458       1.458074188984478E-033
   41.1915362331208       4.552228691622283E-036
   41.4102234753965       4.653564191538702E-049
   41.6094284460185       1.797762120099983E-039
   41.6771125890994       5.859748804601538E-037
   41.8602210258981       2.964770520791590E-033
   41.8714413322018       6.753290221587003E-034
   41.9256243867920       3.667399475903211E-044
   42.1843753509594       4.782622137447556E-041
   42.7170128638000       2.142784127803443E-047
   40.8812965718518       1.358724817813185E-032
   40.9103248699747       1.618049093749517E-033
   40.9899095053368       3.955818570004358E-033
   41.0421018794677       8.121310013461720E-032
   41.0745427288744       6.550979412660113E-030
   41.1367363308854       3.066644005736652E-031
   41.1464021001958       2.164031840143722E-031
   41.2049444548756       8.881296410496680E-032
   41.3446597269646       1.028848157945984E-031
   41.6228046146515       1.858568481517910E-031
   41.7170021214459       1.765060284107763E-034
   41.8480588515840       4.202094652307717E-030
   41.8845526176789       2.714737216232379E-030
   41.9777464597689       2.179173700003920E-031
   42.1579329536585       5.213090891722141E-031
   42.7336047892225       1.429832207452741E-032
   40.8535166914073       5.484701193029582E-014
   40.8956081176273       2.410356427141356E-054
   40.9637610890931       2.174957630082443E-050
   41.0463221179192       1.041161408575495E-049
   41.1015596671493       2.788516900391276E-048
   41.1214020314038       8.222525885513110E-012
   41.1532904924308       1.824410704320435E-011
   41.2214912688326       2.722303522415283E-013
   41.4054501004912       8.013899932684096E-013
   41.6182037817501       9.024727114691984E-050
   41.7139313873333       1.823184295432957E-012
   41.8725675955895       1.493087965399326E-010
   41.8750297682210       7.785994275615965E-046
   41.9696746822754       1.569730823942999E-011
   42.1923828543991       6.991938172191252E-018
   42.7397464481780       4.438719180268060E-016
   41.0003867034009       4.244957439052410E-069
   41.0582401059571       7.809651213821640E-015
   41.0794965698337       6.861277661725575E-065
   41.1520679879718       8.161829022932551E-057
   41.1523853299966       2.067039137501792E-013
   41.1950666955177       7.370747011668054E-013
   41.2089367043599       1.193675020345126E-061
   41.2415167940238       9.790626764807714E-013
   41.4225803960384       1.604575753016631E-012
   41.7346383631369       2.119144752380517E-067
   41.7714407775670       5.848349581330974E-013
   41.9266690470523       9.207925471527895E-012
   42.0158407120588       4.440124683842334E-062
   42.0208406457037       5.963742934267455E-012
   42.2350172957664       2.442413954492217E-012
   42.8074785095373       1.020355393438885E-014
   41.0476420856327       6.633273993673013E-066
   41.1060719050979       4.046918188717514E-018
   41.1264763879281       1.436473070674251E-061
   41.1980078066238       2.537324525052829E-015
   41.2007721646300       3.190744649641369E-060
   41.2428896769471       4.475656059244873E-009
   41.2577064774150       3.892106810239773E-064
   41.2890671178655       1.656804001218391E-008
   41.4720739939329       5.631259655485483E-017
   41.7824717185571       6.589991175904829E-067
   41.8185341021145       3.782903068135127E-016
   41.9748825401819       1.303666108388196E-007
   42.0638137581952       4.033268574067210E-065
   42.0676472595990       2.100263693967231E-015
   42.2835696861657       1.837419641155608E-008
   42.8549657352178       9.905930930612597E-020
   63.6160986793214       5.184094121399238E-079
   63.6430312323373       1.809129301977283E-014
   63.6967011346610       2.683945340928699E-066
   63.7607352227335       1.136659132539263E-065
   63.8075635185337       6.170341721703223E-013
   63.8199412073349       2.549271461038850E-062
   63.8263362482831       1.221957916540052E-012
   63.8967504015584       8.865399829134308E-015
   64.0709609325247       2.282621435842705E-012
   64.3428302314906       1.337148451195201E-070
   64.4057630728273       7.223045003529149E-011
   64.5533612426964       3.826429451001639E-011
   64.6075207675986       4.196505366014269E-065
   64.6522675412698       1.414224111569340E-011
   64.8623197199775       9.621705388101692E-011
   65.4140551326948       2.722654529853320E-011
   120.123747447909       5.375296767876548E-035
   120.149837513850       1.379160469317557E-029
   120.234393093978       3.661378790576304E-029
   120.312942273655       2.306328475690703E-031
   120.375771890320       1.022587350735246E-031
   120.402815892635       1.036969836011643E-035
   120.426983968803       3.784740135347578E-031
   120.507946080325       2.428171871354789E-030
   120.699512772628       7.970636510190086E-034
   120.878654627166       1.434771557422097E-027
   120.987360658633       5.278776581032988E-032
   121.135036823552       1.389581656403736E-025
   121.154708246554       1.387159739104044E-025
   121.232110606075       2.894961461101345E-031
   121.469116992948       1.454202288921985E-027
   121.999576280478       2.096547258914216E-032
   120.254025893538       8.037199997905416E-071
   120.313711230008       1.854296580592115E-015
   120.339332530943       1.154076896066464E-065
   120.421479630046       2.704742623393612E-013
   120.448366465818       3.825696548980876E-062
   120.489255601197       6.002947788370421E-012
   120.518930662528       4.972061551638700E-062
   120.563419545920       2.934567104698619E-013
   120.791650609587       9.283381233378864E-016
   121.007312682109       3.785469243521954E-066
   121.047882022256       1.415790367682933E-010
   121.243386748631       2.643314126962135E-009
   121.278738271528       2.612738702472546E-059
   121.288720701199       1.615451060498789E-009
   121.557329250103       1.063282966918409E-010
   122.080903970915       8.839231990207822E-013
   120.429032033560       1.206014384053745E-050
   120.462084668076       8.322558740076248E-019
   120.523635321273       7.524044642086135E-051
   120.560369428350       2.708611430857678E-056
   120.623504414167       1.662852418960774E-055
   120.633394493412       4.005465270140147E-009
   120.642123869492       3.062948822090527E-013
   120.705876444585       8.676680308215084E-009
   120.859032631311       2.223834959596615E-015
   121.154040974796       2.944939729754699E-048
   121.224182095642       3.134753110599935E-015
   121.359877087175       5.055823076157840E-007
   121.424089297478       1.532114816666511E-047
   121.469467420951       2.810325873125687E-013
   121.664069512487       2.201161613819817E-007
   122.233432421014       2.861390860133745E-017
   123.271271261450       3.442965496393784E-054
   123.302222371572       6.189084342451328E-015
   123.359289804703       4.036026200052616E-056
   123.429130482661       1.680901293741562E-053
   123.474783049127       6.091526570513008E-014
   123.494037359569       1.087502994102348E-055
   123.497371812413       1.139511845437765E-013
   123.573180871785       1.666944014661601E-014
   123.759737231282       7.411735271674825E-013
   124.007637406654       2.724458146540071E-053
   124.073343265719       2.240667128294949E-011
   124.234205006170       6.582843440786331E-012
   124.277732986364       2.990103809543126E-050
   124.321481636004       7.908255601485782E-012
   124.548845542347       3.944067435414262E-011
   125.099253063032       1.257390772882801E-011
   140.363461696527       2.386153573542713E-042
   140.377977596022       9.878143751642832E-050
   140.444846612481       3.353545270678198E-034
   140.552505695835       2.457771611520298E-040
   140.571769344575       1.355966623610286E-048
   140.618604911058       1.014256250573617E-037
   140.629982711988       4.458426585439605E-034
   140.708415218246       1.271226420054409E-038
   140.930539341401       1.333056849384204E-047
   141.105699952871       2.973039854114055E-044
   141.180230814034       1.174691757816422E-038
   141.373270547564       3.535737210831581E-032
   141.378032581550       3.429163927876936E-032
   141.432931445189       1.246448114422889E-047
   141.698186550990       1.490686110759822E-041
   142.225859280251       2.393479724196526E-048
   140.391411098798       2.547817289009051E-035
   140.398115768451       2.460820173136507E-034
   140.488930733541       2.605688744551274E-033
   140.543335585738       2.171979864328277E-033
   140.600973698839       2.048079097044977E-032
   140.643515179517       5.601012455060780E-034
   140.643990581875       2.570895397239642E-032
   140.721830641255       2.510473116170959E-032
   140.887491329547       3.292480641151978E-035
   141.118744402226       1.309911692350830E-033
   141.216358759124       1.789255820999809E-035
   141.364381638255       2.353986149356040E-031
   141.390443060382       4.726890346314178E-032
   141.473365771172       3.836688409703745E-035
   141.682658065688       4.778791167145460E-035
   142.241337525307       1.605262756448931E-036
   140.371175904444       4.338970656245180E-016
   140.383777185962       9.790116513983691E-052
   140.468469789569       1.006781148629013E-051
   140.553036741117       1.042692176157405E-051
   140.615107024933       8.837251407594631E-052
   140.624385684158       1.453388692621775E-013
   140.655037912696       4.323123890436224E-013
   140.734802197165       1.511558537209370E-015
   140.931973280114       9.230600066813382E-016
   141.113517894346       1.179069530905016E-052
   141.211545541021       3.372141494282474E-014
   141.382574921819       1.306896823599654E-048
   141.384701419857       5.253462976394462E-013
   141.466699081942       1.052463776688955E-013
   141.707805727754       4.801907166029391E-014
   142.245136696206       8.891734027874124E-017
   140.470588611545       3.179682895567992E-072
   140.526193305225       9.745238937440525E-018
   140.562273588101       5.562336579134169E-066
   140.635413851857       7.323733278625855E-063
   140.655753422134       2.612164418644985E-014
   140.686208038527       1.094675105208844E-013
   140.702212232496       1.213746573235384E-062
   140.756717449608       4.089728458877300E-016
   140.948841100311       1.195641317524707E-014
   141.210528373481       1.325014627545145E-071
   141.258461463723       2.245651601632617E-015
   141.426320104013       1.545387676692704E-013
   141.492106092411       5.824954144946244E-066
   141.511844422921       6.722764794423509E-015
   141.743993514216       2.799683563976482E-015
   142.301006372876       1.193164054512494E-017
   140.512055477965       7.845055227907206E-068
   140.569072639861       3.855263536151751E-019
   140.603373858930       7.837188062282881E-062
   140.679659437886       8.984179987412261E-065
   140.695022605857       3.520633291028084E-017
   140.728787987280       1.708838326128034E-010
   140.746742429797       1.268251141673067E-062
   140.799241538177       3.463857118077379E-012
   140.994676492991       8.321077964201276E-019
   141.253438971993       3.048977955368273E-069
   141.299780860325       3.222557817538049E-017
   141.470302560530       2.229266532542863E-009
   141.535078486484       1.393030585187237E-065
   141.552909454368       4.656159763197173E-018
   141.788296233482       2.353397973550959E-011
   142.343581871085       1.797109293039526E-019
   223.969907583183       6.161395282849377E-074
   224.000647881322       1.240238985529566E-015
   224.063481321335       4.475766248728178E-067
   224.133406197218       3.691163552699450E-065
   224.184965842595       8.419809625030998E-015
   224.202823844160       6.520798856795671E-060
   224.207501585942       2.655392619873316E-014
   224.288015224570       4.336045604974578E-015
   224.478885376097       1.771207637477378E-013
   224.702572020470       1.101810119439953E-068
   224.774113959666       1.007773468970715E-011
   224.940658961460       3.009004089517636E-012
   224.977401214894       7.026070667477426E-061
   225.026723539505       4.212306711551580E-012
   225.259544658373       1.284658442162825E-011
   225.801655665097       4.198658451325422E-012
   345.183137689979       1.892673854323166E-038
   345.191494843947       3.433110836133959E-046
   345.280652178963       6.345045320989691E-035
   345.360189497212       1.818489315739899E-036
   345.429307570405       2.135886722533211E-043
   345.431553287345       7.971501072746724E-036
   345.455684584742       2.508186132987129E-033
   345.540838789456       2.240476010699676E-038
   345.742899864044       2.267014823426509E-045
   345.888427016303       8.088336842315886E-036
   345.981087060824       9.761655992600104E-037
   346.153103517806       1.333439158181265E-029
   346.161626731097       1.303378436097024E-029
   346.218865313557       2.148796995022698E-040
   346.476988008976       2.928948426199831E-039
   346.975429684746       1.610216678419226E-044
   345.269842456606       1.399648160405802E-066
   345.325376718057       7.210243693478378E-016
   345.367809136197       6.996193053472300E-060
   345.466188201822       3.293750452938540E-057
   345.468781828676       1.870970941027071E-014
   345.518567027693       4.140450640179817E-013
   345.541340662883       7.900236524846729E-061
   345.600765020284       1.895358625466234E-014
   345.824638018056       3.374694440717722E-016
   345.992166715480       3.312961057589977E-062
   346.042998330845       2.625290628722394E-010
   346.241948581147       4.809257538288116E-010
   346.262651549175       9.590040812704814E-058
   346.279933372105       1.153908667317728E-011
   346.557274007321       1.176991560606781E-011
   347.052713753039       2.231959272299607E-013
   345.394685873140       2.252635254860601E-072
   345.432909135988       8.757830722623892E-020
   345.496447238525       3.047485598674677E-062
   345.553420250700       3.626898043109321E-059
   345.618109755704       3.470698636337617E-016
   345.625387822052       2.116846946915432E-009
   345.625609173245       2.405312060439710E-052
   345.707200226245       4.330880351142102E-010
   345.889308932569       1.012718456516076E-016
   346.098726498053       1.353615900396367E-070
   346.168344729511       2.943786792566890E-014
   346.330667838639       1.011823298300853E-006
   346.368558995709       2.786371235579821E-060
   346.406388812889       1.046280106085235E-014
   346.642334509646       6.221544504336135E-008
   347.161388496219       7.825822997060757E-018
   401.023443577860       9.633182816178469E-073
   401.057114227936       2.508177744006977E-016
   401.122001900525       4.711803480255436E-066
   401.194553994104       3.549694611675301E-063
   401.245874996468       9.327589023526552E-016
   401.267407103870       1.135570966947146E-062
   401.269455995416       1.837313759033377E-015
   401.353492152695       1.398299693851656E-015
   401.550572376716       3.709107517538020E-014
   401.748544206359       1.125298113720615E-067
   401.820962892746       2.095521016031781E-012
   401.995196926726       5.531482959812003E-013
   402.026477754424       6.718770357806373E-061
   402.074036956020       1.229352625880746E-012
   402.317577133883       2.787218662397395E-012
   402.847447114611       9.755088123216051E-013
   419.881159990947       6.904437643318007E-044
   419.912923528825       4.778888789175246E-046
   419.979299230147       9.427947728502320E-035
   420.073302640028       2.601617262036073E-041
   420.105271268383       7.911803651389642E-046
   420.146800677891       1.007972792759722E-036
   420.147774843030       9.883937909377142E-035
   420.232780534727       3.920699270801062E-041
   420.450786989665       4.706660522076911E-045
   420.595251330262       6.230522474028592E-041
   420.667376500277       7.963169121280764E-037
   420.862694494301       4.236015248814395E-032
   420.869399646724       4.146743488177027E-032
   420.913342758135       3.190657745992419E-042
   421.185103812737       2.875579317921331E-043
   421.683523601810       1.506849663258779E-045
   419.906258607349       1.237376380899958E-037
   419.925038410968       6.447338869127324E-036
   420.007298110653       1.716867484451958E-035
   420.071487599349       2.319298549161074E-039
   420.142747046307       9.200897543179903E-033
   420.148557275217       5.584927112928592E-033
   420.159899856262       1.725912187501329E-034
   420.244896939387       3.289525524083099E-034
   420.432882370692       2.262751339068478E-034
   420.607295769266       1.645181602780345E-033
   420.693162181004       1.282273224771814E-036
   420.861779017445       1.477470843632525E-032
   420.880961152756       5.889512228165772E-035
   420.939532770318       1.738965169650489E-036
   421.181886975305       5.101868426268727E-035
   421.697089421847       5.772899253723306E-037
   419.895913168107       2.327658385237376E-054
   419.913292953658       2.438735973393324E-016
   419.994809994786       5.473145855587620E-054
   420.076764178726       2.356942500401737E-055
   420.135886086528       8.767303367871821E-016
   420.148873821232       1.283389991975692E-051
   420.164935352458       4.138657914762235E-015
   420.250574288519       6.113561202958575E-016
   420.455892689584       1.333832622937771E-015
   420.602685654122       3.990501932443867E-053
   420.688254828467       4.601211145422719E-014
   420.872443940878       3.747057829652327E-014
   420.875526682657       1.329207775793996E-052
   420.934402565573       1.123358160439013E-016
   421.194263200952       3.866515615687972E-015
   421.697598302233       7.374415770399636E-019
   419.963011456383       6.752291383740901E-071
   420.014438700316       9.845587129508214E-019
   420.064385820620       9.070584408662092E-063
   420.139677193180       1.717552123945823E-061
   420.172809521496       2.210546899206514E-015
   420.198411911793       8.154498193796549E-015
   420.213647930380       5.116653455669830E-062
   420.281116563232       2.511847645959119E-016
   420.482348175222       5.264907234732950E-015
   420.675330897168       8.783034742121156E-068
   420.731812127551       2.137157946640412E-014
   420.911644187797       7.541595172687071E-014
   420.952653057462       2.190332959891885E-061
   420.978014601311       1.013422286080082E-015
   421.231570312119       4.607210533543625E-015
   421.746041751800       9.461355659537397E-018
   419.995514101672       3.012728039788917E-070
   420.048209802230       2.282375358819372E-020
   420.096671903587       1.707790886488776E-063
   420.174490673777       7.357496223648415E-067
   420.203630550895       1.653213283747637E-021
   420.231831989571       7.772395672699369E-013
   420.248630909784       2.848679755662969E-066
   420.314510833641       8.538145610238783E-012
   420.518291392937       1.173595760682609E-021
   420.709005921829       3.477764819206686E-068
   420.764124115850       2.142722307206482E-018
   420.946224650170       3.133354889500589E-010
   420.986392579633       1.648152743521724E-065
   421.010293504991       4.306042957677700E-019
   421.266323935583       1.915126250450911E-011
   421.779430265487       2.372190868955154E-020
   718.993611336898       5.154055938620967E-075
   719.032264754980       6.807380074484048E-017
   719.096835207928       2.456366205643284E-070
   719.173021878132       4.715384014140428E-065
   719.220349668695       1.883258210959335E-016
   719.244857086371       9.258788582153532E-016
   719.248367105982       2.442907094125667E-061
   719.331469053562       3.976745016134179E-016
   719.534555675307       9.854565304267391E-015
   719.695732895675       2.915128466718362E-069
   719.765235878482       6.039529307458942E-013
   719.947900957574       1.227240777042872E-013
   719.973172542983       7.322829549811907E-061
   720.012827631871       3.762625406641860E-013
   720.271027198647       6.326427525769570E-013
   720.773379111517       2.429016027092326E-013
   1882.79783032586       5.596093519449987E-072
   1882.84481462186       9.293039912543870E-018
   1882.90671903555       5.202882078422328E-063
   1882.98884455386       5.609907284793401E-062
   1883.02719570977       1.114298850970725E-017
   1883.05217691738       3.098793189955401E-017
   1883.06587315543       2.398229617410399E-071
   1883.14133413357       7.681987865088185E-017
   1883.35118487509       1.448694195255587E-015
   1883.45733023331       1.779313767021000E-067
   1883.51857396733       6.493462949815572E-014
   1883.71307288250       1.467186002852705E-014
   1883.73255055979       2.277883526910802E-057
   1883.75597121982       5.085895525597208E-014
   1884.03652201438       6.898032088753693E-014
   1884.49362717415       3.137928154410143E-014
