                  1264
  -19.1971009104826       6.267247455418685E-072
  -19.1500656564518       1.662737994551187E-008
  -19.1474359344884       5.420157471661258E-071
  -19.1323759461631       1.943340678750021E-069
  -19.1032875927792       3.372595437068714E-014
  -19.0949429954201       4.251122233774008E-067
  -19.0729578831413       7.589775916992776E-008
  -19.0488061975347       1.971469549152245E-014
  -18.9618009911092       2.742050591448144E-009
  -18.5120429062796       3.106752237354731E-068
  -18.4697057486180       1.463122518156507E-007
  -18.4198567078831       2.479746712331801E-012
  -18.2440263321561       3.439469206092895E-070
  -18.2097723195201       2.095465629719708E-005
  -18.1279252423899       3.527677980946861E-012
  -17.5321858258317       1.131764033878124E-007
  -19.1382436303865       4.314244269833711E-071
  -19.0767167615406       9.150068934777503E-013
  -19.0624760528147       2.268539243069952E-067
  -19.0616566695839       5.736414761740598E-066
  -19.0170775769404       6.279932665918964E-011
  -19.0010902925001       1.911203841685606E-012
  -18.9787924504938       1.030382946574981E-068
  -18.9443880934279       1.960797182558030E-013
  -18.8683517903874       5.033253566413388E-014
  -18.4591279665895       6.108063228001134E-072
  -18.4245068857682       3.270836680050154E-013
  -18.3191290885691       1.197849276708884E-009
  -18.1738300589556       2.039457688098566E-067
  -18.1451763068693       7.478500244950179E-009
  -18.0417635682345       3.660973078460940E-013
  -17.4614928437545       1.881047766581825E-011
  -18.9268468323899       1.911990273392890E-070
  -18.8714908560992       7.082157198934040E-011
  -18.8669228454335       2.371446399043150E-067
  -18.8517421318380       9.623533286050177E-070
  -18.8061890388498       9.767226043849921E-009
  -18.7946617445745       5.105078561272145E-009
  -18.7889057212015       4.389968676517458E-064
  -18.7656942331165       1.273314931689301E-009
  -18.6795913922535       1.765178116550115E-012
  -18.2574195437355       3.033719862627031E-070
  -18.2094771172507       2.291416375295432E-009
  -18.1303074373155       8.725613391559340E-008
  -17.9733799333536       5.442463929893248E-067
  -17.9483521660351       7.770227908617741E-009
  -17.8522751274955       7.246648255294059E-010
  -17.2661638817857       8.818865553183406E-011
  -18.8920511239499       3.974644588828524E-075
  -18.8567325238121       3.103434743220161E-008
  -18.8455778245227       1.921932081851384E-067
  -18.8362540511430       7.479250488483257E-068
  -18.8000483718676       1.305857938845935E-063
  -18.7927941467260       2.419071571053815E-009
  -18.7783481685970       7.221360392894252E-008
  -18.7589394604409       1.366770059156004E-011
  -18.6793073494594       7.872717779951089E-010
  -18.2234889927929       9.601367528459718E-066
  -18.1780147870634       3.795952428216614E-008
  -18.1235150696797       1.291646469200421E-009
  -17.9597271650379       2.667351286040745E-067
  -17.9230387468497       5.646555242005469E-006
  -17.8501314306074       1.384274079433380E-011
  -17.2566582359844       1.043179118504995E-007
  -18.8906864794090       3.073655701992116E-071
  -18.8436413684514       6.134722204214488E-009
  -18.8248427089065       1.867951417010846E-070
  -18.8059846725490       2.870245349135622E-068
  -18.7846243293151       1.185283129112065E-012
  -18.7660913362017       5.985708900537318E-008
  -18.7655459419272       1.447435156503669E-060
  -18.7058669318580       1.393055001003693E-018
  -18.6156440336608       4.473721607511544E-012
  -18.2081954598370       3.062093874184202E-066
  -18.1485693860387       1.435642218520584E-005
  -18.0998324806803       2.937274840324700E-011
  -17.9281249114853       1.977900174019209E-071
  -17.9138708425182       3.501723704193799E-005
  -17.7842146630712       1.168215452737987E-013
  -17.1905688629526       4.031419678536703E-008
  -18.9156658801769       8.483664593526338E-038
  -18.8658250433263       4.765193166509917E-047
  -18.8506376893797       1.823029658628303E-042
  -18.8288326967547       6.448151436911773E-042
  -18.7980819337537       4.256026607843507E-038
  -18.7896392565624       3.046797422020111E-046
  -18.7557188945533       1.133135852720886E-043
  -18.7306121430383       5.053586163510371E-042
  -18.6479681813332       2.163272499891515E-047
  -18.2165846798715       1.037154807218165E-037
  -18.1842492620600       9.896046727729857E-037
  -18.1401768419549       1.427740926981368E-042
  -17.9498892881815       1.057161403755493E-036
  -17.9412360424309       1.622606346431713E-037
  -17.8256310056340       3.229613554358439E-041
  -17.2425378095100       1.356092371909307E-043
  -18.7309713664598       1.326618500250440E-076
  -18.6780271804705       5.509159605965536E-009
  -18.6643857345301       8.905146786524237E-072
  -18.6617169841796       2.565453110961633E-074
  -18.6256813117455       8.709812487392111E-016
  -18.6097972232299       3.487651785743529E-068
  -18.6045226706314       9.183227062864256E-009
  -18.5694748371711       5.044661836336053E-015
  -18.4674883763258       9.373478524588393E-010
  -18.0414523968713       1.076663992677913E-071
  -18.0084496332680       1.853782547239055E-008
  -17.9373492771037       5.785961417635329E-017
  -17.7699657323233       8.491784640456286E-071
  -17.7424613904245       1.236270856696695E-005
  -17.6408842634645       2.674668838693434E-014
  -17.0541015419949       6.954284627025313E-008
  -18.7440141376897       6.319401405853953E-074
  -18.6740297176502       2.122232735227580E-012
  -18.6597999022003       4.990617568050931E-065
  -18.6442864517409       1.316981389783623E-066
  -18.6154827411359       1.696102829460086E-010
  -18.5954718569664       2.629581601973799E-011
  -18.5641531402739       2.375343804348297E-071
  -18.5333086220729       5.688929020834854E-012
  -18.4417287039282       1.751677984128510E-014
  -18.0416308047857       1.637063878980321E-070
  -18.0198462577755       2.767914868915538E-011
  -17.8912970947226       1.413213029560393E-008
  -17.7615131642096       5.254023909854085E-069
  -17.7480559380099       2.744646716800398E-008
  -17.6126152759831       5.234549987338610E-011
  -17.0290051383802       1.692086439875991E-011
  -18.6482717041387       7.083128335920542E-076
  -18.6104816707009       1.163858880860785E-009
  -18.5965279593407       5.285869206711495E-075
  -18.5895255003162       9.608799203836985E-071
  -18.5552645955681       1.368025119774023E-016
  -18.5398319700145       1.907675309677883E-070
  -18.5222566886811       2.907531917204193E-008
  -18.4895124358473       3.695179960151879E-014
  -18.3936841166780       6.716952982365742E-011
  -17.9809370603295       3.364461903054975E-077
  -17.9416676269665       2.953200399700744E-010
  -17.8872675769297       1.079063270419925E-016
  -17.7043919581404       3.698101291132042E-076
  -17.6693602488832       7.091799591641306E-006
  -17.5699590644330       1.921494282199804E-014
  -16.9851172180202       5.276739839034113E-009
  -18.6513081617013       1.184213710683354E-044
  -18.5999347556827       6.413226909545452E-041
  -18.5816645605220       3.151561128006359E-041
  -18.5798990459007       5.424100661995313E-043
  -18.5659551831872       3.191150903686718E-038
  -18.5494775437555       3.801775812746861E-038
  -18.5230795072781       2.302002980660990E-038
  -18.4957369588702       3.800367845883204E-041
  -18.4208269999124       2.366428825792331E-041
  -17.9800450994111       6.282924793136970E-044
  -17.9627785464033       1.761462163247122E-037
  -17.8928785434288       2.317312685800576E-040
  -17.7058576282594       3.187375721869779E-041
  -17.6671809204931       1.205844194016706E-037
  -17.5952991063914       1.278832167550954E-040
  -17.0060652668277       5.722347035470696E-039
  -18.5317641233456       2.109244685054992E-043
  -18.4952476983205       7.308849569293787E-040
  -18.4821475638381       3.744025182485530E-041
  -18.4778142883678       2.359929494505631E-037
  -18.4483162291618       4.126965498975238E-042
  -18.4286035210384       2.222076257091954E-041
  -18.4140142869862       8.520036269266757E-042
  -18.3835242982521       7.204233733057656E-042
  -18.2890700507695       8.963950152994044E-044
  -17.8670569994918       5.837833052753840E-042
  -17.8366898172091       6.145582626521580E-040
  -17.7828202427863       1.818508208599138E-040
  -17.5930732916483       2.022854373434343E-038
  -17.5613193489772       4.049094569556213E-040
  -17.4651104188705       1.169617204855074E-044
  -16.8795303719188       3.867655733627138E-043
  -18.2523845899655       2.146605859520990E-073
  -18.1961284062668       6.112054178185025E-071
  -18.1736326269006       7.701133593353866E-013
  -18.1700624326588       3.806069393778544E-013
  -18.1666334433140       5.228700147364948E-065
  -18.1289318496026       2.080934115503645E-069
  -18.1169612494892       8.423084871749934E-012
  -18.0977704605886       2.964458974946941E-014
  -18.0110060953416       3.665340376824303E-014
  -17.5798913458355       3.320479218901073E-073
  -17.5579225250432       3.553472956915138E-013
  -17.4986308850092       7.149301281291229E-013
  -17.2791463921595       3.845353305238184E-069
  -17.2589848625675       2.546356438192404E-010
  -17.1777168438420       3.168930618106858E-012
  -16.5801358662342       1.194655295076191E-013
  -18.1587100365338       2.109474455672677E-075
  -18.1225395638109       2.099261478720026E-008
  -18.1077944575011       6.434832511286492E-067
  -18.1041079644305       5.639052658166416E-068
  -18.0719477625106       2.305986782645831E-012
  -18.0651417351692       2.143515920809744E-067
  -18.0452842090860       3.568173186779791E-008
  -18.0199317044697       1.371032499678405E-011
  -17.9301522018766       6.663718720387429E-012
  -17.4911293345005       2.057709589280862E-068
  -17.4603219012581       5.152611554502592E-008
  -17.4049470725511       6.014083433228704E-011
  -17.2233163204229       7.903403012536016E-068
  -17.1904393592790       3.372474898666913E-008
  -17.1040306112426       3.217993424501671E-011
  -16.5147761396735       2.122903358986619E-008
  -18.1217604189374       2.088167363721197E-069
  -18.0690114231439       1.332579047496935E-010
  -18.0645408903485       1.050414974139032E-067
  -18.0517228101701       1.453141333393077E-066
  -18.0053653096672       1.423056255540229E-008
  -17.9967825671627       1.437697188524105E-008
  -17.9962934126748       7.145181115915013E-060
  -17.9663052274048       2.570277978676665E-009
  -17.8833555391370       1.347968449409971E-013
  -17.4543585304406       4.410791699382737E-071
  -17.4089997077740       2.005952404727983E-010
  -17.3360581523310       2.547384634486581E-008
  -17.1720931008066       2.422612158879072E-066
  -17.1422297334262       1.952556000678659E-008
  -17.0561826896668       1.337530703931059E-009
  -16.4685666551915       1.042898658101110E-010
  -17.8962624119314       1.810022408056135E-040
  -17.8901948442709       7.986090864733071E-039
  -17.8755050430337       1.314179265752451E-036
  -17.8568084455231       1.441452553440771E-040
  -17.8214214865971       2.631993079080107E-038
  -17.8066816104516       1.643016446592561E-038
  -17.7854097558839       1.952796695193278E-040
  -17.7483352616142       1.918778944269950E-039
  -17.6449792775611       1.234355039350597E-044
  -17.2209230675173       1.400203984050179E-038
  -17.1949155986555       9.111772438705547E-037
  -17.1387025605072       6.363641212906908E-040
  -16.9845547981531       1.298210341779987E-036
  -16.9597875151522       9.352279012846879E-037
  -16.8295604949269       2.840819079175925E-041
  -16.2556521453668       6.691627377359587E-041
  -17.9142261486384       6.889513374950481E-041
  -17.8803151749584       2.031805707741624E-040
  -17.8405027369984       8.323317958697481E-039
  -17.8048589949359       1.255997575659936E-033
  -17.8044337203229       1.435558350816935E-033
  -17.7900334045979       2.532420482513529E-036
  -17.7825148089400       1.861264413700471E-038
  -17.7428580417014       1.443564646296583E-041
  -17.6438879591380       3.758291419221360E-042
  -17.2018946651027       4.952547218868204E-036
  -17.2010546983714       4.687872388815077E-039
  -17.0964422790354       1.537550281356118E-040
  -16.9671374669319       4.411292997714306E-039
  -16.9439600349658       2.469684597940567E-036
  -16.8185743849246       2.770450017239748E-043
  -16.2314455070418       1.623546615612523E-040
  -17.7285414270129       4.746025581751526E-074
  -17.6778921613336       1.497102754992114E-069
  -17.6698053308956       1.236307070454374E-008
  -17.6577363608124       6.458468966323021E-068
  -17.6350290537110       8.531422553871871E-014
  -17.6201080288828       7.046245500874893E-066
  -17.6058732987700       3.947409742692367E-007
  -17.5834364941203       1.569411117568891E-013
  -17.5067400671572       5.884660689772754E-010
  -17.0609684974884       2.651785303488396E-071
  -17.0256157926503       2.168647474267873E-010
  -16.9664171801164       1.143129602212587E-014
  -16.7777496613119       3.369433599705916E-074
  -16.7461933389521       3.038431421134905E-006
  -16.6774345720874       1.478923479755813E-015
  -16.0830340409326       1.569334476129316E-007
  -17.6955230193302       1.543103202878832E-072
  -17.6331218940834       6.368420897501515E-013
  -17.6327529172710       2.508780894586675E-068
  -17.6186689414547       9.633017589924734E-068
  -17.5882255319000       7.898187023293091E-014
  -17.5715766893462       2.334439515523552E-067
  -17.5619893925319       1.804271626810169E-010
  -17.5365427061399       1.833753778174479E-010
  -17.4452157653733       2.323672108618471E-012
  -17.0232935075161       4.634716098524763E-076
  -16.9862608241244       2.495959539183100E-012
  -16.9173425252147       7.197952276816138E-011
  -16.7347213273977       8.215296074198918E-068
  -16.7088432421597       8.088986672042372E-009
  -16.6171162479033       1.008300046027581E-010
  -16.0266800886835       1.073607926914493E-011
  -17.7523969010063       4.059967575829463E-072
  -17.7030536679304       4.522022352185617E-008
  -17.6774964872320       1.971405934482950E-070
  -17.6624564239983       1.197592832154284E-071
  -17.6438334054540       1.134665898372627E-008
  -17.6288540652481       2.423732773937835E-013
  -17.6171160083800       1.495667360404928E-066
  -17.5856272283832       5.117241047091524E-015
  -17.4746300999608       3.687652638194434E-011
  -17.0538521947021       4.187315099082875E-068
  -17.0112121191146       1.592170878612745E-007
  -16.9345119240308       1.654293356270116E-014
  -16.7941850880927       4.894840486412379E-007
  -16.7929087100112       3.607089653319402E-063
  -16.6534828095185       3.523702712582249E-014
  -16.0717382901670       1.369603860249606E-008
  -17.7195334827992       5.446915042023593E-008
  -17.7152397255457       1.047514762943543E-072
  -17.6962058147054       3.901102601190940E-073
  -17.6570351448392       3.622956436024407E-069
  -17.6234513410111       6.533740279843147E-014
  -17.6220836398236       5.185431855337132E-013
  -17.6161629280925       1.735823199975603E-067
  -17.5790076784080       1.609173751324644E-015
  -17.4660358451266       2.877474067166371E-011
  -17.0341038316257       4.806814098868575E-070
  -17.0082853673135       1.068619138992518E-006
  -16.9346827190283       1.385718194189368E-014
  -16.8032594069196       2.841520307150470E-068
  -16.7849061272832       1.501732527182422E-006
  -16.6446469000574       4.196345043525668E-016
  -16.0611577044862       4.907641156766310E-009
  -17.4558714445272       4.753583415126041E-072
  -17.4325300399719       1.193848096093834E-008
  -17.4056970488379       1.104610260246632E-068
  -17.3771878567433       4.009202099571814E-070
  -17.3409733793777       4.494406460712864E-007
  -17.3381213601465       4.125172839738855E-009
  -17.3378393590103       5.481693989852322E-057
  -17.2867418676943       8.067338951995753E-015
  -17.1707093930126       2.932399620628334E-010
  -16.7448030102442       4.587808641835434E-070
  -16.6959768663442       2.459185227715209E-007
  -16.6231644876256       1.628790770091307E-013
  -16.4979636296551       4.035459757434318E-070
  -16.4858434054517       1.286638309483007E-004
  -16.3341304240625       1.360337425251733E-012
  -15.7367946104831       6.631795199670944E-007
  -17.4641731244610       1.440970281732220E-068
  -17.4039628469641       1.051683974688027E-011
  -17.3922116086092       2.339026284029344E-065
  -17.3727578116712       1.185193276623115E-066
  -17.3353771136426       1.268709153976170E-010
  -17.3318377942365       1.353905811460337E-012
  -17.2972174866517       2.926790566542573E-066
  -17.2844147515516       4.650531079104566E-011
  -17.1786421651514       3.943479253495348E-015
  -16.7632742250356       1.349856500895827E-068
  -16.7363244454457       1.026984016489418E-012
  -16.6192926880382       3.683997990244194E-010
  -16.4936441594392       2.109137627000570E-009
  -16.4924641134193       7.944907925269517E-070
  -16.3485455083592       3.662487708425586E-010
  -15.7604458659614       5.602136849991722E-013
  -17.3973492073818       1.045604182081530E-037
  -17.3603701462202       3.745789992282724E-045
  -17.3180245714147       1.824385638496898E-041
  -17.2547253753829       1.004396447279053E-038
  -17.2425820220644       4.072276429034684E-039
  -17.2271171549193       1.487844290191657E-037
  -17.1940955991714       3.327914511832992E-042
  -17.1400659172659       1.963449561795593E-041
  -17.0703823653267       5.289353763122437E-046
  -16.6545396404664       4.251424830768806E-037
  -16.6298479202346       1.997325746575418E-036
  -16.5603451962439       2.498992915067842E-041
  -16.4124397877357       4.871175296723131E-036
  -16.4035592760395       9.430406783304376E-037
  -16.2618971974466       1.990929975765432E-040
  -15.6941628169061       5.092721964430284E-043
  -16.7264774144353       6.516173510568230E-069
  -16.6975459756831       2.222165131691890E-008
  -16.6633472437666       1.225919011483741E-068
  -16.6556175919881       3.014072336587305E-068
  -16.6260431507142       4.956275115102206E-009
  -16.6217934223811       9.576962913260774E-009
  -16.6160741600029       2.233877204237624E-065
  -16.5455875316572       3.549150535422073E-011
  -16.4631692524209       1.334778660864019E-012
  -16.0517701106352       8.059491028649976E-065
  -15.9909359498949       1.426427039278257E-005
  -15.9477639695989       4.529031680940571E-009
  -15.7957146217439       1.622466594913958E-067
  -15.7639921298176       7.336098293985087E-005
  -15.6532940537161       1.730645234508173E-010
  -15.0853147590539       6.658839644376786E-008
  -16.5654732953544       1.433069886538048E-068
  -16.5237843836456       1.251906521749038E-010
  -16.5106109478339       1.986070293936631E-065
  -16.5030913760259       2.063535716677169E-064
  -16.4561212984910       1.926905073848402E-008
  -16.4413472212682       1.162965055140584E-008
  -16.4337436630487       6.906439450540354E-064
  -16.3967757218415       6.688469772888459E-010
  -16.3307296950812       4.324286271475110E-013
  -15.8949998701219       2.269584056501128E-067
  -15.8524496225603       3.321029543236799E-010
  -15.7655644664727       1.735595167057285E-007
  -15.6260761519093       1.291716872737309E-064
  -15.5929854603304       6.473374284469386E-007
  -15.5034715175456       1.788123124319599E-008
  -14.9181853843074       2.302357299421623E-010
  -16.3217748928995       7.374850722300900E-046
  -16.2879198913992       3.866214580993754E-043
  -16.2644457679580       7.483912232248300E-039
  -16.2581853364894       1.987483177556522E-039
  -16.2544655898108       1.320987529531663E-037
  -16.2376664732875       7.501012706459595E-040
  -16.2083166423598       5.772219755535572E-039
  -16.1967222011052       3.970187916445017E-042
  -16.1276705411730       4.677392207647617E-041
  -15.6671699420688       1.381201934097774E-042
  -15.6410324996358       2.026141885892149E-039
  -15.6046925578338       2.072098614021162E-043
  -15.3810238314382       1.420364205222598E-039
  -15.3483198615507       2.484064909718075E-039
  -15.2978618178636       4.009493102797813E-041
  -14.6964121308827       1.577048481115097E-041
  -16.2609437899824       1.886169895274283E-076
  -16.2247918407580       3.665726203915186E-068
  -16.2001268922215       2.619460526084370E-008
  -16.1933724093786       7.193976710783372E-016
  -16.1915497298155       1.192271425809317E-064
  -16.1701656832330       1.207401581383564E-072
  -16.1453679079396       2.351946490662405E-007
  -16.1297823992935       1.434199474048514E-013
  -16.0588939393416       9.172899128053516E-010
  -15.6053267913655       2.159689968957783E-077
  -15.5777437747034       2.148991805550663E-012
  -15.5392418561238       8.898708910306153E-015
  -15.3156462593175       3.658986758606041E-069
  -15.2824647510785       1.767779988296356E-008
  -15.2307653645944       3.160603109571863E-012
  -14.6323928072171       3.179317621823232E-008
  -16.2435650950608       1.339486172363742E-045
  -16.1956634450139       4.953017128377948E-037
  -16.1930953423463       1.114152577748844E-037
  -16.1883767037931       1.035623026566733E-040
  -16.1711334993204       1.617618765908330E-040
  -16.1570327936674       4.255092227199011E-036
  -16.1434277782022       4.630287567625862E-036
  -16.1165850675423       4.664549115985785E-039
  -16.0454167808932       2.486655649786908E-039
  -15.5876753867024       9.850020865275878E-043
  -15.5664081560640       5.782672820990785E-039
  -15.5152370159896       5.421057836662442E-040
  -15.3112558560685       4.992939128611221E-041
  -15.2774301962606       1.254471747046755E-039
  -15.2257390010950       1.327737334677541E-041
  -14.6358710895865       1.229005311402467E-039
  -16.1188206081216       4.008889058828833E-075
  -16.0807222702788       1.612997793635072E-075
  -16.0529102407700       3.554369241681507E-014
  -16.0490853532646       7.557245829919880E-011
  -16.0456679848826       9.728059461318543E-069
  -16.0208928015137       9.487550924201820E-070
  -16.0050445915095       3.414088288990981E-010
  -15.9880389881984       5.166415106957355E-010
  -15.9155959807842       2.024326303699400E-011
  -15.4619931473193       5.363466226727087E-074
  -15.4388021976234       9.253592321849286E-015
  -15.3980524765656       3.001761023756493E-013
  -15.1660556133360       5.879012842567886E-068
  -15.1391387465282       1.434894280049016E-010
  -15.0875888663135       5.299092667643406E-011
  -14.4888716431757       7.078278468377175E-012
  -15.8739111619669       1.383953697005523E-077
  -15.8358294445333       1.665514122119959E-069
  -15.8117218848983       4.411308008752983E-015
  -15.8005242774752       1.973437200428238E-008
  -15.7959646900036       6.285443373433715E-067
  -15.7766202497358       8.261824719530978E-069
  -15.7579744686409       2.222461491686048E-007
  -15.7469716982652       8.967247477713914E-013
  -15.6801948597448       1.647023424538346E-010
  -15.2096093339626       7.272589267118240E-073
  -15.1906781323021       5.518029494029971E-010
  -15.1453572401683       8.021259132238074E-017
  -14.9183833009038       6.169628114860410E-070
  -14.8959622377949       1.144158502275671E-009
  -14.8454083997473       1.135535571750733E-015
  -14.2375725416711       3.546127302208471E-008
  -15.9289118059963       8.405286823891613E-070
  -15.9008613368655       4.261610977322342E-068
  -15.8595435282767       1.159383261112644E-010
  -15.8570730048745       3.547398663295894E-011
  -15.8547801883244       6.280328540255962E-060
  -15.8301266043284       2.023073986899183E-064
  -15.8249117113551       4.928671128750786E-010
  -15.8107153519737       3.202028972812387E-013
  -15.7477703966852       3.280334796892010E-011
  -15.2745831004673       1.412976360360383E-070
  -15.2434581788701       4.173225566141969E-013
  -15.2027181582095       2.030929379089447E-011
  -14.9851691697881       2.965082771282604E-067
  -14.9635211555137       5.802167291740612E-009
  -14.9212151986710       9.604502709779675E-010
  -14.3192922805664       5.128118198515003E-011
  -15.8797319596449       7.885013214218776E-043
  -15.8428241311152       1.172856734148375E-039
  -15.8397391349825       1.889140079850756E-041
  -15.8326854479122       2.337481729047759E-037
  -15.8076380342046       1.408795125641088E-037
  -15.7980045116692       2.607941739262330E-040
  -15.7804513275073       5.573707065978090E-038
  -15.7547725483028       2.762428593218079E-040
  -15.6747167371950       5.793713258072169E-043
  -15.2254504844950       5.867900343556842E-042
  -15.1963377787725       1.106098596014631E-038
  -15.1544993852019       6.935867498707451E-040
  -14.9546813133722       9.435591747541862E-040
  -14.9196152697352       2.633272807693568E-038
  -14.8533455642049       1.465645279020043E-043
  -14.2664946927485       3.462078406518350E-040
  -15.8265678517169       1.148314870384545E-043
  -15.7904017549557       1.432305166382747E-039
  -15.7668482123959       4.154620791609025E-040
  -15.7607384445269       1.091820860687312E-039
  -15.7506498620901       3.250250286460936E-037
  -15.7397556980841       7.519802795011545E-037
  -15.7022225073027       4.666771887538105E-038
  -15.6905934385199       9.322565776360184E-041
  -15.6300948673113       4.112701428131263E-041
  -15.1688674970941       2.718391952654324E-043
  -15.1414429466139       1.745795019005141E-040
  -15.1002405933336       1.049010082776384E-040
  -14.8829100148971       6.526615438655252E-041
  -14.8432402908792       1.620162234223194E-040
  -14.8002801399642       1.811757710864932E-042
  -14.1954909009235       2.209680877990616E-040
  -15.6698604730408       3.437110975970741E-075
  -15.6223714274930       9.704715442590406E-068
  -15.6066620846473       8.897024244541753E-008
  -15.6024120961789       1.389854594189205E-063
  -15.5990504051755       3.170008911150489E-015
  -15.5707945916012       7.085319182761632E-071
  -15.5575449519393       1.485375598954192E-007
  -15.5377666526042       6.625638236745858E-013
  -15.4592185232998       1.288681283587378E-009
  -15.0070737158306       1.789436695236578E-072
  -14.9875297491257       3.157871975312526E-010
  -14.9375109617177       5.777316991857116E-015
  -14.7203672119536       9.393832407990787E-070
  -14.6949703054313       2.740723080952514E-006
  -14.6315603262259       7.357043157966499E-013
  -14.0368325726694       2.242145949227116E-008
  -15.5311398901573       3.991233465196296E-042
  -15.4789929610748       6.820346126370107E-036
  -15.4778474629166       3.631965138106263E-036
  -15.4638390729504       1.129612037774974E-035
  -15.4593231444155       3.388945337404005E-035
  -15.4398682723993       5.955775776115798E-036
  -15.4114009078694       2.024641238749663E-037
  -15.3913331188174       4.208713801813130E-043
  -15.3201677179228       5.470066065172345E-040
  -14.8633133962648       2.179880005956164E-043
  -14.8454441157841       4.304414708834725E-038
  -14.7911944520543       9.591797867476478E-040
  -14.5903106886655       2.714584229564119E-040
  -14.5518436426272       2.825922974365598E-038
  -14.4942350723277       2.421677729598992E-039
  -13.8992001979519       1.969405168435605E-039
  -15.4945367964554       5.170222262367447E-077
  -15.4509651241342       8.012819289691258E-069
  -15.4262593468652       1.381370817704986E-010
  -15.4206054222282       4.361157890010070E-014
  -15.4180641742695       2.069748006135949E-066
  -15.3927571979127       4.280178388648714E-068
  -15.3726401507333       1.733986160170326E-009
  -15.3594235804693       3.361641627574412E-010
  -15.2882168049336       3.287714211521936E-011
  -14.8307570718749       2.140153185075699E-075
  -14.8059436461828       2.234754628052715E-012
  -14.7555354649398       3.703852211435429E-010
  -14.5410332231792       1.089639915461534E-067
  -14.5156415909784       6.918239443158576E-009
  -14.4551588317606       1.684182442531642E-009
  -13.8529925914798       1.260663834332945E-011
  -15.5341903443472       1.223062317249021E-039
  -15.5199352534655       4.283756142016619E-039
  -15.5013847172562       1.721616568469031E-038
  -15.5004383361115       2.740646140788290E-036
  -15.4636757011046       1.925945992015067E-036
  -15.4531994136522       2.822351056588405E-038
  -15.4371268428039       1.340544667497917E-036
  -15.4063142653678       1.641102100054107E-037
  -15.3218718241490       7.637551287619414E-042
  -14.8757456061779       3.428368999666959E-039
  -14.8449592787953       3.058041026015214E-037
  -14.8038352512583       9.521325919069999E-042
  -14.6235457438450       1.781180559252566E-037
  -14.5835529888600       1.128967154701860E-037
  -14.5020732423618       8.689882518533100E-042
  -13.9196514480678       4.929324234823945E-040
  -15.6120405723277       6.776282453200589E-072
  -15.5794166591302       9.478697251913514E-011
  -15.5431741642724       8.112262604348010E-071
  -15.5223888743878       3.043632227068137E-066
  -15.5143028919396       2.155858647261269E-009
  -15.4934486965894       6.771390834862650E-013
  -15.4933312942463       4.726155567090975E-063
  -15.4368978968464       1.831737372662045E-013
  -15.3408090442493       7.811223651722362E-011
  -14.9204400710372       4.898008596235333E-066
  -14.8677875392482       8.420270963242139E-008
  -14.8022425669695       9.105503679164269E-013
  -14.6776872100266       9.625002040576229E-066
  -14.6644632836864       1.710591694420521E-006
  -14.5325652352596       1.973282639775432E-014
  -13.9659047529994       3.173173847357017E-011
  -15.3547971647244       3.358670769483689E-039
  -15.3424066405877       8.033120832624112E-043
  -15.3017239348706       1.019894312003045E-037
  -15.2730356040532       1.987154773375152E-036
  -15.2579715375166       8.869831307694535E-036
  -15.2491677984506       7.174632281888095E-036
  -15.2245440574806       6.642064478395046E-041
  -15.2038494522116       2.541535495908369E-038
  -15.1091275725436       3.056481163379369E-040
  -14.6608725912974       5.354777793143120E-037
  -14.6445888972181       6.362504882597351E-036
  -14.5638755427682       3.022623766671129E-037
  -14.4337886900458       2.922113845562261E-038
  -14.3940481553110       6.034417808802419E-036
  -14.2915722364582       2.132269654810396E-040
  -13.7050862100896       1.294600057482880E-040
  -15.2568235764798       2.576214673473658E-037
  -15.2562165171290       3.040217446537687E-037
  -15.2311997808731       5.327057467542008E-037
  -15.2154090418375       1.646567660014108E-039
  -15.1770831728382       2.486239762099440E-036
  -15.1666251678592       1.496370169212977E-036
  -15.1596321232097       8.147607008986198E-038
  -15.1194843880317       2.533996939392293E-039
  -15.0276823617105       3.430037168012873E-044
  -14.5961610040589       5.173488823291234E-042
  -14.5645847396342       5.338684535359799E-038
  -14.5127053511636       4.480797406035218E-038
  -14.3553605559616       7.017662495848252E-038
  -14.3106539351298       5.574351454805149E-037
  -14.2181208914898       1.399962027122869E-038
  -13.6446953587157       8.749587712537184E-041
  -15.2100242186979       6.458289854878613E-071
  -15.1856480929007       6.991136095663143E-008
  -15.1577930952022       8.077723175682417E-071
  -15.1450992262379       3.047572040038610E-070
  -15.1310741853870       5.419653286899219E-071
  -15.1240046508346       3.697463167256791E-014
  -15.0972525531780       1.618477158842615E-009
  -15.0733582951290       5.981347772759124E-012
  -14.9965176462563       1.238829954506775E-008
  -14.5363970888962       2.972240115103140E-073
  -14.5155889421798       3.061753967756844E-008
  -14.4531056865930       7.501638186434450E-016
  -14.2904330397569       7.054971880378438E-071
  -14.2463050701461       2.935301541669082E-006
  -14.1738917743526       8.263222202196155E-014
  -13.5868386958219       1.189228041262235E-007
  -15.0723966449021       7.846594305544167E-071
  -15.0347588238898       6.536579800988605E-070
  -15.0048877308997       7.380619122807529E-011
  -14.9992179589736       2.522154436284595E-064
  -14.9953921715056       1.019545868534667E-012
  -14.9722587466314       5.676185306506710E-067
  -14.9599330075831       1.868179059806215E-008
  -14.9444279445650       2.272340162663298E-009
  -14.8717600869713       8.259377661799285E-010
  -14.4146272268877       5.367793755394127E-073
  -14.3834801987557       4.712105059343065E-012
  -14.3405340995952       1.599114104455547E-014
  -14.1226727682534       5.883869297132953E-069
  -14.0975746367555       4.520551260128096E-014
  -14.0434359051003       9.979332904657602E-009
  -13.4447918337657       5.954922606683743E-010
  -14.9411771398234       3.687130391237516E-073
  -14.8988845348468       1.005819259249762E-007
  -14.8804725859684       1.629318853877160E-072
  -14.8751331784893       6.515098710001448E-070
  -14.8629969285391       1.823489229993358E-019
  -14.8545577361341       6.715980360401099E-068
  -14.8183884711950       1.334549251935385E-007
  -14.7973843497015       1.724087430891638E-012
  -14.7272864929974       1.532671253040849E-008
  -14.2705207998186       1.316608863508131E-071
  -14.2519916705996       1.334421136512573E-009
  -14.1930164913931       2.613522397185021E-014
  -14.0074550710703       2.529502776909667E-071
  -13.9642700836044       1.111716463252333E-006
  -13.9019888255722       1.806966450104124E-016
  -13.3101074338109       6.766032975449857E-009
  -14.9429262330136       8.943483158816206E-070
  -14.8896823380839       9.122275868342859E-014
  -14.8885298082930       2.021153350914773E-067
  -14.8738254289852       1.616284072827533E-067
  -14.8326149850174       6.749781761805523E-011
  -14.8300841261262       3.292746171870901E-011
  -14.8288117466526       6.054459495287574E-066
  -14.8128323770366       3.653828669205408E-010
  -14.7207329469865       6.067655094763080E-012
  -14.2703324893782       1.982390735993653E-071
  -14.2280511994816       3.451131954213999E-011
  -14.1675319236228       3.232586847749452E-010
  -13.9974543057214       2.502145250982591E-067
  -13.9833098263962       7.351008115245547E-009
  -13.8915019491464       3.944407383836955E-012
  -13.2989148988273       6.242769722274003E-011
  -14.7277373462198       4.738874930736304E-072
  -14.6888157631904       7.372406202908880E-068
  -14.6591042927716       1.918143275522707E-011
  -14.6582006549209       1.365605258728875E-012
  -14.6560002653557       6.412644230989031E-064
  -14.6283333645395       6.253247801849248E-068
  -14.6153373642041       4.375916518547608E-010
  -14.5945397707342       4.963694393051236E-010
  -14.5215290651578       1.581500003108631E-010
  -14.0716272469217       9.137595221777765E-073
  -14.0458453249877       1.330587023841216E-012
  -14.0046262617858       9.399183312218294E-012
  -13.7757931104469       2.827018404863918E-069
  -13.7473366528104       4.639191027053953E-010
  -13.6963948680470       3.142190560082607E-009
  -13.1003323689135       1.077819075634655E-009
  -14.7897542721111       1.021603786205826E-073
  -14.7607543576206       5.971061605668906E-008
  -14.7461943175958       8.508941417011140E-068
  -14.7035134358760       3.014628514268168E-066
  -14.6802695217396       2.860466015281150E-007
  -14.6779983078685       2.019547188740856E-011
  -14.6687739166649       5.744601397681288E-064
  -14.6336706736742       1.572767845834470E-015
  -14.5075037406207       1.351387745127776E-010
  -14.0733142896200       2.388470972205231E-067
  -14.0493512087993       5.585796215716654E-008
  -13.9607574896412       3.018108483484013E-014
  -13.8343650482503       9.846698259743257E-069
  -13.8240653466452       1.652808245532064E-004
  -13.6766164377568       1.668303157390980E-012
  -13.0865050691810       7.250264069654230E-007
  -14.6695597177807       1.872562427833289E-074
  -14.6227757178694       1.695011298252232E-068
  -14.6148786726837       1.419971371485189E-009
  -14.6027320669059       3.349822353451545E-070
  -14.5825401325896       5.502351294528954E-019
  -14.5697255747840       3.074757760508183E-065
  -14.5609410726016       7.261550481746756E-008
  -14.5426795757345       2.643132355607112E-012
  -14.4558229889488       1.712352154977526E-013
  -14.0042236015818       2.094815542292252E-068
  -13.9678679084563       1.038931369485614E-007
  -13.9227191711823       2.909687826188816E-014
  -13.7252866240002       1.587591605422652E-069
  -13.7110965938774       3.428336395275509E-005
  -13.6254215900616       4.613317649627757E-015
  -13.0301562061452       1.229239688195598E-008
  -13.8512401636795       8.302536787966943E-071
  -13.8064276406301       7.132559641764424E-063
  -13.7973292499400       3.823929127267414E-009
  -13.7814043860538       1.329451756252243E-065
  -13.7637554606849       2.009489248041403E-009
  -13.7474980335018       1.434025889478547E-061
  -13.7427445081909       3.814294378242139E-008
  -13.7188549485525       1.130111217506648E-009
  -13.6353000557123       2.595799806753187E-010
  -13.1894114732522       8.616562190960357E-066
  -13.1474762968537       3.904206876230521E-007
  -13.1035720094877       1.046973259222711E-009
  -12.9122426921746       1.450238240852696E-064
  -12.8884426886465       7.396070354859615E-005
  -12.8185274545954       2.153134766662366E-008
  -12.2300674867791       1.819815432708727E-007
  -13.8234170741955       1.114484391219920E-069
  -13.7704690439754       1.141198054535857E-064
  -13.7692405402279       5.103894132079164E-012
  -13.7437661055336       3.298064167208575E-064
  -13.7307491766384       4.804355424207833E-012
  -13.6977275447417       4.009298292921338E-062
  -13.6931988224551       1.388514256704453E-010
  -13.6791576900455       2.142031295547855E-008
  -13.5837857393765       1.190883185457495E-010
  -13.1433689642316       3.142896746045241E-066
  -13.1164989876500       1.735442313210502E-010
  -13.0349507628709       8.197084759493987E-007
  -12.8727597606721       1.193932475362938E-065
  -12.8585294833317       1.439064213434284E-005
  -12.7589869079848       1.748166807377417E-006
  -12.1657194443962       7.488113880071548E-012
  -13.5189244798517       9.805582983747073E-045
  -13.5157013426089       2.960967744369613E-038
  -13.4191798832100       4.168706377206667E-041
  -13.3667923345499       2.325608429889198E-037
  -13.3288741323773       1.946045333544910E-039
  -13.3229375107903       6.223451680690169E-040
  -13.2636312030391       6.327373859839393E-044
  -13.2601106258964       1.787053000544809E-040
  -13.1217325191493       3.248626701357275E-045
  -12.7542157861774       8.001268578635203E-036
  -12.7378864932823       2.036786346157462E-036
  -12.6251639300003       2.695003518620259E-040
  -12.5430804911954       1.832786591786695E-035
  -12.4964742618229       4.113340619019792E-037
  -12.3272814301873       1.335827020336225E-042
  -11.7740284452815       4.553196415243462E-041
  -12.6097827135189       3.169786268994711E-071
  -12.5750132426453       1.573743754774912E-009
  -12.5283769621349       3.131238119906780E-069
  -12.5052899340660       4.902568265574362E-063
  -12.5045200427644       8.351902530569425E-009
  -12.4782685882459       7.299500446107038E-017
  -12.4565423090558       2.329249788697870E-064
  -12.3815177971707       2.859190243186341E-012
  -12.2730964126360       1.395998232124927E-018
  -11.9161885668797       9.300512296024292E-058
  -11.8557950268248       2.048594470267911E-005
  -11.7809313504511       6.916600847896230E-012
  -11.6616126468727       3.956668001835036E-070
  -11.6375279237550       5.426274860969373E-004
  -11.4828092506420       8.490107960143634E-013
  -10.9376920045859       2.067201584747772E-008
  -12.1599136187341       3.875086636593668E-072
  -12.1371419606930       1.939404788005337E-013
  -12.0996343299813       4.772915126170065E-067
  -12.0979592333032       1.088968167962660E-065
  -12.0448982357411       4.938279715292898E-010
  -12.0344541631098       3.298898942111142E-063
  -12.0164378882511       4.109712814965233E-012
  -11.9707994116715       4.426693957516062E-014
  -11.9133897399704       5.978825555044856E-015
  -11.4868843495846       1.311157820086693E-065
  -11.4395940701660       6.860310545036018E-010
  -11.3467687806621       9.091353020906735E-009
  -11.2307052757289       5.251343537904431E-067
  -11.1806953405111       3.441411241968352E-007
  -11.0885859267188       3.848213944002493E-008
  -10.5046359868447       3.084709092242078E-014
  -10.8307608572551       2.973393253024963E-039
  -10.7946199918640       7.160155564795352E-036
  -10.7555014916581       7.482391342565356E-039
  -10.7155169897228       1.455203813239318E-038
  -10.7006453106611       1.525940649011874E-036
  -10.6573974982980       6.545156541745798E-039
  -10.6078988063822       4.010618988088034E-039
  -10.5618714157093       3.060897764076887E-037
  -10.4249780358878       2.978267355724402E-040
  -10.0795685438611       3.211210512946715E-038
  -10.0380496147365       3.731886042400364E-035
  -9.93811762932244       3.677905121334769E-038
  -9.88175617669587       4.892223466864904E-035
  -9.84770667768773       1.574414281747943E-036
  -9.64421616203039       7.801985818576779E-043
  -9.10934190840378       1.644652355482312E-038
  -10.7856865322224       8.110773963641904E-041
  -10.7737049933526       1.080574406337031E-039
  -10.6731260235946       8.436142454406169E-038
  -10.6598751669852       1.126001004537273E-035
  -10.6074693366884       2.155247096937168E-034
  -10.6033663956457       4.354414501727700E-034
  -10.5937006247881       4.289372989877989E-035
  -10.5345956589382       5.267112457461224E-040
  -10.4477491701220       8.177623872668384E-042
  -10.0381458180902       6.921110116969806E-041
  -10.0113186837181       6.523789637616296E-035
  -9.88504820567514       2.165570980791127E-037
  -9.83917049306969       9.719687123987646E-039
  -9.77562696148839       3.740370490159200E-035
  -9.63636474505914       5.205917598145105E-040
  -9.06366408592720       3.505914745514796E-039
  -10.6069901755024       1.289470222403230E-069
  -10.5689841506838       5.529799024574170E-007
  -10.5218005077554       4.039619099581063E-068
  -10.5021268505174       6.100468995251798E-007
  -10.4697002363850       4.018993260743534E-067
  -10.4495550938948       1.100506788646012E-013
  -10.4408695875034       9.613452634615290E-068
  -10.3836979431711       8.250625883337674E-018
  -10.2605815034474       6.059403374743920E-009
  -9.88678842068690       7.485987193718118E-074
  -9.83606440884396       5.029450309928421E-008
  -9.72731404859125       6.493291706363262E-017
  -9.64851388490450       8.711588322118307E-006
  -9.64728641439289       9.317209432643044E-064
  -9.46346417526816       2.571094848027463E-013
  -8.90707205298273       3.473446330398040E-008
  -10.4455479186309       1.590121468406371E-008
  -10.4317114149488       3.912642646746049E-072
  -10.3693129522460       7.132702132950130E-072
  -10.3246939669810       1.386211231063023E-067
  -10.2991568842328       4.551855253530054E-070
  -10.2792322444495       2.668412578008201E-008
  -10.2743862341033       2.691924083246290E-012
  -10.2255343073245       2.254264402513123E-015
  -10.1223519906441       3.269961600446638E-011
  -9.72113404222039       6.230064802389306E-071
  -9.68409273736213       1.771494546578053E-008
  -9.56932785312718       2.419275339923414E-015
  -9.51000415951492       4.054766733902772E-069
  -9.45075821580703       5.185884818078367E-005
  -9.31369192706326       1.241793449454495E-012
  -8.74409335284910       4.077785143770568E-007
  -10.1567011852321       2.559292527489741E-007
  -10.1565243948316       7.545995372990094E-070
  -10.1139872951235       2.167635888261331E-068
  -10.0611660860017       1.060468920415362E-066
  -10.0300948168061       1.824803428378707E-006
  -10.0169054137519       3.711377676403560E-013
  -10.0047429482032       4.682704659083785E-065
  -9.96427541916605       1.001246126200320E-015
  -9.81763222114353       2.931936139501103E-010
  -9.42766209598918       1.839101337465697E-071
  -9.40203247617390       2.922073345564498E-008
  -9.29300878299270       5.032989325043130E-015
  -9.20921203258280       3.770011149575025E-069
  -9.18410296080556       3.002383146521717E-004
  -9.00153770395171       3.139606235067511E-012
  -8.42560189682247       3.874635701062562E-006
  -10.1799275346252       2.300345417208359E-068
  -10.1318813018604       6.575848886595002E-011
  -10.0970395162109       6.180546797185237E-067
  -10.0711240869014       2.563635339135634E-065
  -10.0627630729315       5.891133725103816E-010
  -10.0085215560572       6.497718298944436E-011
  -10.0015052000899       8.755898204435531E-063
  -9.98624997593734       1.299413654355513E-012
  -9.86282800419508       9.986099454222241E-013
  -9.47037809644543       2.823792061180290E-069
  -9.41773887055792       2.300788851292921E-012
  -9.30381767355816       5.289879087360341E-012
  -9.22017387610149       1.508376514387846E-008
  -9.21634138025524       1.693856326527311E-065
  -9.05178281440618       1.629015207811226E-010
  -8.48123755086065       2.685512003330038E-011
  -1.31053050327064       5.812672013769955E-079
  -1.29707828301421       6.201109320126633E-009
  -1.25656473046164       1.497109655344967E-071
  -1.20163702830713       5.792711079229407E-068
  -1.16435075076755       1.553903910194113E-064
  -1.16274458701858       2.725264055866962E-007
  -1.14769546732671       2.640588485919374E-017
  -1.09802001512412       9.676257688816470E-016
 -0.957654853168794       1.057542396961444E-009
 -0.600280741307486       1.477743793635645E-074
 -0.549532876908273       3.356552589564231E-010
 -0.438021309860357       2.421167803156679E-016
 -0.358727706897543       1.989224309303594E-069
 -0.315417411499581       2.614106467452954E-004
 -0.153890133337647       7.149153693571521E-012
  0.406982320843273       2.465306881949442E-006
  0.300207953676107       1.003129039212654E-043
  0.340833658610421       7.355433226206564E-039
  0.450751853164491       4.403607142963499E-037
  0.467147683794980       4.002917085449771E-040
  0.557998186171677       1.338278902792101E-038
  0.582926965235359       3.546551873297397E-039
  0.584292497855710       7.493880189709317E-039
  0.646756105641721       2.732211430318817E-041
  0.816619258408856       1.230473090591906E-041
   1.10121952869621       1.665939377438521E-036
   1.15974433220096       4.758213674046940E-035
   1.30209160099935       7.635370689931469E-037
   1.31289931888020       5.079891406467747E-034
   1.39724327286870       8.465749926235616E-035
   1.60385687112795       2.556902552813320E-040
   2.14999607422435       6.498985171025012E-038
  0.941913834660845       2.469226967101873E-069
  0.989414744387840       6.260863166966607E-008
   1.03441289036889       3.387530136891866E-068
   1.06636753130861       5.374141866275843E-007
   1.11608272792401       1.891874350212903E-065
   1.13722351945993       3.026972841290890E-015
   1.16879079082329       6.907216426335747E-066
   1.23262164010730       1.351428363788125E-013
   1.40982173431367       6.905990459100924E-011
   1.69507298234210       4.583826670279579E-066
   1.75002197011263       8.337011731531448E-006
   1.89628713396564       1.813720446060521E-011
   1.94869274055223       2.057037794811639E-003
   1.95159331510085       1.434673900781705E-057
   2.19624242848764       1.903053631766007E-011
   2.73973818511753       7.166506134355169E-007
   1.30282208527933       3.982820468832650E-074
   1.32548242658933       1.361758478629722E-012
   1.37638840603054       1.022735233489060E-063
   1.40468019862185       1.659352225331416E-068
   1.47215384607508       8.126245626910076E-011
   1.47710556625592       2.469769667865066E-065
   1.48105021974212       1.849569853507367E-011
   1.54647118919020       1.224527688285900E-012
   1.64238533160010       3.692425732031555E-014
   2.01611829282694       5.505330072178047E-070
   2.07651352179755       7.768185665150190E-010
   2.21097416445414       2.695336366428028E-008
   2.27365594112545       5.937271312141870E-065
   2.31733703167613       2.040659614313093E-006
   2.47089013705060       4.199056168747365E-007
   3.05807274991177       1.806714190108632E-009
   9.80853528078591       3.833523775240142E-040
   9.85703310758032       5.896882589540177E-037
   9.87107147353707       1.399860299745786E-036
   9.98067440589824       2.344399847134967E-035
   9.98201263344887       9.648000116183400E-036
   10.0554327401610       7.198123073385646E-039
   10.0621985427757       4.372583706463013E-038
   10.1307352586235       3.665180579152568E-037
   10.3246470159008       5.877651287940251E-040
   10.5648128131407       2.814602974520035E-038
   10.6255977547873       1.108382883593444E-034
   10.7824171227883       2.057522336756073E-036
   10.8070629430039       2.192176540434144E-034
   10.8554793725656       1.436158079806726E-035
   11.1006494560755       8.932477767205386E-043
   11.6348795818071       6.512260735586755E-039
   9.83457202892717       1.032252700618080E-040
   9.86599674727920       1.620623442576994E-039
   9.95180788699921       1.212216116385843E-037
   10.0104583752724       1.043219162800979E-036
   10.0388189611286       1.969467448825171E-035
   10.0787523282341       8.188899324422946E-034
   10.0851256491742       5.681730010111516E-034
   10.1494145106993       3.250351019196491E-038
   10.2784176248431       1.729538795580134E-040
   10.5883301290969       8.797733535273763E-042
   10.6554868319259       7.886057435138372E-036
   10.7991905042955       2.986215814302319E-035
   10.8313665259317       1.521889403163172E-040
   10.9108858058566       5.483489461466078E-035
   11.0910421921861       2.479484208816393E-037
   11.6620507052930       5.328506290837130E-039
   9.96269254757775       2.658404473369191E-069
   9.99510092317616       5.298193077981432E-007
   10.0333749076525       2.367045490004844E-068
   10.0852228675914       2.900716312871628E-006
   10.1328201153670       1.981716769754495E-064
   10.1677147047347       9.452605226968171E-015
   10.1701578104148       2.634091698586512E-064
   10.2272972014927       8.446686053334440E-016
   10.4109643776506       1.866476686209041E-008
   10.6918268068268       7.580345423704505E-069
   10.7415458051912       6.870715740508666E-008
   10.8989853033488       4.799873582298634E-017
   10.9579387283752       3.619485286989483E-062
   10.9676331022155       3.388134594817880E-005
   11.2019549499514       1.368291065514727E-013
   11.7510307468686       2.189974842132441E-009
   10.0160875468165       2.723887042800932E-008
   10.0528558970218       5.705306922687754E-072
   10.1430982023634       5.594328660519651E-071
   10.1947432996223       1.275438708366647E-069
   10.2383009955585       4.436304703794881E-069
   10.2718871948215       8.003410111021743E-008
   10.2804644135216       9.111373545354090E-014
   10.3424661358738       2.272444367563028E-015
   10.4805253250867       4.575383636677994E-009
   10.7786050807366       5.766409964328747E-071
   10.8481224378654       4.367278808184969E-012
   10.9926661466093       2.190477574151537E-016
   11.0199041525893       9.573470912010116E-069
   11.1031261842809       5.347538976066809E-007
   11.2880997009456       6.015928728628930E-013
   11.8549340049599       2.927019269011746E-010
   10.2362533092455       8.288894562479227E-069
   10.2794115150087       8.191184108121272E-012
   10.3133883762135       1.098726967826384E-066
   10.3738522966483       7.258556422699231E-010
   10.3790018538607       1.618266049920868E-064
   10.4376267918156       5.739198530854462E-062
   10.4511426668198       2.457441783535676E-011
   10.4627744756077       9.188693073775484E-012
   10.6354588374987       1.278412193038867E-012
   10.9544577762407       2.397690531700645E-070
   11.0086180380270       1.782786402770776E-012
   11.1553761521789       2.385002858153338E-012
   11.2301508012801       5.460749350950025E-063
   11.2406447452903       3.319973242811389E-009
   11.4456500887357       2.520269327066515E-009
   12.0121314349729       1.198635955007187E-011
   19.0450231127478       8.110985893393150E-077
   19.0568364713920       1.966042909395353E-008
   19.1080105590192       1.156111556487042E-066
   19.1799015456940       7.175966356360767E-068
   19.2155451613882       5.886443549541184E-007
   19.2248951173424       2.747496248616330E-063
   19.2437986007122       1.121774027478100E-017
   19.3000943723767       9.773985354345059E-020
   19.4665503495260       7.064299580809789E-009
   19.7742930024827       3.657498918842029E-072
   19.8355454882743       8.186275391199291E-009
   19.9730390194034       1.510177974907519E-016
   20.0211681411280       1.141216482268609E-068
   20.0662258101664       5.679084651689155E-004
   20.2651425857920       1.265331515640682E-011
   20.8218344475597       1.175442874219750E-005
   77.9432595208788       1.245255592583233E-075
   77.9634342238812       1.449463448283911E-008
   78.0238021961013       1.039254739295731E-070
   78.1008759587453       4.387982903379794E-066
   78.1423189420920       2.803074874817685E-007
   78.1606861879412       1.079782692031389E-066
   78.1736267752511       6.718345133259199E-019
   78.2434581063710       6.988359646442163E-017
   78.4309887333002       1.303722133859746E-008
   78.6833458014230       1.669422438707969E-070
   78.7539344362320       2.301169357071878E-008
   78.9141067161012       2.001165301752876E-016
   78.9380203314984       2.379210019632915E-065
   78.9845268335535       5.334905302204387E-004
   79.2138962242341       1.200034514463827E-011
   79.7550629022029       1.883660997697131E-005
   175.093383463229       1.044888481157028E-040
   175.101165131001       3.173754984402714E-038
   175.180138936041       1.204653998036538E-034
   175.267210307884       6.391634121406469E-038
   175.317611659592       1.257529404916275E-035
   175.333503205822       5.087061711864703E-037
   175.348708778235       1.151306418730118E-037
   175.430454731915       3.964642321625585E-039
   175.633204780002       4.080609509074795E-040
   175.817881790738       1.470702350246174E-035
   175.894146263573       2.941736569909263E-032
   176.059368278336       6.170059049785148E-031
   176.072348360041       2.122781495059378E-035
   176.114916270768       3.705556973154013E-031
   176.373628814817       1.736453654192558E-041
   176.871396295782       1.631351683261897E-036
   175.176467334642       1.387769745567445E-071
   175.214944314398       1.193112658665413E-008
   175.267487519941       1.927446387218219E-065
   175.357227514640       2.091336916681101E-058
   175.375770110938       1.889620611092606E-006
   175.425716915971       2.364454209150746E-016
   175.431506736105       1.536302552006578E-066
   175.502485058558       1.583201909164902E-015
   175.716136850125       2.009362178887970E-010
   175.903310767748       1.268154280745502E-064
   175.974339522240       1.306861178848954E-007
   176.154672475364       1.538919907047584E-014
   176.160781136840       8.501190410872506E-054
   176.184208934722       8.552017447465944E-004
   176.455757767927       5.771335479568824E-011
   176.951560931626       2.601670356213772E-006
   175.226753944542       5.880975781921082E-074
   175.260565379322       5.738247352582264E-012
   175.324360008631       7.384486886310852E-068
   175.396626882474       5.197355351170596E-064
   175.446245304804       8.168885610587655E-010
   175.464094548651       7.439009627402683E-062
   175.472398162037       3.755832637863557E-015
   175.545390221945       8.637633127241288E-012
   175.736555675805       7.342971806689373E-012
   175.948195955016       6.608903318060286E-068
   176.021643209675       1.212851468754493E-010
   176.196503660507       1.373179061632599E-010
   176.205534351208       1.281623767282500E-058
   176.242706040654       5.104135246700736E-007
   176.486910765669       1.395175039522722E-007
   176.998092754840       5.189499060088574E-009
   281.977936045410       7.602912033996604E-044
   282.004725333096       6.471787631839682E-039
   282.070454431682       3.367694381989394E-035
   282.163396563471       6.197635046755236E-038
   282.195541610514       3.246212231192662E-036
   282.234755130032       4.714341785777216E-035
   282.237075290762       1.016076481782766E-034
   282.319977494775       1.100686875205986E-037
   282.533916114474       1.506974758830722E-040
   282.692861546113       1.582472508103477E-040
   282.764419716625       1.707614056915660E-034
   282.952675744186       1.372197706061648E-035
   282.960829694928       1.978728348490050E-034
   283.003048001208       3.773987760216196E-034
   283.271722340197       3.317524796130046E-040
   283.772762193403       1.831911162659604E-038
   281.988865958953       4.907086826172274E-046
   282.008667000224       1.323567098937749E-039
   282.086267395120       1.745039413071808E-038
   282.159511314096       7.870226898204903E-039
   282.222631305242       9.601980776989838E-037
   282.226397355623       8.401059092384144E-034
   282.241101154333       4.757495517787826E-034
   282.323573454942       1.494777273654831E-038
   282.515514860868       2.088730380306596E-039
   282.696570644555       9.075443990310616E-043
   282.775539061358       6.032179604866261E-034
   282.949272580220       3.562919402401207E-035
   282.964328256955       2.579516315303545E-037
   283.017708641234       1.388622410008903E-034
   283.264041755597       2.524765822631483E-037
   283.777749467469       3.431343955359808E-038
   282.004245898967       1.480248819202651E-074
   282.049599895547       6.652981366381252E-009
   282.100677150744       7.138228277772164E-069
   282.188414769268       6.276342071221602E-067
   282.209946504589       2.859041257897187E-007
   282.251289380155       4.459112094725520E-019
   282.261536595756       1.826041028753633E-067
   282.330520923954       6.410625226611218E-017
   282.542109748584       3.470271327851343E-009
   282.721035865498       7.413583540895380E-073
   282.782487478532       1.044852248607274E-011
   282.968829047948       5.621763860345099E-019
   282.994448163514       1.212103928164436E-061
   283.020213425886       1.152659244154965E-006
   283.285350130409       1.145370329327445E-014
   283.792205109582       7.145641651845650E-010
   282.023009971661       7.408345255468872E-073
   282.039599192559       1.221132111833099E-008
   282.119349153845       1.453779354249112E-066
   282.195554664282       3.371893745723633E-064
   282.257920648225       1.069258546486662E-009
   282.262552526385       2.280171910522297E-073
   282.278732778360       1.132751349550297E-022
   282.361903735942       1.845117176880767E-018
   282.556652549709       4.583425800718535E-009
   282.731170232660       2.396389475880233E-070
   282.811563796900       7.848788776979130E-013
   282.987191295157       2.102882398553406E-019
   282.997819611972       3.933283699672123E-064
   283.053570913805       1.267136102106113E-007
   283.302926255026       2.666222558874841E-014
   283.814117027856       4.379452361137586E-011
   282.058701302889       1.133666281953199E-070
   282.104891489363       8.627456574443411E-014
   282.157209615906       2.869413657526471E-064
   282.237112521510       2.296620027194366E-062
   282.267599517271       2.612401126327480E-011
   282.301165361335       1.650416881174219E-017
   282.309581007099       7.268776869589349E-070
   282.379430868839       1.913963924885699E-012
   282.583118246730       1.507340444764281E-013
   282.773187338497       2.521784865935142E-068
   282.835424068628       1.547753313241780E-015
   283.016396261589       6.733866600459809E-016
   283.047508144793       1.481410611870269E-063
   283.074180543328       1.152097045074417E-010
   283.331021069719       1.897619246634468E-010
   283.843268687260       2.390642383464198E-012
   289.658061294246       3.023835422390272E-074
   289.690454600398       2.105499570755205E-009
   289.753300492729       8.742738995456599E-067
   289.829776135545       4.070470999527937E-065
   289.874686456115       1.382810187103130E-008
   289.900422902378       1.209851033057578E-064
   289.902257596188       3.188968948769654E-020
   289.983004013261       2.658778048852757E-017
   290.181060070184       3.577915451471532E-009
   290.375657522390       4.243628380930111E-068
   290.446073667021       1.282161650993320E-009
   290.620513383901       7.417124424838150E-018
   290.642537275606       4.337587637000480E-061
   290.683408511552       8.105412109583026E-005
   290.932574411524       1.993188514012342E-012
   291.446545836697       4.216409293820598E-006
   590.321645828993       2.526589173404209E-076
   590.361164464425       1.885388688064469E-010
   590.422359268677       2.602222046053761E-066
   590.498222130507       1.356731595471595E-064
   590.541801403927       9.482968228986216E-010
   590.566024656884       1.030106469348719E-021
   590.571740119150       3.528725953136252E-068
   590.650484715462       2.807176181035511E-018
   590.850551305623       3.833114802657014E-010
   591.013142561995       8.260236226778956E-069
   591.078884252316       1.373210400764370E-011
   591.258306039812       1.545318521212262E-019
   591.285866108126       8.568289243440534E-060
   591.319457747026       4.084373003682404E-006
   591.577009301614       1.010151120519144E-013
   592.069518031380       2.424830419939810E-007
