                  1264
  -19.1971009104826       8.437427504629896E-073
  -19.1500656564518       7.616995002024810E-009
  -19.1474359344884       2.671152248798947E-067
  -19.1323759461631       7.784000636988735E-070
  -19.1032875927792       4.975079720599675E-014
  -19.0949429954201       3.586081116715396E-064
  -19.0729578831413       1.221026691897158E-007
  -19.0488061975347       9.371845277260240E-014
  -18.9618009911092       5.440831204140592E-008
  -18.5120429062796       1.974580947619821E-065
  -18.4697057486180       3.465718317393610E-004
  -18.4198567078831       9.977427325038404E-012
  -18.2440263321561       4.158876691947232E-072
  -18.2097723195201       9.240498627538918E-009
  -18.1279252423899       1.698961511145625E-013
  -17.5321858258317       2.188629000695106E-008
  -19.1382436303865       3.399613844237328E-073
  -19.0767167615406       1.585305352801184E-014
  -19.0624760528147       1.055220619722257E-067
  -19.0616566695839       8.074021547246648E-066
  -19.0170775769404       2.263292888723168E-010
  -19.0010902925001       7.397969474750002E-014
  -18.9787924504938       7.410470093403090E-065
  -18.9443880934279       2.574127599187570E-015
  -18.8683517903874       5.266210251115198E-014
  -18.4591279665895       3.119603442722322E-070
  -18.4245068857682       3.190599121256186E-009
  -18.3191290885691       1.265477821190245E-008
  -18.1738300589556       1.346319598985535E-069
  -18.1451763068693       7.655292501800441E-013
  -18.0417635682345       2.153815983441527E-012
  -17.4614928437545       1.124178714046350E-013
  -18.9268468323899       2.412028590694210E-071
  -18.8714908560992       3.985472233043645E-012
  -18.8669228454335       9.910081351318993E-066
  -18.8517421318380       3.178910950608604E-075
  -18.8061890388498       2.113827212126128E-009
  -18.7946617445745       1.546562824961262E-010
  -18.7889057212015       1.076417503044934E-063
  -18.7656942331165       2.289848370123347E-011
  -18.6795913922535       2.577709147808611E-012
  -18.2574195437355       1.588550064392132E-067
  -18.2094771172507       1.895013802748723E-006
  -18.1303074373155       1.233206781754687E-007
  -17.9733799333536       6.365968392650089E-067
  -17.9483521660351       9.663907242249737E-012
  -17.8522751274955       3.853278752562845E-010
  -17.2661638817857       1.558471535894934E-012
  -18.8920511239499       1.864225277171373E-070
  -18.8567325238121       1.304985685754028E-008
  -18.8455778245227       1.002918850124521E-064
  -18.8362540511430       1.860355350855480E-065
  -18.8000483718676       2.251119872239067E-062
  -18.7927941467260       3.902128451187987E-009
  -18.7783481685970       8.692281300618607E-008
  -18.7589394604409       1.813676967228288E-012
  -18.6793073494594       9.572719355772440E-009
  -18.2234889927929       8.672067584979111E-062
  -18.1780147870634       5.063384890831734E-004
  -18.1235150696797       9.140942202746753E-009
  -17.9597271650379       1.251508757994247E-067
  -17.9230387468497       4.377019030158941E-010
  -17.8501314306074       8.525659049024281E-012
  -17.2566582359844       1.858444801395213E-008
  -18.8906864794090       1.674184846808685E-072
  -18.8436413684514       1.592953352898886E-009
  -18.8248427089065       5.244301383613329E-068
  -18.8059846725490       2.412633755486501E-068
  -18.7846243293151       2.342332683311370E-012
  -18.7660913362017       7.600964806983773E-008
  -18.7655459419272       1.072141916407402E-061
  -18.7058669318580       9.647261011989384E-019
  -18.6156440336608       2.979113757605793E-009
  -18.2081954598370       2.237023460079156E-064
  -18.1485693860387       6.571516650533737E-004
  -18.0998324806803       7.603372601387599E-011
  -17.9281249114853       5.565049458108714E-070
  -17.9138708425182       7.632786224470602E-007
  -17.7842146630712       2.611984567404404E-014
  -17.1905688629526       3.173789974834014E-009
  -18.9156658801769       7.828344038358521E-041
  -18.8658250433263       3.815064423752272E-046
  -18.8506376893797       5.531320032054530E-039
  -18.8288326967547       1.071668926398084E-040
  -18.7980819337537       9.582618455892952E-040
  -18.7896392565624       1.208723904389519E-044
  -18.7557188945533       4.184740802497212E-044
  -18.7306121430383       1.842589191197425E-039
  -18.6479681813332       9.874538632292172E-046
  -18.2165846798715       1.704501984676028E-034
  -18.1842492620600       1.285505290487832E-034
  -18.1401768419549       2.381337063333255E-040
  -17.9498892881815       1.711863552960090E-038
  -17.9412360424309       9.867815242995658E-041
  -17.8256310056340       5.826777846655797E-044
  -17.2425378095100       2.601307113753295E-043
  -18.7309713664598       4.646212172483468E-078
  -18.6780271804705       6.452375079785851E-010
  -18.6643857345301       3.355321031782818E-072
  -18.6617169841796       9.769517710588813E-071
  -18.6256813117455       7.931852261941684E-016
  -18.6097972232299       1.319417051318117E-065
  -18.6045226706314       3.897483704699735E-009
  -18.5694748371711       1.997418533846199E-015
  -18.4674883763258       1.227826390528261E-008
  -18.0414523968713       1.717667089678442E-069
  -18.0084496332680       3.993881940994553E-005
  -17.9373492771037       4.361307724447887E-014
  -17.7699657323233       6.635299325439701E-073
  -17.7424613904245       5.833631646931973E-009
  -17.6408842634645       2.741462984163981E-017
  -17.0541015419949       2.718231126237220E-009
  -18.7440141376897       2.611210358782245E-073
  -18.6740297176502       2.698287326174363E-014
  -18.6597999022003       2.044066020684964E-063
  -18.6442864517409       2.109087735888720E-063
  -18.6154827411359       1.677075901333028E-011
  -18.5954718569664       2.646129602105500E-013
  -18.5641531402739       3.851678316012153E-065
  -18.5333086220729       3.864581823579773E-011
  -18.4417287039282       5.517631865172384E-014
  -18.0416308047857       1.168829134881547E-067
  -18.0198462577755       3.873158570182721E-008
  -17.8912970947226       6.291209313725324E-008
  -17.7615131642096       2.375088392863957E-069
  -17.7480559380099       1.961076964275641E-011
  -17.6126152759831       2.097900505861139E-011
  -17.0290051383802       8.137946209664782E-014
  -18.6482717041387       1.796001444534859E-078
  -18.6104816707009       4.864136635002994E-011
  -18.5965279593407       5.350570944648971E-072
  -18.5895255003162       1.362984937602694E-071
  -18.5552645955681       1.220739061833443E-016
  -18.5398319700145       2.738518757916107E-067
  -18.5222566886811       2.776298563692319E-009
  -18.4895124358473       1.744318624969478E-015
  -18.3936841166780       1.468529692501540E-010
  -17.9809370603295       2.712099141936050E-077
  -17.9416676269665       4.925979690217423E-007
  -17.8872675769297       3.390628171641473E-015
  -17.7043919581404       5.255121912008921E-079
  -17.6693602488832       4.256400865930510E-009
  -17.5699590644330       9.069294242453727E-016
  -16.9851172180202       1.160098879372340E-010
  -18.6513081617013       2.596993353257698E-045
  -18.5999347556827       1.019568880060253E-042
  -18.5816645605220       1.596521835156953E-037
  -18.5798990459007       1.607074799399477E-042
  -18.5659551831872       1.412867911916239E-039
  -18.5494775437555       2.516800751175617E-034
  -18.5230795072781       1.588515709082566E-039
  -18.4957369588702       6.615229587504919E-043
  -18.4208269999124       1.386901884314220E-041
  -17.9800450994111       3.216733966181409E-039
  -17.9627785464033       3.767612532951188E-034
  -17.8928785434288       1.400649459471398E-040
  -17.7058576282594       1.527885059901397E-042
  -17.6671809204931       5.865981586074930E-041
  -17.5952991063914       1.646081117726485E-042
  -17.0060652668277       3.306908033699485E-041
  -18.5317641233456       3.608919005714559E-043
  -18.4952476983205       5.307641064559822E-041
  -18.4821475638381       1.361414435497844E-038
  -18.4778142883678       2.796145523404851E-037
  -18.4483162291618       7.067656693898573E-041
  -18.4286035210384       6.086184491842901E-038
  -18.4140142869862       1.318072775364894E-042
  -18.3835242982521       1.155482083248506E-042
  -18.2890700507695       2.763929282881195E-043
  -17.8670569994918       1.115127320919046E-040
  -17.8366898172091       8.508996625243940E-037
  -17.7828202427863       1.693587056467839E-039
  -17.5930732916483       2.549236310728997E-041
  -17.5613193489772       2.926586689256324E-043
  -17.4651104188705       1.108268678512105E-043
  -16.8795303719188       1.170450870480133E-044
  -18.2523845899655       1.790607010563111E-072
  -18.1961284062668       4.425934727441334E-065
  -18.1736326269006       1.099067721401396E-014
  -18.1700624326588       2.097050213224336E-012
  -18.1666334433140       8.142550432727139E-064
  -18.1289318496026       3.983081191712647E-066
  -18.1169612494892       2.107291891088529E-013
  -18.0977704605886       7.776481323111285E-016
  -18.0110060953416       1.028209670373127E-014
  -17.5798913458355       2.644718863548815E-069
  -17.5579225250432       1.114130002703897E-008
  -17.4986308850092       1.460496590403443E-010
  -17.2791463921595       2.632193392685671E-069
  -17.2589848625675       8.036316906304894E-015
  -17.1777168438420       2.607779700444174E-015
  -16.5801358662342       3.639673911942695E-016
  -18.1587100365338       9.025532110834317E-072
  -18.1225395638109       2.655700999168009E-009
  -18.1077944575011       1.779635022516682E-063
  -18.1041079644305       1.110728671325118E-064
  -18.0719477625106       1.338832007855356E-011
  -18.0651417351692       8.228228642363581E-064
  -18.0452842090860       1.123560802992528E-008
  -18.0199317044697       1.094289611343683E-014
  -17.9301522018766       3.637173502444401E-011
  -17.4911293345005       2.330656775468902E-064
  -17.4603219012581       4.062743807301862E-004
  -17.4049470725511       4.286605840769638E-011
  -17.2233163204229       2.244063025100987E-068
  -17.1904393592790       4.299128951356665E-012
  -17.1040306112426       1.719963737190561E-012
  -16.5147761396735       1.000720568439388E-009
  -18.1217604189374       2.165397065569464E-068
  -18.0690114231439       6.657666889032058E-013
  -18.0645408903485       1.026122164003541E-063
  -18.0517228101701       2.448055138926013E-065
  -18.0053653096672       3.938033565517334E-009
  -17.9967825671627       8.194072947994666E-013
  -17.9962934126748       5.573589755933665E-060
  -17.9663052274048       2.817579267517544E-010
  -17.8833555391370       1.507989017299602E-014
  -17.4543585304406       9.450609189139659E-068
  -17.4089997077740       6.706326550392804E-007
  -17.3360581523310       2.020253357242764E-008
  -17.1720931008066       2.487936373695687E-064
  -17.1422297334262       5.951534189776127E-012
  -17.0561826896668       2.728143688113733E-010
  -16.4685666551915       1.559710695979035E-013
  -17.8962624119314       5.416724326648650E-043
  -17.8901948442709       3.741509846106500E-037
  -17.8755050430337       1.006275156329640E-034
  -17.8568084455231       3.973223080483641E-037
  -17.8214214865971       8.134723359448982E-038
  -17.8066816104516       3.395692036927689E-039
  -17.7854097558839       5.842239188409800E-037
  -17.7483352616142       3.630206412110816E-040
  -17.6449792775611       1.950113138518733E-043
  -17.2209230675173       4.949894545861094E-036
  -17.1949155986555       2.962589331218039E-034
  -17.1387025605072       1.834328897246531E-039
  -16.9845547981531       6.618811420698981E-036
  -16.9597875151522       2.896428852894981E-039
  -16.8295604949269       1.041547700381020E-041
  -16.2556521453668       3.388482016894425E-044
  -17.9142261486384       3.983564884127123E-041
  -17.8803151749584       4.632418722901657E-041
  -17.8405027369984       5.952235117030486E-038
  -17.8048589949359       2.032078067715515E-035
  -17.8044337203229       1.025648673190774E-033
  -17.7900334045979       1.437407074623740E-034
  -17.7825148089400       8.472622851190539E-039
  -17.7428580417014       1.544733061214053E-044
  -17.6438879591380       1.232232429279272E-040
  -17.2018946651027       2.141430826116351E-033
  -17.2010546983714       2.000850899319132E-036
  -17.0964422790354       3.170876640510241E-041
  -16.9671374669319       2.982881226339390E-039
  -16.9439600349658       5.722897050924718E-039
  -16.8185743849246       3.614716079965785E-044
  -16.2314455070418       1.200666420322215E-041
  -17.7285414270129       1.161714304935047E-072
  -17.6778921613336       3.695130867052959E-066
  -17.6698053308956       9.424011109333879E-010
  -17.6577363608124       7.425183656561950E-066
  -17.6350290537110       2.720729529085594E-013
  -17.6201080288828       3.522935239536186E-063
  -17.6058732987700       7.701294396613409E-008
  -17.5834364941203       3.159483112470814E-015
  -17.5067400671572       9.556936058349810E-010
  -17.0609684974884       2.409857558059216E-068
  -17.0256157926503       9.303067259233692E-006
  -16.9664171801164       5.663858281988456E-014
  -16.7777496613119       1.874665794582972E-075
  -16.7461933389521       8.365589017357053E-011
  -16.6774345720874       2.378705621375444E-016
  -16.0830340409326       3.470615402340403E-009
  -17.6955230193302       7.832219023270091E-074
  -17.6331218940834       5.330434190176734E-014
  -17.6327529172710       3.989718259517200E-065
  -17.6186689414547       1.416568761184764E-067
  -17.5882255319000       8.326326558812786E-013
  -17.5715766893462       3.959442505661208E-065
  -17.5619893925319       3.181454960881521E-011
  -17.5365427061399       4.547677202151437E-011
  -17.4452157653733       6.268844656393377E-012
  -17.0232935075161       5.178707490911333E-075
  -16.9862608241244       2.711879440777323E-008
  -16.9173425252147       2.069418469053268E-009
  -16.7347213273977       1.024931185287343E-070
  -16.7088432421597       7.370301703518680E-013
  -16.6171162479033       5.351698939062177E-013
  -16.0266800886835       2.796887487180742E-013
  -17.7523969010063       4.939636312837559E-073
  -17.7030536679304       4.011716324968588E-010
  -17.6774964872320       1.766714679695251E-070
  -17.6624564239983       2.446950126722060E-067
  -17.6438334054540       1.343862544200098E-009
  -17.6288540652481       6.278978958165176E-015
  -17.6171160083800       3.618917264189041E-063
  -17.5856272283832       1.039217615600811E-014
  -17.4746300999608       8.828842320921709E-010
  -17.0538521947021       1.071744441265455E-065
  -17.0112121191146       2.035861747361818E-005
  -16.9345119240308       3.172261227770727E-014
  -16.7941850880927       3.828205597897818E-009
  -16.7929087100112       8.246579630052524E-065
  -16.6534828095185       6.912456932936267E-016
  -16.0717382901670       6.554491575960278E-014
  -17.7195334827992       2.763759112955261E-012
  -17.7152397255457       3.688788747864734E-073
  -17.6962058147054       2.017836598272161E-073
  -17.6570351448392       3.763435305075194E-066
  -17.6234513410111       5.790325321792350E-016
  -17.6220836398236       1.358497412680262E-014
  -17.6161629280925       4.328680991996385E-064
  -17.5790076784080       7.872466734200006E-018
  -17.4660358451266       1.823412064409392E-010
  -17.0341038316257       2.563690735852440E-068
  -17.0082853673135       5.764613014914442E-004
  -16.9346827190283       1.360724565254707E-012
  -16.8032594069196       5.693196284854577E-069
  -16.7849061272832       2.795373990948888E-009
  -16.6446469000574       6.610511055352506E-019
  -16.0611577044862       7.965034099956349E-014
  -17.4558714445272       3.074450587541998E-074
  -17.4325300399719       5.382342011336656E-009
  -17.4056970488379       1.339946834916924E-069
  -17.3771878567433       5.610289757855482E-067
  -17.3409733793777       5.452082083943076E-007
  -17.3381213601465       5.267189408717834E-009
  -17.3378393590103       6.888562195887968E-057
  -17.2867418676943       4.641525530514318E-015
  -17.1707093930126       1.501707113209506E-007
  -16.7448030102442       8.785989638885894E-068
  -16.6959768663442       2.027961422045174E-004
  -16.6231644876256       1.141049206488678E-015
  -16.4979636296551       1.314235708469760E-072
  -16.4858434054517       1.503322709730068E-007
  -16.3341304240625       5.385833272011002E-014
  -15.7367946104831       1.248226434163363E-007
  -17.4641731244610       1.125118421744795E-071
  -17.4039628469641       1.963450705806730E-013
  -17.3922116086092       6.172234664071842E-068
  -17.3727578116712       4.061183588914552E-063
  -17.3353771136426       7.010081847752840E-012
  -17.3318377942365       2.838607772413099E-013
  -17.2972174866517       5.910728229388367E-062
  -17.2844147515516       4.447212995740992E-011
  -17.1786421651514       1.031381616096038E-013
  -16.7632742250356       7.215830810372160E-068
  -16.7363244454457       1.476395772547530E-008
  -16.6192926880382       2.409616375783183E-008
  -16.4936441594392       1.437003322254521E-013
  -16.4924641134193       3.890084752345368E-071
  -16.3485455083592       5.240483895041451E-013
  -15.7604458659614       3.166629833974183E-015
  -17.3973492073818       4.255730110906784E-040
  -17.3603701462202       4.761325076887296E-046
  -17.3180245714147       2.602129519362786E-038
  -17.2547253753829       2.188059300843367E-039
  -17.2425820220644       5.645972353104357E-040
  -17.2271171549193       1.859988737404945E-044
  -17.1940955991714       1.041611557004354E-042
  -17.1400659172659       3.385090737365963E-038
  -17.0703823653267       1.906228306778358E-044
  -16.6545396404664       2.289102232014510E-034
  -16.6298479202346       3.030964535215225E-034
  -16.5603451962439       2.622944349372461E-038
  -16.4124397877357       2.197548221461420E-036
  -16.4035592760395       1.756973185567523E-039
  -16.2618971974466       8.757585699932689E-043
  -15.6941628169061       1.515428651083644E-044
  -16.7264774144353       1.087601679068899E-068
  -16.6975459756831       1.030734621223794E-008
  -16.6633472437666       7.168507319082240E-066
  -16.6556175919881       1.629551189166778E-066
  -16.6260431507142       7.997890716223616E-009
  -16.6217934223811       5.509983300974911E-009
  -16.6160741600029       1.189545737132062E-065
  -16.5455875316572       5.636593372531154E-011
  -16.4631692524209       2.836640327700379E-010
  -16.0517701106352       1.097121049078188E-062
  -15.9909359498949       1.027928403129023E-003
  -15.9477639695989       1.258232119555563E-008
  -15.7957146217439       1.431079016287590E-068
  -15.7639921298176       1.035628050715515E-006
  -15.6532940537161       4.032603752732185E-011
  -15.0853147590539       1.337294785591579E-008
  -16.5654732953544       1.117271866737896E-066
  -16.5237843836456       1.357907486970966E-013
  -16.5106109478339       3.075291693715377E-063
  -16.5030913760259       3.860056113292727E-062
  -16.4561212984910       4.909897783388453E-009
  -16.4413472212682       2.880564425304263E-010
  -16.4337436630487       4.020927073350726E-060
  -16.3967757218415       2.147850290345075E-010
  -16.3307296950812       1.111396151196057E-014
  -15.8949998701219       4.691941392782347E-063
  -15.8524496225603       3.756101385972723E-006
  -15.7655644664727       1.426904693166981E-007
  -15.6260761519093       8.579199021141123E-063
  -15.5929854603304       5.362009652587786E-011
  -15.5034715175456       6.512828775830837E-009
  -14.9181853843074       2.097463709271794E-013
  -16.3217748928995       3.678355128128456E-042
  -16.2879198913992       4.563555956969582E-039
  -16.2644457679580       2.069406797948797E-041
  -16.2581853364894       5.868456401902732E-038
  -16.2544655898108       4.055347348816522E-034
  -16.2376664732875       6.666313192826443E-036
  -16.2083166423598       3.249815035754729E-041
  -16.1967222011052       7.253465004655084E-044
  -16.1276705411730       1.365538142096666E-042
  -15.6671699420688       1.308411148510920E-037
  -15.6410324996358       6.967523733777159E-034
  -15.6046925578338       1.250841228964187E-039
  -15.3810238314382       4.748051699002501E-039
  -15.3483198615507       6.536364534989503E-045
  -15.2978618178636       1.616589645312204E-045
  -14.6964121308827       1.109684377715366E-044
  -16.2609437899824       1.725417446902089E-071
  -16.2247918407580       2.560621183908244E-064
  -16.2001268922215       4.573270545550807E-010
  -16.1933724093786       1.297831165714839E-014
  -16.1915497298155       8.813922134699684E-063
  -16.1701656832330       5.701526307596946E-068
  -16.1453679079396       9.005286344480908E-009
  -16.1297823992935       3.862803992818115E-015
  -16.0588939393416       2.064266327248330E-010
  -15.6053267913655       6.662213778929251E-069
  -15.5777437747034       1.578617285060974E-007
  -15.5392418561238       2.645238515047281E-011
  -15.3156462593175       3.485206465368496E-069
  -15.2824647510785       2.067545164719509E-013
  -15.2307653645944       6.543822581409149E-016
  -14.6323928072171       1.367467079632755E-010
  -16.2435650950608       1.765046382021267E-046
  -16.1956634450139       1.411211141935264E-035
  -16.1930953423463       4.062105386951841E-039
  -16.1883767037931       4.781843161037348E-037
  -16.1711334993204       1.455820203216842E-037
  -16.1570327936674       3.722622753431872E-034
  -16.1434277782022       3.847870428498147E-037
  -16.1165850675423       9.944565106360436E-041
  -16.0454167808932       1.531746257500729E-039
  -15.5876753867024       6.015849811401622E-042
  -15.5664081560640       5.274179997824703E-034
  -15.5152370159896       2.918142440731429E-038
  -15.3112558560685       3.152016502858729E-047
  -15.2774301962606       2.341793064158190E-044
  -15.2257390010950       7.294637494367694E-045
  -14.6358710895865       1.033059149048706E-041
  -16.1188206081216       1.170892406331069E-074
  -16.0807222702788       1.271475624477546E-067
  -16.0529102407700       4.188476008667364E-014
  -16.0490853532646       9.064315131530889E-013
  -16.0456679848826       1.177922788156592E-068
  -16.0208928015137       5.283953234566178E-067
  -16.0050445915095       7.338298044168038E-012
  -15.9880389881984       1.713329358643589E-012
  -15.9155959807842       2.799470554186510E-012
  -15.4619931473193       1.719058605879475E-071
  -15.4388021976234       1.661618693638089E-010
  -15.3980524765656       1.644056286094602E-009
  -15.1660556133360       4.831157533641709E-070
  -15.1391387465282       7.769547852957282E-015
  -15.0875888663135       7.763478198249521E-016
  -14.4888716431757       1.629781302398774E-014
  -15.8739111619669       1.717641295519958E-074
  -15.8358294445333       3.162505976981809E-065
  -15.8117218848983       4.826456544054645E-014
  -15.8005242774752       4.753205706409327E-010
  -15.7959646900036       2.791353873949192E-067
  -15.7766202497358       7.598802302701122E-066
  -15.7579744686409       9.576569447330170E-009
  -15.7469716982652       6.686767949264126E-017
  -15.6801948597448       3.208759291575125E-011
  -15.2096093339626       1.096759396246640E-068
  -15.1906781323021       5.294148896074252E-006
  -15.1453572401683       1.729565721634597E-014
  -14.9183833009038       1.406531974358280E-070
  -14.8959622377949       1.282566260446732E-013
  -14.8454083997473       4.596820495895415E-019
  -14.2375725416711       1.593052939818471E-010
  -15.9289118059963       3.799332143598103E-069
  -15.9008613368655       6.576036252416318E-065
  -15.8595435282767       9.520792873797188E-012
  -15.8570730048745       1.731914818331255E-014
  -15.8547801883244       1.013160861454438E-060
  -15.8301266043284       4.597289139086121E-065
  -15.8249117113551       5.453007431017903E-011
  -15.8107153519737       2.051834733246498E-011
  -15.7477703966852       1.681695742757001E-011
  -15.2745831004673       4.143384722927627E-069
  -15.2434581788701       2.076670547300467E-008
  -15.2027181582095       4.923214207627040E-009
  -14.9851691697881       7.647796509669591E-068
  -14.9635211555137       9.059174953101290E-014
  -14.9212151986710       3.972002733088700E-013
  -14.3192922805664       7.182857609996918E-013
  -15.8797319596449       1.049072846745824E-040
  -15.8428241311152       3.288312148846974E-041
  -15.8397391349825       1.770740195170570E-037
  -15.8326854479122       4.549758828580822E-035
  -15.8076380342046       4.735706167461823E-037
  -15.7980045116692       1.195309337705687E-036
  -15.7804513275073       3.544236963655992E-039
  -15.7547725483028       6.938314009284582E-041
  -15.6747167371950       3.979456468202573E-043
  -15.2254504844950       9.792017403989751E-042
  -15.1963377787725       3.915890592551945E-035
  -15.1544993852019       8.553350394098496E-040
  -14.9546813133722       6.017474560837705E-041
  -14.9196152697352       7.454577414851962E-042
  -14.8533455642049       1.369311125712694E-044
  -14.2664946927485       2.791673971711335E-042
  -15.8265678517169       1.784532459036141E-042
  -15.7904017549557       6.602063980750937E-036
  -15.7668482123959       4.789407233485806E-042
  -15.7607384445269       1.139512388016395E-038
  -15.7506498620901       2.262012819507153E-038
  -15.7397556980841       4.302953221472274E-036
  -15.7022225073027       1.621938665019190E-039
  -15.6905934385199       2.209634005401962E-041
  -15.6300948673113       5.588300677181172E-042
  -15.1688674970941       1.573777904283656E-039
  -15.1414429466139       4.356950957698373E-037
  -15.1002405933336       3.989139432997831E-039
  -14.8829100148971       5.106269267069011E-041
  -14.8432402908792       6.839884806058146E-044
  -14.8002801399642       6.836874325551848E-045
  -14.1954909009235       7.718766812574508E-043
  -15.6698604730408       7.722599563100579E-073
  -15.6223714274930       5.265147063850479E-064
  -15.6066620846473       1.802487338975684E-009
  -15.6024120961789       1.652716360575433E-062
  -15.5990504051755       1.565435081244300E-014
  -15.5707945916012       1.306627205831125E-069
  -15.5575449519393       5.942045441423415E-009
  -15.5377666526042       2.468818202416628E-014
  -15.4592185232998       4.223173147949074E-010
  -15.0070737158306       5.198577736935999E-068
  -14.9875297491257       5.297446455745928E-005
  -14.9375109617177       1.375252469451511E-011
  -14.7203672119536       1.204046304778723E-070
  -14.6949703054313       1.333997207248803E-011
  -14.6315603262259       4.942323496063212E-017
  -14.0368325726694       9.374536132908505E-011
  -15.5311398901573       2.963560658731681E-042
  -15.4789929610748       1.265518972363983E-037
  -15.4778474629166       6.983669754631993E-036
  -15.4638390729504       6.194563758217797E-035
  -15.4593231444155       1.247098846555357E-034
  -15.4398682723993       4.337007008678549E-035
  -15.4114009078694       7.422622695534547E-039
  -15.3913331188174       2.940219515921683E-041
  -15.3201677179228       1.709832544648580E-040
  -14.8633133962648       3.791949702271487E-040
  -14.8454441157841       5.867858614244015E-035
  -14.7911944520543       2.916954896197421E-038
  -14.5903106886655       1.721092005619554E-042
  -14.5518436426272       2.193347964079945E-041
  -14.4942350723277       1.314458699419783E-041
  -13.8992001979519       7.808407554574898E-042
  -15.4945367964554       1.594421095742147E-076
  -15.4509651241342       1.649388392453747E-065
  -15.4262593468652       2.077693227134823E-012
  -15.4206054222282       8.765435147346754E-016
  -15.4180641742695       2.278601519663905E-065
  -15.3927571979127       6.982455812237859E-065
  -15.3726401507333       5.441777625996744E-011
  -15.3594235804693       1.333306154708286E-012
  -15.2882168049336       5.610020953927601E-012
  -14.8307570718749       5.098490604624683E-073
  -14.8059436461828       7.012100390831113E-008
  -14.7555354649398       1.113818729673835E-008
  -14.5410332231792       2.677928196312852E-069
  -14.5156415909784       2.350654556978655E-013
  -14.4551588317606       6.221572473696625E-012
  -13.8529925914798       4.248565627830359E-014
  -15.5341903443472       6.923524031728307E-038
  -15.5199352534655       1.084579837269550E-040
  -15.5013847172562       4.378368259857434E-035
  -15.5004383361115       6.573723315709637E-034
  -15.4636757011046       8.688807760802339E-035
  -15.4531994136522       6.439316474039889E-037
  -15.4371268428039       8.502280516622991E-038
  -15.4063142653678       1.086082305033667E-037
  -15.3218718241490       9.473985815864144E-042
  -14.8757456061779       2.062921408717286E-035
  -14.8449592787953       1.648211484314714E-033
  -14.8038352512583       2.899674897916916E-040
  -14.6235457438450       1.233408802061936E-036
  -14.5835529888600       2.059261542029047E-041
  -14.5020732423618       1.093456111942492E-043
  -13.9196514480678       5.250541478292385E-042
  -15.6120405723277       4.355764847786856E-072
  -15.5794166591302       8.614732070599560E-009
  -15.5431741642724       1.117166694753366E-069
  -15.5223888743878       7.083699405685372E-063
  -15.5143028919396       1.695438981413283E-008
  -15.4934486965894       3.756747658702235E-013
  -15.4933312942463       7.429906376964383E-061
  -15.4368978968464       1.871571057685674E-013
  -15.3408090442493       1.444425049021506E-009
  -14.9204400710372       1.009799896122135E-063
  -14.8677875392482       1.001035794845314E-005
  -14.8022425669695       7.675428357705718E-013
  -14.6776872100266       2.530090860609443E-066
  -14.6644632836864       1.438495411991314E-008
  -14.5325652352596       1.269683206385161E-015
  -13.9659047529994       1.566783402386147E-010
  -15.3547971647244       1.194935721871847E-036
  -15.3424066405877       9.083468307903153E-041
  -15.3017239348706       6.114754781726877E-034
  -15.2730356040532       3.478994735156042E-034
  -15.2579715375166       5.955333208945351E-035
  -15.2491677984506       1.972660145975032E-033
  -15.2245440574806       8.643025984928129E-038
  -15.2038494522116       5.483601014893855E-042
  -15.1091275725436       1.085898393659993E-039
  -14.6608725912974       3.609320486659004E-034
  -14.6445888972181       3.842288077181163E-033
  -14.5638755427682       1.437119670960938E-037
  -14.4337886900458       2.978576561825645E-037
  -14.3940481553110       9.781521596733885E-039
  -14.2915722364582       1.078426663314073E-041
  -13.7050862100896       1.622595349333910E-040
  -15.2568235764798       4.135920967637953E-036
  -15.2562165171290       8.760233928124430E-041
  -15.2311997808731       7.012727624098435E-034
  -15.2154090418375       5.638973244773627E-037
  -15.1770831728382       6.735855553869379E-036
  -15.1666251678592       4.965697614232173E-037
  -15.1596321232097       1.272486597753162E-038
  -15.1194843880317       1.535763993558408E-038
  -15.0276823617105       2.826330649159029E-046
  -14.5961610040589       1.565112884456767E-037
  -14.5645847396342       5.213823619002673E-034
  -14.5127053511636       1.840543387163921E-037
  -14.3553605559616       9.502258993143471E-036
  -14.3106539351298       6.536918635325019E-041
  -14.2181208914898       3.301245791345428E-040
  -13.6446953587157       5.515750665646128E-044
  -15.2100242186979       1.564070491203831E-071
  -15.1856480929007       6.537960533443402E-011
  -15.1577930952022       1.713271578016020E-070
  -15.1450992262379       2.852111591556778E-067
  -15.1310741853870       6.845275977776912E-068
  -15.1240046508346       3.759283074525667E-013
  -15.0972525531780       3.026553475878697E-011
  -15.0733582951290       6.505977455482845E-013
  -14.9965176462563       1.461776344328090E-009
  -14.5363970888962       4.253478940193254E-072
  -14.5155889421798       2.416947977434181E-005
  -14.4531056865930       1.534956370830514E-014
  -14.2904330397569       4.092891273205139E-073
  -14.2463050701461       3.783073856917832E-009
  -14.1738917743526       3.876754748341567E-014
  -13.5868386958219       9.680444668165250E-011
  -15.0723966449021       3.072969999943129E-069
  -15.0347588238898       5.031696937859840E-066
  -15.0048877308997       1.323906477892707E-012
  -14.9992179589736       9.215307711212574E-062
  -14.9953921715056       1.090928609517525E-010
  -14.9722587466314       2.389227120759599E-065
  -14.9599330075831       5.229253233763400E-010
  -14.9444279445650       3.145801177973434E-010
  -14.8717600869713       1.526481601435301E-010
  -14.4146272268877       9.439862939364964E-070
  -14.3834801987557       5.346918146036336E-008
  -14.3405340995952       3.737361636306740E-010
  -14.1226727682534       1.906756810676590E-068
  -14.0975746367555       3.914840041788281E-018
  -14.0434359051003       5.003839085239233E-017
  -13.4447918337657       2.104225266511128E-012
  -14.9411771398234       7.663075268519602E-074
  -14.8988845348468       8.517791471438815E-011
  -14.8804725859684       6.538571069355992E-068
  -14.8751331784893       3.466076439263786E-069
  -14.8629969285391       4.341857900963274E-017
  -14.8545577361341       3.805167708482563E-064
  -14.8183884711950       1.714332499920396E-009
  -14.7973843497015       7.592682209579525E-015
  -14.7272864929974       1.000971050797249E-009
  -14.2705207998186       6.187579321403665E-069
  -14.2519916705996       1.040791351699552E-006
  -14.1930164913931       1.041699959841048E-013
  -14.0074550710703       1.471064312311283E-071
  -13.9642700836044       1.467373378168195E-009
  -13.9019888255722       1.336320756272967E-018
  -13.3101074338109       3.599835240657869E-012
  -14.9429262330136       1.891358780288329E-070
  -14.8896823380839       4.112362523824738E-015
  -14.8885298082930       9.544348418145716E-064
  -14.8738254289852       1.103602008376689E-067
  -14.8326149850174       6.965625140410682E-012
  -14.8300841261262       5.933476968224278E-012
  -14.8288117466526       4.001239924757255E-064
  -14.8128323770366       7.561403223320395E-013
  -14.7207329469865       5.890991008104717E-012
  -14.2703324893782       1.155109142860477E-066
  -14.2280511994816       3.229175756465521E-008
  -14.1675319236228       1.186216531807039E-009
  -13.9974543057214       5.324267730019756E-068
  -13.9833098263962       7.906568954448867E-012
  -13.8915019491464       8.229654903463588E-012
  -13.2989148988273       4.160419478610810E-013
  -14.7277373462198       4.383955336175777E-070
  -14.6888157631904       2.441659633865408E-064
  -14.6591042927716       3.745005724051391E-013
  -14.6582006549209       2.894240757918148E-012
  -14.6560002653557       1.960066986035088E-063
  -14.6283333645395       5.543236121281584E-066
  -14.6153373642041       1.611254692985284E-011
  -14.5945397707342       3.874222772916404E-014
  -14.5215290651578       4.116863955045065E-011
  -14.0716272469217       1.048704956404335E-068
  -14.0458453249877       1.643575197087022E-008
  -14.0046262617858       9.586942809400115E-009
  -13.7757931104469       9.139216800999671E-070
  -13.7473366528104       3.609784801642498E-014
  -13.6963948680470       1.105069843063843E-012
  -13.1003323689135       4.042743115200193E-012
  -14.7897542721111       4.528228147936746E-073
  -14.7607543576206       2.298585459232935E-008
  -14.7461943175958       4.325169763298420E-066
  -14.7035134358760       2.485523102396099E-063
  -14.6802695217396       2.301261272672877E-007
  -14.6779983078685       3.373613277221408E-011
  -14.6687739166649       3.467365156160215E-061
  -14.6336706736742       1.254177438265570E-014
  -14.5075037406207       5.092067486613497E-008
  -14.0733142896200       1.903790003714168E-064
  -14.0493512087993       5.044146826228366E-005
  -13.9607574896412       2.397584517992823E-012
  -13.8343650482503       7.382746489651988E-070
  -13.8240653466452       1.864752412863899E-007
  -13.6766164377568       1.680419606985704E-014
  -13.0865050691810       1.099545294052640E-007
  -14.6695597177807       8.218100382577563E-075
  -14.6227757178694       4.722727815262149E-065
  -14.6148786726837       3.242113789934332E-010
  -14.6027320669059       4.294049163026103E-070
  -14.5825401325896       1.586326431923710E-013
  -14.5697255747840       4.238438050149876E-062
  -14.5609410726016       3.200695466278614E-008
  -14.5426795757345       2.357142956849852E-013
  -14.4558229889488       5.886344222638065E-013
  -14.0042236015818       8.933087746572605E-066
  -13.9678679084563       5.861760172118989E-005
  -13.9227191711823       3.308135444247988E-013
  -13.7252866240002       4.561029894787941E-069
  -13.7110965938774       6.130213967574906E-008
  -13.6254215900616       6.499957234590240E-015
  -13.0301562061452       4.852803343070458E-010
  -13.8512401636795       2.547299850516008E-070
  -13.8064276406301       2.673656550944895E-064
  -13.7973292499400       3.716417531126794E-010
  -13.7814043860538       1.594805098292963E-066
  -13.7637554606849       1.742742855816823E-009
  -13.7474980335018       1.142919150965731E-062
  -13.7427445081909       3.592695639545493E-012
  -13.7188549485525       3.918627166531274E-011
  -13.6353000557123       5.313259280206446E-010
  -13.1894114732522       8.605098702162732E-063
  -13.1474762968537       3.441754658235466E-004
  -13.1035720094877       2.297074698360648E-008
  -12.9122426921746       6.978315622963937E-064
  -12.8884426886465       9.096620110217492E-008
  -12.8185274545954       1.387949599797051E-010
  -12.2300674867791       2.414869054321390E-009
  -13.8234170741955       6.572988084411126E-068
  -13.7704690439754       1.625602176081488E-064
  -13.7692405402279       1.602467045557067E-012
  -13.7437661055336       1.580431704545373E-063
  -13.7307491766384       1.128133744212965E-011
  -13.6977275447417       1.590467678019717E-061
  -13.6931988224551       1.243063867415505E-008
  -13.6791576900455       6.314645125709515E-010
  -13.5837857393765       7.646642332711342E-012
  -13.1433689642316       4.819481942081205E-063
  -13.1164989876500       2.403601954106352E-005
  -13.0349507628709       1.825413678844753E-006
  -12.8727597606721       1.815928926423917E-069
  -12.8585294833317       1.954459727826202E-010
  -12.7589869079848       4.329716188285932E-008
  -12.1657194443962       5.628788534456490E-012
  -13.5189244798517       1.076886482809485E-045
  -13.5157013426089       2.427424427768327E-040
  -13.4191798832100       1.307458011031981E-037
  -13.3667923345499       3.715614188348961E-039
  -13.3288741323773       1.283955545049084E-040
  -13.3229375107903       1.083578167688894E-040
  -13.2636312030391       1.034201408371990E-044
  -13.2601106258964       9.037683766805539E-037
  -13.1217325191493       8.275589146835784E-045
  -12.7542157861774       1.016522596015082E-033
  -12.7378864932823       1.191710086985248E-033
  -12.6251639300003       1.212356249798264E-037
  -12.5430804911954       1.095503031139355E-035
  -12.4964742618229       7.128754901087249E-040
  -12.3272814301873       5.487466095863350E-045
  -11.7740284452815       6.201776071207150E-043
  -12.6097827135189       1.051416044755081E-072
  -12.5750132426453       1.257865800219139E-009
  -12.5283769621349       8.680173319537931E-069
  -12.5052899340660       6.640542811655567E-061
  -12.5045200427644       9.336067920741308E-009
  -12.4782685882459       9.351833222325611E-017
  -12.4565423090558       2.522773379180470E-061
  -12.3815177971707       5.207262871710428E-012
  -12.2730964126360       6.924648544051546E-013
  -11.9161885668797       6.412749052894225E-056
  -11.8557950268248       8.556382576427409E-004
  -11.7809313504511       6.627200764263468E-012
  -11.6616126468727       1.228654474740712E-071
  -11.6375279237550       1.301897445224211E-005
  -11.4828092506420       5.013684535473934E-013
  -10.9376920045859       6.933940536935783E-009
  -12.1599136187341       6.208701231025327E-072
  -12.1371419606930       1.201335717714814E-014
  -12.0996343299813       6.074786893540490E-064
  -12.0979592333032       4.268422454897554E-063
  -12.0448982357411       1.215158963252954E-009
  -12.0344541631098       2.288123680345457E-061
  -12.0164378882511       2.211994543837534E-014
  -11.9707994116715       2.676521519557112E-014
  -11.9133897399704       3.220569824264523E-017
  -11.4868843495846       1.110429836372809E-062
  -11.4395940701660       3.795147489466856E-007
  -11.3467687806621       1.052063752593005E-008
  -11.2307052757289       2.045927180473554E-066
  -11.1806953405111       6.222546649270839E-010
  -11.0885859267188       1.197107254917257E-009
  -10.5046359868447       3.746864358465630E-014
  -10.8307608572551       1.590985223668975E-041
  -10.7946199918640       9.255065917230589E-034
  -10.7555014916581       3.904058850239365E-036
  -10.7155169897228       1.032310890920651E-035
  -10.7006453106611       1.517075957543930E-038
  -10.6573974982980       5.087130813466578E-039
  -10.6078988063822       3.805958311694651E-036
  -10.5618714157093       2.479451674435602E-037
  -10.4249780358878       3.562582313295357E-041
  -10.0795685438611       2.817685734062658E-036
  -10.0380496147365       2.655350065580684E-033
  -9.93811762932244       1.569613096213839E-038
  -9.88175617669587       1.227553487283656E-034
  -9.84770667768773       2.233699477485337E-038
  -9.64421616203039       6.565888138691725E-042
  -9.10934190840378       1.050357007830995E-041
  -10.7856865322224       1.075519303982267E-041
  -10.7737049933526       3.660246785756515E-040
  -10.6731260235946       2.311644103267302E-036
  -10.6598751669852       5.311039875394469E-033
  -10.6074693366884       2.006735427707502E-035
  -10.6033663956457       6.130730564764890E-034
  -10.5937006247881       4.192231092906896E-036
  -10.5345956589382       7.816950852365071E-040
  -10.4477491701220       1.469834034598310E-040
  -10.0381458180902       1.760133322731812E-038
  -10.0113186837181       9.039272356434118E-033
  -9.88504820567514       1.689165800607626E-038
  -9.83917049306969       2.019032777642648E-038
  -9.77562696148839       2.742959246383872E-037
  -9.63636474505914       3.228305327780408E-041
  -9.06366408592720       8.375650982907141E-041
  -10.6069901755024       2.510003560103007E-072
  -10.5689841506838       1.141027072480861E-009
  -10.5218005077554       3.508226590330394E-070
  -10.5021268505174       3.095249577150764E-009
  -10.4697002363850       2.785414001412607E-065
  -10.4495550938948       3.340050575897310E-014
  -10.4408695875034       2.139780229923126E-065
  -10.3836979431711       3.545284358155422E-014
  -10.2605815034474       4.897983483227553E-010
  -9.88678842068690       3.978747593060241E-072
  -9.83606440884396       1.956128002010568E-006
  -9.72731404859125       5.744874993090942E-016
  -9.64851388490450       2.253549906196768E-007
  -9.64728641439289       3.978069801857881E-065
  -9.46346417526816       1.134211307082692E-015
  -8.90707205298273       1.957554827755446E-010
  -10.4455479186309       2.169950363173870E-009
  -10.4317114149488       3.859383877262230E-073
  -10.3693129522460       5.745894786760000E-072
  -10.3246939669810       5.663314826142768E-064
  -10.2991568842328       6.329654290695390E-065
  -10.2792322444495       1.600542219297118E-009
  -10.2743862341033       2.372214153061579E-013
  -10.2255343073245       1.425474842318627E-015
  -10.1223519906441       9.148014309978432E-009
  -9.72113404222039       1.033437366423085E-067
  -9.68409273736213       4.516167765098901E-006
  -9.56932785312718       1.225185584743742E-013
  -9.51000415951492       1.977244379804369E-069
  -9.45075821580703       2.045642230595602E-007
  -9.31369192706326       9.504371053114436E-015
  -8.74409335284910       7.059975316868708E-009
  -10.1567011852321       1.659835256515678E-008
  -10.1565243948316       4.360193478966131E-068
  -10.1139872951235       3.505285284177298E-070
  -10.0611660860017       4.227159800433312E-064
  -10.0300948168061       2.809283397982649E-007
  -10.0169054137519       1.020180005450120E-016
  -10.0047429482032       1.733865092449252E-062
  -9.96427541916605       3.359295858494230E-016
  -9.81763222114353       4.577610123955890E-009
  -9.42766209598918       1.434219300512232E-068
  -9.40203247617390       3.266192529549583E-005
  -9.29300878299270       2.848783236824694E-013
  -9.20921203258280       3.533284910799391E-070
  -9.18410296080556       2.823162083130654E-007
  -9.00153770395171       3.098870464870846E-014
  -8.42560189682247       1.129045456634967E-007
  -10.1799275346252       2.236202640946049E-072
  -10.1318813018604       3.992058849756372E-014
  -10.0970395162109       3.989033666663089E-070
  -10.0711240869014       2.428757147832962E-067
  -10.0627630729315       1.012364686577794E-011
  -10.0085215560572       2.717608586666649E-011
  -10.0015052000899       3.570244858114263E-060
  -9.98624997593734       4.037324716404223E-012
  -9.86282800419508       9.206559795438361E-013
  -9.47037809644543       2.616668274370534E-070
  -9.41773887055792       2.496411057051287E-010
  -9.30381767355816       3.068691966881765E-009
  -9.22017387610149       1.400493908924036E-010
  -9.21634138025524       1.909374196588077E-066
  -9.05178281440618       4.334570424333767E-013
  -8.48123755086065       1.405770721794566E-015
  -1.31053050327064       5.219818223764661E-078
  -1.29707828301421       6.137340654992839E-010
  -1.25656473046164       2.786309313150554E-070
  -1.20163702830713       1.263702442660047E-064
  -1.16435075076755       2.120496018408908E-062
  -1.16274458701858       1.223045820537160E-008
  -1.14769546732671       3.790214112062431E-016
  -1.09802001512412       1.375936479076062E-016
 -0.957654853168794       2.447954124695696E-009
 -0.600280741307486       3.213525730271364E-071
 -0.549532876908273       9.045229247570523E-008
 -0.438021309860357       4.087513335561155E-014
 -0.358727706897543       1.730895617677031E-069
 -0.315417411499581       9.739928002527236E-007
 -0.153890133337647       5.676579029355458E-014
  0.406982320843273       4.455460359654944E-008
  0.300207953676107       1.521052652700437E-044
  0.340833658610421       1.365373765618509E-038
  0.450751853164491       1.265116897980272E-035
  0.467147683794980       1.660565437269302E-036
  0.557998186171677       3.747410123310065E-040
  0.582926965235359       1.004678760167502E-037
  0.584292497855710       3.972337528076241E-035
  0.646756105641721       4.211615538712903E-042
  0.816619258408856       4.935679968838932E-042
   1.10121952869621       3.020928885274830E-033
   1.15974433220096       2.613023711745696E-032
   1.30209160099935       1.992454759078474E-034
   1.31289931888020       1.676408835162440E-032
   1.39724327286870       1.591739320316683E-037
   1.60385687112795       9.859836707960240E-043
   2.14999607422435       4.397230807029106E-040
  0.941913834660845       1.038363149045826E-069
  0.989414744387840       1.200386647264136E-010
   1.03441289036889       8.042371521541499E-068
   1.06636753130861       8.180976657653164E-010
   1.11608272792401       5.904997571405703E-063
   1.13722351945993       3.422390754020885E-015
   1.16879079082329       1.007875960216551E-062
   1.23262164010730       1.622890335222593E-013
   1.40982173431367       3.186568926767637E-012
   1.69507298234210       2.296743470740873E-064
   1.75002197011263       2.908255322848761E-004
   1.89628713396564       3.280003413527175E-012
   1.94869274055223       6.012786881172698E-005
   1.95159331510085       1.005485866117176E-058
   2.19624242848764       1.540619337262831E-012
   2.73973818511753       2.411569486794505E-009
   1.30282208527933       5.116854896950761E-074
   1.32548242658933       2.258920975382235E-014
   1.37638840603054       3.855128410933936E-061
   1.40468019862185       4.469660842806083E-065
   1.47215384607508       8.731412112705961E-013
   1.47710556625592       1.617984487421069E-062
   1.48105021974212       2.371455728297142E-013
   1.54647118919020       9.186194182471414E-011
   1.64238533160010       8.242839467102324E-014
   2.01611829282694       5.332447379715273E-070
   2.07651352179755       3.240098526944384E-007
   2.21097416445414       2.995597529119922E-008
   2.27365594112545       1.402337929330838E-065
   2.31733703167613       5.012197965071004E-009
   2.47089013705060       5.784063213492263E-009
   3.05807274991177       8.002891290579733E-012
   9.80853528078591       1.767043400519578E-041
   9.85703310758032       2.604010698525445E-034
   9.87107147353707       1.061964520758759E-033
   9.98067440589824       8.253592869269131E-035
   9.98201263344887       3.996336407319894E-038
   10.0554327401610       2.560448758765691E-037
   10.0621985427757       3.541610749534723E-035
   10.1307352586235       1.914900096891181E-037
   10.3246470159008       7.842971986538391E-043
   10.5648128131407       3.691915099813410E-036
   10.6255977547873       6.891969230766953E-033
   10.7824171227883       2.982332782341392E-037
   10.8070629430039       3.653312989854139E-034
   10.8554793725656       2.363204171126090E-037
   11.1006494560755       5.517898055714621E-043
   11.6348795818071       4.695203900108983E-041
   9.83457202892717       2.783336590219830E-043
   9.86599674727920       2.173959534224477E-038
   9.95180788699921       5.097382989510415E-036
   10.0104583752724       5.081270238405721E-032
   10.0388189611286       7.947833938407295E-032
   10.0787523282341       2.400494820247996E-036
   10.0851256491742       1.483122688921140E-036
   10.1494145106993       2.935776529855247E-038
   10.2784176248431       1.253068614881320E-040
   10.5883301290969       6.849033253137204E-038
   10.6554868319259       2.671769383431896E-031
   10.7991905042955       3.133750425147872E-035
   10.8313665259317       1.762682647009005E-036
   10.9108858058566       1.809470128345449E-039
   11.0910421921861       3.760924532743707E-039
   11.6620507052930       2.412435694588237E-042
   9.96269254757775       1.295676591286530E-069
   9.99510092317616       1.510546424662182E-008
   10.0333749076525       4.810607202234125E-068
   10.0852228675914       2.706609496208436E-008
   10.1328201153670       1.382760508080360E-061
   10.1677147047347       3.957428840533573E-014
   10.1701578104148       1.216575701609527E-060
   10.2272972014927       2.992319698255878E-014
   10.4109643776506       3.265908157655905E-010
   10.6918268068268       3.889523299686990E-067
   10.7415458051912       2.298737675614315E-006
   10.8989853033488       4.889535095438302E-015
   10.9579387283752       4.240971620180537E-064
   10.9676331022155       1.030591889105092E-006
   11.2019549499514       4.097077322277221E-017
   11.7510307468686       3.629936052079369E-011
   10.0160875468165       7.229150236468187E-011
   10.0528558970218       4.832774549526003E-072
   10.1430982023634       5.203521822823277E-070
   10.1947432996223       7.913738324805718E-065
   10.2383009955585       3.600874886950316E-064
   10.2718871948215       2.175488491562396E-010
   10.2804644135216       1.782792516764407E-014
   10.3424661358738       4.044336344913307E-015
   10.4805253250867       1.263376786618318E-009
   10.7786050807366       2.411988600137406E-068
   10.8481224378654       4.141362751903058E-007
   10.9926661466093       3.948268215107197E-014
   11.0199041525893       1.573347308665505E-068
   11.1031261842809       6.161013753037158E-012
   11.2880997009456       4.213426556187045E-015
   11.8549340049599       1.162108903500645E-013
   10.2362533092455       1.163059885155726E-068
   10.2794115150087       1.137076932917450E-013
   10.3133883762135       1.075788236289786E-065
   10.3738522966483       1.931178883351690E-012
   10.3790018538607       1.010954296130242E-059
   10.4376267918156       1.369748339223991E-058
   10.4511426668198       2.180469222984312E-010
   10.4627744756077       1.699234672543036E-010
   10.6354588374987       1.004978573103115E-014
   10.9544577762407       2.270632796038634E-068
   11.0086180380270       1.181147251137703E-010
   11.1553761521789       4.165022528360360E-010
   11.2301508012801       4.704759528865695E-064
   11.2406447452903       5.096278462646273E-011
   11.4456500887357       2.524484978404610E-011
   12.0121314349729       8.538275415665954E-014
   19.0450231127478       5.753279896720998E-075
   19.0568364713920       7.907428476828272E-010
   19.1080105590192       1.893982378931885E-063
   19.1799015456940       1.199169142652090E-065
   19.2155451613882       2.458096456678690E-008
   19.2248951173424       1.718139497666734E-060
   19.2437986007122       3.660996054180483E-016
   19.3000943723767       2.150885326618314E-020
   19.4665503495260       5.764284357840156E-009
   19.7742930024827       7.635826631416473E-069
   19.8355454882743       2.714608968827444E-006
   19.9730390194034       2.562764542397567E-014
   20.0211681411280       1.055311373448898E-066
   20.0662258101664       1.752304334371855E-006
   20.2651425857920       7.739077030004425E-014
   20.8218344475597       1.380209668963094E-007
   77.9432595208788       7.478283028974713E-074
   77.9634342238812       5.247813037402670E-010
   78.0238021961013       1.148241253741925E-066
   78.1008759587453       2.731574570809193E-063
   78.1423189420920       1.065291975908099E-008
   78.1606861879412       2.705388244880861E-063
   78.1736267752511       1.468321717852193E-016
   78.2434581063710       3.391335174098042E-017
   78.4309887333002       3.827213669498228E-009
   78.6833458014230       1.036278114452771E-067
   78.7539344362320       3.464608319886706E-006
   78.9141067161012       2.202396608102150E-014
   78.9380203314984       6.621096785516826E-064
   78.9845268335535       3.691361207065366E-006
   79.2138962242341       1.153335891125324E-013
   79.7550629022029       2.180951546906659E-007
   175.093383463229       3.857570159195118E-038
   175.101165131001       1.484110196386713E-039
   175.180138936041       4.739650624218222E-032
   175.267210307884       1.197210464445744E-035
   175.317611659592       7.418804788354206E-037
   175.333503205822       9.071523033605400E-035
   175.348708778235       2.987614082018813E-035
   175.430454731915       3.666019848646747E-039
   175.633204780002       5.624107701875076E-041
   175.817881790738       1.260460217547823E-033
   175.894146263573       1.419333751608779E-030
   176.059368278336       1.565025419816199E-030
   176.072348360041       1.018943135485253E-033
   176.114916270768       8.260750298608184E-033
   176.373628814817       3.944801808449704E-043
   176.871396295782       2.865017598614257E-038
   175.176467334642       3.082884980509430E-068
   175.214944314398       3.458516367945420E-010
   175.267487519941       1.123739057707341E-062
   175.357227514640       1.736179386192868E-056
   175.375770110938       8.864186364905451E-008
   175.425716915971       2.739353468182847E-015
   175.431506736105       7.568647897061158E-062
   175.502485058558       1.219400792525039E-015
   175.716136850125       2.139591668720889E-011
   175.903310767748       1.717600412368525E-062
   175.974339522240       9.765875225245848E-006
   176.154672475364       2.956710206060464E-013
   176.160781136840       6.346028507350186E-054
   176.184208934722       1.223537936684384E-005
   176.455757767927       8.979231703687906E-013
   176.951560931626       3.590878193849501E-008
   175.226753944542       1.284379489337996E-071
   175.260565379322       2.375646879149684E-013
   175.324360008631       3.046922719562081E-064
   175.396626882474       8.572215219161918E-062
   175.446245304804       4.841185136446014E-011
   175.464094548651       2.613584620916866E-059
   175.472398162037       1.615339328061355E-015
   175.545390221945       1.395709113575056E-012
   175.736555675805       1.368179967663574E-012
   175.948195955016       7.758344699353946E-066
   176.021643209675       5.869869417748878E-009
   176.196503660507       8.320558233606148E-010
   176.205534351208       2.013615650867409E-058
   176.242706040654       1.134228386378936E-008
   176.486910765669       3.315935078053378E-009
   176.998092754840       9.122979555863257E-011
   281.977936045410       2.245825301747922E-040
   282.004725333096       3.988274088792667E-041
   282.070454431682       1.455776361727439E-031
   282.163396563471       2.223493921714173E-035
   282.195541610514       3.080149541195823E-038
   282.234755130032       9.226067276917343E-038
   282.237075290762       5.821981795162021E-034
   282.319977494775       1.318485670767650E-038
   282.533916114474       3.969080415348082E-042
   282.692861546113       1.418520633882761E-037
   282.764419716625       9.869763467031862E-032
   282.952675744186       6.039046373339615E-035
   282.960829694928       9.249151586060585E-034
   283.003048001208       7.007311566717262E-037
   283.271722340197       2.724866820683969E-045
   283.772762193403       4.240322774667460E-041
   281.988865958953       8.516328631581769E-043
   282.008667000224       1.259382005941771E-041
   282.086267395120       4.583631448355189E-035
   282.159511314096       3.547082891011789E-036
   282.222631305242       1.177110281356063E-038
   282.226397355623       1.697360677730402E-031
   282.241101154333       4.114318267260613E-035
   282.323573454942       6.267805164319023E-040
   282.515514860868       8.653837023596766E-041
   282.696570644555       4.769211470645734E-040
   282.775539061358       1.968234402940330E-031
   282.949272580220       3.685034727932091E-034
   282.964328256955       3.544544598619616E-036
   283.017708641234       4.599693761806880E-037
   283.264041755597       1.891936008479618E-039
   283.777749467469       1.067777828357783E-040
   282.004245898967       1.946589546806541E-073
   282.049599895547       3.393597863948689E-011
   282.100677150744       3.718078770400022E-067
   282.188414769268       1.886164820148690E-064
   282.209946504589       2.548227514743219E-009
   282.251289380155       2.814471755334019E-016
   282.261536595756       3.993611132535990E-064
   282.330520923954       7.440408721462070E-017
   282.542109748584       9.690352455882903E-011
   282.721035865498       2.529263936190167E-070
   282.782487478532       7.493986053764005E-009
   282.968829047948       1.349683178540891E-016
   282.994448163514       9.699797917227200E-061
   283.020213425886       1.727364013170739E-009
   283.285350130409       3.527150778768807E-017
   283.792205109582       1.503140230006445E-012
   282.023009971661       1.244891387843966E-069
   282.039599192559       1.173396719617413E-010
   282.119349153845       2.667547640160352E-063
   282.195554664282       3.908171972014148E-061
   282.257920648225       1.291925915124669E-011
   282.262552526385       3.642171791363908E-071
   282.278732778360       5.908473425179487E-020
   282.361903735942       1.158974959450788E-019
   282.556652549709       1.759376673426611E-010
   282.731170232660       1.515152965640954E-067
   282.811563796900       2.609732595900683E-010
   282.987191295157       7.620503705011227E-017
   282.997819611972       6.134411117711837E-063
   283.053570913805       4.110283067521639E-010
   283.302926255026       7.465266890804492E-017
   283.814117027856       1.347357705733042E-013
   282.058701302889       3.375192820145388E-068
   282.104891489363       4.947768832017196E-016
   282.157209615906       2.357355806962198E-061
   282.237112521510       2.599327747659757E-059
   282.267599517271       2.525096286419947E-013
   282.301165361335       1.093558701689996E-013
   282.309581007099       2.517636047614272E-063
   282.379430868839       5.978844507444003E-013
   282.583118246730       4.911228392200545E-015
   282.773187338497       1.935889635205567E-065
   282.835424068628       9.028496355627898E-013
   283.016396261589       3.334520533608898E-013
   283.047508144793       1.041375113076161E-062
   283.074180543328       2.123930652600750E-013
   283.331021069719       4.578639311736608E-013
   283.843268687260       5.560210931229770E-015
   289.658061294246       1.334340351813973E-071
   289.690454600398       3.021561718812913E-011
   289.753300492729       8.217848984108175E-064
   289.829776135545       4.406418506408684E-062
   289.874686456115       2.743744476156072E-010
   289.900422902378       2.217667809843778E-061
   289.902257596188       1.016505801942670E-017
   289.983004013261       1.025418330248504E-017
   290.181060070184       2.463460854412340E-010
   290.375657522390       1.393450518029363E-065
   290.446073667021       2.905767790742136E-007
   290.620513383901       1.409639033375084E-015
   290.642537275606       3.770922035065927E-060
   290.683408511552       3.811770964758281E-007
   290.932574411524       1.133409824554998E-014
   291.446545836697       2.217235634007128E-008
   590.321645828993       1.790991853167303E-072
   590.361164464425       1.118590385375938E-012
   590.422359268677       7.762047017965650E-063
   590.498222130507       1.781498732654691E-061
   590.541801403927       9.875318968227293E-012
   590.566024656884       3.471933515803268E-019
   590.571740119150       2.519169862656153E-067
   590.650484715462       5.471638451976105E-019
   590.850551305623       8.895131998467337E-012
   591.013142561995       6.296225254394697E-066
   591.078884252316       6.078632329047104E-009
   591.258306039812       5.961259433887675E-017
   591.285866108126       6.753423255092685E-059
   591.319457747026       1.001179478243940E-008
   591.577009301614       2.873826929000033E-016
   592.069518031380       5.740602700185599E-010
