                  1264
  -19.1971009104826       7.540565147827075E-074
  -19.1500656564518       7.124307106890083E-012
  -19.1474359344884       4.251446577123640E-071
  -19.1323759461631       6.451678186322580E-072
  -19.1032875927792       5.526157813989868E-017
  -19.0949429954201       5.125635794661250E-068
  -19.0729578831413       1.918021004925774E-010
  -19.0488061975347       2.095310667440522E-016
  -18.9618009911092       5.214416626992744E-011
  -18.5120429062796       8.983442668949812E-069
  -18.4697057486180       1.856369514041856E-007
  -18.4198567078831       3.853162966955526E-013
  -18.2440263321561       5.170972643194872E-076
  -18.2097723195201       6.471088476473583E-008
  -18.1279252423899       2.357954827987816E-013
  -17.5321858258317       3.733009682100393E-005
  -19.1382436303865       2.229363972232882E-073
  -19.0767167615406       1.891643438924199E-015
  -19.0624760528147       1.415213805387646E-069
  -19.0616566695839       3.843051427672142E-068
  -19.0170775769404       8.421370853930256E-013
  -19.0010902925001       8.504641294634076E-015
  -18.9787924504938       2.048202237444102E-070
  -18.9443880934279       2.758154243439118E-015
  -18.8683517903874       2.193572766126379E-014
  -18.4591279665895       8.289200927360101E-075
  -18.4245068857682       3.188972333989364E-014
  -18.3191290885691       1.185922722836216E-009
  -18.1738300589556       2.902898090295352E-072
  -18.1451763068693       9.772431230856697E-012
  -18.0417635682345       4.556144094607938E-011
  -17.4614928437545       1.436297715388738E-008
  -18.9268468323899       1.046774119224427E-072
  -18.8714908560992       8.110729831130301E-013
  -18.8669228454335       4.913413063410193E-070
  -18.8517421318380       6.665751566017504E-072
  -18.8061890388498       5.760969203346562E-012
  -18.7946617445745       7.868630757837418E-013
  -18.7889057212015       3.780371652943362E-067
  -18.7656942331165       5.698032158807430E-012
  -18.6795913922535       3.966608857226128E-013
  -18.2574195437355       3.961008840667645E-072
  -18.2094771172507       5.222231528693645E-011
  -18.1303074373155       4.402002826640163E-009
  -17.9733799333536       3.013765166068594E-070
  -17.9483521660351       7.416513824243618E-012
  -17.8522751274955       1.112927637074323E-009
  -17.2661638817857       9.219320776710105E-008
  -18.8920511239499       1.420743029277826E-074
  -18.8567325238121       1.114198742643420E-010
  -18.8455778245227       1.511975869533459E-068
  -18.8362540511430       6.144635088986332E-070
  -18.8000483718676       1.268444313161654E-066
  -18.7927941467260       8.250405811761287E-013
  -18.7783481685970       5.605388705012597E-011
  -18.7589394604409       1.528804442455705E-013
  -18.6793073494594       3.192857909840399E-013
  -18.2234889927929       5.966657146911598E-065
  -18.1780147870634       3.799254244501126E-007
  -18.1235150696797       1.658673225611734E-010
  -17.9597271650379       1.963297108267290E-070
  -17.9230387468497       2.275027580105182E-008
  -17.8501314306074       2.496584398673931E-011
  -17.2566582359844       2.580602046909305E-005
  -18.8906864794090       1.473069087532898E-073
  -18.8436413684514       5.444695293166657E-012
  -18.8248427089065       1.936189229635043E-071
  -18.8059846725490       3.124184327905760E-070
  -18.7846243293151       2.823261374578950E-015
  -18.7660913362017       1.567100310825631E-010
  -18.7655459419272       2.385345374183940E-063
  -18.7058669318580       1.106462103924266E-021
  -18.6156440336608       2.530518166013299E-011
  -18.2081954598370       7.135988703757718E-068
  -18.1485693860387       2.683552570520795E-007
  -18.0998324806803       4.382394627147862E-013
  -17.9281249114853       2.635426169508763E-071
  -17.9138708425182       7.264262428320930E-008
  -17.7842146630712       2.217015519983731E-014
  -17.1905688629526       1.794502921201006E-005
  -18.9156658801769       4.568366421291300E-040
  -18.8658250433263       1.966824053556442E-048
  -18.8506376893797       2.409123818842556E-044
  -18.8288326967547       1.796880043205931E-046
  -18.7980819337537       2.332623715131176E-040
  -18.7896392565624       1.587191828229403E-046
  -18.7557188945533       1.269071494913032E-047
  -18.7306121430383       8.526143060986981E-045
  -18.6479681813332       8.215475573146628E-046
  -18.2165846798715       2.350306900482441E-039
  -18.1842492620600       1.497154593138269E-039
  -18.1401768419549       2.022795990358003E-042
  -17.9498892881815       3.412736318699220E-042
  -17.9412360424309       1.299184341631987E-042
  -17.8256310056340       3.199329420592146E-041
  -17.2425378095100       1.811510656490699E-038
  -18.7309713664598       1.290933734794894E-078
  -18.6780271804705       3.856463418822993E-012
  -18.6643857345301       5.061985627700834E-074
  -18.6617169841796       1.028263599696192E-074
  -18.6256813117455       7.002902034559884E-018
  -18.6097972232299       1.384259132036320E-072
  -18.6045226706314       9.300892481873574E-011
  -18.5694748371711       9.004458249082165E-016
  -18.4674883763258       9.852247141743411E-011
  -18.0414523968713       1.322547456679597E-073
  -18.0084496332680       1.993088795195258E-009
  -17.9373492771037       7.014526138555109E-015
  -17.7699657323233       9.339521461512419E-076
  -17.7424613904245       1.990013085528260E-008
  -17.6408842634645       5.463760113054797E-016
  -17.0541015419949       4.349653334637230E-005
  -18.7440141376897       1.031224879555351E-076
  -18.6740297176502       2.515136343820404E-015
  -18.6597999022003       1.900583084395651E-067
  -18.6442864517409       6.581032885622473E-069
  -18.6154827411359       5.658334444689445E-014
  -18.5954718569664       4.941402207283132E-014
  -18.5641531402739       1.325890819137687E-071
  -18.5333086220729       1.080232438756732E-014
  -18.4417287039282       2.280839478024861E-013
  -18.0416308047857       2.287505635376684E-073
  -18.0198462577755       8.127882776264635E-014
  -17.8912970947226       1.003399553762323E-009
  -17.7615131642096       4.299930738475463E-073
  -17.7480559380099       3.245938105203042E-011
  -17.6126152759831       1.427892525525389E-011
  -17.0290051383802       1.439109596526196E-008
  -18.6482717041387       4.848154188561320E-078
  -18.6104816707009       2.536933873787474E-012
  -18.5965279593407       9.535071311760418E-077
  -18.5895255003162       4.352296985998723E-073
  -18.5552645955681       1.655413721655588E-019
  -18.5398319700145       1.927196888825688E-072
  -18.5222566886811       4.019906492651652E-011
  -18.4895124358473       6.398567998569859E-016
  -18.3936841166780       4.647178253428903E-011
  -17.9809370603295       1.952289447416545E-079
  -17.9416676269665       9.237500325013785E-012
  -17.8872675769297       5.716718574490748E-019
  -17.7043919581404       3.195385801189617E-081
  -17.6693602488832       4.432216840436896E-009
  -17.5699590644330       2.904171579959442E-016
  -16.9851172180202       8.383508432050197E-006
  -18.6513081617013       6.950788382721509E-047
  -18.5999347556827       3.765713147173613E-043
  -18.5816645605220       5.924932501156255E-044
  -18.5798990459007       5.228563449903490E-045
  -18.5659551831872       4.297288428643852E-041
  -18.5494775437555       2.557092081888621E-039
  -18.5230795072781       6.659392007267325E-041
  -18.4957369588702       3.847413441906866E-043
  -18.4208269999124       2.370018459263955E-044
  -17.9800450994111       4.677810196915501E-044
  -17.9627785464033       6.066183697358901E-039
  -17.8928785434288       1.302876283626111E-042
  -17.7058576282594       5.866844765190596E-046
  -17.6671809204931       6.650894318455202E-040
  -17.5952991063914       5.093500154866759E-043
  -17.0060652668277       1.042379103552259E-036
  -18.5317641233456       3.428805820993374E-048
  -18.4952476983205       4.982620359695448E-043
  -18.4821475638381       4.314424922649911E-045
  -18.4778142883678       1.372803119909685E-039
  -18.4483162291618       1.418731196864737E-044
  -18.4286035210384       5.565761165641938E-043
  -18.4140142869862       8.565935960710457E-045
  -18.3835242982521       7.130634090890938E-044
  -18.2890700507695       3.405406463925744E-044
  -17.8670569994918       1.789037548057594E-047
  -17.8366898172091       3.050005076863825E-041
  -17.7828202427863       6.902691564754299E-042
  -17.5930732916483       1.505257263622670E-043
  -17.5613193489772       3.570181147354931E-043
  -17.4651104188705       1.029931842237837E-042
  -16.8795303719188       4.345708730767315E-040
  -18.2523845899655       1.592148111076546E-075
  -18.1961284062668       1.033465427050527E-070
  -18.1736326269006       1.436562510224797E-014
  -18.1700624326588       5.471734122408020E-015
  -18.1666334433140       4.971048913547570E-067
  -18.1289318496026       1.108003452523381E-071
  -18.1169612494892       1.069968039880373E-014
  -18.0977704605886       1.395383273306014E-016
  -18.0110060953416       1.022767811776296E-015
  -17.5798913458355       2.581753136745729E-074
  -17.5579225250432       1.002790227781137E-013
  -17.4986308850092       4.328130663401361E-013
  -17.2791463921595       2.921651992999016E-073
  -17.2589848625675       6.175293555667243E-013
  -17.1777168438420       3.395886998711959E-013
  -16.5801358662342       4.918130534018492E-011
  -18.1587100365338       2.730426350412839E-079
  -18.1225395638109       6.665594497777817E-011
  -18.1077944575011       3.798338589649399E-068
  -18.1041079644305       1.604323285528599E-073
  -18.0719477625106       3.443998804195579E-016
  -18.0651417351692       1.877151315211005E-068
  -18.0452842090860       5.846338765249066E-011
  -18.0199317044697       2.585462075814174E-013
  -17.9301522018766       2.204027001317421E-013
  -17.4911293345005       2.434012139159484E-068
  -17.4603219012581       4.392829594189988E-008
  -17.4049470725511       2.135284428134852E-012
  -17.2233163204229       9.441233688870875E-072
  -17.1904393592790       6.968205364308292E-011
  -17.1040306112426       1.076664501585999E-011
  -16.5147761396735       1.034587131593685E-005
  -18.1217604189374       1.500627990529490E-071
  -18.0690114231439       9.883693574604504E-013
  -18.0645408903485       1.936214218198013E-069
  -18.0517228101701       1.658052281538518E-068
  -18.0053653096672       4.640542385167913E-011
  -17.9967825671627       3.277118219722987E-011
  -17.9962934126748       1.652268302604892E-062
  -17.9663052274048       3.048342298354821E-011
  -17.8833555391370       2.015738140738819E-015
  -17.4543585304406       8.128128670300104E-073
  -17.4089997077740       5.886014431422135E-012
  -17.3360581523310       2.104858512046201E-009
  -17.1720931008066       2.824301156500327E-068
  -17.1422297334262       5.314434280350774E-011
  -17.0561826896668       2.663292161976007E-009
  -16.4685666551915       3.841705130551429E-008
  -17.8962624119314       9.760795768112224E-042
  -17.8901948442709       3.217500995268235E-041
  -17.8755050430337       5.272909539311884E-039
  -17.8568084455231       8.783906515519630E-043
  -17.8214214865971       6.360270619693359E-040
  -17.8066816104516       6.353448031941872E-041
  -17.7854097558839       1.718943456586556E-044
  -17.7483352616142       4.310716321836604E-041
  -17.6449792775611       9.375278993362412E-043
  -17.2209230675173       6.292665019536671E-042
  -17.1949155986555       4.599514112026991E-040
  -17.1387025605072       5.921464031397633E-044
  -16.9845547981531       6.085534173421435E-040
  -16.9597875151522       2.378268587113674E-040
  -16.8295604949269       3.539854316556556E-042
  -16.2556521453668       2.633856112736494E-037
  -17.9142261486384       3.017305886477439E-043
  -17.8803151749584       1.471167467946530E-042
  -17.8405027369984       1.928855932432879E-041
  -17.8048589949359       2.542307646293815E-036
  -17.8044337203229       3.556102911240112E-036
  -17.7900334045979       2.617027598735302E-040
  -17.7825148089400       1.600556026295713E-040
  -17.7428580417014       5.968038402280521E-044
  -17.6438879591380       1.149611969912412E-041
  -17.2018946651027       2.091087308725409E-037
  -17.2010546983714       1.956024532954665E-040
  -17.0964422790354       1.148520301011563E-042
  -16.9671374669319       2.354470568166755E-043
  -16.9439600349658       5.065093566761617E-039
  -16.8185743849246       1.317118801009877E-044
  -16.2314455070418       8.185160702222256E-038
  -17.7285414270129       1.708477881765183E-075
  -17.6778921613336       8.615250482793269E-071
  -17.6698053308956       1.327448719729068E-010
  -17.6577363608124       1.071616094973135E-070
  -17.6350290537110       3.589804646399772E-016
  -17.6201080288828       5.535267543793177E-068
  -17.6058732987700       1.272875591959180E-009
  -17.5834364941203       3.307706954039733E-015
  -17.5067400671572       2.650068055829655E-012
  -17.0609684974884       2.398348152773396E-072
  -17.0256157926503       1.239809217564899E-009
  -16.9664171801164       1.014786101327118E-014
  -16.7777496613119       2.329543454326725E-079
  -16.7461933389521       1.964400098662054E-008
  -16.6774345720874       1.617309346928601E-014
  -16.0830340409326       2.432079953480702E-005
  -17.6955230193302       1.092480278897212E-074
  -17.6331218940834       6.304989308470825E-015
  -17.6327529172710       1.218958204744386E-070
  -17.6186689414547       5.912730171042398E-070
  -17.5882255319000       3.389432984234638E-017
  -17.5715766893462       1.585772234545685E-070
  -17.5619893925319       5.288854510663784E-014
  -17.5365427061399       2.587597594933423E-012
  -17.4452157653733       1.191156121975080E-013
  -17.0232935075161       8.932047301642407E-081
  -16.9862608241244       7.726174870203483E-013
  -16.9173425252147       6.261307666138900E-012
  -16.7347213273977       4.702763494374904E-073
  -16.7088432421597       7.875422591481762E-012
  -16.6171162479033       3.253812243344550E-011
  -16.0266800886835       1.103075508415506E-008
  -17.7523969010063       1.997034670627410E-074
  -17.7030536679304       1.873031742301756E-010
  -17.6774964872320       9.961174254553427E-073
  -17.6624564239983       7.566455730299094E-074
  -17.6438334054540       8.371293653334211E-012
  -17.6288540652481       4.321481846420065E-017
  -17.6171160083800       1.289617803257685E-069
  -17.5856272283832       2.005622668152988E-016
  -17.4746300999608       1.318002327413135E-009
  -17.0538521947021       4.844832674029564E-071
  -17.0112121191146       1.337324864012302E-010
  -16.9345119240308       2.171734322259655E-017
  -16.7941850880927       3.946969394151923E-010
  -16.7929087100112       2.785884368483011E-066
  -16.6534828095185       9.317018707795873E-017
  -16.0717382901670       1.698869750871284E-005
  -17.7195334827992       2.239292473013837E-010
  -17.7152397255457       4.568131923575542E-075
  -17.6962058147054       1.643392549847355E-075
  -17.6570351448392       7.322662149931497E-072
  -17.6234513410111       1.880013090037887E-016
  -17.6220836398236       1.881905449849107E-015
  -17.6161629280925       1.059066528187499E-068
  -17.5790076784080       2.853639479738593E-016
  -17.4660358451266       8.356750912622495E-010
  -17.0341038316257       8.673072623289553E-074
  -17.0082853673135       4.182855422341781E-009
  -16.9346827190283       6.130224232914431E-018
  -16.8032594069196       6.498191472470298E-072
  -16.7849061272832       4.991698384064899E-009
  -16.6446469000574       1.880431260853143E-017
  -16.0611577044862       1.485281012197384E-006
  -17.4558714445272       1.031856371544522E-074
  -17.4325300399719       1.410652739282814E-010
  -17.4056970488379       1.451272897479546E-071
  -17.3771878567433       1.469747045598272E-070
  -17.3409733793777       1.001353389284469E-010
  -17.3381213601465       1.628804223637975E-012
  -17.3378393590103       2.254466534227933E-060
  -17.2867418676943       4.610763133569280E-017
  -17.1707093930126       3.060543576269732E-010
  -16.7448030102442       9.969452636452761E-071
  -16.6959768663442       2.016939818060457E-007
  -16.6231644876256       1.189208224559783E-014
  -16.4979636296551       2.372809119530502E-074
  -16.4858434054517       5.743704702446894E-007
  -16.3341304240625       4.555932555362868E-015
  -15.7367946104831       1.449453988132091E-004
  -17.4641731244610       5.698939321690863E-071
  -17.4039628469641       3.159575530954544E-015
  -17.3922116086092       1.187520874974816E-067
  -17.3727578116712       7.306325722277254E-068
  -17.3353771136426       2.871178730686192E-013
  -17.3318377942365       2.309765461013493E-015
  -17.2972174866517       4.202297529944429E-067
  -17.2844147515516       1.296622624983549E-015
  -17.1786421651514       3.466167949572018E-014
  -16.7632742250356       1.846974868889797E-072
  -16.7363244454457       3.319325115895763E-013
  -16.6192926880382       2.719230859107040E-011
  -16.4936441594392       6.946958272268226E-012
  -16.4924641134193       2.785150534419854E-073
  -16.3485455083592       8.734988301260671E-014
  -15.7604458659614       1.707846495230810E-010
  -17.3973492073818       5.260486620223076E-040
  -17.3603701462202       4.732834813119448E-046
  -17.3180245714147       4.673553174333210E-043
  -17.2547253753829       9.034047622602083E-044
  -17.2425820220644       1.813345982168412E-041
  -17.2271171549193       5.854469010231517E-040
  -17.1940955991714       1.393352614619932E-047
  -17.1400659172659       5.867271697453327E-043
  -17.0703823653267       4.313306643092450E-044
  -16.6545396404664       5.496408399572175E-039
  -16.6298479202346       4.228776987722064E-039
  -16.5603451962439       2.518873388791178E-041
  -16.4124397877357       1.565278206383181E-039
  -16.4035592760395       1.406797957049676E-039
  -16.2618971974466       7.394025202133158E-043
  -15.6941628169061       3.477622822465644E-040
  -16.7264774144353       7.852889570583088E-071
  -16.6975459756831       4.677016703385725E-011
  -16.6633472437666       3.033871624452611E-069
  -16.6556175919881       1.133539509094336E-070
  -16.6260431507142       3.101484947835192E-011
  -16.6217934223811       6.672094584812346E-011
  -16.6160741600029       2.146038695441255E-067
  -16.5455875316572       2.689119075263771E-014
  -16.4631692524209       3.513172134403385E-011
  -16.0517701106352       6.217242276680016E-066
  -15.9909359498949       6.842542700661273E-007
  -15.9477639695989       9.042807771824757E-011
  -15.7957146217439       8.617763084588263E-071
  -15.7639921298176       1.368281794568041E-007
  -15.6532940537161       1.368526693510914E-010
  -15.0853147590539       3.225979003427551E-005
  -16.5654732953544       8.147206858563956E-071
  -16.5237843836456       5.281359901338828E-013
  -16.5106109478339       2.151304886089280E-067
  -16.5030913760259       6.511802252751183E-067
  -16.4561212984910       2.637508452591998E-011
  -16.4413472212682       1.664708744355029E-014
  -16.4337436630487       5.863318153559204E-065
  -16.3967757218415       4.728450054129714E-012
  -16.3307296950812       5.055648224196770E-014
  -15.8949998701219       7.205430383206095E-069
  -15.8524496225603       6.520994552582411E-012
  -15.7655644664727       8.161531485932732E-009
  -15.6260761519093       9.230286172845354E-068
  -15.5929854603304       8.108658909103045E-010
  -15.5034715175456       2.014981721627376E-008
  -14.9181853843074       1.853620679037654E-007
  -16.3217748928995       4.056120344499111E-049
  -16.2879198913992       3.800071017615500E-045
  -16.2644457679580       1.328036805815052E-040
  -16.2581853364894       1.489921308960003E-040
  -16.2544655898108       3.636334931136816E-039
  -16.2376664732875       1.834179850693700E-041
  -16.2083166423598       1.166648708708551E-041
  -16.1967222011052       2.453210993839517E-045
  -16.1276705411730       4.545061848677167E-043
  -15.6671699420688       1.070286942888399E-042
  -15.6410324996358       5.181100713051362E-039
  -15.6046925578338       3.159121049089070E-044
  -15.3810238314382       1.231935501448927E-043
  -15.3483198615507       2.350909305813083E-041
  -15.2978618178636       8.916509965713679E-044
  -14.6964121308827       1.672830433060117E-039
  -16.2609437899824       6.857955130908506E-076
  -16.2247918407580       2.978310551769624E-069
  -16.2001268922215       4.170945550013604E-010
  -16.1933724093786       3.661578566378069E-018
  -16.1915497298155       2.853552836725247E-067
  -16.1701656832330       8.040771396672373E-075
  -16.1453679079396       1.209890218745577E-009
  -16.1297823992935       2.618537464094739E-015
  -16.0588939393416       8.826979402415553E-012
  -15.6053267913655       3.874137113701655E-073
  -15.5777437747034       1.033127430810251E-011
  -15.5392418561238       3.920393458184671E-014
  -15.3156462593175       4.973407011987291E-074
  -15.2824647510785       2.442795309335467E-010
  -15.2307653645944       3.844974401022927E-013
  -14.6323928072171       2.305197204950533E-006
  -16.2435650950608       7.064291168942040E-049
  -16.1956634450139       3.600120798511552E-039
  -16.1930953423463       2.048307642172352E-039
  -16.1883767037931       7.068730923846104E-041
  -16.1711334993204       3.308315420426939E-042
  -16.1570327936674       2.537335651268396E-039
  -16.1434277782022       5.860341908084375E-038
  -16.1165850675423       3.440730597351810E-040
  -16.0454167808932       3.824928420541366E-042
  -15.5876753867024       6.080648568577959E-046
  -15.5664081560640       1.220414628773841E-037
  -15.5152370159896       2.591329012394135E-040
  -15.3112558560685       2.536430244634571E-043
  -15.2774301962606       3.858271460983847E-041
  -15.2257390010950       3.560070546518391E-042
  -14.6358710895865       4.027938241770703E-038
  -16.1188206081216       6.526366872506799E-077
  -16.0807222702788       5.649309245026554E-073
  -16.0529102407700       6.001248325213135E-016
  -16.0490853532646       1.393592372637849E-012
  -16.0456679848826       1.087596960693485E-070
  -16.0208928015137       4.396223026518035E-072
  -16.0050445915095       2.583631295136159E-012
  -15.9880389881984       1.087850225286097E-011
  -15.9155959807842       2.533659421197276E-013
  -15.4619931473193       2.648585859762050E-076
  -15.4388021976234       9.468721333978484E-015
  -15.3980524765656       3.254400731215210E-013
  -15.1660556133360       1.667234722922453E-072
  -15.1391387465282       2.696756069794288E-012
  -15.0875888663135       3.246561238751489E-012
  -14.4888716431757       3.775706112388640E-010
  -15.8739111619669       9.196196798584003E-079
  -15.8358294445333       2.927759973251993E-070
  -15.8117218848983       2.921569640465426E-017
  -15.8005242774752       4.375138247423628E-010
  -15.7959646900036       7.262887189936411E-069
  -15.7766202497358       5.954495075462226E-071
  -15.7579744686409       7.711108170632877E-011
  -15.7469716982652       1.294999867495259E-014
  -15.6801948597448       3.241781286472664E-012
  -15.2096093339626       3.359189042103528E-073
  -15.1906781323021       1.277711283176982E-010
  -15.1453572401683       1.449153667891716E-015
  -14.9183833009038       3.122117043488295E-074
  -14.8959622377949       8.640347768204165E-012
  -14.8454083997473       1.409205559250947E-015
  -14.2375725416711       4.703906046029600E-006
  -15.9289118059963       3.173977949021562E-074
  -15.9008613368655       9.933803123443708E-069
  -15.8595435282767       2.386333329820712E-012
  -15.8570730048745       1.001046534930205E-012
  -15.8547801883244       2.853057865766459E-061
  -15.8301266043284       6.300454295418691E-067
  -15.8249117113551       1.113266733227964E-012
  -15.8107153519737       1.481671424683190E-013
  -15.7477703966852       1.760977631455255E-013
  -15.2745831004673       2.311641073025245E-072
  -15.2434581788701       5.149455887290811E-012
  -15.2027181582095       8.123005280418550E-014
  -14.9851691697881       2.159902176812801E-070
  -14.9635211555137       9.738755704270473E-011
  -14.9212151986710       4.660228325782529E-013
  -14.3192922805664       3.079019529047506E-009
  -15.8797319596449       3.307467506261623E-044
  -15.8428241311152       1.422767231574125E-041
  -15.8397391349825       5.402196372171095E-041
  -15.8326854479122       2.802707208065770E-040
  -15.8076380342046       3.427556893560678E-040
  -15.7980045116692       5.612865500281282E-041
  -15.7804513275073       4.158565978081259E-040
  -15.7547725483028       1.900052910625508E-041
  -15.6747167371950       4.628963543094629E-046
  -15.2254504844950       2.573715027929348E-043
  -15.1963377787725       5.763770072115953E-039
  -15.1544993852019       1.209881652188788E-040
  -14.9546813133722       3.232669837947750E-045
  -14.9196152697352       3.427215843958577E-040
  -14.8533455642049       2.622313658298831E-043
  -14.2664946927485       2.660772384033804E-038
  -15.8265678517169       7.349102616544385E-046
  -15.7904017549557       3.530108512790384E-041
  -15.7668482123959       7.189633056433393E-042
  -15.7607384445269       2.334565939955786E-041
  -15.7506498620901       1.441586023322621E-040
  -15.7397556980841       1.086138088136903E-039
  -15.7022225073027       2.033680294116197E-041
  -15.6905934385199       3.462721781270651E-041
  -15.6300948673113       3.194299001993980E-043
  -15.1688674970941       2.298694510755313E-044
  -15.1414429466139       5.319197145213155E-042
  -15.1002405933336       2.757083600546788E-042
  -14.8829100148971       6.350916105587094E-045
  -14.8432402908792       1.324748133299628E-042
  -14.8002801399642       3.015252936553826E-046
  -14.1954909009235       2.731144058573586E-038
  -15.6698604730408       2.131025742854125E-076
  -15.6223714274930       3.323239086697283E-069
  -15.6066620846473       1.482082880877202E-009
  -15.6024120961789       1.776799857953387E-065
  -15.5990504051755       5.216578713198966E-017
  -15.5707945916012       4.517714276596983E-076
  -15.5575449519393       8.794004689867245E-010
  -15.5377666526042       9.401550487172142E-015
  -15.4592185232998       8.401315680740264E-012
  -15.0070737158306       2.019061933046702E-072
  -14.9875297491257       2.791455608481567E-009
  -14.9375109617177       1.411517639623917E-014
  -14.7203672119536       3.089198429169011E-073
  -14.6949703054313       3.231280166760573E-008
  -14.6315603262259       4.043347821562387E-014
  -14.0368325726694       1.903044693386797E-006
  -15.5311398901573       2.455215969419896E-044
  -15.4789929610748       7.653639193862188E-038
  -15.4778474629166       5.092528057490965E-038
  -15.4638390729504       6.188956965026025E-038
  -15.4593231444155       2.002185140051994E-037
  -15.4398682723993       2.990259333984377E-038
  -15.4114009078694       8.777310083300802E-040
  -15.3913331188174       5.695742592058896E-042
  -15.3201677179228       2.003762771196850E-042
  -14.8633133962648       7.529076597159915E-046
  -14.8454441157841       8.467616731876021E-040
  -14.7911944520543       8.696931752002563E-041
  -14.5903106886655       4.049865809173518E-044
  -14.5518436426272       3.041951858671562E-040
  -14.4942350723277       6.254342929710759E-041
  -13.8992001979519       1.925988990697554E-037
  -15.4945367964554       5.714900256994338E-079
  -15.4509651241342       3.370776887674320E-070
  -15.4262593468652       2.956767882389358E-012
  -15.4206054222282       1.025945659814593E-014
  -15.4180641742695       1.769924017365549E-069
  -15.3927571979127       4.819348919637929E-070
  -15.3726401507333       3.610243016262877E-013
  -15.3594235804693       3.912004716656103E-015
  -15.2882168049336       4.184666361107908E-013
  -14.8307570718749       2.548789605195998E-078
  -14.8059436461828       9.182814053472008E-013
  -14.7555354649398       4.573485635270392E-012
  -14.5410332231792       1.245983703986189E-072
  -14.5156415909784       3.321334280181253E-011
  -14.4551588317606       3.620468041470636E-012
  -13.8529925914798       2.632120128810206E-009
  -15.5341903443472       4.481895952611181E-042
  -15.5199352534655       1.356762607164055E-041
  -15.5013847172562       3.621297502418885E-039
  -15.5004383361115       6.824983069745074E-039
  -15.4636757011046       1.587864785608522E-038
  -15.4531994136522       3.038197261742103E-041
  -15.4371268428039       4.242320243999563E-039
  -15.4063142653678       6.375600443028571E-039
  -15.3218718241490       7.258511668032461E-043
  -14.8757456061779       1.268453819710658E-039
  -14.8449592787953       1.015731178848822E-037
  -14.8038352512583       6.099292783535949E-043
  -14.6235457438450       2.759189753636848E-040
  -14.5835529888600       5.015333776928517E-040
  -14.5020732423618       3.019204191179290E-042
  -13.9196514480678       1.151453526770708E-037
  -15.6120405723277       3.712522643301295E-074
  -15.5794166591302       3.718013938279881E-010
  -15.5431741642724       3.429573573010612E-073
  -15.5223888743878       1.702857016515717E-067
  -15.5143028919396       6.986102143918856E-012
  -15.4934486965894       1.595310354614010E-014
  -15.4933312942463       7.209166946126510E-065
  -15.4368978968464       1.410762827366449E-015
  -15.3408090442493       2.789855255260474E-009
  -14.9204400710372       6.354947345377537E-068
  -14.8677875392482       7.325851149295331E-010
  -14.8022425669695       6.008261801168886E-015
  -14.6776872100266       7.685460191281062E-070
  -14.6644632836864       1.506426070463542E-011
  -14.5325652352596       7.660570524728302E-015
  -13.9659047529994       2.317920898355701E-006
  -15.3547971647244       1.549914988039713E-041
  -15.3424066405877       5.325937564002706E-042
  -15.3017239348706       2.954759586524955E-038
  -15.2730356040532       1.239197894873982E-038
  -15.2579715375166       6.544152933825514E-038
  -15.2491677984506       1.771132457127661E-038
  -15.2245440574806       3.293059051187820E-040
  -15.2038494522116       3.918846780935997E-040
  -15.1091275725436       1.014755621183990E-040
  -14.6608725912974       5.862689895243377E-038
  -14.6445888972181       6.401189828977723E-037
  -14.5638755427682       6.204239715681706E-040
  -14.4337886900458       5.207282044325674E-041
  -14.3940481553110       4.292909644080515E-040
  -14.2915722364582       7.319702897506054E-041
  -13.7050862100896       7.598235945574434E-037
  -15.2568235764798       1.850721866288140E-045
  -15.2562165171290       7.269407287877418E-041
  -15.2311997808731       4.919262566936788E-039
  -15.2154090418375       1.670852626065832E-042
  -15.1770831728382       3.306597475451870E-039
  -15.1666251678592       4.714379371299914E-039
  -15.1596321232097       4.253974475090714E-040
  -15.1194843880317       5.889312475508941E-040
  -15.0276823617105       4.663849803511416E-042
  -14.5961610040589       5.762900570670190E-045
  -14.5645847396342       5.578959512273676E-041
  -14.5127053511636       6.641840653699992E-041
  -14.3553605559616       2.001511697580913E-040
  -14.3106539351298       2.206347086766365E-039
  -14.2181208914898       1.945424830558856E-039
  -13.6446953587157       2.823376286380366E-038
  -15.2100242186979       3.642703798467773E-073
  -15.1856480929007       1.847005880663566E-010
  -15.1577930952022       2.814247443080948E-073
  -15.1450992262379       2.530998818255062E-072
  -15.1310741853870       2.989341393008414E-075
  -15.1240046508346       2.965110164283119E-017
  -15.0972525531780       1.944038491900687E-012
  -15.0733582951290       9.377520283442166E-014
  -14.9965176462563       2.061609099886550E-010
  -14.5363970888962       4.185424014278129E-077
  -14.5155889421798       5.326352582031994E-012
  -14.4531056865930       3.875894492673095E-021
  -14.2904330397569       1.148401715313446E-075
  -14.2463050701461       1.175137910396967E-008
  -14.1738917743526       2.841432193494182E-013
  -13.5868386958219       2.980482827305069E-005
  -15.0723966449021       3.961304595477555E-073
  -15.0347588238898       5.595616159144357E-071
  -15.0048877308997       1.382986280951831E-012
  -14.9992179589736       9.468806321801201E-065
  -14.9953921715056       3.842591425324080E-015
  -14.9722587466314       9.631800135825163E-069
  -14.9599330075831       8.514090046059192E-011
  -14.9444279445650       2.700838058463034E-012
  -14.8717600869713       7.453850247069930E-012
  -14.4146272268877       5.780723233673507E-074
  -14.3834801987557       3.416325294585977E-012
  -14.3405340995952       9.396282403375307E-015
  -14.1226727682534       1.393191327015898E-071
  -14.0975746367555       6.162279645393162E-016
  -14.0434359051003       5.287624380834782E-011
  -13.4447918337657       4.421162578705312E-008
  -14.9411771398234       2.583457992180765E-075
  -14.8988845348468       6.708908219049729E-010
  -14.8804725859684       1.192154560541385E-073
  -14.8751331784893       7.420184744046960E-072
  -14.8629969285391       3.289883641802782E-020
  -14.8545577361341       5.501827865586474E-072
  -14.8183884711950       2.468326794320047E-010
  -14.7973843497015       2.058389411482502E-014
  -14.7272864929974       1.725185041892798E-013
  -14.2705207998186       4.962147881475913E-075
  -14.2519916705996       1.093333074866829E-012
  -14.1930164913931       1.183551211303748E-015
  -14.0074550710703       1.608972130586806E-075
  -13.9642700836044       6.954121968835255E-009
  -13.9019888255722       3.822140952185052E-017
  -13.3101074338109       1.085260289428307E-006
  -14.9429262330136       5.181622679212861E-072
  -14.8896823380839       6.416495989131850E-015
  -14.8885298082930       4.700341556569395E-068
  -14.8738254289852       1.845601443893467E-069
  -14.8326149850174       2.815458978385232E-013
  -14.8300841261262       1.344525054094615E-013
  -14.8288117466526       2.627652217667436E-068
  -14.8128323770366       4.838634887419332E-012
  -14.7207329469865       4.711379151922509E-013
  -14.2703324893782       1.730725371257249E-072
  -14.2280511994816       3.843746933728575E-014
  -14.1675319236228       2.718955764058281E-012
  -13.9974543057214       1.106753711785795E-071
  -13.9833098263962       3.721374357149113E-012
  -13.8915019491464       4.059978374032425E-012
  -13.2989148988273       1.240815578070606E-007
  -14.7277373462198       1.788218787297439E-073
  -14.6888157631904       4.322202199517602E-069
  -14.6591042927716       3.639213133261011E-013
  -14.6582006549209       3.408704495747608E-014
  -14.6560002653557       1.810467262659329E-065
  -14.6283333645395       1.925178194073852E-072
  -14.6153373642041       4.946233924425149E-012
  -14.5945397707342       2.130874623884349E-011
  -14.5215290651578       1.507158978228295E-012
  -14.0716272469217       1.021519052777169E-072
  -14.0458453249877       2.090479960181812E-012
  -14.0046262617858       1.746872440554513E-012
  -13.7757931104469       3.627687107249908E-073
  -13.7473366528104       1.221314023121612E-011
  -13.6963948680470       2.570729341575722E-010
  -13.1003323689135       4.112168548697774E-008
  -14.7897542721111       3.103936158981938E-076
  -14.7607543576206       4.064000652781739E-010
  -14.7461943175958       1.265823805812670E-069
  -14.7035134358760       2.482793896705673E-067
  -14.6802695217396       8.987728827657033E-012
  -14.6779983078685       4.093399431786770E-017
  -14.6687739166649       4.378217034062071E-065
  -14.6336706736742       9.402313489221175E-016
  -14.5075037406207       6.290612023361388E-010
  -14.0733142896200       4.895583325343523E-068
  -14.0493512087993       1.403146923114891E-008
  -13.9607574896412       5.446649248106723E-015
  -13.8343650482503       6.635374363058271E-074
  -13.8240653466452       3.750628220515103E-007
  -13.6766164377568       8.280931232794552E-015
  -13.0865050691810       3.285939505420197E-004
  -14.6695597177807       1.068891638182985E-076
  -14.6227757178694       1.784353289858544E-070
  -14.6148786726837       7.388577435271397E-011
  -14.6027320669059       4.869416500706967E-072
  -14.5825401325896       4.707071960815116E-017
  -14.5697255747840       7.743202144834508E-067
  -14.5609410726016       2.000340077205812E-010
  -14.5426795757345       1.309556037159347E-014
  -14.4558229889488       1.411951797953391E-015
  -14.0042236015818       1.585241402662224E-070
  -13.9678679084563       1.248896883080249E-009
  -13.9227191711823       8.738759605908652E-016
  -13.7252866240002       1.700855181762986E-073
  -13.7110965938774       3.049484833430219E-008
  -13.6254215900616       3.660032751307356E-013
  -13.0301562061452       1.405807795148947E-005
  -13.8512401636795       4.840667369655739E-073
  -13.8064276406301       6.702466366663155E-065
  -13.7973292499400       6.696649785641987E-011
  -13.7814043860538       6.346471661519994E-069
  -13.7637554606849       5.238086608040268E-012
  -13.7474980335018       1.276573011015804E-063
  -13.7427445081909       4.527752798043954E-010
  -13.7188549485525       2.366067299938403E-012
  -13.6353000557123       6.419793572921672E-012
  -13.1894114732522       2.414374738282087E-066
  -13.1474762968537       1.043905639621138E-007
  -13.1035720094877       4.009223009401853E-011
  -12.9122426921746       8.978175548632604E-066
  -12.8884426886465       9.871629222559238E-007
  -12.8185274545954       2.979395126291369E-010
  -12.2300674867791       1.746711451195173E-005
  -13.8234170741955       5.253179726380884E-079
  -13.7704690439754       7.420494296417710E-066
  -13.7692405402279       5.502462852299598E-013
  -13.7437661055336       2.153424095327550E-068
  -13.7307491766384       1.223049018223045E-016
  -13.6977275447417       6.879587080247941E-064
  -13.6931988224551       5.055141800363182E-011
  -13.6791576900455       6.394167985403146E-010
  -13.5837857393765       4.863714205540566E-012
  -13.1433689642316       1.223613341480713E-068
  -13.1164989876500       2.859589529936476E-011
  -13.0349507628709       3.357384961097245E-008
  -12.8727597606721       1.025973935742879E-069
  -12.8585294833317       1.878881586175798E-009
  -12.7589869079848       4.102195054600458E-007
  -12.1657194443962       6.009992434970627E-007
  -13.5189244798517       1.812934472608777E-044
  -13.5157013426089       1.410866776890349E-040
  -13.4191798832100       1.270584930164442E-042
  -13.3667923345499       2.522681461686156E-039
  -13.3288741323773       2.855011335935327E-042
  -13.3229375107903       2.558300309598763E-042
  -13.2636312030391       8.360501204342660E-047
  -13.2601106258964       2.381324936604590E-039
  -13.1217325191493       3.253398516808765E-044
  -12.7542157861774       2.961539005353089E-038
  -12.7378864932823       2.976319255578647E-038
  -12.6251639300003       3.473257104150258E-041
  -12.5430804911954       7.385715026472368E-040
  -12.4964742618229       1.924070493178290E-039
  -12.3272814301873       4.816929763377328E-045
  -11.7740284452815       9.892666199276883E-039
  -12.6097827135189       1.877483257742878E-073
  -12.5750132426453       5.666097307780486E-014
  -12.5283769621349       1.396425131375079E-071
  -12.5052899340660       5.315520350187619E-064
  -12.5045200427644       6.883537687870052E-010
  -12.4782685882459       1.424827109027899E-020
  -12.4565423090558       2.534071748311380E-065
  -12.3815177971707       7.781224890061571E-016
  -12.2730964126360       1.364721104441631E-012
  -11.9161885668797       1.421990526246653E-059
  -11.8557950268248       2.330330097995039E-007
  -11.7809313504511       1.035699894163292E-013
  -11.6616126468727       5.323920308853194E-074
  -11.6375279237550       2.269048371723421E-007
  -11.4828092506420       1.198246862178089E-011
  -10.9376920045859       4.084712164145045E-005
  -12.1599136187341       2.169721349388691E-074
  -12.1371419606930       3.766713698643173E-014
  -12.0996343299813       1.320852006693733E-069
  -12.0979592333032       8.804130503843258E-068
  -12.0448982357411       1.351225571941726E-013
  -12.0344541631098       5.759554625913458E-068
  -12.0164378882511       4.092489341478602E-012
  -11.9707994116715       1.213352121301221E-016
  -11.9133897399704       5.020177808948931E-014
  -11.4868843495846       2.177930098480315E-068
  -11.4395940701660       8.583598281054976E-013
  -11.3467687806621       1.030295411475341E-009
  -11.2307052757289       9.615138093664829E-072
  -11.1806953405111       6.969970327418563E-013
  -11.0885859267188       2.870537898755740E-008
  -10.5046359868447       1.503485111024242E-008
  -10.8307608572551       5.464051284518349E-040
  -10.7946199918640       2.816954623008165E-038
  -10.7555014916581       1.917901247590640E-041
  -10.7155169897228       5.104544324178865E-042
  -10.7006453106611       1.030195730618654E-039
  -10.6573974982980       2.038062987845802E-039
  -10.6078988063822       5.369005380404968E-042
  -10.5618714157093       1.026724665438305E-039
  -10.4249780358878       1.176884590535224E-039
  -10.0795685438611       5.489387588774136E-041
  -10.0380496147365       8.171527870438820E-038
  -9.93811762932244       5.567982985785960E-042
  -9.88175617669587       2.007471321862041E-037
  -9.84770667768773       5.657855315259332E-039
  -9.64421616203039       8.233609618794346E-042
  -9.10934190840378       4.611165462196781E-036
  -10.7856865322224       3.861033529332815E-041
  -10.7737049933526       3.350829282406736E-042
  -10.6731260235946       9.512738650342955E-041
  -10.6598751669852       2.565031976343024E-037
  -10.6074693366884       9.684554469985940E-037
  -10.6033663956457       2.434774760716588E-036
  -10.5937006247881       2.863842664690866E-037
  -10.5345956589382       4.312911957321747E-043
  -10.4477491701220       1.283197174505259E-040
  -10.0381458180902       5.362109744949331E-043
  -10.0113186837181       2.619969824343767E-037
  -9.88504820567514       1.374422907418908E-040
  -9.83917049306969       3.259663867569116E-042
  -9.77562696148839       2.535891696587163E-037
  -9.63636474505914       7.166536904206399E-042
  -9.06366408592720       5.369163048864506E-037
  -10.6069901755024       5.869593104091635E-072
  -10.5689841506838       2.965142347001265E-011
  -10.5218005077554       1.307184394737754E-070
  -10.5021268505174       3.432641335266877E-010
  -10.4697002363850       3.110801304649561E-069
  -10.4495550938948       1.650769852421585E-015
  -10.4408695875034       2.737319684580434E-071
  -10.3836979431711       2.194467035863235E-016
  -10.2605815034474       2.222739932430869E-008
  -9.88678842068690       9.608199071222120E-077
  -9.83606440884396       4.349021789274675E-011
  -9.72731404859125       1.110585723038618E-019
  -9.64851388490450       2.737434997752108E-008
  -9.64728641439289       2.671003240320084E-066
  -9.46346417526816       8.835548900474894E-016
  -8.90707205298273       1.133865714947272E-005
  -10.4455479186309       1.245813829293058E-008
  -10.4317114149488       1.872831928642701E-074
  -10.3693129522460       3.259517637933582E-074
  -10.3246939669810       7.108215030113194E-069
  -10.2991568842328       6.528493596374621E-071
  -10.2792322444495       2.028066608294343E-010
  -10.2743862341033       1.901528693890064E-014
  -10.2255343073245       4.799710138959327E-018
  -10.1223519906441       2.637021648811007E-008
  -9.72113404222039       1.434800754241482E-072
  -9.68409273736213       6.411082807800886E-011
  -9.56932785312718       1.476638722053639E-017
  -9.51000415951492       1.926462152371603E-073
  -9.45075821580703       1.658305886471439E-007
  -9.31369192706326       5.967913459334046E-016
  -8.74409335284910       1.305406600333840E-004
  -10.1567011852321       9.552911080594346E-009
  -10.1565243948316       1.651429045437602E-068
  -10.1139872951235       3.636836018524196E-071
  -10.0611660860017       3.154124597155101E-068
  -10.0300948168061       3.532115912715482E-011
  -10.0169054137519       1.475992445251001E-017
  -10.0047429482032       1.520769684422487E-066
  -9.96427541916605       9.511077666552719E-019
  -9.81763222114353       1.234652457028646E-009
  -9.42766209598918       2.333295320108261E-072
  -9.40203247617390       5.218046846648451E-009
  -9.29300878299270       4.458949646604363E-016
  -9.20921203258280       4.464745314246372E-074
  -9.18410296080556       2.556533339572479E-006
  -9.00153770395171       4.099355047098060E-014
  -8.42560189682247       4.642555105526588E-004
  -10.1799275346252       9.848371448934491E-071
  -10.1318813018604       1.233633297888490E-014
  -10.0970395162109       2.716437493091026E-069
  -10.0711240869014       1.247415657413409E-068
  -10.0627630729315       2.918060347521140E-013
  -10.0085215560572       2.711455310905536E-013
  -10.0015052000899       6.032272981350431E-066
  -9.98624997593734       2.562972461148398E-018
  -9.86282800419508       5.555560539876421E-012
  -9.47037809644543       9.217410830723588E-074
  -9.41773887055792       7.968423964771709E-015
  -9.30381767355816       1.388942778186991E-012
  -9.22017387610149       6.189531216695997E-011
  -9.21634138025524       4.289788037051917E-068
  -9.05178281440618       4.483400422453285E-013
  -8.48123755086065       6.586236424308872E-009
  -1.31053050327064       1.074805988084799E-080
  -1.29707828301421       3.014526116882000E-009
  -1.25656473046164       1.038468989275141E-073
  -1.20163702830713       8.430976074884776E-070
  -1.16435075076755       2.227138434109875E-067
  -1.16274458701858       5.317759444442078E-012
  -1.14769546732671       2.044039811614975E-019
  -1.09802001512412       2.702285565306091E-017
 -0.957654853168794       1.660979212919438E-008
 -0.600280741307486       4.644602064394773E-076
 -0.549532876908273       9.662179953117901E-013
 -0.438021309860357       1.813860317483997E-017
 -0.358727706897543       1.147257622939209E-073
 -0.315417411499581       5.381017001588620E-007
 -0.153890133337647       3.052103430869881E-014
  0.406982320843273       1.220561426424487E-003
  0.300207953676107       1.464661060206331E-042
  0.340833658610421       2.338991528887153E-041
  0.450751853164491       6.537566224705483E-040
  0.467147683794980       2.209628763268805E-041
  0.557998186171677       3.207577225708797E-043
  0.582926965235359       1.497594428691697E-041
  0.584292497855710       4.081620074478207E-040
  0.646756105641721       5.232354530234111E-043
  0.816619258408856       3.191479258398236E-041
   1.10121952869621       5.117021084950929E-038
   1.15974433220096       3.550814015644148E-037
   1.30209160099935       3.193114518008568E-038
   1.31289931888020       1.905347200947831E-037
   1.39724327286870       8.082413388157265E-037
   1.60385687112795       6.233974602018381E-043
   2.14999607422435       6.913955829933052E-036
  0.941913834660845       7.508251031676957E-072
  0.989414744387840       1.599073983921254E-010
   1.03441289036889       1.150693224592414E-071
   1.06636753130861       5.855975860480465E-009
   1.11608272792401       2.338244298280155E-067
   1.13722351945993       7.587355803580254E-017
   1.16879079082329       7.187032880485193E-069
   1.23262164010730       1.818001084827314E-017
   1.40982173431367       7.556418135803015E-011
   1.69507298234210       7.301672617002432E-069
   1.75002197011263       2.390692529362818E-008
   1.89628713396564       5.470061786964568E-014
   1.94869274055223       1.396649746558811E-005
   1.95159331510085       9.741394515228025E-060
   2.19624242848764       3.335051989225452E-012
   2.73973818511753       1.075954584680661E-004
   1.30282208527933       6.588459944107050E-078
   1.32548242658933       1.671400944884933E-013
   1.37638840603054       2.871680749887059E-065
   1.40468019862185       4.201276481121404E-070
   1.47215384607508       1.947728975638654E-014
   1.47710556625592       5.437148885783652E-067
   1.48105021974212       1.199337879574818E-014
   1.54647118919020       3.659284547267040E-012
   1.64238533160010       9.537965490672685E-014
   2.01611829282694       3.051546891710028E-073
   2.07651352179755       6.746457921356987E-013
   2.21097416445414       5.551448269163312E-012
   2.27365594112545       2.685165816977880E-068
   2.31733703167613       1.590081084062074E-008
   2.47089013705060       8.195513015196709E-009
   3.05807274991177       2.359674316002865E-007
   9.80853528078591       2.734277387885930E-040
   9.85703310758032       4.742433083554579E-040
   9.87107147353707       8.066777391629131E-040
   9.98067440589824       8.324910517122581E-038
   9.98201263344887       4.243036092275288E-038
   10.0554327401610       1.969354135904856E-039
   10.0621985427757       5.110414569053978E-040
   10.1307352586235       9.094453597990022E-041
   10.3246470159008       8.497473666523623E-040
   10.5648128131407       1.290233076264984E-041
   10.6255977547873       9.610878906398003E-038
   10.7824171227883       7.314229741789273E-039
   10.8070629430039       1.045635937085677E-036
   10.8554793725656       1.145867709913335E-037
   11.1006494560755       9.935599049439356E-043
   11.6348795818071       8.351325953912057E-037
   9.83457202892717       2.838314152866603E-040
   9.86599674727920       1.256232272851180E-042
   9.95180788699921       7.731231121769606E-041
   10.0104583752724       1.732414125292395E-037
   10.0388189611286       9.607088358409576E-038
   10.0787523282341       7.543687339020016E-038
   10.0851256491742       1.009240901220565E-037
   10.1494145106993       1.583863890938717E-039
   10.2784176248431       1.805789034403273E-039
   10.5883301290969       3.560545439345284E-043
   10.6554868319259       7.103153145481559E-037
   10.7991905042955       6.461689787015037E-038
   10.8313665259317       1.879670808412216E-043
   10.9108858058566       6.387059878811865E-037
   11.0910421921861       6.207998199003193E-039
   11.6620507052930       4.638621492306252E-037
   9.96269254757775       1.514016935073205E-071
   9.99510092317616       7.390479811450873E-009
   10.0333749076525       6.861153909996021E-071
   10.0852228675914       2.448815692675303E-008
   10.1328201153670       2.137305977458820E-066
   10.1677147047347       6.197364172273943E-016
   10.1701578104148       4.815020847729939E-064
   10.2272972014927       2.504241840631835E-016
   10.4109643776506       2.309476011526290E-008
   10.6918268068268       2.017569551268331E-073
   10.7415458051912       2.949451444286476E-011
   10.8989853033488       1.504390550218633E-020
   10.9579387283752       2.385704127206137E-064
   10.9676331022155       2.294813463732363E-007
   11.2019549499514       7.299938691313308E-017
   11.7510307468686       3.380726302743654E-007
   10.0160875468165       1.284735939747030E-007
   10.0528558970218       2.355484958130791E-074
   10.1430982023634       2.850360209898282E-073
   10.1947432996223       1.368169221823913E-070
   10.2383009955585       4.635090846921194E-070
   10.2718871948215       5.087578749400478E-012
   10.2804644135216       3.270406765356488E-018
   10.3424661358738       7.057235018840469E-018
   10.4805253250867       2.566686355448054E-008
   10.7786050807366       1.151694354813168E-073
   10.8481224378654       1.235220440873436E-012
   10.9926661466093       8.366019266905271E-018
   11.0199041525893       7.302720572677361E-072
   11.1031261842809       6.180046238146865E-009
   11.2880997009456       4.275435938755329E-017
   11.8549340049599       2.567091354242863E-008
   10.2362533092455       3.743622554209950E-071
   10.2794115150087       1.003249846950720E-013
   10.3133883762135       4.836959152015392E-069
   10.3738522966483       2.197406827296292E-012
   10.3790018538607       1.153312223587847E-064
   10.4376267918156       1.142854900042025E-063
   10.4511426668198       7.577993074804241E-013
   10.4627744756077       3.557504268587299E-012
   10.6354588374987       1.800290965479609E-012
   10.9544577762407       5.419881352026119E-074
   11.0086180380270       1.195923427666943E-015
   11.1553761521789       1.246810422550597E-013
   11.2301508012801       3.724744943695820E-065
   11.2406447452903       2.271620231476437E-011
   11.4456500887357       5.827588327067455E-014
   12.0121314349729       1.796504656030684E-009
   19.0450231127478       2.523300150145815E-079
   19.0568364713920       5.646577135062156E-009
   19.1080105590192       3.560722891579755E-068
   19.1799015456940       1.307939629901312E-071
   19.2155451613882       2.396133379649484E-010
   19.2248951173424       5.074890308868838E-065
   19.2437986007122       5.182725387418324E-020
   19.3000943723767       3.796543434329823E-021
   19.4665503495260       1.917426294114210E-008
   19.7742930024827       1.275678946453388E-073
   19.8355454882743       5.105658483591103E-011
   19.9730390194034       6.761438746941636E-018
   20.0211681411280       9.034271511666739E-071
   20.0662258101664       4.007227837265977E-006
   20.2651425857920       1.265238424925831E-014
   20.8218344475597       1.696554507567284E-003
   77.9432595208788       1.152448523479592E-078
   77.9634342238812       2.667232417977045E-009
   78.0238021961013       2.583464169371204E-071
   78.1008759587453       5.929909711404345E-068
   78.1423189420920       7.871314982467623E-011
   78.1606861879412       1.430210194794301E-067
   78.1736267752511       5.434222963468948E-020
   78.2434581063710       3.756285757830519E-018
   78.4309887333002       2.007548385994717E-008
   78.6833458014230       1.579881177030066E-072
   78.7539344362320       2.488910643623218E-011
   78.9141067161012       7.687197077054026E-018
   78.9380203314984       3.861315569560722E-067
   78.9845268335535       7.043148476982032E-006
   79.2138962242341       1.826373575793559E-014
   79.7550629022029       1.469123038058329E-003
   175.093383463229       1.802687886333504E-042
   175.101165131001       1.582755333743934E-039
   175.180138936041       1.582187097191848E-036
   175.267210307884       6.414056774946022E-040
   175.317611659592       5.289655539085242E-039
   175.333503205822       1.907774971601551E-039
   175.348708778235       4.315723277980270E-038
   175.430454731915       4.616677671484444E-041
   175.633204780002       5.678220647720277E-040
   175.817881790738       2.345270421184919E-039
   175.894146263573       1.145712093430591E-035
   176.059368278336       8.475262334890752E-033
   176.072348360041       6.289354850284085E-037
   176.114916270768       9.733931676921855E-033
   176.373628814817       1.335319695860789E-043
   176.871396295782       6.594947984858681E-035
   175.176467334642       6.623851252957940E-074
   175.214944314398       7.707485558371932E-011
   175.267487519941       1.326196152335955E-067
   175.357227514640       8.200980179579752E-061
   175.375770110938       2.071140575338664E-010
   175.425716915971       6.986267053366010E-019
   175.431506736105       2.945101438407199E-066
   175.502485058558       1.871490783120142E-018
   175.716136850125       2.466994848535035E-010
   175.903310767748       7.098900297294301E-068
   175.974339522240       2.504130702169655E-012
   176.154672475364       2.353045036941732E-016
   176.160781136840       1.475968144865970E-055
   176.184208934722       1.987100301329626E-005
   176.455757767927       1.418895964219051E-012
   176.951560931626       1.171559704248388E-004
   175.226753944542       5.447948313295766E-076
   175.260565379322       5.487710680287041E-014
   175.324360008631       1.666906155642710E-068
   175.396626882474       4.437402857999166E-066
   175.446245304804       4.843666921029418E-013
   175.464094548651       1.041768348369600E-063
   175.472398162037       1.857058367584751E-017
   175.545390221945       1.673898423889013E-013
   175.736555675805       1.122659780505634E-011
   175.948195955016       2.116552433081773E-071
   176.021643209675       4.543852366149125E-014
   176.196503660507       3.260914287055718E-012
   176.205534351208       2.425807637493293E-060
   176.242706040654       1.334309282632656E-008
   176.486910765669       2.677933632255365E-011
   176.998092754840       2.111968750280389E-007
   281.977936045410       1.242727010609861E-045
   282.004725333096       2.411424800303395E-040
   282.070454431682       9.118036112438723E-037
   282.163396563471       2.040070481061761E-040
   282.195541610514       1.199393262985318E-040
   282.234755130032       5.425301866886591E-040
   282.237075290762       8.214973536218091E-040
   282.319977494775       9.373349044020104E-042
   282.533916114474       1.818623577817704E-040
   282.692861546113       2.987564633582458E-043
   282.764419716625       3.895484932245418E-038
   282.952675744186       2.058511612431049E-037
   282.960829694928       2.710604403638215E-036
   283.003048001208       8.487930230210437E-036
   283.271722340197       3.067456952510505E-041
   283.772762193403       8.331169081533720E-037
   281.988865958953       3.306470139899039E-048
   282.008667000224       6.610615502382765E-041
   282.086267395120       2.326488937263543E-040
   282.159511314096       5.026144201390392E-041
   282.222631305242       3.437368346249501E-040
   282.226397355623       3.871779119011919E-036
   282.241101154333       4.710885548801694E-037
   282.323573454942       8.637294769304365E-041
   282.515514860868       3.036987919453406E-039
   282.696570644555       6.354516730497983E-046
   282.775539061358       2.779465694912133E-038
   282.949272580220       6.479750956765944E-037
   282.964328256955       3.363379749516023E-039
   283.017708641234       3.439086235195359E-036
   283.264041755597       7.747264922195737E-040
   283.777749467469       1.427788970136797E-036
   282.004245898967       8.494146101091775E-078
   282.049599895547       6.031801059181073E-011
   282.100677150744       1.130245272518211E-072
   282.188414769268       7.147940124393519E-069
   282.209946504589       7.324598673369493E-012
   282.251289380155       1.856737473296872E-020
   282.261536595756       1.493369807849901E-069
   282.330520923954       4.191480905982073E-018
   282.542109748584       4.165467655895783E-009
   282.721035865498       3.724887634312966E-077
   282.782487478532       6.613782934766528E-015
   282.968829047948       1.598241175379044E-020
   282.994448163514       1.824440330001731E-063
   283.020213425886       2.514886817133511E-008
   283.285350130409       6.536090821897437E-017
   283.792205109582       3.348027674903329E-008
   282.023009971661       1.638974712467199E-074
   282.039599192559       7.576577590413127E-010
   282.119349153845       2.235615146523749E-068
   282.195554664282       3.247478274810915E-066
   282.257920648225       3.436134483345463E-013
   282.262552526385       6.816243945966598E-074
   282.278732778360       9.454291639861538E-024
   282.361903735942       2.322831555318657E-020
   282.556652549709       6.499825240073216E-009
   282.731170232660       2.038615564109129E-073
   282.811563796900       3.019169167603701E-017
   282.987191295157       6.771013584427173E-021
   282.997819611972       5.197971067368547E-066
   283.053570913805       3.127844051741834E-009
   283.302926255026       1.251472962642758E-016
   283.814117027856       1.827366574855861E-009
   282.058701302889       1.636432050141781E-073
   282.104891489363       6.592337055702188E-016
   282.157209615906       7.897333870646232E-067
   282.237112521510       2.475729213263415E-064
   282.267599517271       2.362670352457466E-015
   282.301165361335       8.966274929864296E-018
   282.309581007099       2.066752065735783E-068
   282.379430868839       4.199664170501647E-014
   282.583118246730       1.911579813453148E-013
   282.773187338497       3.004782187176012E-071
   282.835424068628       4.154370023820787E-019
   283.016396261589       2.344521927999610E-017
   283.047508144793       2.347820288721786E-065
   283.074180543328       2.586027537021041E-012
   283.331021069719       9.884643906863105E-013
   283.843268687260       1.091400571719968E-010
   289.658061294246       1.362238517231583E-076
   289.690454600398       6.883139702499759E-011
   289.753300492729       8.284460138829038E-069
   289.829776135545       8.805061799778362E-067
   289.874686456115       2.030827291788738E-012
   289.900422902378       3.003737739058320E-067
   289.902257596188       2.656134536701705E-021
   289.983004013261       5.290978421954514E-019
   290.181060070184       5.072438061934505E-009
   290.375657522390       3.616083792981295E-071
   290.446073667021       5.384140984020987E-014
   290.620513383901       2.452380324863348E-019
   290.642537275606       5.436561946768443E-063
   290.683408511552       1.687766201156427E-006
   290.932574411524       9.796791993446740E-015
   291.446545836697       2.084183318402528E-004
   590.321645828993       9.415887627491742E-078
   590.361164464425       1.204578406937471E-013
   590.422359268677       5.589212513572820E-068
   590.498222130507       2.121121230332692E-066
   590.541801403927       1.382574771051652E-012
   590.566024656884       6.125097609278625E-023
   590.571740119150       5.817192500383886E-069
   590.650484715462       1.282564302056738E-020
   590.850551305623       5.417352117551436E-010
   591.013142561995       4.310001452643514E-072
   591.078884252316       5.048665727772466E-016
   591.258306039812       4.533553226484918E-021
   591.285866108126       1.580509116690488E-061
   591.319457747026       1.096589208402278E-007
   591.577009301614       9.544730014791532E-016
   592.069518031380       9.292237057908731E-006
