                  1264
  -19.1971009104826       1.857410085304715E-037
  -19.1500656564518       4.236369063491957E-037
  -19.1474359344884       6.300832649310101E-041
  -19.1323759461631       4.027836957054171E-039
  -19.1032875927792       2.440932178267223E-037
  -19.0949429954201       2.788418723466416E-039
  -19.0729578831413       3.612312238964225E-037
  -19.0488061975347       5.327933942196435E-040
  -18.9618009911092       4.583284150572088E-040
  -18.5120429062796       3.806431634003984E-039
  -18.4697057486180       2.360697933942869E-039
  -18.4198567078831       1.550052628528040E-041
  -18.2440263321561       5.003273707304493E-042
  -18.2097723195201       1.011170000904264E-043
  -18.1279252423899       6.849322869769153E-044
  -17.5321858258317       1.252517474997386E-041
  -19.1382436303865       2.253145295756241E-036
  -19.0767167615406       6.961890473959744E-044
  -19.0624760528147       3.063641044682538E-037
  -19.0616566695839       1.614272850074693E-035
  -19.0170775769404       8.129353195907829E-036
  -19.0010902925001       1.560923716703747E-043
  -18.9787924504938       6.510895523178269E-040
  -18.9443880934279       6.125963573221500E-040
  -18.8683517903874       3.697732687254311E-046
  -18.4591279665895       2.687865795148527E-040
  -18.4245068857682       1.072747488899809E-043
  -18.3191290885691       5.735723526036405E-038
  -18.1738300589556       8.957630270837605E-041
  -18.1451763068693       4.269846974661610E-047
  -18.0417635682345       2.003322100966709E-042
  -17.4614928437545       1.794673411177030E-049
  -18.9268468323899       8.262253170884119E-037
  -18.8714908560992       9.473626333933646E-039
  -18.8669228454335       5.613927611326806E-036
  -18.8517421318380       4.019918262105248E-038
  -18.8061890388498       4.910418339373342E-036
  -18.7946617445745       3.801953133807790E-035
  -18.7889057212015       5.466677369661723E-035
  -18.7656942331165       1.957356386397814E-037
  -18.6795913922535       2.151805010253939E-044
  -18.2574195437355       2.848572820096631E-040
  -18.2094771172507       6.882368270066463E-041
  -18.1303074373155       1.431881318528965E-039
  -17.9733799333536       3.735013285445023E-042
  -17.9483521660351       4.854941693879093E-046
  -17.8522751274955       1.370452244662710E-043
  -17.2661638817857       1.508634957725675E-045
  -18.8920511239499       1.735425055029021E-037
  -18.8567325238121       2.397863487383634E-036
  -18.8455778245227       1.802385128999063E-036
  -18.8362540511430       9.699340847723518E-036
  -18.8000483718676       4.945579208286941E-036
  -18.7927941467260       8.887289002530341E-035
  -18.7783481685970       2.536926826944411E-035
  -18.7589394604409       2.007996589011708E-038
  -18.6793073494594       1.246487147576422E-039
  -18.2234889927929       5.035400361095160E-037
  -18.1780147870634       9.131501520358562E-037
  -18.1235150696797       1.000294449313976E-041
  -17.9597271650379       3.085806064712479E-039
  -17.9230387468497       2.853374992717837E-042
  -17.8501314306074       1.229049690571063E-043
  -17.2566582359844       1.634587731103167E-042
  -18.8906864794090       2.612602451646305E-038
  -18.8436413684514       8.055211797567184E-038
  -18.8248427089065       6.495986841927986E-039
  -18.8059846725490       9.408655366370962E-036
  -18.7846243293151       2.014269695458564E-035
  -18.7660913362017       9.651448596871193E-035
  -18.7655459419272       6.446965425793637E-035
  -18.7058669318580       1.251026097534533E-042
  -18.6156440336608       1.741000376616171E-040
  -18.2081954598370       6.120913986676253E-038
  -18.1485693860387       8.218312493025281E-038
  -18.0998324806803       7.714504626705571E-041
  -17.9281249114853       8.026621951417644E-041
  -17.9138708425182       1.561294323639580E-040
  -17.7842146630712       8.753785510425320E-045
  -17.1905688629526       1.454184926564064E-043
  -18.9156658801769       4.019102920559176E-005
  -18.8658250433263       5.462425918760873E-080
  -18.8506376893797       1.380315900128484E-012
  -18.8288326967547       5.962429955527007E-064
  -18.7980819337537       1.449037889120611E-005
  -18.7896392565624       1.368137052848138E-075
  -18.7557188945533       5.578706257726877E-071
  -18.7306121430383       1.662936078376464E-014
  -18.6479681813332       5.473534303450999E-080
  -18.2165846798715       1.346392949566916E-069
  -18.1842492620600       3.408691183096312E-009
  -18.1401768419549       7.537773032093582E-069
  -17.9498892881815       1.413408850929286E-010
  -17.9412360424309       8.943014295665784E-076
  -17.8256310056340       5.089648897359007E-073
  -17.2425378095100       3.701633728325535E-076
  -18.7309713664598       1.137012625156600E-041
  -18.6780271804705       1.159645647133859E-041
  -18.6643857345301       3.603423401434533E-041
  -18.6617169841796       3.438603764306995E-043
  -18.6256813117455       2.144170577240027E-041
  -18.6097972232299       1.454332632625272E-043
  -18.6045226706314       5.492785792185518E-044
  -18.5694748371711       1.062768564400288E-044
  -18.4674883763258       1.091803280656415E-044
  -18.0414523968713       8.765691029228274E-041
  -18.0084496332680       4.580844042701588E-040
  -17.9373492771037       2.124579702138037E-042
  -17.7699657323233       9.512011831555748E-044
  -17.7424613904245       8.314051406443239E-044
  -17.6408842634645       7.437101679064237E-046
  -17.0541015419949       1.119439297788808E-041
  -18.7440141376897       1.137590396630744E-037
  -18.6740297176502       1.276596122592996E-043
  -18.6597999022003       5.640177363661826E-037
  -18.6442864517409       2.396909089106884E-037
  -18.6154827411359       1.151481829306300E-037
  -18.5954718569664       2.594359441495663E-043
  -18.5641531402739       6.484339746445604E-039
  -18.5333086220729       3.140142447492431E-037
  -18.4417287039282       8.362646483442757E-045
  -18.0416308047857       4.726937269787222E-040
  -18.0198462577755       1.883146431024890E-042
  -17.8912970947226       8.685832305845696E-039
  -17.7615131642096       1.034151607270790E-043
  -17.7480559380099       2.075603783862868E-045
  -17.6126152759831       1.094938002995283E-042
  -17.0290051383802       4.602943303688365E-046
  -18.6482717041387       6.177381295098855E-041
  -18.6104816707009       9.292837815528460E-040
  -18.5965279593407       1.712795189510633E-044
  -18.5895255003162       2.380770332073932E-040
  -18.5552645955681       1.199840940750928E-038
  -18.5398319700145       6.021512530427231E-042
  -18.5222566886811       1.025294025557742E-038
  -18.4895124358473       6.503252585526898E-040
  -18.3936841166780       7.007016981429378E-046
  -17.9809370603295       7.082915136314537E-045
  -17.9416676269665       4.925772572714085E-047
  -17.8872675769297       7.273304240113834E-045
  -17.7043919581404       1.020697345386730E-049
  -17.6693602488832       2.206086755616350E-044
  -17.5699590644330       2.845210280258365E-047
  -16.9851172180202       1.028171794186259E-043
  -18.6513081617013       1.417377526284968E-010
  -18.5999347556827       2.257557629986566E-070
  -18.5816645605220       1.441439468257925E-008
  -18.5798990459007       1.528177269991429E-011
  -18.5659551831872       7.664093575787976E-061
  -18.5494775437555       9.636226638002484E-009
  -18.5230795072781       9.009201780253116E-069
  -18.4957369588702       1.004768749080516E-066
  -18.4208269999124       7.473360703535047E-073
  -17.9800450994111       8.346740401791694E-011
  -17.9627785464033       4.604921220470104E-068
  -17.8928785434288       1.530419075762333E-068
  -17.7058576282594       5.214140417638387E-014
  -17.6671809204931       4.966627765485203E-076
  -17.5952991063914       7.361671331956524E-073
  -17.0060652668277       1.101290440599111E-074
  -18.5317641233456       4.665675583909268E-007
  -18.4952476983205       1.703415573162535E-072
  -18.4821475638381       5.834471185109908E-011
  -18.4778142883678       1.839387535858184E-010
  -18.4483162291618       2.822852434190538E-070
  -18.4286035210384       1.067722376107903E-012
  -18.4140142869862       1.433815939370943E-075
  -18.3835242982521       9.170866939811037E-072
  -18.2890700507695       9.170927940202713E-078
  -17.8670569994918       6.773804128455638E-011
  -17.8366898172091       5.372797470535734E-072
  -17.7828202427863       2.164451878916079E-072
  -17.5930732916483       1.615109374422388E-011
  -17.5613193489772       2.881082684072033E-078
  -17.4651104188705       2.038987082132352E-074
  -16.8795303719188       9.856369489856815E-078
  -18.2523845899655       4.958253794326297E-038
  -18.1961284062668       3.446805750003421E-040
  -18.1736326269006       2.500153268559130E-042
  -18.1700624326588       3.737164370814147E-035
  -18.1666334433140       3.517500011024236E-035
  -18.1289318496026       1.265704836224302E-042
  -18.1169612494892       3.245430988891868E-044
  -18.0977704605886       7.789781239903782E-043
  -18.0110060953416       1.356170352311530E-047
  -17.5798913458355       2.611168583241543E-041
  -17.5579225250432       2.099010060805555E-043
  -17.4986308850092       5.848046201033237E-042
  -17.2791463921595       3.554928882282528E-043
  -17.2589848625675       1.821513980824154E-050
  -17.1777168438420       1.018803172404051E-044
  -16.5801358662342       1.307488398190397E-049
  -18.1587100365338       5.557849042447468E-038
  -18.1225395638109       1.198197171335266E-039
  -18.1077944575011       1.634383493673389E-037
  -18.1041079644305       7.181510590756952E-038
  -18.0719477625106       1.055815326008352E-038
  -18.0651417351692       1.307981424952802E-037
  -18.0452842090860       1.492739803144856E-040
  -18.0199317044697       3.464366519632978E-041
  -17.9301522018766       2.110734584047441E-045
  -17.4911293345005       9.844625406535729E-038
  -17.4603219012581       8.089008605870544E-038
  -17.4049470725511       7.687773393501240E-040
  -17.2233163204229       1.813054110643977E-040
  -17.1904393592790       1.265631512827543E-044
  -17.1040306112426       1.564635708769122E-045
  -16.5147761396735       1.851109334854283E-044
  -18.1217604189374       2.809551719036881E-035
  -18.0690114231439       8.417821506155514E-039
  -18.0645408903485       1.041630757646257E-036
  -18.0517228101701       2.430956909825405E-034
  -18.0053653096672       2.187915747868748E-034
  -17.9967825671627       8.686470781474914E-035
  -17.9962934126748       9.501380330907426E-035
  -17.9663052274048       7.652790993330238E-036
  -17.8833555391370       1.232277911661930E-043
  -17.4543585304406       7.107766354568632E-041
  -17.4089997077740       2.467522630543930E-039
  -17.3360581523310       1.279570273854203E-038
  -17.1720931008066       1.819619949130412E-041
  -17.1422297334262       1.348516271470319E-045
  -17.0561826896668       1.649938531964404E-042
  -16.4685666551915       3.195065553409209E-045
  -17.8962624119314       2.036378620597185E-067
  -17.8901948442709       3.181622833534316E-005
  -17.8755050430337       2.857488014586494E-005
  -17.8568084455231       3.367203879426471E-009
  -17.8214214865971       1.124902364619659E-062
  -17.8066816104516       2.666521890145800E-067
  -17.7854097558839       1.839791586780203E-011
  -17.7483352616142       1.176071841984107E-065
  -17.6449792775611       9.713018691496928E-074
  -17.2209230675173       3.306786681204381E-011
  -17.1949155986555       4.389300309123426E-067
  -17.1387025605072       5.942829163436656E-071
  -16.9845547981531       5.575900287666481E-012
  -16.9597875151522       3.089928258458272E-073
  -16.8295604949269       2.032275007365520E-073
  -16.2556521453668       8.552562780066590E-075
  -17.9142261486384       9.159812605314175E-008
  -17.8803151749584       6.196452704955161E-070
  -17.8405027369984       6.804968808253774E-007
  -17.8048589949359       1.073720110906401E-007
  -17.8044337203229       3.393163027109052E-057
  -17.7900334045979       3.652676914646924E-008
  -17.7825148089400       1.168368242777930E-067
  -17.7428580417014       2.656053671329148E-068
  -17.6438879591380       6.836108642857151E-072
  -17.2018946651027       4.255236770014405E-063
  -17.2010546983714       5.929797466651890E-014
  -17.0964422790354       4.278571800528127E-070
  -16.9671374669319       4.272241056942740E-012
  -16.9439600349658       1.128244563642802E-073
  -16.8185743849246       2.428067555671007E-076
  -16.2314455070418       1.008300146418645E-074
  -17.7285414270129       9.922107339769880E-039
  -17.6778921613336       5.544784653221255E-043
  -17.6698053308956       6.442819269153674E-038
  -17.6577363608124       1.294830223987899E-036
  -17.6350290537110       1.042035471753044E-036
  -17.6201080288828       4.726931103963020E-039
  -17.6058732987700       1.243456878347310E-037
  -17.5834364941203       2.208390333037642E-039
  -17.5067400671572       1.025582475714751E-043
  -17.0609684974884       6.398606318001497E-040
  -17.0256157926503       7.753776480929378E-040
  -16.9664171801164       8.373583694005381E-044
  -16.7777496613119       6.214541351456119E-047
  -16.7461933389521       2.740182218934973E-043
  -16.6774345720874       2.339845941258528E-046
  -16.0830340409326       4.900796288637749E-044
  -17.6955230193302       4.074191987908149E-038
  -17.6331218940834       6.229280817457412E-042
  -17.6327529172710       7.524888059709684E-038
  -17.6186689414547       9.933249043472922E-037
  -17.5882255319000       2.586012083207934E-038
  -17.5715766893462       2.330311276490315E-040
  -17.5619893925319       3.204668751107998E-041
  -17.5365427061399       6.606733181327789E-038
  -17.4452157653733       7.345725835138777E-046
  -17.0232935075161       4.401522253174459E-045
  -16.9862608241244       5.067100352670212E-043
  -16.9173425252147       7.388381417280398E-039
  -16.7347213273977       2.586823236942880E-041
  -16.7088432421597       3.667210223390430E-047
  -16.6171162479033       3.592058183630828E-045
  -16.0266800886835       8.535348727063910E-046
  -17.7523969010063       3.756530238893676E-039
  -17.7030536679304       5.593489944743755E-038
  -17.6774964872320       3.028809896927777E-038
  -17.6624564239983       1.136752547241570E-041
  -17.6438334054540       2.378459437646841E-037
  -17.6288540652481       5.154009406301101E-037
  -17.6171160083800       3.267501380171599E-039
  -17.5856272283832       2.734586702866603E-038
  -17.4746300999608       5.013813938648055E-041
  -17.0538521947021       5.205291785468583E-039
  -17.0112121191146       1.194044482518249E-038
  -16.9345119240308       2.936146522049229E-042
  -16.7941850880927       1.510216280001932E-040
  -16.7929087100112       2.855732575750895E-040
  -16.6534828095185       8.029547040175163E-048
  -16.0717382901670       3.383221902154536E-043
  -17.7195334827992       8.125328463295647E-039
  -17.7152397255457       8.405100993423724E-039
  -17.6962058147054       5.274338743952817E-042
  -17.6570351448392       1.086659817224667E-039
  -17.6234513410111       1.264228053223403E-043
  -17.6220836398236       4.481550527805474E-039
  -17.6161629280925       1.793558000659624E-039
  -17.5790076784080       7.742919324084151E-041
  -17.4660358451266       2.512824108272250E-043
  -17.0341038316257       4.980311523091635E-039
  -17.0082853673135       1.611990487170022E-038
  -16.9346827190283       5.456787499846738E-042
  -16.8032594069196       1.180497962872932E-041
  -16.7849061272832       6.194227156353248E-044
  -16.6446469000574       9.440001476522760E-049
  -16.0611577044862       1.289708815445194E-043
  -17.4558714445272       5.849903711831431E-039
  -17.4325300399719       6.130957254946712E-038
  -17.4056970488379       4.137025685856457E-037
  -17.3771878567433       1.439602416125762E-041
  -17.3409733793777       1.316220349312027E-034
  -17.3381213601465       6.763932594106103E-035
  -17.3378393590103       3.762446895538586E-034
  -17.2867418676943       7.564430192826503E-039
  -17.1707093930126       8.544323025966376E-040
  -16.7448030102442       5.523988190945610E-040
  -16.6959768663442       1.092372171574876E-038
  -16.6231644876256       8.038833392876940E-042
  -16.4979636296551       7.884264149752754E-042
  -16.4858434054517       4.239918324806997E-042
  -16.3341304240625       3.460218179405195E-043
  -15.7367946104831       1.447137734544720E-042
  -17.4641731244610       1.086864135689939E-034
  -17.4039628469641       1.443474184017178E-041
  -17.3922116086092       3.432498716190565E-034
  -17.3727578116712       1.179184407127626E-036
  -17.3353771136426       4.879854445941912E-040
  -17.3318377942365       5.001761333398704E-036
  -17.2972174866517       8.830514410266171E-037
  -17.2844147515516       1.503039284627747E-034
  -17.1786421651514       1.107083046883769E-045
  -16.7632742250356       3.972948730367892E-037
  -16.7363244454457       1.400785327975294E-043
  -16.6192926880382       8.032517680139298E-037
  -16.4936441594392       5.855764328179364E-047
  -16.4924641134193       5.253130000234435E-043
  -16.3485455083592       5.032505641057144E-041
  -15.7604458659614       3.958385685824007E-047
  -17.3973492073818       2.668767678745573E-005
  -17.3603701462202       1.196404550950646E-077
  -17.3180245714147       5.206085728747733E-016
  -17.2547253753829       3.984473808682731E-059
  -17.2425820220644       7.322549116947203E-068
  -17.2271171549193       7.596581409645344E-005
  -17.1940955991714       2.190005732248698E-066
  -17.1400659172659       1.066251702533484E-012
  -17.0703823653267       2.990108917048654E-077
  -16.6545396404664       1.177154209268554E-068
  -16.6298479202346       6.074442306612733E-007
  -16.5603451962439       2.250401262801218E-071
  -16.4124397877357       2.015077687087402E-008
  -16.4035592760395       5.027738485839562E-074
  -16.2618971974466       5.641263734062420E-073
  -15.6941628169061       6.449372376318834E-078
  -16.7264774144353       5.875810958080143E-036
  -16.6975459756831       5.905451896128560E-036
  -16.6633472437666       2.955117974675626E-036
  -16.6556175919881       9.571052501802214E-036
  -16.6260431507142       1.101453529059092E-034
  -16.6217934223811       5.936239512249142E-035
  -16.6160741600029       2.678106433124896E-037
  -16.5455875316572       1.192427352834241E-036
  -16.4631692524209       1.007136227879009E-040
  -16.0517701106352       9.723907361124646E-038
  -15.9909359498949       2.837286897541225E-038
  -15.9477639695989       4.208185785631918E-040
  -15.7957146217439       1.301059271724130E-039
  -15.7639921298176       2.232052233069787E-041
  -15.6532940537161       1.500641891812800E-042
  -15.0853147590539       5.926312088423870E-042
  -16.5654732953544       1.247871233750283E-034
  -16.5237843836456       3.968704031881424E-038
  -16.5106109478339       3.671206727464840E-035
  -16.5030913760259       3.821892653801858E-034
  -16.4561212984910       7.923048778046055E-035
  -16.4413472212682       7.656425399676145E-037
  -16.4337436630487       9.187584854615400E-035
  -16.3967757218415       7.025510840623695E-036
  -16.3307296950812       7.787321642305904E-042
  -15.8949998701219       1.231981711513071E-037
  -15.8524496225603       7.509836587290326E-038
  -15.7655644664727       6.308333783817290E-038
  -15.6260761519093       5.134601153826948E-039
  -15.5929854603304       2.755937481397928E-045
  -15.5034715175456       6.514023792637441E-041
  -14.9181853843074       1.217463723568562E-046
  -16.3217748928995       4.247015493808171E-009
  -16.2879198913992       2.409638123834807E-012
  -16.2644457679580       5.276094658421657E-069
  -16.2581853364894       6.615610099206665E-062
  -16.2544655898108       1.416666675736456E-008
  -16.2376664732875       4.426200192069520E-012
  -16.2083166423598       1.200016767834713E-071
  -16.1967222011052       2.086997580207365E-071
  -16.1276705411730       4.484511206091029E-076
  -15.6671699420688       6.873269532942740E-009
  -15.6410324996358       2.215735030348187E-068
  -15.6046925578338       2.042528992902228E-071
  -15.3810238314382       2.097315036759540E-013
  -15.3483198615507       1.750610629749911E-077
  -15.2978618178636       7.792504228494678E-076
  -14.6964121308827       2.241694337955862E-077
  -16.2609437899824       5.894854755748275E-039
  -16.2247918407580       2.553220509724920E-039
  -16.2001268922215       1.844806836129684E-038
  -16.1933724093786       2.874809236443971E-036
  -16.1915497298155       2.215239230300780E-036
  -16.1701656832330       7.066158768225022E-042
  -16.1453679079396       3.179854169911701E-039
  -16.1297823992935       1.355341733375123E-041
  -16.0588939393416       7.274701860817034E-042
  -15.6053267913655       1.651809145223232E-040
  -15.5777437747034       3.102993539291352E-041
  -15.5392418561238       3.129154302827133E-041
  -15.3156462593175       3.775596572973375E-042
  -15.2824647510785       1.121505150027318E-047
  -15.2307653645944       4.171458618325160E-045
  -14.6323928072171       5.345511481804865E-044
  -16.2435650950608       2.447904354793701E-010
  -16.1956634450139       7.838177051552291E-011
  -16.1930953423463       1.075930880097476E-067
  -16.1883767037931       9.778548883773277E-012
  -16.1711334993204       1.605260498918786E-065
  -16.1570327936674       2.310571131770739E-010
  -16.1434277782022       1.563416169285487E-069
  -16.1165850675423       1.320465434872871E-068
  -16.0454167808932       1.777408149282952E-072
  -15.5876753867024       4.832297679268128E-011
  -15.5664081560640       8.676286672430479E-069
  -15.5152370159896       1.543360899802796E-067
  -15.3112558560685       1.679499422847428E-013
  -15.2774301962606       4.471549033270264E-077
  -15.2257390010950       9.409440455504440E-074
  -14.6358710895865       5.725883754786604E-077
  -16.1188206081216       7.898918768473314E-040
  -16.0807222702788       9.112479057828531E-040
  -16.0529102407700       4.021296722817232E-038
  -16.0490853532646       1.333038212760610E-040
  -16.0456679848826       1.943839996802209E-038
  -16.0208928015137       8.833705521512476E-041
  -16.0050445915095       2.164234808434802E-044
  -15.9880389881984       1.514517665340769E-039
  -15.9155959807842       3.452303934202785E-046
  -15.4619931473193       8.169652830583099E-041
  -15.4388021976234       6.052337648949393E-047
  -15.3980524765656       3.157953110542849E-041
  -15.1660556133360       3.434406472272702E-041
  -15.1391387465282       2.088530525644744E-048
  -15.0875888663135       2.977811183727037E-046
  -14.4888716431757       4.781616741484753E-047
  -15.8739111619669       4.020149079764779E-040
  -15.8358294445333       3.920761317059585E-040
  -15.8117218848983       5.114737028095319E-038
  -15.8005242774752       1.602458456531298E-037
  -15.7959646900036       1.533694336481267E-038
  -15.7766202497358       1.753687919887873E-042
  -15.7579744686409       5.337927942594615E-040
  -15.7469716982652       2.651982425885634E-039
  -15.6801948597448       3.176496063444611E-045
  -15.2096093339626       6.332847992490347E-040
  -15.1906781323021       2.054320181584591E-043
  -15.1453572401683       9.209555459865491E-045
  -14.9183833009038       2.721260684209239E-043
  -14.8959622377949       3.556930044834234E-048
  -14.8454083997473       7.614377202577916E-049
  -14.2375725416711       3.099068289278573E-044
  -15.9289118059963       1.410573971244951E-034
  -15.9008613368655       9.813492550078906E-037
  -15.8595435282767       6.348932689010428E-035
  -15.8570730048745       1.820594268200307E-032
  -15.8547801883244       1.405864408656969E-032
  -15.8301266043284       2.547266941228508E-037
  -15.8249117113551       5.122959084070791E-038
  -15.8107153519737       1.927312263223277E-034
  -15.7477703966852       2.321275768348466E-041
  -15.2745831004673       5.632242717895816E-039
  -15.2434581788701       1.627273769506091E-043
  -15.2027181582095       5.590903380485536E-039
  -14.9851691697881       1.025312422358397E-039
  -14.9635211555137       8.770366642179085E-047
  -14.9212151986710       2.713488286224612E-042
  -14.3192922805664       6.130881031052456E-047
  -15.8797319596449       1.495813455150484E-006
  -15.8428241311152       2.833603366498043E-071
  -15.8397391349825       6.392126918976047E-012
  -15.8326854479122       9.854723638210002E-007
  -15.8076380342046       4.733144509582258E-065
  -15.7980045116692       1.405705154778629E-011
  -15.7804513275073       2.431805559538300E-073
  -15.7547725483028       2.458718064484569E-069
  -15.6747167371950       5.606426766378605E-076
  -15.2254504844950       5.689268242053022E-008
  -15.1963377787725       5.222508644608682E-070
  -15.1544993852019       3.510811623922297E-068
  -14.9546813133722       2.637807510116342E-012
  -14.9196152697352       5.183230573522228E-077
  -14.8533455642049       2.762838285263597E-076
  -14.2664946927485       3.422681568081254E-075
  -15.8265678517169       6.972885956598592E-009
  -15.7904017549557       4.079642149190083E-009
  -15.7668482123959       1.508887700262239E-067
  -15.7607384445269       1.841790533979348E-061
  -15.7506498620901       1.981360228488652E-008
  -15.7397556980841       2.271485160083020E-008
  -15.7022225073027       3.844436030566664E-068
  -15.6905934385199       1.610985119994933E-065
  -15.6300948673113       1.150813438995562E-072
  -15.1688674970941       7.884646370380962E-011
  -15.1414429466139       2.372066507646402E-072
  -15.1002405933336       1.266556215070260E-071
  -14.8829100148971       6.660077953673289E-014
  -14.8432402908792       2.599087163094478E-077
  -14.8002801399642       1.038808009799019E-076
  -14.1954909009235       6.261958236274628E-076
  -15.6698604730408       7.627109549368008E-039
  -15.6223714274930       2.729243976779807E-038
  -15.6066620846473       1.043527117632626E-036
  -15.6024120961789       8.979356026074345E-036
  -15.5990504051755       4.855822553562590E-036
  -15.5707945916012       6.010972265063183E-042
  -15.5575449519393       3.309612247058769E-039
  -15.5377666526042       1.368954754005633E-040
  -15.4592185232998       1.016683651808801E-042
  -15.0070737158306       5.894811922873207E-039
  -14.9875297491257       1.178185274215741E-039
  -14.9375109617177       2.463960060644708E-045
  -14.7203672119536       1.428842985890860E-042
  -14.6949703054313       7.004437656126280E-044
  -14.6315603262259       1.039291298951461E-045
  -14.0368325726694       9.232540302353683E-044
  -15.5311398901573       3.524664330959166E-008
  -15.4789929610748       1.964996681616502E-063
  -15.4778474629166       7.163031233495532E-010
  -15.4638390729504       6.556308271682228E-007
  -15.4593231444155       1.191712078102802E-058
  -15.4398682723993       4.472084841797539E-007
  -15.4114009078694       9.686675111265680E-067
  -15.3913331188174       1.196695261318865E-067
  -15.3201677179228       8.894771343381263E-071
  -14.8633133962648       5.566745219726068E-011
  -14.8454441157841       9.366977459202229E-069
  -14.7911944520543       1.541024469312838E-069
  -14.5903106886655       4.174183844558872E-013
  -14.5518436426272       1.945886230878831E-076
  -14.4942350723277       2.827302187410116E-076
  -13.8992001979519       3.256303899853853E-074
  -15.4945367964554       1.419535562191713E-041
  -15.4509651241342       2.638284870379596E-038
  -15.4262593468652       7.139417369291989E-040
  -15.4206054222282       3.401305099824260E-036
  -15.4180641742695       2.374286356020535E-036
  -15.3927571979127       1.173607265430795E-041
  -15.3726401507333       1.060230694580608E-041
  -15.3594235804693       1.846226748477682E-038
  -15.2882168049336       4.385336360053420E-046
  -14.8307570718749       2.647121184302047E-043
  -14.8059436461828       1.626647014491981E-042
  -14.7555354649398       3.604055884550286E-039
  -14.5410332231792       2.075316576713438E-041
  -14.5156415909784       2.717552318468451E-049
  -14.4551588317606       1.388261869784364E-043
  -13.8529925914798       2.591717352179764E-047
  -15.5341903443472       1.177388730690121E-005
  -15.5199352534655       1.263438904380995E-067
  -15.5013847172562       6.245938303549851E-008
  -15.5004383361115       4.408694254466169E-006
  -15.4636757011046       2.869781640777214E-060
  -15.4531994136522       2.530267525042036E-010
  -15.4371268428039       1.122840354709078E-065
  -15.4063142653678       3.841862389171656E-064
  -15.3218718241490       2.832258254146222E-072
  -14.8757456061779       8.941384213840296E-009
  -14.8449592787953       4.086858470203146E-066
  -14.8038352512583       2.757323972039875E-072
  -14.6235457438450       2.462317892837522E-010
  -14.5835529888600       2.382125408732499E-074
  -14.5020732423618       5.881745075460581E-076
  -13.9196514480678       3.303420745486157E-075
  -15.6120405723277       4.162830780000309E-039
  -15.5794166591302       7.691075159362201E-039
  -15.5431741642724       2.653941841410434E-038
  -15.5223888743878       2.434970548018297E-038
  -15.5143028919396       7.170433220107997E-037
  -15.4934486965894       1.169607454573348E-036
  -15.4933312942463       3.134383033944893E-036
  -15.4368978968464       1.102070956490289E-038
  -15.3408090442493       7.136770614931392E-042
  -14.9204400710372       4.836741344688664E-039
  -14.8677875392482       2.945603896184858E-038
  -14.8022425669695       2.795025447732779E-043
  -14.6776872100266       1.260805331007048E-040
  -14.6644632836864       5.594520006048217E-043
  -14.5325652352596       1.391259631862319E-047
  -13.9659047529994       5.816746750053069E-044
  -15.3547971647244       6.152440403718529E-006
  -15.3424066405877       3.733251956848937E-067
  -15.3017239348706       3.965691490659811E-005
  -15.2730356040532       2.838185778913847E-006
  -15.2579715375166       1.330126178100545E-059
  -15.2491677984506       4.297229735532216E-006
  -15.2245440574806       1.356486792246529E-066
  -15.2038494522116       1.013773725561875E-067
  -15.1091275725436       1.610358779659816E-070
  -14.6608725912974       4.315187809110912E-012
  -14.6445888972181       3.188105530078959E-063
  -14.5638755427682       2.577921100368426E-070
  -14.4337886900458       2.873402908928230E-012
  -14.3940481553110       1.058169853286679E-070
  -14.2915722364582       2.815281169294900E-079
  -13.7050862100896       4.488069464670573E-075
  -15.2568235764798       3.437054155202948E-005
  -15.2562165171290       4.887198891594442E-062
  -15.2311997808731       3.978340418290760E-005
  -15.2154090418375       2.793136809993078E-009
  -15.1770831728382       2.103363923952635E-060
  -15.1666251678592       6.779642210142450E-010
  -15.1596321232097       4.763881002524563E-063
  -15.1194843880317       7.136599892414464E-065
  -15.0276823617105       2.266856080147130E-070
  -14.5961610040589       1.492573812232031E-011
  -14.5645847396342       1.108200227810952E-065
  -14.5127053511636       1.462919841433467E-068
  -14.3553605559616       6.916761254335282E-013
  -14.3106539351298       1.132716619720103E-075
  -14.2181208914898       1.075208483889522E-073
  -13.6446953587157       2.400255573765220E-075
  -15.2100242186979       2.701765702688591E-037
  -15.1856480929007       9.738436338001593E-037
  -15.1577930952022       4.103999649798094E-039
  -15.1450992262379       3.508655255132939E-040
  -15.1310741853870       6.671353934637801E-040
  -15.1240046508346       6.295747362629315E-037
  -15.0972525531780       7.308836251566324E-039
  -15.0733582951290       1.085805722196148E-037
  -14.9965176462563       2.048828483166107E-039
  -14.5363970888962       2.036411313244566E-041
  -14.5155889421798       1.514404069125915E-041
  -14.4531056865930       1.677923388286136E-044
  -14.2904330397569       3.712034428198501E-044
  -14.2463050701461       4.993431354060953E-044
  -14.1738917743526       2.341529774336561E-046
  -13.5868386958219       3.608616415291905E-044
  -15.0723966449021       1.174296846354096E-036
  -15.0347588238898       1.307407326249707E-038
  -15.0048877308997       2.916119415919967E-038
  -14.9992179589736       3.363750971356471E-033
  -14.9953921715056       3.655132742816918E-033
  -14.9722587466314       3.036149101662542E-037
  -14.9599330075831       2.754870248965554E-038
  -14.9444279445650       6.437569166522018E-036
  -14.8717600869713       4.520968143254653E-042
  -14.4146272268877       3.112256636288847E-041
  -14.3834801987557       1.145952133264531E-041
  -14.3405340995952       3.336873202286584E-041
  -14.1226727682534       8.933751305639333E-043
  -14.0975746367555       6.090175008152443E-052
  -14.0434359051003       1.213996102743491E-042
  -13.4447918337657       1.756724205122694E-048
  -14.9411771398234       2.932194072698843E-039
  -14.8988845348468       3.182465531426777E-038
  -14.8804725859684       8.434356590184003E-041
  -14.8751331784893       1.881730543416314E-038
  -14.8629969285391       2.736613063635395E-040
  -14.8545577361341       3.104354595994848E-039
  -14.8183884711950       7.482410504606562E-039
  -14.7973843497015       5.125515207269770E-039
  -14.7272864929974       1.526456721598423E-041
  -14.2705207998186       2.127990659203260E-040
  -14.2519916705996       2.395802546233139E-040
  -14.1930164913931       9.301565514394752E-043
  -14.0074550710703       1.785059360301950E-044
  -13.9642700836044       1.938630259139751E-044
  -13.9019888255722       3.716778620917041E-050
  -13.3101074338109       2.376139748314371E-043
  -14.9429262330136       2.537113735687432E-036
  -14.8896823380839       6.749387274205831E-042
  -14.8885298082930       5.870852135900643E-038
  -14.8738254289852       1.258652112894970E-035
  -14.8326149850174       1.132508963238628E-036
  -14.8300841261262       8.852686482179762E-036
  -14.8288117466526       6.296542922662314E-038
  -14.8128323770366       1.228984697881581E-035
  -14.7207329469865       1.003443931592331E-041
  -14.2703324893782       2.015022433213196E-039
  -14.2280511994816       1.170171339287139E-041
  -14.1675319236228       1.143215859736763E-038
  -13.9974543057214       9.683679364513271E-041
  -13.9833098263962       7.013246167900635E-047
  -13.8915019491464       1.010963405076826E-042
  -13.2989148988273       2.910073744212717E-047
  -14.7277373462198       7.466599015639975E-037
  -14.6888157631904       1.101959202932981E-038
  -14.6591042927716       2.167019891257429E-039
  -14.6582006549209       1.067028017680406E-033
  -14.6560002653557       1.030965376027213E-033
  -14.6283333645395       5.072039833903432E-039
  -14.6153373642041       1.408464618521145E-042
  -14.5945397707342       6.159836873048875E-038
  -14.5215290651578       3.649679244821319E-043
  -14.0716272469217       2.511962728072662E-039
  -14.0458453249877       4.342593901702795E-043
  -14.0046262617858       9.658745692374434E-040
  -13.7757931104469       4.218528751173176E-042
  -13.7473366528104       7.711626815713989E-048
  -13.6963948680470       3.082395908406805E-043
  -13.1003323689135       2.278069538564540E-045
  -14.7897542721111       3.977939514830827E-039
  -14.7607543576206       3.388359801271463E-038
  -14.7461943175958       4.691743278771259E-038
  -14.7035134358760       4.818228921444316E-038
  -14.6802695217396       2.999752553495767E-037
  -14.6779983078685       2.073061461505377E-037
  -14.6687739166649       1.226063223517683E-037
  -14.6336706736742       3.991368138679260E-041
  -14.5075037406207       4.915877328668862E-040
  -14.0733142896200       1.184729522434099E-038
  -14.0493512087993       3.319906384908528E-039
  -13.9607574896412       9.285582631325867E-042
  -13.8343650482503       6.242600126524931E-041
  -13.8240653466452       8.868653906544161E-041
  -13.6766164377568       3.072259317478235E-044
  -13.0865050691810       2.680804517959387E-042
  -14.6695597177807       7.070512030032000E-041
  -14.6227757178694       4.360334967967104E-041
  -14.6148786726837       3.258654705505398E-037
  -14.6027320669059       1.454969678638226E-038
  -14.5825401325896       3.689001018924923E-036
  -14.5697255747840       3.584885723261958E-038
  -14.5609410726016       3.667241393552267E-036
  -14.5426795757345       2.335838004606915E-037
  -14.4558229889488       2.523044217008865E-044
  -14.0042236015818       1.882197723109399E-038
  -13.9678679084563       1.659320159541137E-038
  -13.9227191711823       8.534800578824634E-042
  -13.7252866240002       1.526799508555168E-041
  -13.7110965938774       4.102697110180781E-042
  -13.6254215900616       2.607482044932237E-047
  -13.0301562061452       9.218636067810824E-045
  -13.8512401636795       7.283282110400445E-039
  -13.8064276406301       3.219597190442704E-034
  -13.7973292499400       6.915845159997323E-034
  -13.7814043860538       5.412136160086905E-037
  -13.7637554606849       2.043634151782173E-034
  -13.7474980335018       3.245006501111375E-036
  -13.7427445081909       2.663318241523674E-035
  -13.7188549485525       1.066709178456038E-037
  -13.6353000557123       3.707708279747205E-040
  -13.1894114732522       4.816053898562921E-036
  -13.1474762968537       3.129939136005109E-036
  -13.1035720094877       8.602256808510343E-040
  -12.9122426921746       1.691872480628734E-038
  -12.8884426886465       1.312959847281741E-039
  -12.8185274545954       1.484380308329886E-042
  -12.2300674867791       3.015451817845057E-042
  -13.8234170741955       4.292125835330588E-035
  -13.7704690439754       2.005526625418898E-035
  -13.7692405402279       7.170851639742478E-035
  -13.7437661055336       6.580268212012363E-038
  -13.7307491766384       1.343148102567562E-037
  -13.6977275447417       5.965261413368544E-035
  -13.6931988224551       6.688669341007965E-036
  -13.6791576900455       1.428230790009697E-036
  -13.5837857393765       3.514083302104601E-039
  -13.1433689642316       4.425594030729866E-038
  -13.1164989876500       1.915725702344221E-039
  -13.0349507628709       3.978320092368282E-039
  -12.8727597606721       6.714433801044448E-040
  -12.8585294833317       8.564108685880556E-042
  -12.7589869079848       3.318480076911264E-044
  -12.1657194443962       1.885698525331509E-044
  -13.5189244798517       3.184649137570670E-077
  -13.5157013426089       7.502613812295139E-006
  -13.4191798832100       5.364197558723040E-014
  -13.3667923345499       1.086536695203577E-004
  -13.3288741323773       4.464996943956173E-069
  -13.3229375107903       4.585179212036713E-062
  -13.2636312030391       2.441354335522666E-069
  -13.2601106258964       2.674441555063162E-012
  -13.1217325191493       1.994693761822050E-076
  -12.7542157861774       1.389928129011314E-006
  -12.7378864932823       3.797963099698223E-069
  -12.6251639300003       7.529014463663279E-067
  -12.5430804911954       2.041258673293198E-007
  -12.4964742618229       7.828542654385944E-073
  -12.3272814301873       6.084575493150736E-075
  -11.7740284452815       8.967455385563740E-074
  -12.6097827135189       1.707871396385024E-038
  -12.5750132426453       1.845816776466170E-041
  -12.5283769621349       1.242480245030591E-036
  -12.5052899340660       1.554374810948314E-035
  -12.5045200427644       3.605755124219427E-035
  -12.4782685882459       2.257381823496522E-042
  -12.4565423090558       5.987278948190535E-039
  -12.3815177971707       9.744215994237528E-040
  -12.2730964126360       1.417583467863521E-044
  -11.9161885668797       3.208810047619830E-037
  -11.8557950268248       9.457352679024999E-038
  -11.7809313504511       7.755215695514895E-041
  -11.6616126468727       3.257325608115159E-043
  -11.6375279237550       5.747779709083710E-039
  -11.4828092506420       4.224362521576412E-044
  -10.9376920045859       9.025375719848930E-043
  -12.1599136187341       3.756976854053141E-037
  -12.1371419606930       3.181678654690572E-044
  -12.0996343299813       2.341174441552857E-036
  -12.0979592333032       9.501320964213886E-036
  -12.0448982357411       1.490946046615060E-037
  -12.0344541631098       3.045071447360183E-039
  -12.0164378882511       6.528762714284857E-044
  -11.9707994116715       1.927361144462758E-045
  -11.9133897399704       1.657051789364064E-046
  -11.4868843495846       4.695906773696422E-040
  -11.4395940701660       1.967020120551893E-042
  -11.3467687806621       2.916612085644280E-037
  -11.2307052757289       2.144149654160098E-042
  -11.1806953405111       9.783358470634768E-049
  -11.0885859267188       9.036031106861212E-040
  -10.5046359868447       1.342784014206262E-045
  -10.8307608572551       3.465226146300611E-069
  -10.7946199918640       6.117145160294372E-005
  -10.7555014916581       6.158287597862242E-005
  -10.7155169897228       1.046533729534692E-009
  -10.7006453106611       1.051258664297582E-065
  -10.6573974982980       1.587988519488317E-060
  -10.6078988063822       5.715625956709425E-013
  -10.5618714157093       3.297341646851344E-062
  -10.4249780358878       4.058287496516674E-071
  -10.0795685438611       8.935263606931278E-010
  -10.0380496147365       2.875020904334941E-065
  -9.93811762932244       9.707571423309873E-068
  -9.88175617669587       8.432856690864761E-010
  -9.84770667768773       5.213878672150653E-071
  -9.64421616203039       4.357005906000958E-073
  -9.10934190840378       2.757922417785582E-073
  -10.7856865322224       3.248549372242762E-069
  -10.7737049933526       4.525674016062826E-007
  -10.6731260235946       1.580317707455338E-005
  -10.6598751669852       9.637148296931671E-006
  -10.6074693366884       6.279966551678567E-059
  -10.6033663956457       3.768898189644291E-008
  -10.5937006247881       1.742763929844552E-063
  -10.5345956589382       9.647864133056660E-064
  -10.4477491701220       8.451923808104180E-070
  -10.0381458180902       8.279564937307445E-012
  -10.0113186837181       4.434903385682423E-065
  -9.88504820567514       1.919428689469456E-067
  -9.83917049306969       1.386247655298395E-011
  -9.77562696148839       6.472263140787657E-071
  -9.63636474505914       9.451465269284049E-073
  -9.06366408592720       1.881937402911848E-074
  -10.6069901755024       4.445490650109815E-037
  -10.5689841506838       1.944768609048803E-036
  -10.5218005077554       8.208461020855219E-036
  -10.5021268505174       3.595604899229349E-035
  -10.4697002363850       4.023417628190308E-038
  -10.4495550938948       1.207651474992821E-035
  -10.4408695875034       2.852125950766572E-041
  -10.3836979431711       8.970452090673318E-037
  -10.2605815034474       3.616194426843647E-039
  -9.88678842068690       4.127212065792951E-042
  -9.83606440884396       1.406794244141257E-041
  -9.72731404859125       2.161895064523629E-048
  -9.64851388490450       1.079521192721470E-040
  -9.64728641439289       9.037142335111393E-041
  -9.46346417526816       1.221419942461756E-047
  -8.90707205298273       8.636533681391584E-044
  -10.4455479186309       2.034457997044817E-039
  -10.4317114149488       3.169041479279335E-039
  -10.3693129522460       1.049004349055588E-039
  -10.3246939669810       3.022742448471652E-039
  -10.2991568842328       8.878286063038868E-040
  -10.2792322444495       2.476585875816619E-037
  -10.2743862341033       1.824901264056709E-037
  -10.2255343073245       6.239795346951291E-039
  -10.1223519906441       5.789397420040004E-040
  -9.72113404222039       6.059793600265955E-040
  -9.68409273736213       4.590638653258777E-040
  -9.56932785312718       7.753185300064866E-044
  -9.51000415951492       2.506047244781972E-042
  -9.45075821580703       6.742639349478480E-041
  -9.31369192706326       7.974385889699803E-045
  -8.74409335284910       2.991015077893755E-042
  -10.1567011852321       1.207380177562527E-033
  -10.1565243948316       1.239804616095104E-033
  -10.1139872951235       8.236824663799972E-037
  -10.0611660860017       8.837858725157989E-039
  -10.0300948168061       4.471422295801686E-036
  -10.0169054137519       4.507360589763931E-036
  -10.0047429482032       1.105487563942514E-037
  -9.96427541916605       2.461180903527174E-040
  -9.81763222114353       6.611910108781105E-041
  -9.42766209598918       1.282728976373799E-039
  -9.40203247617390       1.219367375339944E-039
  -9.29300878299270       1.403710025955418E-042
  -9.20921203258280       2.749890911182362E-041
  -9.18410296080556       2.983200635918435E-043
  -9.00153770395171       1.091686888784166E-045
  -8.42560189682247       3.929094253853675E-041
  -10.1799275346252       1.541567355418510E-035
  -10.1318813018604       1.115025176719017E-042
  -10.0970395162109       9.702874974739482E-035
  -10.0711240869014       3.255223721485514E-036
  -10.0627630729315       1.155390915880247E-040
  -10.0085215560572       6.486526348896229E-035
  -10.0015052000899       1.431477592321224E-034
  -9.98624997593734       1.526265463531934E-034
  -9.86282800419508       6.301834288999915E-044
  -9.47037809644543       3.174238695297065E-038
  -9.41773887055792       1.272768064171053E-045
  -9.30381767355816       4.563425787357070E-038
  -9.22017387610149       7.316149965980006E-047
  -9.21634138025524       2.990033611787958E-044
  -9.05178281440618       5.253536399912922E-042
  -8.48123755086065       7.080316041816472E-049
  -1.31053050327064       9.300983986182328E-043
  -1.29707828301421       1.885226621802019E-041
  -1.25656473046164       3.848462987185954E-042
  -1.20163702830713       3.247577597323234E-039
  -1.16435075076755       8.760103015434025E-039
  -1.16274458701858       2.938807146124583E-038
  -1.14769546732671       1.713210548272985E-039
  -1.09802001512412       1.138566216404696E-042
 -0.957654853168794       3.426237107599108E-042
 -0.600280741307486       1.825590181642710E-042
 -0.549532876908273       1.255896254522313E-041
 -0.438021309860357       2.657523431308313E-045
 -0.358727706897543       9.878280170975755E-043
 -0.315417411499581       9.168439890328353E-041
 -0.153890133337647       7.341338694156245E-044
  0.406982320843273       4.099424215454077E-043
  0.300207953676107       4.575508858036940E-075
  0.340833658610421       2.533851736179022E-006
  0.450751853164491       1.118267900468711E-004
  0.467147683794980       7.125972266375831E-012
  0.557998186171677       1.449954806458257E-069
  0.582926965235359       1.217412291131805E-058
  0.584292497855710       3.863742379423557E-012
  0.646756105641721       1.752571179776944E-065
  0.816619258408856       2.242440203485691E-072
   1.10121952869621       8.443972275655828E-007
   1.15974433220096       1.715523090758910E-065
   1.30209160099935       2.540322153267541E-061
   1.31289931888020       6.001715643365825E-007
   1.39724327286870       4.244217180689759E-069
   1.60385687112795       1.653439710045251E-071
   2.14999607422435       4.313800940648520E-072
  0.941913834660845       9.180969231470169E-037
  0.989414744387840       6.086590026438843E-037
   1.03441289036889       3.230117582553541E-036
   1.06636753130861       3.082786401420466E-036
   1.11608272792401       6.015840892863579E-038
   1.13722351945993       4.807425739688996E-036
   1.16879079082329       1.238102217290829E-038
   1.23262164010730       6.144364337698812E-037
   1.40982173431367       2.471121330013691E-041
   1.69507298234210       1.218094406274609E-036
   1.75002197011263       8.594040271461359E-038
   1.89628713396564       5.471068227025549E-044
   1.94869274055223       5.637393766326543E-036
   1.95159331510085       6.821085924429773E-036
   2.19624242848764       4.125571821155120E-043
   2.73973818511753       3.916946794705411E-041
   1.30282208527933       9.798458202582790E-038
   1.32548242658933       5.840856724285592E-042
   1.37638840603054       1.942907886910893E-037
   1.40468019862185       1.469224542185528E-038
   1.47215384607508       1.322853782590972E-038
   1.47710556625592       4.612218934935262E-038
   1.48105021974212       3.655107342920656E-042
   1.54647118919020       6.107305916584576E-038
   1.64238533160010       1.788785673456718E-045
   2.01611829282694       2.767247003445710E-038
   2.07651352179755       8.489808848327153E-041
   2.21097416445414       1.110669965937685E-037
   2.27365594112545       7.218466586651887E-039
   2.31733703167613       1.172097852810557E-042
   2.47089013705060       1.584375122624207E-039
   3.05807274991177       2.695037750053068E-044
   9.80853528078591       8.742084667560482E-071
   9.85703310758032       4.973932591728937E-004
   9.87107147353707       5.094295657312352E-004
   9.98067440589824       3.077665200756254E-010
   9.98201263344887       1.675791789597738E-063
   10.0554327401610       2.676777236650159E-061
   10.0621985427757       2.348492744373421E-012
   10.1307352586235       1.502187014961041E-062
   10.3246470159008       1.734683009901595E-071
   10.5648128131407       6.376166327953063E-009
   10.6255977547873       7.568415299243301E-065
   10.7824171227883       8.233439860478261E-065
   10.8070629430039       6.915619892236080E-010
   10.8554793725656       7.780632795637328E-070
   11.1006494560755       4.363712852475248E-074
   11.6348795818071       4.798612718167358E-073
   9.83457202892717       1.215645680410970E-068
   9.86599674727920       7.193339801972650E-007
   9.95180788699921       2.550907825721493E-006
   10.0104583752724       7.089309507926043E-008
   10.0388189611286       2.240849925049565E-007
   10.0787523282341       5.544380315430921E-060
   10.0851256491742       3.244576734230118E-059
   10.1494145106993       2.943520111329955E-061
   10.2784176248431       1.159088533627381E-067
   10.5883301290969       3.115147739093083E-011
   10.6554868319259       8.532233611227370E-063
   10.7991905042955       8.258547988652172E-063
   10.8313665259317       1.285973991620542E-011
   10.9108858058566       1.065855225879164E-070
   11.0910421921861       5.072852367351920E-068
   11.6620507052930       1.151390790965736E-074
   9.96269254757775       1.615223949295767E-036
   9.99510092317616       3.459998030859212E-036
   10.0333749076525       2.089895911449930E-036
   10.0852228675914       1.801942246822271E-035
   10.1328201153670       3.475793326767464E-037
   10.1677147047347       8.728113176600093E-036
   10.1701578104148       1.344394447072544E-039
   10.2272972014927       1.690480652005805E-036
   10.4109643776506       1.684499161426194E-039
   10.6918268068268       3.994461941489356E-039
   10.7415458051912       1.002513948685761E-040
   10.8989853033488       1.558616287215697E-045
   10.9579387283752       1.157875441077465E-038
   10.9676331022155       1.825091346514788E-038
   11.2019549499514       1.133217985822002E-044
   11.7510307468686       6.206118456617443E-047
   10.0160875468165       3.227035742204738E-040
   10.0528558970218       3.988162851929398E-039
   10.1430982023634       9.144213829772763E-039
   10.1947432996223       3.778409659694279E-040
   10.2383009955585       7.681607058985512E-040
   10.2718871948215       1.764053328817602E-036
   10.2804644135216       3.013281586188579E-036
   10.3424661358738       1.603162553950638E-037
   10.4805253250867       2.852749886393868E-039
   10.7786050807366       4.154252679249841E-040
   10.8481224378654       1.479687333874714E-040
   10.9926661466093       1.689786318426330E-041
   11.0199041525893       6.722460116727925E-041
   11.1031261842809       4.905683772105457E-045
   11.2880997009456       5.446666159697937E-044
   11.8549340049599       2.844013925959954E-046
   10.2362533092455       1.034919837980614E-035
   10.2794115150087       1.494439670244852E-043
   10.3133883762135       6.784317737678947E-035
   10.3738522966483       5.452021080130137E-040
   10.3790018538607       1.404363144061080E-035
   10.4376267918156       1.790146362677366E-034
   10.4511426668198       1.187074461859532E-034
   10.4627744756077       1.385351586998222E-036
   10.6354588374987       6.947858287054123E-046
   10.9544577762407       1.624566272105822E-040
   11.0086180380270       1.177013140342345E-043
   11.1553761521789       7.918008857719898E-039
   11.2301508012801       2.072072479572137E-039
   11.2406447452903       1.006503206502211E-042
   11.4456500887357       3.979613471451560E-041
   12.0121314349729       5.222656965178027E-047
   19.0450231127478       1.276508012115109E-040
   19.0568364713920       1.820925411134136E-040
   19.1080105590192       1.403646818585946E-040
   19.1799015456940       3.321610092304498E-039
   19.2155451613882       2.035835249966625E-039
   19.2248951173424       2.210917580044323E-038
   19.2437986007122       2.247535861284263E-039
   19.3000943723767       1.023078541846524E-045
   19.4665503495260       5.532173430856598E-042
   19.7742930024827       2.875536571896137E-040
   19.8355454882743       6.102208811970570E-043
   19.9730390194034       4.598186297400452E-042
   20.0211681411280       4.200307493719680E-041
   20.0662258101664       2.485604770597108E-040
   20.2651425857920       1.142724242799012E-044
   20.8218344475597       1.650945721561235E-041
   77.9432595208788       2.270511240431912E-040
   77.9634342238812       1.537740939664815E-040
   78.0238021961013       4.356851070549506E-041
   78.1008759587453       1.024986363934407E-038
   78.1423189420920       1.600352429990558E-038
   78.1606861879412       7.431571221548616E-041
   78.1736267752511       2.406331944901547E-040
   78.2434581063710       1.674126175576440E-042
   78.4309887333002       5.813488980927835E-041
   78.6833458014230       2.134083496460825E-039
   78.7539344362320       1.204760996418715E-039
   78.9141067161012       1.656715889880065E-041
   78.9380203314984       1.305244654554498E-039
   78.9845268335535       9.250730493701260E-039
   79.2138962242341       1.409962979102371E-044
   79.7550629022029       4.128339229668841E-040
   175.093383463229       1.704413383815814E-007
   175.101165131001       4.644167170574844E-066
   175.180138936041       4.826017655179652E-007
   175.267210307884       1.284546404903296E-013
   175.317611659592       6.254078443151497E-065
   175.333503205822       1.128865702810514E-013
   175.348708778235       4.803196808242748E-057
   175.430454731915       2.085055852878395E-062
   175.633204780002       2.704256058104491E-070
   175.817881790738       1.097473376686270E-007
   175.894146263573       2.089410129856494E-062
   176.059368278336       1.890120601774708E-008
   176.072348360041       3.199722628548829E-061
   176.114916270768       9.483639692516081E-063
   176.373628814817       4.987344699363740E-073
   176.871396295782       4.849914092389987E-069
   175.176467334642       2.470228658799882E-037
   175.214944314398       2.227950511640380E-039
   175.267487519941       3.677886487893544E-036
   175.357227514640       2.340217799906738E-034
   175.375770110938       2.101119096694639E-034
   175.425716915971       1.607056161622391E-036
   175.431506736105       2.640228655067379E-041
   175.502485058558       4.466179262274619E-038
   175.716136850125       1.316914544993612E-040
   175.903310767748       2.367446971096099E-036
   175.974339522240       3.270918520991385E-037
   176.154672475364       2.284909115431426E-040
   176.160781136840       5.873706581886998E-036
   176.184208934722       1.616753783743906E-035
   176.455757767927       3.399963596388220E-044
   176.951560931626       3.814519716210780E-039
   175.226753944542       3.542426561206938E-039
   175.260565379322       4.312378903014999E-044
   175.324360008631       2.238530371918313E-038
   175.396626882474       3.011375510320577E-038
   175.446245304804       2.665578022987739E-039
   175.464094548651       1.658495921901564E-038
   175.472398162037       9.302764086421098E-038
   175.545390221945       8.019563470952793E-037
   175.736555675805       5.162323485392631E-043
   175.948195955016       3.303818345498911E-038
   176.021643209675       6.188188168041968E-042
   176.196503660507       1.099128980811164E-036
   176.205534351208       1.847066686949997E-036
   176.242706040654       4.346921203707225E-040
   176.486910765669       9.027611096719083E-038
   176.998092754840       4.640664509278028E-043
   281.977936045410       6.457102768742808E-009
   282.004725333096       4.799123502626164E-070
   282.070454431682       4.892418686782050E-009
   282.163396563471       2.631375639309812E-013
   282.195541610514       9.360684261139465E-065
   282.234755130032       3.304903731490053E-015
   282.237075290762       8.867458412265921E-056
   282.319977494775       3.588914005430336E-062
   282.533916114474       2.851450206019059E-071
   282.692861546113       8.299251110037070E-011
   282.764419716625       1.289379870083986E-062
   282.952675744186       1.219776312511268E-060
   282.960829694928       1.661801091183557E-012
   283.003048001208       3.214318017315863E-067
   283.271722340197       2.155170226529010E-070
   283.772762193403       3.056165024823171E-072
   281.988865958953       6.725457289591143E-011
   282.008667000224       3.385090462590189E-069
   282.086267395120       3.028464308662925E-010
   282.159511314096       5.242434006292367E-012
   282.222631305242       3.389609446777870E-065
   282.226397355623       1.301223561188616E-010
   282.241101154333       3.024091724377022E-056
   282.323573454942       6.652392611321122E-065
   282.515514860868       2.120011203351424E-070
   282.696570644555       7.615578331842462E-013
   282.775539061358       2.952188160701848E-063
   282.949272580220       1.333455868836911E-061
   282.964328256955       3.477184964117282E-014
   283.017708641234       1.889861471619647E-068
   283.264041755597       9.526757169285095E-068
   283.777749467469       1.448517974968952E-073
   282.004245898967       3.634513984031145E-040
   282.049599895547       2.257106102394100E-040
   282.100677150744       1.748039940715553E-039
   282.188414769268       4.734337695300768E-039
   282.209946504589       8.897915151971112E-038
   282.251289380155       5.154631160449043E-038
   282.261536595756       2.572217286941140E-044
   282.330520923954       1.172398291960009E-039
   282.542109748584       3.294892241707314E-042
   282.721035865498       1.460474198524690E-041
   282.782487478532       3.641726615872269E-044
   282.968829047948       8.625869234773554E-045
   282.994448163514       6.586044521416090E-043
   283.020213425886       1.841695458668690E-042
   283.285350130409       7.142149470675034E-047
   283.792205109582       7.809189632371470E-046
   282.023009971661       1.841999971287689E-038
   282.039599192559       2.404766183180077E-038
   282.119349153845       6.483812207023165E-039
   282.195554664282       7.402897007406419E-039
   282.257920648225       1.888123059961870E-039
   282.262552526385       4.486600853464111E-047
   282.278732778360       1.163703424043280E-042
   282.361903735942       5.646424368306317E-046
   282.556652549709       4.884946077891841E-040
   282.731170232660       7.195212174893153E-041
   282.811563796900       2.058303938470840E-041
   282.987191295157       1.164874239277500E-043
   282.997819611972       3.050488326684821E-041
   283.053570913805       1.966015579099294E-040
   283.302926255026       2.100064087426890E-045
   283.814117027856       1.003539641367126E-044
   282.058701302889       1.419180843996903E-036
   282.104891489363       2.411800422955196E-044
   282.157209615906       1.072230903579472E-035
   282.237112521510       1.963732624253453E-036
   282.267599517271       7.319877376525016E-042
   282.301165361335       5.690761316349359E-035
   282.309581007099       2.981002529834977E-041
   282.379430868839       1.737654882652616E-035
   282.583118246730       1.578276556376006E-045
   282.773187338497       1.582404064077573E-038
   282.835424068628       5.272562626507232E-045
   283.016396261589       5.995512197000574E-041
   283.047508144793       2.748291624585108E-047
   283.074180543328       3.558945399864599E-044
   283.331021069719       2.296679950768764E-044
   283.843268687260       1.048662089009283E-046
   289.658061294246       7.015508721836571E-040
   289.690454600398       1.082864600777897E-039
   289.753300492729       6.015313918975163E-040
   289.829776135545       3.424357894708945E-039
   289.874686456115       2.991570731740436E-040
   289.900422902378       4.130109851871278E-041
   289.902257596188       3.784055516524941E-039
   289.983004013261       1.364984930470128E-040
   290.181060070184       8.718452266968922E-041
   290.375657522390       1.228726024172933E-038
   290.446073667021       3.984756850421060E-039
   290.620513383901       4.000386475238000E-042
   290.642537275606       1.138592978648528E-038
   290.683408511552       5.674478165818779E-038
   290.932574411524       1.093992675883011E-043
   291.446545836697       4.406210289237003E-040
   590.321645828993       2.036440266029945E-041
   590.361164464425       1.041992905177600E-040
   590.422359268677       4.144103516189536E-040
   590.498222130507       2.411470347161497E-039
   590.541801403927       1.352678837309404E-039
   590.566024656884       7.478960886704457E-041
   590.571740119150       3.503459074361468E-044
   590.650484715462       3.175657441201858E-042
   590.850551305623       2.913891495182828E-041
   591.013142561995       1.702426898620340E-039
   591.078884252316       3.806718705628546E-040
   591.258306039812       1.159934698119998E-044
   591.285866108126       2.263667533622839E-039
   591.319457747026       9.730841933921491E-039
   591.577009301614       9.758798814743161E-045
   592.069518031380       6.900130353587354E-041
