                  1264
  -19.1971009104826       2.822280725407538E-071
  -19.1500656564518       2.253863975363958E-013
  -19.1474359344884       8.728310000844803E-067
  -19.1323759461631       4.411067003710043E-068
  -19.1032875927792       4.931286917162876E-013
  -19.0949429954201       1.970317405995280E-064
  -19.0729578831413       7.868291920584377E-011
  -19.0488061975347       1.168677415695428E-010
  -18.9618009911092       1.598710211129114E-010
  -18.5120429062796       5.453243042356697E-068
  -18.4697057486180       1.213688656941319E-008
  -18.4198567078831       2.765856988000848E-007
  -18.2440263321561       2.058658819774258E-072
  -18.2097723195201       1.534732691245740E-010
  -18.1279252423899       5.843569649430500E-011
  -17.5321858258317       3.804470075177892E-011
  -19.1382436303865       4.438908778430308E-071
  -19.0767167615406       1.141507872187860E-017
  -19.0624760528147       1.393847708846359E-064
  -19.0616566695839       5.423163845660176E-064
  -19.0170775769404       3.691494057448292E-008
  -19.0010902925001       2.679286964991509E-015
  -18.9787924504938       7.193768724842489E-066
  -18.9443880934279       2.688594854965090E-011
  -18.8683517903874       2.779929202019862E-014
  -18.4591279665895       1.740411583822202E-072
  -18.4245068857682       5.878401596016719E-014
  -18.3191290885691       7.115226462515046E-004
  -18.1738300589556       5.681077678054858E-069
  -18.1451763068693       1.131866220711801E-014
  -18.0417635682345       3.815485400098748E-008
  -17.4614928437545       1.049177278697924E-014
  -18.9268468323899       4.832973807088787E-073
  -18.8714908560992       5.906690691750237E-014
  -18.8669228454335       6.796838788543282E-065
  -18.8517421318380       9.893058600618280E-069
  -18.8061890388498       2.134740621543397E-009
  -18.7946617445745       2.671896717420815E-009
  -18.7889057212015       4.461183298135058E-065
  -18.7656942331165       7.014224680551375E-009
  -18.6795913922535       4.307047514392292E-012
  -18.2574195437355       3.403616481716172E-069
  -18.2094771172507       9.355789369512036E-010
  -18.1303074373155       2.782242246331855E-004
  -17.9733799333536       1.245391999563473E-068
  -17.9483521660351       2.498277021660421E-012
  -17.8522751274955       3.775518031149904E-008
  -17.2661638817857       3.730533698161508E-013
  -18.8920511239499       1.559698215050128E-071
  -18.8567325238121       1.128207729531084E-012
  -18.8455778245227       1.199401280084908E-065
  -18.8362540511430       6.238063037061620E-066
  -18.8000483718676       8.483105897506865E-066
  -18.7927941467260       1.951813771964597E-011
  -18.7783481685970       1.522296023939004E-010
  -18.7589394604409       2.938619278092387E-010
  -18.6793073494594       3.164956544110898E-010
  -18.2234889927929       1.152351335020697E-065
  -18.1780147870634       8.101467930787438E-007
  -18.1235150696797       5.872466530014293E-006
  -17.9597271650379       3.425883129380683E-071
  -17.9230387468497       1.227469401412696E-009
  -17.8501314306074       2.678371022227335E-011
  -17.2566582359844       2.354455149391962E-010
  -18.8906864794090       2.936858951843158E-071
  -18.8436413684514       2.204998318412045E-013
  -18.8248427089065       7.676793153947115E-066
  -18.8059846725490       5.508100657182785E-066
  -18.7846243293151       1.450493814308341E-010
  -18.7660913362017       2.019238134280179E-010
  -18.7655459419272       8.555944676254751E-062
  -18.7058669318580       1.335263706561103E-016
  -18.6156440336608       1.019887113994394E-011
  -18.2081954598370       5.817870755647188E-066
  -18.1485693860387       8.130994193256292E-008
  -18.0998324806803       7.356580434980941E-007
  -17.9281249114853       2.967498922025877E-069
  -17.9138708425182       8.101467137651154E-010
  -17.7842146630712       1.595603300303964E-013
  -17.1905688629526       2.176322944867640E-012
  -18.9156658801769       2.012418229441185E-040
  -18.8658250433263       3.397539047103537E-051
  -18.8506376893797       3.989709696541481E-038
  -18.8288326967547       5.787616581388390E-039
  -18.7980819337537       5.117711183353129E-039
  -18.7896392565624       8.675967979828030E-048
  -18.7557188945533       1.548259975777783E-041
  -18.7306121430383       2.332753733493891E-038
  -18.6479681813332       1.132715771015463E-047
  -18.2165846798715       3.344821144009049E-040
  -18.1842492620600       2.325636426135209E-034
  -18.1401768419549       1.203506109510044E-034
  -17.9498892881815       1.525772110036696E-037
  -17.9412360424309       4.571401250893067E-045
  -17.8256310056340       2.382727728884269E-038
  -17.2425378095100       4.557730499305696E-046
  -18.7309713664598       9.596644342990629E-081
  -18.6780271804705       1.160299417482976E-016
  -18.6643857345301       8.639995909800687E-072
  -18.6617169841796       2.578026669347864E-068
  -18.6256813117455       1.473690679230764E-012
  -18.6097972232299       1.693294185010786E-068
  -18.6045226706314       8.924707473480277E-014
  -18.5694748371711       3.823421365395685E-012
  -18.4674883763258       1.240625407808366E-010
  -18.0414523968713       2.419089215943510E-070
  -18.0084496332680       4.144902812845370E-011
  -17.9373492771037       4.338028613779689E-008
  -17.7699657323233       1.342530662244487E-073
  -17.7424613904245       2.826244207415246E-014
  -17.6408842634645       9.733724735126100E-012
  -17.0541015419949       6.971520827393309E-012
  -18.7440141376897       6.688050019142661E-075
  -18.6740297176502       1.535639781190584E-016
  -18.6597999022003       6.028144250101926E-064
  -18.6442864517409       1.290062387996010E-063
  -18.6154827411359       9.971401337085659E-009
  -18.5954718569664       3.390409224096347E-014
  -18.5641531402739       5.898461004600336E-068
  -18.5333086220729       8.233543106414176E-009
  -18.4417287039282       8.745312535063163E-014
  -18.0416308047857       6.099819094803789E-071
  -18.0198462577755       3.054249950892868E-012
  -17.8912970947226       8.023949056052962E-004
  -17.7615131642096       7.980715947094125E-073
  -17.7480559380099       4.517310126035303E-013
  -17.6126152759831       5.901109518623425E-008
  -17.0290051383802       8.346289527127361E-015
  -18.6482717041387       7.523175015669317E-075
  -18.6104816707009       4.002709119572336E-015
  -18.5965279593407       2.600167278201366E-069
  -18.5895255003162       2.758988726752591E-069
  -18.5552645955681       6.587982408642682E-013
  -18.5398319700145       1.840106556805353E-066
  -18.5222566886811       6.664792281212944E-013
  -18.4895124358473       7.191508930413155E-013
  -18.3936841166780       2.253132320611179E-013
  -17.9809370603295       4.218777485779727E-074
  -17.9416676269665       1.254606283999591E-011
  -17.8872675769297       1.338116518113435E-010
  -17.7043919581404       3.850217555828941E-078
  -17.6693602488832       4.615251144650386E-012
  -17.5699590644330       1.279259851378397E-012
  -16.9851172180202       6.128890099476469E-015
  -18.6513081617013       1.618251269711857E-043
  -18.5999347556827       8.029760309262222E-045
  -18.5816645605220       6.950994769049221E-038
  -18.5798990459007       6.466975040420772E-040
  -18.5659551831872       4.772296388956092E-035
  -18.5494775437555       1.787667599906876E-034
  -18.5230795072781       1.716140359998967E-041
  -18.4957369588702       1.138823096735395E-038
  -18.4208269999124       2.590097480480188E-044
  -17.9800450994111       8.484940687206396E-040
  -17.9627785464033       9.252544645052933E-040
  -17.8928785434288       5.634538541259239E-035
  -17.7058576282594       2.917754396474915E-045
  -17.6671809204931       7.671338282937767E-043
  -17.5952991063914       1.456970052928463E-039
  -17.0060652668277       2.337297313158372E-047
  -18.5317641233456       5.565622542365258E-044
  -18.4952476983205       7.215642330133753E-045
  -18.4821475638381       6.915810360999328E-039
  -18.4778142883678       6.325648225198062E-035
  -18.4483162291618       7.773441775315479E-039
  -18.4286035210384       3.934912901513652E-040
  -18.4140142869862       1.369308632483821E-046
  -18.3835242982521       6.279359107481151E-041
  -18.2890700507695       6.054538649045092E-045
  -17.8670569994918       1.219024387124906E-040
  -17.8366898172091       2.294002951196262E-041
  -17.7828202427863       6.338787363326214E-035
  -17.5930732916483       1.312563285999042E-041
  -17.5613193489772       9.904836065760115E-046
  -17.4651104188705       1.387009933260774E-041
  -16.8795303719188       3.377422442831076E-047
  -18.2523845899655       9.001083535800493E-073
  -18.1961284062668       6.112875819791359E-068
  -18.1736326269006       7.122315896138913E-016
  -18.1700624326588       2.248533393947360E-009
  -18.1666334433140       5.354643925628915E-062
  -18.1289318496026       7.142547657106481E-068
  -18.1169612494892       1.238997245986039E-015
  -18.0977704605886       3.103229428231194E-013
  -18.0110060953416       2.446083840315384E-016
  -17.5798913458355       6.426856567819233E-071
  -17.5579225250432       1.690332904491917E-013
  -17.4986308850092       9.460955443140596E-006
  -17.2791463921595       7.699295029937393E-071
  -17.2589848625675       4.348056321484616E-017
  -17.1777168438420       3.856943079688555E-011
  -16.5801358662342       1.615403364564771E-018
  -18.1587100365338       1.788306611296770E-073
  -18.1225395638109       1.782676936472581E-012
  -18.1077944575011       3.090113478464163E-063
  -18.1041079644305       1.532246405258602E-063
  -18.0719477625106       6.283814325731299E-011
  -18.0651417351692       1.374637230952206E-065
  -18.0452842090860       2.489451122024282E-010
  -18.0199317044697       2.938720431753476E-010
  -17.9301522018766       9.708311059507331E-013
  -17.4911293345005       8.050389988058583E-067
  -17.4603219012581       1.931232540543751E-008
  -17.4049470725511       9.014105147618644E-007
  -17.2233163204229       5.303289077653814E-070
  -17.1904393592790       2.204249213464036E-012
  -17.1040306112426       2.408165127815295E-013
  -16.5147761396735       1.300075838826323E-011
  -18.1217604189374       2.502279122932035E-068
  -18.0690114231439       5.638456243276377E-014
  -18.0645408903485       2.958223847332222E-064
  -18.0517228101701       1.870694754173522E-064
  -18.0053653096672       4.914130439738751E-008
  -17.9967825671627       1.455839733779758E-009
  -17.9962934126748       1.774730695665568E-060
  -17.9663052274048       2.095030876601730E-008
  -17.8833555391370       1.324610420104671E-014
  -17.4543585304406       1.157583783280542E-069
  -17.4089997077740       3.882183013466682E-011
  -17.3360581523310       3.656026793684689E-004
  -17.1720931008066       3.114502222451662E-068
  -17.1422297334262       1.551819156729492E-012
  -17.0561826896668       6.692884080675695E-008
  -16.4685666551915       3.803544772964907E-014
  -17.8962624119314       1.414388253388006E-043
  -17.8901948442709       7.233668253558932E-040
  -17.8755050430337       1.791244324075305E-037
  -17.8568084455231       1.786612767006411E-037
  -17.8214214865971       2.263505922042336E-036
  -17.8066816104516       2.979900234190989E-040
  -17.7854097558839       4.376199292552010E-039
  -17.7483352616142       1.394585757871537E-038
  -17.6449792775611       1.163451837111688E-044
  -17.2209230675173       6.065197099084447E-040
  -17.1949155986555       1.002731868978252E-037
  -17.1387025605072       5.593057848181609E-036
  -16.9845547981531       3.163850760946077E-039
  -16.9597875151522       8.061257173459348E-041
  -16.8295604949269       1.467929993901103E-039
  -16.2556521453668       1.066590948811240E-045
  -17.9142261486384       9.678199329786339E-043
  -17.8803151749584       2.469583442863745E-044
  -17.8405027369984       4.133988986965823E-042
  -17.8048589949359       1.713248631203754E-033
  -17.8044337203229       4.321286191289017E-033
  -17.7900334045979       6.361067409818184E-034
  -17.7825148089400       3.272389159713350E-041
  -17.7428580417014       8.943143210436154E-040
  -17.6438879591380       3.967580138748572E-043
  -17.2018946651027       5.363045292205433E-038
  -17.2010546983714       4.830014066307195E-041
  -17.0964422790354       1.085818623585782E-036
  -16.9671374669319       1.348486187475992E-040
  -16.9439600349658       4.031977633939898E-040
  -16.8185743849246       2.106432319142204E-042
  -16.2314455070418       5.882635744096490E-045
  -17.7285414270129       3.135432615440829E-071
  -17.6778921613336       5.924972044858996E-067
  -17.6698053308956       1.030033210621974E-013
  -17.6577363608124       4.242474134049738E-064
  -17.6350290537110       3.276872363568094E-011
  -17.6201080288828       6.250197820229853E-065
  -17.6058732987700       2.451273425453579E-012
  -17.5834364941203       1.171324692047524E-011
  -17.5067400671572       1.206961766689887E-011
  -17.0609684974884       5.055991532259041E-069
  -17.0256157926503       5.260751401146685E-011
  -16.9664171801164       9.579289908222652E-009
  -16.7777496613119       1.791913745668798E-074
  -16.7461933389521       3.665275557787638E-012
  -16.6774345720874       4.653639054828542E-013
  -16.0830340409326       1.292013564738835E-011
  -17.6955230193302       4.332660977296240E-073
  -17.6331218940834       5.224008427355711E-018
  -17.6327529172710       2.218976520632096E-064
  -17.6186689414547       5.816766523304385E-067
  -17.5882255319000       1.325480207558183E-011
  -17.5715766893462       3.993811513076304E-064
  -17.5619893925319       2.177908078421721E-013
  -17.5365427061399       9.537696359426844E-009
  -17.4452157653733       3.840899160090929E-014
  -17.0232935075161       2.193575178365117E-074
  -16.9862608241244       1.196420242834586E-012
  -16.9173425252147       4.686471921541335E-005
  -16.7347213273977       2.416289368349055E-069
  -16.7088432421597       2.070110894494009E-014
  -16.6171162479033       1.152402741933156E-009
  -16.0266800886835       3.525892037798086E-016
  -17.7523969010063       1.208155831307791E-072
  -17.7030536679304       2.637677033127592E-013
  -17.6774964872320       1.757037265980075E-069
  -17.6624564239983       2.676620790446024E-065
  -17.6438334054540       1.282635441647853E-011
  -17.6288540652481       8.323084729643059E-011
  -17.6171160083800       6.104358930846412E-064
  -17.5856272283832       1.925129000141760E-011
  -17.4746300999608       1.901110919692933E-013
  -17.0538521947021       1.703802747952165E-067
  -17.0112121191146       1.602479069607659E-010
  -16.9345119240308       3.555375459414998E-009
  -16.7941850880927       2.807143159957933E-012
  -16.7929087100112       1.512328749775292E-067
  -16.6534828095185       5.488833812627216E-014
  -16.0717382901670       6.432953783159151E-015
  -17.7195334827992       5.182801731276521E-014
  -17.7152397255457       1.462061248025666E-071
  -17.6962058147054       9.877577522465324E-072
  -17.6570351448392       4.821433755931049E-065
  -17.6234513410111       9.061386693503602E-016
  -17.6220836398236       3.017998158363534E-011
  -17.6161629280925       1.229728790467545E-063
  -17.5790076784080       7.711094994328726E-012
  -17.4660358451266       7.221215946018256E-015
  -17.0341038316257       1.886442404943226E-069
  -17.0082853673135       1.488898009832976E-008
  -16.9346827190283       5.269768756789457E-008
  -16.8032594069196       8.580207769047837E-071
  -16.7849061272832       2.109324010895327E-013
  -16.6446469000574       1.007132158718797E-014
  -16.0611577044862       1.278437796570486E-015
  -17.4558714445272       1.369676764064684E-071
  -17.4325300399719       2.144018258711951E-014
  -17.4056970488379       1.548322081494981E-067
  -17.3771878567433       2.023486385416140E-066
  -17.3409733793777       1.152841858350261E-008
  -17.3381213601465       1.208596504475251E-008
  -17.3378393590103       2.196621333177453E-056
  -17.2867418676943       1.073621774395912E-011
  -17.1707093930126       2.232043331502103E-010
  -16.7448030102442       1.586263722143181E-068
  -16.6959768663442       1.388651053856343E-011
  -16.6231644876256       3.391449979010358E-008
  -16.4979636296551       1.625710878817747E-070
  -16.4858434054517       5.122119764900600E-010
  -16.3341304240625       9.499750714884090E-011
  -15.7367946104831       3.182307212218482E-011
  -17.4641731244610       2.582825632092930E-067
  -17.4039628469641       5.181596510623738E-018
  -17.3922116086092       3.008671026386173E-063
  -17.3727578116712       4.566380369713426E-061
  -17.3353771136426       6.280140797709268E-014
  -17.3318377942365       5.672751213553225E-010
  -17.2972174866517       9.043638343408285E-062
  -17.2844147515516       1.273424033528537E-007
  -17.1786421651514       6.049895935279816E-016
  -16.7632742250356       2.951406078312673E-065
  -16.7363244454457       5.922134983670992E-013
  -16.6192926880382       5.950385191598031E-004
  -16.4936441594392       4.286917184185464E-015
  -16.4924641134193       1.257516567538914E-071
  -16.3485455083592       7.452193676400567E-008
  -15.7604458659614       1.109995371049954E-017
  -17.3973492073818       1.275261988672856E-037
  -17.3603701462202       3.735288270557837E-050
  -17.3180245714147       2.190039051520936E-038
  -17.2547253753829       6.902340106120612E-035
  -17.2425820220644       4.287931855878136E-046
  -17.2271171549193       1.369074434220187E-035
  -17.1940955991714       9.425420505785458E-040
  -17.1400659172659       8.657276895864188E-038
  -17.0703823653267       1.223040095168851E-046
  -16.6545396404664       6.433207982912517E-039
  -16.6298479202346       1.923441717547563E-033
  -16.5603451962439       9.331251170642578E-034
  -16.4124397877357       5.687329920950186E-035
  -16.4035592760395       5.903795285986922E-044
  -16.2618971974466       1.546727222422472E-038
  -15.6941628169061       1.584585681367054E-047
  -16.7264774144353       4.546179323814414E-069
  -16.6975459756831       1.203572289490714E-013
  -16.6633472437666       2.100272293243682E-066
  -16.6556175919881       4.296532467902647E-066
  -16.6260431507142       3.028937764613808E-009
  -16.6217934223811       3.024557890562331E-009
  -16.6160741600029       1.886825147708743E-063
  -16.5455875316572       8.731605847378353E-010
  -16.4631692524209       1.608221958108408E-011
  -16.0517701106352       3.885843925547714E-065
  -15.9909359498949       1.471268272231171E-006
  -15.9477639695989       9.829756163471738E-006
  -15.7957146217439       2.872531735887771E-071
  -15.7639921298176       1.979680825125424E-008
  -15.6532940537161       1.479818141644179E-009
  -15.0853147590539       1.431099657040047E-010
  -16.5654732953544       1.425854288717891E-067
  -16.5237843836456       1.182609140714740E-013
  -16.5106109478339       2.326294291016406E-062
  -16.5030913760259       1.277849670449622E-062
  -16.4561212984910       5.018358459072771E-008
  -16.4413472212682       6.594393235375237E-010
  -16.4337436630487       4.173350980115408E-064
  -16.3967757218415       4.980949947455510E-009
  -16.3307296950812       1.092962352037442E-013
  -15.8949998701219       1.876631706676732E-066
  -15.8524496225603       8.209931105147664E-010
  -15.7655644664727       6.808567447427320E-004
  -15.6260761519093       6.824062675536728E-065
  -15.5929854603304       1.956526981024561E-010
  -15.5034715175456       9.972968633147084E-007
  -14.9181853843074       3.736629177358892E-013
  -16.3217748928995       7.288329245042202E-042
  -16.2879198913992       9.413273361336608E-039
  -16.2644457679580       9.555378070546149E-042
  -16.2581853364894       2.138367395952813E-034
  -16.2544655898108       2.307237018482337E-034
  -16.2376664732875       9.018147874528143E-037
  -16.2083166423598       2.437349475380120E-042
  -16.1967222011052       2.319398692320274E-041
  -16.1276705411730       3.139439875681111E-044
  -15.6671699420688       1.672224108818069E-038
  -15.6410324996358       6.674355058199850E-037
  -15.6046925578338       1.300112234055319E-036
  -15.3810238314382       1.336895673660621E-039
  -15.3483198615507       2.671261125424741E-045
  -15.2978618178636       1.495406641071593E-041
  -14.6964121308827       3.484479190948338E-047
  -16.2609437899824       2.752077349745599E-071
  -16.2247918407580       4.698053529273745E-065
  -16.2001268922215       5.788876873691317E-014
  -16.1933724093786       1.537459290377754E-011
  -16.1915497298155       1.908172261402015E-060
  -16.1701656832330       1.225446405234431E-066
  -16.1453679079396       1.313026685391446E-011
  -16.1297823992935       2.860808743520158E-012
  -16.0588939393416       2.028163778285331E-012
  -15.6053267913655       2.990325625490548E-070
  -15.5777437747034       3.127037701192653E-011
  -15.5392418561238       1.302871504123996E-007
  -15.3156462593175       1.578442031408164E-068
  -15.2824647510785       3.218803415474645E-017
  -15.2307653645944       2.215447290357571E-012
  -14.6323928072171       2.925761800702752E-013
  -16.2435650950608       2.413947331547616E-044
  -16.1956634450139       3.572308304236398E-036
  -16.1930953423463       4.181289220832234E-042
  -16.1883767037931       1.198613695956499E-036
  -16.1711334993204       1.489497507586174E-034
  -16.1570327936674       1.703809051727950E-033
  -16.1434277782022       5.953118145705137E-040
  -16.1165850675423       1.015215369554948E-036
  -16.0454167808932       3.727388712415196E-042
  -15.5876753867024       2.856007035323450E-040
  -15.5664081560640       4.668769714949934E-039
  -15.5152370159896       2.741171381649483E-033
  -15.3112558560685       9.967619597938430E-041
  -15.2774301962606       7.678069287537891E-046
  -15.2257390010950       3.055517334199828E-041
  -14.6358710895865       1.880720797575910E-045
  -16.1188206081216       9.239921973574654E-075
  -16.0807222702788       2.455027949597267E-066
  -16.0529102407700       1.440709534779335E-010
  -16.0490853532646       1.407806541734387E-013
  -16.0456679848826       3.175966816814144E-066
  -16.0208928015137       5.210007989450629E-065
  -16.0050445915095       4.005217206576301E-014
  -15.9880389881984       9.552616122426709E-009
  -15.9155959807842       1.052755234700238E-014
  -15.4619931473193       3.636367622129853E-071
  -15.4388021976234       3.891772314672305E-014
  -15.3980524765656       6.812631604702875E-006
  -15.1660556133360       1.001067057046208E-067
  -15.1391387465282       7.570587564213361E-017
  -15.0875888663135       3.399439467509809E-011
  -14.4888716431757       3.785868392398725E-018
  -15.8739111619669       5.384461662806517E-073
  -15.8358294445333       4.577680512492581E-067
  -15.8117218848983       6.475577037213063E-012
  -15.8005242774752       1.891376502098370E-012
  -15.7959646900036       1.906914880174502E-064
  -15.7766202497358       6.480299339143712E-067
  -15.7579744686409       4.418542247707353E-011
  -15.7469716982652       3.111985797061827E-011
  -15.6801948597448       1.312721639694716E-012
  -15.2096093339626       8.591235734951622E-070
  -15.1906781323021       6.266042189766652E-011
  -15.1453572401683       1.312112236451797E-009
  -14.9183833009038       2.798936245677191E-070
  -14.8959622377949       2.212093344309502E-016
  -14.8454083997473       2.731917765277882E-014
  -14.2375725416711       2.622412742024835E-012
  -15.9289118059963       3.085955612374392E-065
  -15.9008613368655       4.003720740265799E-064
  -15.8595435282767       1.132583766277050E-011
  -15.8570730048745       8.473469073540721E-010
  -15.8547801883244       1.110096976823512E-057
  -15.8301266043284       2.549510363837912E-066
  -15.8249117113551       9.684188677066360E-013
  -15.8107153519737       2.905942003320370E-008
  -15.7477703966852       5.729919124482266E-014
  -15.2745831004673       8.510241970185595E-067
  -15.2434581788701       1.383097865424763E-011
  -15.2027181582095       7.384396128699179E-006
  -14.9851691697881       1.089741156877688E-066
  -14.9635211555137       9.504621029159197E-014
  -14.9212151986710       8.808425874711324E-010
  -14.3192922805664       5.293912995891569E-018
  -15.8797319596449       3.798570269705581E-040
  -15.8428241311152       1.786226368277847E-043
  -15.8397391349825       1.065646926940753E-035
  -15.8326854479122       1.656996852826297E-035
  -15.8076380342046       7.009012163293256E-035
  -15.7980045116692       4.925096577729124E-037
  -15.7804513275073       6.807704380481915E-041
  -15.7547725483028       2.126283937394949E-039
  -15.6747167371950       9.471017421147990E-045
  -15.2254504844950       3.984826636954165E-041
  -15.1963377787725       3.611356191035469E-040
  -15.1544993852019       8.027069468636428E-035
  -14.9546813133722       2.624271774459069E-040
  -14.9196152697352       2.345107898590345E-043
  -14.8533455642049       1.881262195704185E-043
  -14.2664946927485       2.252591868022106E-044
  -15.8265678517169       1.890861337324316E-041
  -15.7904017549557       1.150369385908024E-037
  -15.7668482123959       9.916975126608066E-042
  -15.7607384445269       6.266924977251773E-036
  -15.7506498620901       2.839474095202493E-034
  -15.7397556980841       7.464332680575976E-035
  -15.7022225073027       8.496414355423027E-041
  -15.6905934385199       1.415595209002702E-037
  -15.6300948673113       2.066596644309468E-044
  -15.1688674970941       2.997079195081682E-042
  -15.1414429466139       2.251491805611609E-040
  -15.1002405933336       7.726092108204341E-036
  -14.8829100148971       1.914872352264930E-040
  -14.8432402908792       4.200746682423371E-045
  -14.8002801399642       9.341294036297868E-043
  -14.1954909009235       1.600842413050440E-045
  -15.6698604730408       2.979207314795352E-071
  -15.6223714274930       5.530878640578290E-064
  -15.6066620846473       2.182153120871449E-011
  -15.6024120961789       7.958024392502308E-060
  -15.5990504051755       5.588911518011213E-011
  -15.5707945916012       7.882758246071235E-065
  -15.5575449519393       2.937842631382701E-011
  -15.5377666526042       1.449865895350543E-011
  -15.4592185232998       5.286839238916557E-012
  -15.0070737158306       2.555439908936628E-068
  -14.9875297491257       7.656238307887464E-009
  -14.9375109617177       9.353844776411861E-008
  -14.7203672119536       8.905588464211343E-069
  -14.6949703054313       6.822772190579714E-013
  -14.6315603262259       6.584298628846964E-013
  -14.0368325726694       1.675297820599226E-013
  -15.5311398901573       4.342499906043825E-041
  -15.4789929610748       5.987240344065539E-038
  -15.4778474629166       5.266712437200595E-035
  -15.4638390729504       8.191665068672873E-034
  -15.4593231444155       1.951762901904462E-033
  -15.4398682723993       1.432233831205812E-034
  -15.4114009078694       2.851978929166353E-039
  -15.3913331188174       2.598023554303175E-039
  -15.3201677179228       2.862982725746518E-042
  -14.8633133962648       2.357449858029634E-040
  -14.8454441157841       1.433804241662141E-037
  -14.7911944520543       1.229086375368177E-035
  -14.5903106886655       2.447527956493372E-041
  -14.5518436426272       2.551328724131022E-042
  -14.4942350723277       8.451223792159444E-041
  -13.8992001979519       4.965851092378550E-043
  -15.4945367964554       3.626753562277490E-077
  -15.4509651241342       2.112686617742381E-065
  -15.4262593468652       1.210627138124878E-012
  -15.4206054222282       7.217244985316412E-010
  -15.4180641742695       2.650583266097163E-063
  -15.3927571979127       6.357010520684017E-065
  -15.3726401507333       1.744297514179694E-012
  -15.3594235804693       1.759850051761652E-008
  -15.2882168049336       1.843608515502374E-015
  -14.8307570718749       9.068219284742965E-077
  -14.8059436461828       5.676198796558089E-012
  -14.7555354649398       1.359477351196049E-004
  -14.5410332231792       9.432740500696777E-069
  -14.5156415909784       3.617107452660119E-014
  -14.4551588317606       6.970751202597089E-009
  -13.8529925914798       2.087847165672314E-017
  -15.5341903443472       7.513122368427473E-038
  -15.5199352534655       1.125610730238694E-044
  -15.5013847172562       4.903417310331834E-035
  -15.5004383361115       3.825902753604030E-034
  -15.4636757011046       5.194453661954940E-034
  -15.4531994136522       5.098150073160846E-036
  -15.4371268428039       2.478875770040675E-039
  -15.4063142653678       6.708799199692163E-041
  -15.3218718241490       4.827509788276909E-042
  -14.8757456061779       6.247250919980523E-037
  -14.8449592787953       2.404373498956855E-036
  -14.8038352512583       2.039403218482337E-037
  -14.6235457438450       1.935244701947846E-038
  -14.5835529888600       4.060933544366498E-042
  -14.5020732423618       4.720774872456733E-042
  -13.9196514480678       7.364577666954093E-043
  -15.6120405723277       4.143725294622909E-074
  -15.5794166591302       3.654046876983776E-013
  -15.5431741642724       4.131290995413275E-075
  -15.5223888743878       9.338706401346345E-065
  -15.5143028919396       5.767079765823249E-013
  -15.4934486965894       7.816366386794577E-013
  -15.4933312942463       6.724002798993867E-064
  -15.4368978968464       1.429651213148261E-011
  -15.3408090442493       7.527490212084314E-011
  -14.9204400710372       1.523607735573584E-066
  -14.8677875392482       9.108562819751743E-011
  -14.8022425669695       7.072909072532841E-008
  -14.6776872100266       1.818301943962995E-068
  -14.6644632836864       2.287764274253910E-011
  -14.5325652352596       1.028912201424889E-012
  -13.9659047529994       4.560417743512396E-013
  -15.3547971647244       3.279823061016258E-041
  -15.3424066405877       1.894943113635214E-042
  -15.3017239348706       5.389559588350652E-037
  -15.2730356040532       1.278482092927644E-034
  -15.2579715375166       6.472705118966019E-035
  -15.2491677984506       5.741096029852773E-036
  -15.2245440574806       4.167591824583357E-040
  -15.2038494522116       7.442525346706329E-039
  -15.1091275725436       1.731734742790758E-040
  -14.6608725912974       2.351279995179658E-037
  -14.6445888972181       3.929376167744263E-036
  -14.5638755427682       1.572030133803784E-034
  -14.4337886900458       1.268594317877108E-040
  -14.3940481553110       1.234227895472353E-038
  -14.2915722364582       9.205074477804355E-042
  -13.7050862100896       5.805991577191655E-043
  -15.2568235764798       3.421038040282950E-037
  -15.2562165171290       5.290884949128245E-040
  -15.2311997808731       1.752611423222320E-035
  -15.2154090418375       5.956706401801194E-036
  -15.1770831728382       1.065107664192755E-035
  -15.1666251678592       3.771724086974030E-037
  -15.1596321232097       1.086223712996923E-038
  -15.1194843880317       1.741985343470458E-038
  -15.0276823617105       9.071797860564494E-044
  -14.5961610040589       8.312439015470524E-041
  -14.5645847396342       2.369268450679981E-036
  -14.5127053511636       4.234813867180058E-035
  -14.3553605559616       4.524738579311993E-043
  -14.3106539351298       4.953797706875878E-040
  -14.2181208914898       7.564149777519506E-040
  -13.6446953587157       2.340987475733431E-044
  -15.2100242186979       2.443621540128168E-069
  -15.1856480929007       4.515088373703852E-012
  -15.1577930952022       2.506930909859791E-068
  -15.1450992262379       3.281799565209474E-067
  -15.1310741853870       5.273282135270158E-067
  -15.1240046508346       5.023439806125923E-011
  -15.0972525531780       2.798336506757338E-012
  -15.0733582951290       1.870825334866886E-010
  -14.9965176462563       8.767067971686773E-011
  -14.5363970888962       5.481583878117044E-070
  -14.5155889421798       4.538110267779849E-009
  -14.4531056865930       8.213975963344767E-011
  -14.2904330397569       1.648028951638956E-073
  -14.2463050701461       3.717816815320245E-011
  -14.1738917743526       8.301568294267189E-013
  -13.5868386958219       7.439203777887784E-013
  -15.0723966449021       8.543255582247926E-069
  -15.0347588238898       1.478487684439462E-066
  -15.0048877308997       1.611284559517999E-013
  -14.9992179589736       2.265741316572905E-059
  -14.9953921715056       1.323511687950592E-008
  -14.9722587466314       1.202670985214811E-063
  -14.9599330075831       4.195858944639433E-011
  -14.9444279445650       5.555051332950868E-008
  -14.8717600869713       1.037709538009198E-014
  -14.4146272268877       2.170124513704506E-070
  -14.3834801987557       1.448893163321290E-010
  -14.3405340995952       1.385017470290612E-007
  -14.1226727682534       6.029328046582654E-069
  -14.0975746367555       2.587490582409561E-019
  -14.0434359051003       2.259414452215124E-009
  -13.4447918337657       3.657910687327896E-015
  -14.9411771398234       4.810657206770082E-072
  -14.8988845348468       3.591109773524417E-012
  -14.8804725859684       6.264517764730116E-067
  -14.8751331784893       4.002249311617829E-067
  -14.8629969285391       2.475322231851148E-014
  -14.8545577361341       3.502098497308919E-067
  -14.8183884711950       3.802837835654684E-011
  -14.7973843497015       7.597147162783105E-011
  -14.7272864929974       4.044386292654756E-011
  -14.2705207998186       3.959063883157420E-070
  -14.2519916705996       3.850861703595432E-012
  -14.1930164913931       2.597888288206526E-008
  -14.0074550710703       2.334975839963303E-071
  -13.9642700836044       1.392715411897209E-012
  -13.9019888255722       8.561777810920293E-016
  -13.3101074338109       4.995467011655628E-014
  -14.9429262330136       3.261136649852282E-069
  -14.8896823380839       2.428965718649543E-017
  -14.8885298082930       2.186732684568714E-063
  -14.8738254289852       4.532548961568664E-066
  -14.8326149850174       2.463322785551249E-011
  -14.8300841261262       1.918436202323307E-010
  -14.8288117466526       2.294374465477840E-064
  -14.8128323770366       5.188845921360474E-010
  -14.7207329469865       2.720875868661847E-014
  -14.2703324893782       6.241159444748654E-067
  -14.2280511994816       1.688215021313295E-012
  -14.1675319236228       2.374959680205086E-005
  -13.9974543057214       3.123457289392385E-068
  -13.9833098263962       9.035928040253831E-014
  -13.8915019491464       3.116486343815300E-009
  -13.2989148988273       6.210082542042800E-015
  -14.7277373462198       5.119652493149809E-069
  -14.6888157631904       3.354343479701779E-065
  -14.6591042927716       2.930416672855035E-014
  -14.6582006549209       8.754173973885911E-009
  -14.6560002653557       6.690061066310276E-059
  -14.6283333645395       1.117305780848674E-065
  -14.6153373642041       1.449592225543989E-015
  -14.5945397707342       1.832527011930169E-008
  -14.5215290651578       1.906638179303011E-015
  -14.0716272469217       2.329408580777922E-069
  -14.0458453249877       3.756174054200890E-012
  -14.0046262617858       4.037506382523224E-005
  -13.7757931104469       1.310937507477189E-070
  -13.7473366528104       1.156015826117745E-018
  -13.6963948680470       1.210237734681559E-009
  -13.1003323689135       1.359307990257905E-016
  -14.7897542721111       1.125527358825704E-074
  -14.7607543576206       1.867609502149398E-012
  -14.7461943175958       1.647905351753949E-068
  -14.7035134358760       2.390371125893468E-063
  -14.6802695217396       4.977186480917088E-010
  -14.6779983078685       4.862899613886145E-010
  -14.6687739166649       3.444093499405313E-062
  -14.6336706736742       4.217298252884747E-011
  -14.5075037406207       2.311250348474913E-010
  -14.0733142896200       3.397134847823831E-066
  -14.0493512087993       4.420044948157289E-009
  -13.9607574896412       2.741026013004362E-008
  -13.8343650482503       1.289952229020047E-069
  -13.8240653466452       1.765052262133255E-011
  -13.6766164377568       6.485215782398988E-011
  -13.0865050691810       1.012556263124193E-010
  -14.6695597177807       5.061764466149311E-073
  -14.6227757178694       8.655101764521235E-066
  -14.6148786726837       2.269869924800584E-013
  -14.6027320669059       2.183692478843896E-067
  -14.5825401325896       1.840580491624583E-011
  -14.5697255747840       4.348660140064629E-064
  -14.5609410726016       6.202519078311898E-011
  -14.5426795757345       9.768259654259656E-011
  -14.4558229889488       5.440057047182693E-016
  -14.0042236015818       8.029314960436370E-066
  -13.9678679084563       1.072286371999660E-009
  -13.9227191711823       1.790466250576758E-008
  -13.7252866240002       5.321341447124136E-069
  -13.7110965938774       4.283352847107332E-011
  -13.6254215900616       1.648093772956962E-012
  -13.0301562061452       3.692904410336380E-013
  -13.8512401636795       9.213555457275339E-070
  -13.8064276406301       1.699507360473378E-062
  -13.7973292499400       3.431048291326120E-011
  -13.7814043860538       2.223050510655642E-064
  -13.7637554606849       2.833606698942009E-009
  -13.7474980335018       3.408206780317109E-062
  -13.7427445081909       2.457899280929387E-008
  -13.7188549485525       3.272082676285336E-011
  -13.6353000557123       4.179910253348530E-013
  -13.1894114732522       1.056601076131200E-063
  -13.1474762968537       8.042118999129588E-006
  -13.1035720094877       9.775996687795378E-007
  -12.9122426921746       2.058211763700416E-064
  -12.8884426886465       1.320911775989638E-007
  -12.8185274545954       1.970498847419658E-011
  -12.2300674867791       2.910087884696399E-010
  -13.8234170741955       5.737239792272220E-069
  -13.7704690439754       1.804212568562614E-065
  -13.7692405402279       2.944741089695806E-013
  -13.7437661055336       2.185141978851494E-063
  -13.7307491766384       1.008312124647643E-012
  -13.6977275447417       7.102281704626516E-064
  -13.6931988224551       6.041676630313509E-011
  -13.6791576900455       4.250660618337052E-010
  -13.5837857393765       4.268400992817517E-010
  -13.1433689642316       1.363404961305741E-069
  -13.1164989876500       1.178438480724683E-007
  -13.0349507628709       3.603516571263998E-004
  -12.8727597606721       4.646910172932433E-068
  -12.8585294833317       4.509111512967827E-008
  -12.7589869079848       3.680370921213638E-007
  -12.1657194443962       1.558637104398412E-011
  -13.5189244798517       1.831051044749047E-049
  -13.5157013426089       2.654546408186485E-038
  -13.4191798832100       2.802522368833246E-037
  -13.3667923345499       1.369773817001408E-035
  -13.3288741323773       2.391727198096287E-043
  -13.3229375107903       3.154436057774504E-036
  -13.2636312030391       1.182921562045094E-041
  -13.2601106258964       8.259983855399746E-037
  -13.1217325191493       2.640831763493667E-047
  -12.7542157861774       6.354870941390079E-034
  -12.7378864932823       7.866462922108774E-038
  -12.6251639300003       1.840484123891510E-033
  -12.5430804911954       5.295290318611765E-034
  -12.4964742618229       2.769890188689679E-044
  -12.3272814301873       4.804965148849827E-041
  -11.7740284452815       4.699441764480940E-046
  -12.6097827135189       6.607602207323756E-074
  -12.5750132426453       5.230321242261323E-015
  -12.5283769621349       1.145213757373732E-069
  -12.5052899340660       7.661673410343671E-062
  -12.5045200427644       4.108046579435552E-013
  -12.4782685882459       2.131731851729438E-015
  -12.4565423090558       1.457402917784565E-061
  -12.3815177971707       7.277433597850605E-011
  -12.2730964126360       3.973424199553303E-014
  -11.9161885668797       2.760323650498035E-058
  -11.8557950268248       2.754920042335481E-008
  -11.7809313504511       2.677357409018801E-007
  -11.6616126468727       8.024041816837278E-074
  -11.6375279237550       9.466419607184787E-009
  -11.4828092506420       6.244149094752296E-010
  -10.9376920045859       3.190240380830819E-011
  -12.1599136187341       7.170486407512682E-073
  -12.1371419606930       1.392742223967152E-017
  -12.0996343299813       4.078081188539338E-063
  -12.0979592333032       4.427722807211169E-062
  -12.0448982357411       1.457746110680415E-010
  -12.0344541631098       2.172720572898056E-062
  -12.0164378882511       4.286617264441303E-014
  -11.9707994116715       6.635998372825076E-016
  -11.9133897399704       6.714666661907105E-015
  -11.4868843495846       1.122595732120400E-065
  -11.4395940701660       6.471327909382842E-012
  -11.3467687806621       6.204192792352289E-004
  -11.2307052757289       1.280787662799377E-068
  -11.1806953405111       6.941191557165876E-012
  -11.0885859267188       4.660229934362687E-006
  -10.5046359868447       4.264808180023392E-015
  -10.8307608572551       2.566185900402512E-043
  -10.7946199918640       4.626455013314510E-034
  -10.7555014916581       4.918024183205492E-037
  -10.7155169897228       2.504709296723697E-036
  -10.7006453106611       2.005954506295049E-040
  -10.6573974982980       5.534041792750703E-034
  -10.6078988063822       9.954216812177230E-037
  -10.5618714157093       1.096011866907689E-034
  -10.4249780358878       2.707714087892661E-041
  -10.0795685438611       5.099044111913667E-038
  -10.0380496147365       3.417983463618606E-037
  -9.93811762932244       1.618943025311738E-034
  -9.88175617669587       6.332366454982965E-038
  -9.84770667768773       3.027236982865757E-040
  -9.64421616203039       6.809214424389285E-039
  -9.10934190840378       4.277254981281271E-042
  -10.7856865322224       1.280142076105132E-044
  -10.7737049933526       4.388136613112229E-039
  -10.6731260235946       6.217085143773058E-037
  -10.6598751669852       3.289236670231116E-033
  -10.6074693366884       1.324981987368954E-033
  -10.6033663956457       1.628573865823794E-034
  -10.5937006247881       4.154716070474826E-037
  -10.5345956589382       1.386838673263788E-036
  -10.4477491701220       1.376669417208874E-041
  -10.0381458180902       9.411602141639039E-040
  -10.0113186837181       2.129211596460935E-037
  -9.88504820567514       1.144604437583916E-033
  -9.83917049306969       4.258728320645258E-038
  -9.77562696148839       7.875127100520548E-039
  -9.63636474505914       7.233405908991951E-039
  -9.06366408592720       2.564068745876988E-043
  -10.6069901755024       3.642241812384125E-068
  -10.5689841506838       1.722873716743595E-012
  -10.5218005077554       4.464710535661859E-066
  -10.5021268505174       1.451814836234302E-011
  -10.4697002363850       8.859068156790453E-064
  -10.4495550938948       2.031778497202837E-010
  -10.4408695875034       4.660134711037508E-065
  -10.3836979431711       1.243286082324324E-010
  -10.2605815034474       5.606489928401145E-012
  -9.88678842068690       2.642518070782759E-069
  -9.83606440884396       1.239434740505119E-010
  -9.72731404859125       8.173292610612239E-012
  -9.64851388490450       1.469588990011044E-010
  -9.64728641439289       3.685040921006913E-064
  -9.46346417526816       2.965019812738074E-013
  -8.90707205298273       5.165934323658598E-014
  -10.4455479186309       2.051982853258686E-013
  -10.4317114149488       1.943419546271446E-071
  -10.3693129522460       1.195302389243437E-070
  -10.3246939669810       4.046380277712929E-065
  -10.2991568842328       6.208585808983827E-067
  -10.2792322444495       1.052354942620999E-010
  -10.2743862341033       8.302040839417614E-011
  -10.2255343073245       1.687040575321985E-011
  -10.1223519906441       7.710962706316157E-012
  -9.72113404222039       7.754482866714717E-070
  -9.68409273736213       2.909670327097803E-010
  -9.56932785312718       1.878717150665828E-009
  -9.51000415951492       1.066999809621813E-066
  -9.45075821580703       1.116829350384303E-010
  -9.31369192706326       3.255754916608741E-011
  -8.74409335284910       5.677276662677979E-014
  -10.1567011852321       1.101943767013722E-012
  -10.1565243948316       1.711623185371350E-064
  -10.1139872951235       7.721673333768206E-066
  -10.0611660860017       1.801244230526496E-063
  -10.0300948168061       3.952234444022579E-010
  -10.0169054137519       4.559653345417451E-010
  -10.0047429482032       1.784535229322296E-062
  -9.96427541916605       4.509305476800304E-014
  -9.81763222114353       1.658104215619970E-011
  -9.42766209598918       1.378289119000955E-067
  -9.40203247617390       2.139312960307534E-009
  -9.29300878299270       4.392513772869175E-009
  -9.20921203258280       8.678815655833249E-068
  -9.18410296080556       4.017167611002272E-011
  -9.00153770395171       1.492362954059788E-010
  -8.42560189682247       9.402673423531487E-011
  -10.1799275346252       5.833512051195445E-068
  -10.1318813018604       4.352352050441481E-018
  -10.0970395162109       8.232671253773049E-066
  -10.0711240869014       4.300868946074563E-063
  -10.0627630729315       2.451491011401217E-019
  -10.0085215560572       1.451119353600485E-007
  -10.0015052000899       7.220364819603458E-058
  -9.98624997593734       7.029641927584477E-008
  -9.86282800419508       1.067271260143052E-014
  -9.47037809644543       1.044405342918794E-066
  -9.41773887055792       1.645383739232091E-014
  -9.30381767355816       4.570144836840738E-005
  -9.22017387610149       3.482430679056826E-014
  -9.21634138025524       3.285459724552381E-065
  -9.05178281440618       1.067431878382646E-008
  -8.48123755086065       2.761094436980728E-016
  -1.31053050327064       8.346535055606245E-077
  -1.29707828301421       8.687368532177297E-014
  -1.25656473046164       1.565290155958197E-069
  -1.20163702830713       2.588181976142113E-065
  -1.16435075076755       4.693770728705260E-063
  -1.16274458701858       7.569815719988499E-012
  -1.14769546732671       5.102205060895620E-012
  -1.09802001512412       1.447452624818396E-013
 -0.957654853168794       2.506858134869369E-011
 -0.600280741307486       6.706904695106233E-073
 -0.549532876908273       5.934247582670266E-012
 -0.438021309860357       6.263838493245735E-010
 -0.358727706897543       1.064916818834257E-067
 -0.315417411499581       1.849357140895935E-011
 -0.153890133337647       5.002690118021324E-010
  0.406982320843273       6.817424882608007E-011
  0.300207953676107       3.301917908618132E-048
  0.340833658610421       8.094183134436963E-037
  0.450751853164491       3.432313905805629E-034
  0.467147683794980       2.834001234672525E-036
  0.557998186171677       4.528395280767893E-044
  0.582926965235359       7.300859969392707E-034
  0.584292497855710       5.878128143593072E-034
  0.646756105641721       5.902057769121779E-039
  0.816619258408856       1.171575914561027E-044
   1.10121952869621       6.008522843766192E-034
   1.15974433220096       2.883738899394434E-036
   1.30209160099935       1.812616506959732E-030
   1.31289931888020       1.824958916824966E-030
   1.39724327286870       3.413748421185478E-042
   1.60385687112795       5.571404436046576E-039
   2.14999607422435       3.208559126260781E-043
  0.941913834660845       9.083559226013141E-068
  0.989414744387840       7.275698870550700E-013
   1.03441289036889       3.642509152753973E-066
   1.06636753130861       1.202338743894180E-011
   1.11608272792401       9.667015578696162E-062
   1.13722351945993       9.134698584379222E-011
   1.16879079082329       2.587115537763223E-063
   1.23262164010730       2.138533649834167E-010
   1.40982173431367       8.217183303650252E-013
   1.69507298234210       2.620269835910468E-064
   1.75002197011263       2.739350055398901E-008
   1.89628713396564       6.791344767836132E-008
   1.94869274055223       4.891032071841924E-007
   1.95159331510085       1.041686101327065E-058
   2.19624242848764       1.757738531264096E-009
   2.73973818511753       3.038046789718846E-011
   1.30282208527933       2.595152227659830E-072
   1.32548242658933       1.093492210001500E-016
   1.37638840603054       3.650423330855672E-060
   1.40468019862185       1.263233481698286E-064
   1.47215384607508       8.202377907328162E-010
   1.47710556625592       6.481716320038685E-063
   1.48105021974212       3.430556022649584E-013
   1.54647118919020       2.208565444784815E-007
   1.64238533160010       2.773036632336810E-014
   2.01611829282694       5.357755306833114E-070
   2.07651352179755       3.491457013285988E-011
   2.21097416445414       2.935026484365415E-004
   2.27365594112545       1.656425603989514E-064
   2.31733703167613       2.240341213878054E-010
   2.47089013705060       1.540216928590610E-005
   3.05807274991177       7.640288502418316E-014
   9.80853528078591       2.375463696162843E-044
   9.85703310758032       2.781233337685525E-034
   9.87107147353707       1.009445366143344E-033
   9.98067440589824       1.657463049918512E-036
   9.98201263344887       1.583511527249814E-039
   10.0554327401610       9.603948546734519E-034
   10.0621985427757       2.050438584703647E-034
   10.1307352586235       1.749970921340555E-034
   10.3246470159008       8.247778057105476E-042
   10.5648128131407       1.292598186926722E-038
   10.6255977547873       5.344449495739814E-037
   10.7824171227883       6.926653158123190E-033
   10.8070629430039       5.222855793571500E-033
   10.8554793725656       3.900319151072481E-039
   11.1006494560755       1.645823223838708E-041
   11.6348795818071       2.121521997313885E-043
   9.83457202892717       3.993409608031025E-044
   9.86599674727920       6.358235333880673E-037
   9.95180788699921       7.906307635146440E-035
   10.0104583752724       3.008637065965542E-031
   10.0388189611286       1.004189742540077E-032
   10.0787523282341       1.695876367596798E-034
   10.0851256491742       1.152796920517336E-033
   10.1494145106993       3.432358458656447E-035
   10.2784176248431       1.678942578373707E-040
   10.5883301290969       4.822662165440936E-038
   10.6554868319259       4.528481395349963E-035
   10.7991905042955       1.784477748206841E-031
   10.8313665259317       9.917752011341165E-037
   10.9108858058566       1.135306641878732E-038
   11.0910421921861       5.225906263032679E-036
   11.6620507052930       2.176809819596948E-043
   9.96269254757775       2.666174107514445E-066
   9.99510092317616       3.308867478766374E-012
   10.0333749076525       5.277412490656414E-065
   10.0852228675914       2.146545586430536E-011
   10.1328201153670       2.188883757795565E-061
   10.1677147047347       1.725460590595289E-010
   10.1701578104148       4.413552227133648E-061
   10.2272972014927       1.603917593688426E-010
   10.4109643776506       9.954157476431394E-012
   10.6918268068268       7.325835216650432E-066
   10.7415458051912       2.891084786871881E-010
   10.8989853033488       3.732701652927597E-011
   10.9579387283752       6.471940576415736E-062
   10.9676331022155       3.868661489614288E-010
   11.2019549499514       1.047093577366733E-012
   11.7510307468686       1.598305473619064E-014
   10.0160875468165       3.068053769366147E-014
   10.0528558970218       4.861800069038866E-069
   10.1430982023634       2.539067257010864E-067
   10.1947432996223       6.923602983556368E-064
   10.2383009955585       3.087140543075564E-064
   10.2718871948215       4.222764136944029E-011
   10.2804644135216       8.298785642165610E-011
   10.3424661358738       1.452746637022984E-011
   10.4805253250867       2.271356966881102E-012
   10.7786050807366       4.578346618956823E-067
   10.8481224378654       5.062336937789255E-011
   10.9926661466093       3.238992237565247E-010
   11.0199041525893       3.896367391238092E-064
   11.1031261842809       2.418133326996446E-014
   11.2880997009456       3.157919939009557E-011
   11.8549340049599       4.037954200175198E-016
   10.2362533092455       3.365543894907445E-067
   10.2794115150087       1.616136429658600E-017
   10.3133883762135       1.786639026046418E-064
   10.3738522966483       4.382523207397690E-017
   10.3790018538607       4.414949497903305E-059
   10.4376267918156       3.914827071836754E-059
   10.4511426668198       1.026268143771790E-006
   10.4627744756077       1.524948313251321E-006
   10.6354588374987       1.790992482752689E-015
   10.9544577762407       1.950444092934391E-069
   11.0086180380270       1.396755737240543E-014
   11.1553761521789       3.540473887237645E-006
   11.2301508012801       2.470420290196216E-062
   11.2406447452903       4.959324197780842E-015
   11.4456500887357       1.919140646073590E-007
   12.0121314349729       1.187458285746571E-016
   19.0450231127478       1.847691770462014E-074
   19.0568364713920       1.210243553922662E-013
   19.1080105590192       3.611215137729661E-066
   19.1799015456940       9.290925437938188E-064
   19.2155451613882       1.618281397436508E-012
   19.2248951173424       2.420424435911955E-062
   19.2437986007122       4.536769917830265E-012
   19.3000943723767       3.659523486147617E-017
   19.4665503495260       1.610070895126910E-011
   19.7742930024827       9.608804357151874E-068
   19.8355454882743       2.847310732138666E-010
   19.9730390194034       2.453464532283913E-010
   20.0211681411280       1.455438138370017E-063
   20.0662258101664       3.963945708449966E-011
   20.2651425857920       4.711838652801008E-010
   20.8218344475597       1.069840716021441E-010
   77.9432595208788       2.960028953718398E-072
   77.9634342238812       9.621044790035434E-014
   78.0238021961013       1.643163999625386E-065
   78.1008759587453       4.384786233989469E-065
   78.1423189420920       2.279848914386707E-013
   78.1606861879412       1.588080832875336E-061
   78.1736267752511       1.294504027262778E-012
   78.2434581063710       1.029213931273843E-013
   78.4309887333002       1.129258763993626E-011
   78.6833458014230       1.085458514024027E-067
   78.7539344362320       4.518850899444174E-010
   78.9141067161012       1.699253330637804E-010
   78.9380203314984       8.936031188033083E-061
   78.9845268335535       1.882356137224651E-010
   79.2138962242341       6.301086570067873E-010
   79.7550629022029       1.766520357603780E-010
   175.093383463229       1.535320154343342E-037
   175.101165131001       3.207936086367939E-043
   175.180138936041       8.839422275338148E-032
   175.267210307884       3.104893230305595E-037
   175.317611659592       1.085411508121531E-041
   175.333503205822       1.178893800919367E-035
   175.348708778235       1.713854348797731E-031
   175.430454731915       1.253545964542821E-035
   175.633204780002       2.096864310531368E-043
   175.817881790738       1.613034593565483E-034
   175.894146263573       2.112547918362965E-034
   176.059368278336       7.731618883115667E-030
   176.072348360041       6.960713024823073E-030
   176.114916270768       6.953462590065836E-037
   176.373628814817       1.890325022624293E-039
   176.871396295782       2.566702549765166E-041
   175.176467334642       1.754985715727553E-066
   175.214944314398       1.020407890572015E-013
   175.267487519941       3.288439278771207E-061
   175.357227514640       4.035385894133491E-058
   175.375770110938       9.462037879473281E-012
   175.425716915971       1.198943326706450E-011
   175.431506736105       1.662251344404211E-064
   175.502485058558       1.811342314803213E-014
   175.716136850125       1.942245284861384E-013
   175.903310767748       2.382677528410436E-062
   175.974339522240       1.358171588146688E-009
   176.154672475364       1.962810486239159E-009
   176.160781136840       9.770168690333126E-055
   176.184208934722       2.566406646877332E-008
   176.455757767927       8.034292008371058E-009
   176.951560931626       5.513322376108042E-011
   175.226753944542       3.567872275605298E-070
   175.260565379322       2.540992175639154E-017
   175.324360008631       2.571920832060715E-063
   175.396626882474       4.124567054925407E-062
   175.446245304804       4.728674814839613E-014
   175.464094548651       1.324142415412574E-057
   175.472398162037       2.077120767895635E-011
   175.545390221945       6.613110084813588E-008
   175.736555675805       4.866645501593691E-016
   175.948195955016       2.378705087499821E-066
   176.021643209675       9.309644984191776E-013
   176.196503660507       5.792181028749906E-006
   176.205534351208       1.255562074358229E-055
   176.242706040654       1.873105371795576E-012
   176.486910765669       8.733310357570377E-006
   176.998092754840       4.225889769677413E-014
   281.977936045410       8.239030262368868E-040
   282.004725333096       3.485483715725662E-044
   282.070454431682       1.344352226752721E-031
   282.163396563471       5.394940472916892E-035
   282.195541610514       1.234891910944432E-040
   282.234755130032       5.952947460126460E-031
   282.237075290762       1.345092010743198E-030
   282.319977494775       1.019541230285099E-038
   282.533916114474       1.067829291485976E-043
   282.692861546113       7.454884714176155E-039
   282.764419716625       8.665519038211363E-036
   282.952675744186       6.688599393388793E-031
   282.960829694928       6.867730109246380E-031
   283.003048001208       1.094632711246479E-038
   283.271722340197       1.170526649295231E-038
   283.772762193403       1.236772511661468E-043
   281.988865958953       1.161111954205626E-041
   282.008667000224       2.047503180505925E-048
   282.086267395120       1.674836308725124E-034
   282.159511314096       4.548212139552822E-035
   282.222631305242       4.137686483165385E-040
   282.226397355623       4.206830432920801E-030
   282.241101154333       6.145309328844272E-031
   282.323573454942       1.063016784838589E-036
   282.515514860868       3.454299486761135E-043
   282.696570644555       3.056650006848640E-040
   282.775539061358       4.910032315713535E-035
   282.949272580220       1.520840803087682E-030
   282.964328256955       3.112219468161549E-035
   283.017708641234       1.679850204637586E-039
   283.264041755597       1.685583233008857E-036
   283.777749467469       9.332925327193010E-045
   282.004245898967       2.770335129013903E-070
   282.049599895547       5.835340752640878E-015
   282.100677150744       3.363272732331476E-064
   282.188414769268       1.023536511324114E-061
   282.209946504589       1.290198170218320E-013
   282.251289380155       1.172102197174511E-012
   282.261536595756       1.531487365355915E-061
   282.330520923954       1.065214763084963E-015
   282.542109748584       2.679306031717591E-013
   282.721035865498       1.666343244501518E-068
   282.782487478532       1.168823264156733E-012
   282.968829047948       8.717225864696105E-013
   282.994448163514       1.437910925803727E-061
   283.020213425886       2.238722704323117E-014
   283.285350130409       1.685888254851071E-013
   283.792205109582       1.529582584216894E-015
   282.023009971661       1.134844515052806E-070
   282.039599192559       2.326867859231580E-014
   282.119349153845       4.967920179280932E-064
   282.195554664282       2.410567092460125E-061
   282.257920648225       7.011929766488788E-016
   282.262552526385       3.440017982987457E-066
   282.278732778360       2.519182541469607E-016
   282.361903735942       2.760902129967237E-015
   282.556652549709       4.638229856265161E-013
   282.731170232660       2.251639899697282E-069
   282.811563796900       4.068366169467539E-014
   282.987191295157       4.923897199012777E-013
   282.997819611972       3.026625687306410E-061
   283.053570913805       2.987326151849067E-014
   283.302926255026       3.345723414736156E-013
   283.814117027856       9.588260717250736E-017
   282.058701302889       4.145305785276893E-066
   282.104891489363       8.940375617311564E-020
   282.157209615906       1.288669562356424E-059
   282.237112521510       6.082609972914948E-059
   282.267599517271       3.530377739976020E-018
   282.301165361335       4.612296295501048E-010
   282.309581007099       8.346358379327741E-062
   282.379430868839       6.658226527567056E-010
   282.583118246730       1.366493323089933E-017
   282.773187338497       6.293958525154261E-065
   282.835424068628       1.382684027885951E-016
   283.016396261589       2.190647128095472E-009
   283.047508144793       5.453811318217990E-065
   283.074180543328       1.696341423500315E-017
   283.331021069719       2.272259954282790E-009
   283.843268687260       4.740441258025534E-018
   289.658061294246       2.644935833001131E-070
   289.690454600398       5.774042733154425E-015
   289.753300492729       4.437855176559436E-063
   289.829776135545       2.991783201519369E-061
   289.874686456115       1.308640979384112E-014
   289.900422902378       7.087289969243085E-059
   289.902257596188       4.884741041603824E-014
   289.983004013261       2.532074721500296E-014
   290.181060070184       7.690546335667171E-013
   290.375657522390       2.358728380698216E-065
   290.446073667021       4.295178796921957E-011
   290.620513383901       9.604253828676849E-012
   290.642537275606       7.452017371009054E-058
   290.683408511552       2.608340103333223E-011
   290.932574411524       5.606080896480471E-011
   291.446545836697       1.903524311669078E-011
   590.321645828993       2.469856705131711E-072
   590.361164464425       2.106165274148007E-016
   590.422359268677       6.257142956420214E-064
   590.498222130507       4.481969916533862E-061
   590.541801403927       1.173821945792291E-015
   590.566024656884       1.239439746957460E-015
   590.571740119150       1.776827870177465E-062
   590.650484715462       9.050871956113968E-016
   590.850551305623       2.780629626514522E-014
   591.013142561995       2.940622984547622E-067
   591.078884252316       9.499789132490257E-013
   591.258306039812       3.852668417069431E-013
   591.285866108126       5.157921276511665E-058
   591.319457747026       7.668215772686271E-013
   591.577009301614       1.336865647604200E-012
   592.069518031380       5.080619307998154E-013
