                  1520
  -19.1149416204816       4.007064694547908E-067
  -19.0682276000250       7.517540869588792E-005
  -19.0649124528598       2.488812602101794E-065
  -19.0503342337094       6.085184422150599E-066
  -19.0209439428326       5.699141719735588E-014
  -19.0127104671680       3.808703878283922E-066
  -18.9905868547668       2.453821272579745E-007
  -18.9666688543216       4.922718952558743E-012
  -18.8795542264481       7.291608491510300E-010
  -18.4343255810283       1.311044221082026E-065
  -18.3921416371092       6.237630940386024E-008
  -18.3418543477928       1.939390799658470E-016
  -18.1677655065629       7.918741008952108E-069
  -18.1333238238842       6.178356843918649E-009
  -18.0506327905706       9.906750834613491E-017
  -17.4599127641842       1.891373410722442E-012
  -19.0544021339197       3.867057654386871E-066
  -18.9929201577737       9.869084561584863E-009
  -18.9784494568523       5.571900022001468E-061
  -18.9776858095514       1.304336714292040E-062
  -18.9331740475227       9.834563923160727E-012
  -18.9169696344688       6.347385885902510E-012
  -18.8947023844194       3.179274475968571E-068
  -18.8604007085891       2.630182909431717E-013
  -18.7844264913831       1.978050338408875E-013
  -18.3803479212847       4.328006557616005E-070
  -18.3457788958335       4.169663999270979E-015
  -18.2401416596238       4.330879613521216E-015
  -18.0958209809305       6.231149188904418E-067
  -18.0670753010318       1.021240939447175E-012
  -17.9628754937153       1.232456116716584E-013
  -17.3876123445851       2.170216310653337E-016
  -18.8424319562275       8.607404652289692E-065
  -18.7870879145910       7.857490110362359E-007
  -18.7823321183185       1.009015946188065E-062
  -18.7672339343069       1.097579361239741E-062
  -18.7215415005329       2.848989237729604E-009
  -18.7101802828811       1.975987093678070E-008
  -18.7043457926176       5.540280767489172E-064
  -18.6812348885828       5.763724152083771E-012
  -18.5951495836796       1.525310511163252E-012
  -18.1780468962596       5.288012046889995E-068
  -18.1301762276162       5.940004728725611E-012
  -18.0508015146981       1.563615007928294E-011
  -17.8948071419019       1.356952959686459E-065
  -17.8697214802578       7.264885188525943E-013
  -17.7728908464057       2.830196054196305E-012
  -17.1917487809909       4.127484229972177E-014
  -18.8088484960897       1.714071568993170E-065
  -18.7741073812635       1.073620300727917E-004
  -18.7624976534917       5.497021099105150E-063
  -18.7528897342821       3.532155166097522E-064
  -18.7170686210347       1.078190682532062E-064
  -18.7086307792855       1.722815689005154E-009
  -18.6947007858456       2.621597017627577E-007
  -18.6760693163756       4.827093168152221E-012
  -18.5958239665332       6.598466781629746E-011
  -18.1462372343539       2.080790983855198E-063
  -18.0997145240323       9.892201671949562E-008
  -18.0459541394172       9.434361157257568E-014
  -17.8829172938999       1.695393120414693E-066
  -17.8459693648503       1.904847931409620E-009
  -17.7719106438037       5.913937272559522E-014
  -17.1837542604140       9.904263472624443E-013
  -18.8026998135129       1.937082891211988E-066
  -18.7570332062944       2.691029162017218E-005
  -18.7392955536791       9.494000283665025E-065
  -18.7190066837798       5.588650837269762E-065
  -18.6965974415855       3.737879012903231E-012
  -18.6809556170255       3.520194340079875E-066
  -18.6783980984033       7.347142152618572E-010
  -18.6206659456318       2.108047724255561E-015
  -18.5327146676737       1.777124401114745E-010
  -18.1297311190803       2.157453967947168E-065
  -18.0688468344299       1.347210798083139E-008
  -18.0220975310823       1.992006397624713E-016
  -17.8501503513303       4.652458189862640E-068
  -17.8323601809392       4.194009771712355E-009
  -17.7079485001965       1.002570657665822E-017
  -17.1210064899154       7.824431005831086E-012
  -18.8307599083835       9.226673392065890E-033
  -18.7807483244971       1.477348934831869E-040
  -18.7656348583925       1.678313562776732E-039
  -18.7438443908052       3.125304402810719E-043
  -18.7123349824971       4.696956963518391E-033
  -18.7045570115802       5.260929030597953E-044
  -18.6709331261487       4.750708207895256E-045
  -18.6446681854391       2.317892799630071E-040
  -18.5630688002824       1.089013918267420E-044
  -18.1366036564624       1.354528680329732E-038
  -18.1037583867034       2.817057674572134E-035
  -18.0599665230358       9.269365590724403E-050
  -17.8703465850223       3.561734977496184E-038
  -17.8621716242666       1.467287434941135E-043
  -17.7456662013733       1.806583959860384E-044
  -17.1673731607651       8.502139125611122E-045
  -18.6594709951620       1.071535700181638E-069
  -18.5894663013506       6.443529451981884E-010
  -18.5750952614001       1.751739054508791E-060
  -18.5595315608951       6.600287195216558E-064
  -18.5308646892975       1.598347174824609E-010
  -18.5106715356882       1.663799265426077E-014
  -18.4791532806690       7.456884092445127E-066
  -18.4485169262959       3.784642833787729E-010
  -18.3570405555864       2.156005624038305E-013
  -17.9619196342872       8.395441438673790E-069
  -17.9402543755089       1.785733563553321E-013
  -17.8112868006047       4.334823401368630E-013
  -17.6826395762906       2.915605992389039E-066
  -17.6692990913838       2.438990043385532E-013
  -17.5328699527838       4.231195198360024E-014
  -16.9540783730462       1.277477790439002E-015
  -18.6359364422924       1.088945548737863E-067
  -18.5779548307109       6.645302119191131E-005
  -18.5671823335735       2.181715910280064E-064
  -18.5670864623357       6.031080998275584E-066
  -18.5308560957283       8.485463861252425E-016
  -18.5152773103553       2.600995023857032E-008
  -18.5111714551123       2.703512502729083E-066
  -18.4803871800664       3.838820150359584E-014
  -18.3751098585890       5.812061758667778E-009
  -17.9544721682726       4.601584793659002E-068
  -17.9210739888319       2.189788028173208E-010
  -17.8522166254555       1.020064600992764E-018
  -17.6786943166014       1.048182204269158E-069
  -17.6616745417479       4.568713307306545E-010
  -17.5534732664541       4.299844432317320E-018
  -16.9712724318967       1.858783051610850E-011
  -18.5516156231194       1.769056788976737E-072
  -18.5219630883937       4.603364922533877E-007
  -18.4954921802899       4.225121125263884E-068
  -18.4934783120676       1.832791335915747E-065
  -18.4526718209386       1.202718354540832E-015
  -18.4415487307874       3.506630615631037E-071
  -18.4178967514301       2.213999157493592E-006
  -18.3857827150069       3.019266393272359E-013
  -18.2878981569802       4.614840069836936E-008
  -17.8769973525158       6.721587755514512E-073
  -17.8388078648970       7.986013261728565E-014
  -17.7787498351912       1.845303796549472E-020
  -17.6132573683399       4.870475218781187E-070
  -17.5707153258349       1.079357523895105E-009
  -17.4678093276249       6.510578309639607E-017
  -16.8873623093955       7.938174409739558E-011
  -18.5668742566746       1.654044157713327E-039
  -18.5155369477496       1.234096977265056E-037
  -18.4971604983205       9.102765436757732E-035
  -18.4953395464193       5.736223736939425E-038
  -18.4814697720893       1.779607771066718E-038
  -18.4649041128325       1.876449491155244E-035
  -18.4383450761908       4.001758792715496E-038
  -18.4113261314855       1.167094714757902E-040
  -18.3364672256983       1.493325818028080E-042
  -17.9008101678737       4.184055957515289E-040
  -17.8835385051899       3.615992787963343E-039
  -17.8135472432590       1.097349846845072E-043
  -17.6274071735934       4.873769391336565E-040
  -17.5885507988774       3.220688927070991E-041
  -17.5160764158756       7.289608424143715E-045
  -16.9319638645286       1.405848628866641E-047
  -18.4474519336227       1.507971154857665E-041
  -18.4108309806207       2.588742416963672E-039
  -18.3976192724175       2.645678355788593E-036
  -18.3932455283414       3.242720031385252E-032
  -18.3638747477356       1.329684510337633E-040
  -18.3440206265824       8.096575836978212E-040
  -18.3293313012857       2.627956739302317E-041
  -18.2991764454244       2.861902746791967E-043
  -18.2046838296552       1.409252210509376E-045
  -17.7877437176958       2.628974744085024E-039
  -17.7574711205701       4.544662189565001E-042
  -17.7033633887493       3.526443289262342E-046
  -17.5145443587282       7.353426229639017E-038
  -17.4827582461303       6.179437271697850E-042
  -17.3858070317419       4.914858408973669E-046
  -16.8052279214576       1.232299215521635E-047
  -18.1677700731198       3.167906597801231E-069
  -18.1114303281281       1.369732986456780E-066
  -18.0890712793911       2.761884461535291E-009
  -18.0853270385446       7.187991296244147E-010
  -18.0819123798034       8.860949435152598E-061
  -18.0441674086141       9.627754255103355E-069
  -18.0321041932452       4.785540256507902E-011
  -18.0131627183415       1.006018317650895E-014
  -17.9264061447158       5.099914197314533E-013
  -17.5005142425296       1.040577940043744E-071
  -17.4785124972440       2.665161677721380E-014
  -17.4190984798854       8.484334481812463E-016
  -17.2005543285171       3.301876282375783E-069
  -17.1802353040270       5.984247941931502E-014
  -17.0982981357596       1.024605576839992E-015
  -16.5058686085998       1.860428388620263E-016
  -18.0722757913945       3.919419051251011E-071
  -18.0366090273517       1.416102433425335E-004
  -18.0218336742465       1.220838552257453E-063
  -18.0176531538704       2.351663925572709E-063
  -17.9860882708676       1.254929753539185E-011
  -17.9795757615485       3.187218085039139E-064
  -17.9592835277577       1.294401498047786E-007
  -17.9344801156098       6.026102041745135E-010
  -17.8452706936913       3.274492002005993E-013
  -17.4092705087053       8.217003081341576E-069
  -17.3789506849095       1.311946078562309E-008
  -17.3235798821621       1.608512482229353E-014
  -17.1435059828368       4.016571491594461E-070
  -17.1101930122756       1.254123574802375E-012
  -17.0241904445478       2.153314166927928E-014
  -16.4397706268058       3.819886845151818E-013
  -18.0375908309222       2.886464306570823E-064
  -17.9851740468911       7.974853122718412E-007
  -17.9804168603883       1.372241216385792E-064
  -17.9675191700796       1.828165407221713E-060
  -17.9210539745655       3.365540271098697E-010
  -17.9122450127451       1.974337044298085E-008
  -17.9115192264060       2.009872050355099E-057
  -17.8818832755607       9.717945532276114E-010
  -17.7992784213639       2.303226256549935E-016
  -17.3752038389024       1.264609892721516E-068
  -17.3295938877708       4.826930962876845E-013
  -17.2561068744571       1.633179678591403E-011
  -17.0940951952056       2.270073845914765E-065
  -17.0641009787665       4.634265978977966E-012
  -16.9772426890351       5.969041462210589E-012
  -16.3947883295782       1.510707811061452E-014
  -17.8092933488902       3.976381109028635E-035
  -17.8040594289272       5.901311388536019E-034
  -17.7885541502956       9.657700997902783E-032
  -17.7697270679058       3.356225338458054E-037
  -17.7346129408262       1.766773241646761E-037
  -17.7196195307702       1.637866826804531E-036
  -17.6987888327264       1.557073152500278E-038
  -17.6618693728631       1.962067314695122E-037
  -17.5581057979417       1.670156310153061E-040
  -17.1393281749466       5.790209551349562E-040
  -17.1134596661847       2.297881571955439E-041
  -17.0566844311197       1.335484774521669E-045
  -16.9033362183145       5.414780417731180E-038
  -16.8786802638000       2.698476331381495E-041
  -16.7475943828087       1.895954958737069E-045
  -16.1784298588995       1.621786609194120E-043
  -17.8271539534393       6.218328876663972E-036
  -17.7931820855375       5.660572245882128E-037
  -17.7536872102571       6.283708905810354E-034
  -17.7178073765267       4.568118350766420E-034
  -17.7174746551278       2.379575253252939E-034
  -17.7034284867468       1.572870389532014E-036
  -17.6951872232159       2.476741979166724E-035
  -17.6561547420863       5.346196078724434E-040
  -17.5569489816068       3.320996418434233E-043
  -17.1198042891928       9.889124887577725E-039
  -17.1192052068033       6.652158166552788E-041
  -17.0145009568689       5.616551026197763E-046
  -16.8856979134709       7.939099266924542E-039
  -16.8626701194998       1.828407086461023E-041
  -16.7364351391197       9.584134693585701E-047
  -16.1538561964635       7.473941481560557E-043
  -17.6364863529551       2.049345579390049E-069
  -17.5861066596020       2.602834279349344E-066
  -17.5763199625741       9.487496825103216E-006
  -17.5642903518168       2.071214348398035E-065
  -17.5408273214109       2.107372530370234E-013
  -17.5256150050252       5.666380771528758E-067
  -17.5133886075075       1.548250383189255E-008
  -17.4907957396277       1.123211531375230E-012
  -17.4135868789117       4.497296764084799E-013
  -16.9765258508734       2.582594072977256E-068
  -16.9397085235377       8.226761635690104E-010
  -16.8805757911805       1.637788395769907E-017
  -16.6913497600534       5.308110834288490E-069
  -16.6601361784214       6.323200862095657E-010
  -16.5905107434137       1.131144583880926E-020
  -16.0025812489847       5.871094266850258E-012
  -17.6020817492643       1.195499465952549E-065
  -17.5398023802319       2.328378048902334E-009
  -17.5389386781727       5.249446326670263E-064
  -17.5250811083653       2.977246648351816E-061
  -17.4948212926116       8.824593483380962E-015
  -17.4780048092316       6.731499386244645E-066
  -17.4678494683062       1.764735020644779E-010
  -17.4427149096922       4.656044650154308E-010
  -17.3515481107089       5.360295075972678E-013
  -16.9348617133367       1.324830500762726E-067
  -16.8980778556692       4.879143820786836E-014
  -16.8287004450072       1.186117147900126E-014
  -16.6472021397513       5.139753078811110E-067
  -16.6209797531956       8.832325660083458E-015
  -16.5285139038874       8.487689320460194E-016
  -15.9431831911689       2.299656514687406E-018
  -17.6535593405228       6.968284675024337E-069
  -17.6024187897580       1.630919812060582E-004
  -17.5764154959183       4.059170505738249E-065
  -17.5712736262086       1.038256614546732E-065
  -17.5419978704313       1.652819178278218E-006
  -17.5291774392830       2.354977355516177E-011
  -17.5214408014118       7.124331897546862E-069
  -17.4915494774212       1.429572042099173E-012
  -17.3855609660152       3.152579216339202E-009
  -16.9664318030218       4.510724512774026E-070
  -16.9199978842037       2.987897574468688E-011
  -16.8484713567920       5.134331897086545E-018
  -16.7019078570567       1.812264672571210E-069
  -16.6986523547987       1.744945171309813E-010
  -16.5677075646687       2.166302758464119E-021
  -15.9887280799263       8.178469897346804E-012
  -17.6223098799125       3.085344740902417E-004
  -17.6157801206313       2.699341140011249E-068
  -17.6021070977857       3.961082400631214E-063
  -17.5609729624686       2.436294177221459E-068
  -17.5305501796497       1.844010691029059E-011
  -17.5297632958847       4.557020449623998E-011
  -17.5132919490186       9.816211006016003E-066
  -17.4780037933537       2.870054541329240E-014
  -17.3639007670418       9.293618632695384E-009
  -16.9389534834195       2.905367750974032E-069
  -16.9145051236017       2.274155530323932E-011
  -16.8408369431106       5.972564874388325E-018
  -16.7090394170183       9.319583864461213E-068
  -16.6971153494941       2.333206019974673E-009
  -16.5467329451552       6.412889396000820E-019
  -15.9670334767079       3.464804861441089E-013
  -17.3800834846484       4.228733038435689E-064
  -17.3195452562410       2.437307104440123E-008
  -17.3078288009241       9.089704118711475E-061
  -17.2878644487316       6.865127989082533E-069
  -17.2509916655112       5.979203302842587E-010
  -17.2474232417546       2.778971038671924E-011
  -17.2126663225390       3.667853347964269E-064
  -17.2005523114559       1.644035132029878E-009
  -17.0937721025256       2.437562782710753E-015
  -16.6834759325687       1.085342097741814E-066
  -16.6570138835808       3.225087164505427E-014
  -16.5395238507647       6.100636199588170E-013
  -16.4152185224431       2.385274539419770E-015
  -16.4132268918742       9.711037604981601E-068
  -16.2682565505390       1.923808005604660E-013
  -15.6844876760680       1.107623155788319E-015
  -17.1638463540945       5.593204113282482E-067
  -17.1456611344606       4.203561286451961E-005
  -17.1159843284417       5.583110726428175E-064
  -17.0727530314485       3.227612932377048E-066
  -17.0523143868157       2.549854584012206E-007
  -17.0392589695118       2.518178192392388E-066
  -17.0383648543313       3.032337542143685E-012
  -16.9857329071941       1.724130370926476E-015
  -16.8624858832723       1.036259142974431E-007
  -16.4442702638937       8.803251552836970E-066
  -16.3947121067184       5.494511534505639E-008
  -16.3124370445862       1.280222046321230E-015
  -16.2077856811898       6.386159490863591E-068
  -16.2016856316454       1.349305240497258E-007
  -16.0308384452586       1.762830230594473E-015
  -15.4381500384044       2.951903051009884E-009
  -17.3269539618811       1.032568765026939E-032
  -17.2893434771190       6.418519461325380E-040
  -17.2474883450180       3.647084107553024E-039
  -17.1860019620495       1.365048040217847E-038
  -17.1730036725473       3.224619239667003E-038
  -17.1583354381966       1.447583571703656E-032
  -17.1249876989846       7.505376909662159E-042
  -17.0712539572537       1.943486684001776E-039
  -17.0011846241541       5.347002104115161E-043
  -16.5904075114945       1.388527738377803E-037
  -16.5652577950279       1.307239448418354E-035
  -16.4960130367412       2.870865419901904E-044
  -16.3471030620847       6.574255953782185E-035
  -16.3391393302315       8.603936468568700E-039
  -16.1966527766561       3.930087409534433E-044
  -15.6325682814712       6.010005573743129E-044
  -16.6052237902862       1.986381243485464E-064
  -16.5803553337314       1.613461981415605E-004
  -16.5497843724239       1.238625488200763E-061
  -16.5419772724983       9.330546637492236E-062
  -16.5093995710636       1.562304790244261E-009
  -16.5039182611461       1.051853989092889E-008
  -16.5027120568070       4.462336466360660E-062
  -16.4361404542558       1.331669189326951E-009
  -16.3534884613821       3.846772793323407E-010
  -15.9390184792281       2.048614426315589E-063
  -15.8811100756766       8.292222699927805E-008
  -15.8394831714140       2.100531948730627E-014
  -15.6855822520564       1.310839307907395E-065
  -15.6511098950155       2.272848054146345E-008
  -15.5473521739470       4.763701486215498E-013
  -14.9824721423978       4.734601293639830E-017
  -16.4669888954924       1.160195159872069E-063
  -16.4247506206592       2.495428549710204E-006
  -16.4130675147782       2.566728332811929E-061
  -16.4038499842959       4.070880613079115E-060
  -16.3580052480056       1.919804597853817E-009
  -16.3427353362972       1.831848350394835E-007
  -16.3346102282357       7.678511449748582E-063
  -16.2995768563009       4.417779697286495E-011
  -16.2329043372597       4.477440690177957E-012
  -15.8012756566849       5.604528561618000E-069
  -15.7581656490035       1.685785339829433E-013
  -15.6718040697568       8.053269294359460E-011
  -15.5328666618709       3.131396874958408E-066
  -15.5006765279586       1.121796128526599E-010
  -15.4104099963304       7.926976095839533E-011
  -14.8296135806120       3.480576072612535E-014
  -16.2393583069396       1.281307288095827E-040
  -16.2054310515376       1.157563439305643E-040
  -16.1826051302163       3.405283582664038E-035
  -16.1756132147415       5.145319792001157E-034
  -16.1723404831738       2.721624133792280E-032
  -16.1554601234727       3.375419267345841E-036
  -16.1258453870201       2.902406481402573E-039
  -16.1145621505766       1.002251686069192E-038
  -16.0454850722971       1.261755035689535E-042
  -15.5900348115167       5.328396992328706E-039
  -15.5638022126397       2.575781718555739E-040
  -15.5273825648780       1.749499486670472E-044
  -15.3050728060656       4.383969080662407E-038
  -15.2720830812831       7.104079398892035E-043
  -15.2208313310679       9.356380029885919E-044
  -14.6246723839457       7.009858440215518E-045
  -16.1766566127589       5.043773011771580E-070
  -16.1404750991552       7.087663462758988E-071
  -16.1158424308150       2.260961148531539E-005
  -16.1088550219284       4.266490318108851E-017
  -16.1070396615736       2.015673519767354E-061
  -16.0856514333854       1.196956846149243E-066
  -16.0606601699164       2.596486350052350E-009
  -16.0453527017330       3.200057251777332E-013
  -15.9745778024945       1.573071136912399E-009
  -15.5263877862809       1.472740782352944E-070
  -15.4986210000340       3.401063613131266E-012
  -15.4600387028298       2.566288364108988E-016
  -15.2373586035618       5.984600115649368E-072
  -15.2038189533521       2.130573291888775E-011
  -15.1516501332921       5.157994206223351E-015
  -14.5585518332666       2.111961754168347E-013
  -16.1656001988130       2.680877332433808E-041
  -16.1168584905183       1.174175563499868E-033
  -16.1160900368212       1.006989799838270E-033
  -16.1107880559714       4.393975948339333E-035
  -16.0927379769717       9.476003649974987E-037
  -16.0793389037912       2.694028299986373E-035
  -16.0652720942718       2.377328453577489E-036
  -16.0383652133546       1.579111953584209E-039
  -15.9674150091470       4.095210122357652E-039
  -15.5146458161103       5.804425178246439E-040
  -15.4935679851819       9.891760285544361E-038
  -15.4415030274873       5.209877555468181E-042
  -15.2401527176598       2.138190278497055E-039
  -15.2055205648531       1.700725975080116E-039
  -15.1530539982508       1.036434047803544E-042
  -14.5688482746447       2.571549694124193E-043
  -16.0314163427737       1.359861710915586E-068
  -15.9930942154391       1.249915463468666E-067
  -15.9658743598352       4.703648359445765E-011
  -15.9614432223096       4.494962886197188E-008
  -15.9578953585066       2.213595548640691E-062
  -15.9331623857495       9.282147111898739E-067
  -15.9169591397009       5.253180220811160E-010
  -15.9000867846101       1.687240996154713E-009
  -15.8277952179786       6.672722813771934E-011
  -15.3798817864713       2.432094681944355E-072
  -15.3571347539098       1.071816564175514E-014
  -15.3161911591565       5.418954120986474E-014
  -15.0844122893818       4.730490735631938E-067
  -15.0569619496917       2.866500624293714E-013
  -15.0050335183054       4.869234426145534E-016
  -14.4116425037710       3.101800994167126E-017
  -15.7914318343402       2.582714374840693E-070
  -15.7531602281609       5.196003313083988E-067
  -15.7282259554058       7.781419602302529E-014
  -15.7174285156411       1.603565408566518E-005
  -15.7128965794534       2.220459047392562E-063
  -15.6927667493359       7.994070089817384E-069
  -15.6748155123395       6.262888281739693E-007
  -15.6640200008699       7.952095480666069E-013
  -15.5969661315995       1.228327362867144E-008
  -15.1326317697086       1.985789760100881E-069
  -15.1132004045161       5.621897087647131E-011
  -15.0674514129120       3.387620641818396E-019
  -14.8412884976270       6.488145592521330E-069
  -14.8190703621038       1.859940635596815E-011
  -14.7673833801059       9.479552754399292E-018
  -14.1650814014733       8.397959615068148E-012
  -15.8427881810800       6.927453106688315E-066
  -15.8148679155574       1.037877453657123E-065
  -15.7734434286475       6.572562386504530E-008
  -15.7711079848293       4.602004219153422E-008
  -15.7685620361513       2.516940715309656E-061
  -15.7440117754979       2.629748561714709E-064
  -15.7387240972757       3.294415882020683E-009
  -15.7247615117544       8.917806754853313E-009
  -15.6620857547806       4.642036533421272E-010
  -15.1938097726936       1.165277398512632E-070
  -15.1627552300340       1.565819008208190E-012
  -15.1220665396951       1.057110622689986E-012
  -14.9050504276938       7.825814252751787E-066
  -14.8831097411770       1.272317151312402E-011
  -14.8406906299442       1.059993867989423E-012
  -14.2438226065364       3.063110173095856E-015
  -15.8107276230016       1.568627179341022E-036
  -15.7769717102755       2.247099289346292E-035
  -15.7706174931642       2.833502623473954E-035
  -15.7661109979920       7.822542768623091E-032
  -15.7381284749748       6.125603577925297E-036
  -15.7294335739730       6.291264537194763E-038
  -15.7127409536807       3.546343531869892E-038
  -15.6859211756130       8.764535787948379E-039
  -15.6047201533917       7.588036642231914E-043
  -15.1616110711393       5.132654256848337E-037
  -15.1320960233054       1.994279067210183E-039
  -15.0897896228543       1.052757243074678E-046
  -14.8940243104758       1.254585423389461E-038
  -14.8584652412176       8.350333606307412E-042
  -14.7892066105398       9.039715347925832E-045
  -14.2088871678362       4.026913362690807E-046
  -15.7477208848316       4.125951448592478E-039
  -15.7103087074026       2.323131199119523E-036
  -15.6884932527038       3.705794490017283E-037
  -15.6812299756269       9.503175545808100E-036
  -15.6717640326262       1.089543264945380E-033
  -15.6605524500697       5.986607281285295E-034
  -15.6226590288578       2.058596982046396E-038
  -15.6110285406502       5.850502415380522E-038
  -15.5505162872783       1.540999122927824E-042
  -15.0946673492907       2.377628596541512E-040
  -15.0676231227813       1.976482289677267E-040
  -15.0252732233568       3.627737692421349E-041
  -14.8101912526651       1.558925720393042E-039
  -14.7702399129520       2.526580165678959E-041
  -14.7257360803122       9.025875401332207E-043
  -14.1266009630016       7.026232060537334E-047
  -15.5804521959373       1.253923418327171E-069
  -15.5326332042145       4.065510308962293E-065
  -15.5169716356999       6.028546679413145E-005
  -15.5121868710254       1.167142556468501E-060
  -15.5084584486167       1.398632824699614E-012
  -15.4806974154073       1.373316661177755E-066
  -15.4668780855447       2.264785513839292E-007
  -15.4471025174097       1.405681654323957E-012
  -15.3691974092095       1.658263704274760E-008
  -14.9231286063138       3.564479625746163E-068
  -14.9027900311344       9.922388926696014E-010
  -14.8521961751263       2.222510823207453E-016
  -14.6368613502677       1.684879149915528E-067
  -14.6103547725889       2.160778424394226E-009
  -14.5470166301749       5.206629299848273E-016
  -13.9577670903680       9.135403298044391E-014
  -15.4504244322077       3.472255571589123E-037
  -15.3986163521412       4.226284546239567E-033
  -15.3967199804189       7.374092300293589E-033
  -15.3832093112549       8.609636453248978E-032
  -15.3787970025980       4.250795762919615E-032
  -15.3591283462061       1.215107975801594E-033
  -15.3307347284606       1.601116690107392E-035
  -15.3108750658287       5.419968664821931E-036
  -15.2397124507715       6.068495605056989E-043
  -14.7874247473204       3.322122868381299E-040
  -14.7700753655217       3.272730801203982E-039
  -14.7154157047428       2.181444606990899E-040
  -14.5157361347281       1.058703765142811E-038
  -14.4771097672139       3.234204867429395E-042
  -14.4189265086334       4.351409690313572E-043
  -13.8288626173572       2.809240742107856E-046
  -15.4544172610707       3.489392315702595E-035
  -15.4401436751512       8.982348230663879E-036
  -15.4223660213199       1.292667847707399E-033
  -15.4212267324932       1.047943273522505E-031
  -15.3853261067942       9.147655793175831E-037
  -15.3735399874197       2.256516559725469E-037
  -15.3583248392501       5.447391803165164E-037
  -15.3275732959521       9.345629431465255E-037
  -15.2433236809458       1.453286765963221E-041
  -14.8010883082337       6.258093951327549E-038
  -14.7708242910210       1.567474559387533E-041
  -14.7301909597845       1.049389658490811E-043
  -14.5495403125608       1.797594420384235E-036
  -14.5103228952325       1.033959428744565E-040
  -14.4280131040559       1.814462514693342E-043
  -13.8498788824556       2.649254237514577E-044
  -15.3962740661449       5.916550882788309E-068
  -15.3523000723862       1.812995184632013E-066
  -15.3278483654692       3.471868798614977E-007
  -15.3223112779272       2.444109126162374E-009
  -15.3191113980036       3.106216144520342E-060
  -15.2941280401486       2.670479721495417E-066
  -15.2730385404516       1.782172468163865E-010
  -15.2601951503637       5.083073186230211E-009
  -15.1892132132405       1.700673368759095E-010
  -14.7374377818483       4.722872373183302E-071
  -14.7127504672033       3.428457837546481E-013
  -14.6620238641675       6.374613352305694E-013
  -14.4480699205125       1.285027725999232E-065
  -14.4221045541189       2.500914572753465E-012
  -14.3608757148604       3.892046534921345E-013
  -13.7634645968767       2.879932849360341E-015
  -15.5378049867063       3.266762257010002E-067
  -15.5060994446310       4.883513874029810E-004
  -15.4670104107365       8.821719760871449E-066
  -15.4484069273621       2.266470606420976E-066
  -15.4390935411787       1.594671012578943E-006
  -15.4200870693695       1.148435699557718E-011
  -15.4195929082548       2.982163728737777E-065
  -15.3590808487636       1.389130643289720E-012
  -15.2657707937886       2.454809083456109E-009
  -14.8509703503474       7.405026936693317E-067
  -14.7962591759330       1.474161843461493E-010
  -14.7328914084085       6.338337228543362E-018
  -14.6093425484248       3.868090188874958E-069
  -14.5946691586116       2.979028515246883E-013
  -14.4621259230256       1.798239408135042E-017
  -13.8999956939170       2.997839038181251E-013
  -15.2832307960100       3.727381595272715E-034
  -15.2694469352094       1.995804881767851E-035
  -15.2287950926073       2.408246892143996E-032
  -15.2017870646771       1.675417950948236E-033
  -15.1852574362630       1.555694409668029E-033
  -15.1805401057787       1.119304069792330E-032
  -15.1552309621573       1.237208203002302E-034
  -15.1329368934550       2.842303294251165E-036
  -15.0406242587084       1.286797950564824E-038
  -14.5957105749017       1.469057046298013E-038
  -14.5795285258972       4.353118664826630E-038
  -14.4993068086902       4.926267312124059E-041
  -14.3672747800531       7.844014499286647E-041
  -14.3279764356593       3.668824545748039E-045
  -14.2261030282912       3.249172427565463E-042
  -13.6438789544391       1.699454301700136E-044
  -15.1760956046336       5.647842142930215E-034
  -15.1729033838036       1.055492246205128E-035
  -15.1474428728213       9.970796714732535E-032
  -15.1347665807091       1.058228825206683E-036
  -15.0951442560332       4.220307987300771E-035
  -15.0886274607124       8.423819839923896E-039
  -15.0770436676786       1.944589936425293E-035
  -15.0402816491663       2.896442253122733E-036
  -14.9504106975425       1.468929650042425E-039
  -14.5221977630490       4.495718737544297E-041
  -14.4902042276798       2.356351326238180E-040
  -14.4395667835986       3.109959264541731E-043
  -14.2790882587586       1.174919661836430E-037
  -14.2330655061980       5.180866283765908E-040
  -14.1444263202589       5.835388086635025E-044
  -13.5748677012605       3.568305094681762E-044
  -15.0893328918651       2.272407523855035E-064
  -15.0560913589115       3.287162023343290E-004
  -15.0386364201876       3.806317871589174E-061
  -15.0307426210060       5.465741770830349E-061
  -15.0144539229494       2.879131602308941E-010
  -15.0119044199502       3.424883041277417E-061
  -14.9848274645087       4.726325756325725E-008
  -14.9620613055704       1.822466771413183E-008
  -14.8884870991773       1.691724606327436E-009
  -14.4257168245053       3.099339402312711E-069
  -14.4090241491292       1.426522494868843E-010
  -14.3518143484503       9.636506312235406E-014
  -14.1722923613778       7.188432156655518E-066
  -14.1349458751968       6.253577444379061E-011
  -14.0698448473321       1.516404435246807E-012
  -13.4806106646853       3.230668495769176E-013
  -15.0033628802282       4.373802390334482E-066
  -14.9604598932221       9.982074933250437E-066
  -14.9380815347077       5.906686790796421E-006
  -14.9342425816063       2.493577366658877E-059
  -14.9230617815056       4.254472428941425E-008
  -14.8988231516685       1.621534357186296E-061
  -14.8930649764991       9.936092349622959E-007
  -14.8726368639025       7.077750295211409E-007
  -14.7962617255682       2.353826063091709E-008
  -14.3467168606893       8.260690087405949E-068
  -14.3170871349683       2.033176135757003E-011
  -14.2691272738498       2.057292850180126E-012
  -14.0591823905935       6.249259071526672E-068
  -14.0347782243319       6.482107983633999E-012
  -13.9761771297462       1.164618706436775E-011
  -13.3806452293297       1.874227594263200E-013
  -14.8640699380800       1.209397299617099E-066
  -14.8258923703618       3.948702634013535E-004
  -14.8003323165995       1.360164353157527E-065
  -14.7982428309099       5.655647635002107E-064
  -14.7853061677444       2.177046422845312E-016
  -14.7774457834203       2.579831863793150E-066
  -14.7418101812028       8.348506537453620E-007
  -14.7211772930372       6.057009582794114E-013
  -14.6484818087792       7.588455429704480E-009
  -14.1943428229683       3.952776506993664E-070
  -14.1793902478182       1.370309145778579E-011
  -14.1190201701877       1.252194454105340E-017
  -13.9384166502460       8.706125032422467E-069
  -13.8953861926743       7.597538161049352E-011
  -13.8283101857683       4.931784561630778E-016
  -13.2422904690460       2.339502519503031E-014
  -14.8773971940818       4.067216985378131E-064
  -14.8247880504933       4.861694078019037E-063
  -14.8244191985699       1.867878067690783E-007
  -14.8078012723745       5.340394961945138E-062
  -14.7683176955119       2.657098409108464E-009
  -14.7637326667882       9.781675900332619E-010
  -14.7636308138527       7.118517641411604E-056
  -14.7491618675161       1.659390083106342E-008
  -14.6586007917640       1.903892797564845E-010
  -14.2107755882371       6.008876652540061E-069
  -14.1672506531177       4.188641705180765E-014
  -14.1080419378783       2.862429461598209E-014
  -13.9391093028446       2.608705801969284E-067
  -13.9241709016791       2.638095800337121E-013
  -13.8346768281933       6.715301386142670E-018
  -13.2471883848505       6.256862893000694E-014
  -14.6358660295018       1.295080928001869E-068
  -14.5949044919936       1.983522628598563E-066
  -14.5663351808862       1.636205210850462E-009
  -14.5657507729073       4.713269855365711E-008
  -14.5623319176200       6.123951985087994E-062
  -14.5336194667739       9.302232424645222E-065
  -14.5201772684684       3.699763567757506E-010
  -14.4991185009715       1.533770256024176E-010
  -14.4251428825202       6.894399139861510E-011
  -13.9839429675655       6.081241950907982E-069
  -13.9597429352686       4.306405283158658E-013
  -13.9165182287630       9.418248794595267E-014
  -13.6876864137512       6.709635001867927E-066
  -13.6585980548309       3.130495210410962E-012
  -13.6051057467494       5.546843533592152E-012
  -13.0151058968353       1.779411431636118E-016
  -14.5785301011825       8.791231540419887E-068
  -14.5322439069539       2.251134012353072E-065
  -14.5204866893142       6.164655382163909E-005
  -14.5130346521896       1.228067381077935E-062
  -14.4963582769086       5.149705048187501E-015
  -14.4789782840852       2.382557948157729E-066
  -14.4714704210407       1.417073257267254E-006
  -14.4548252636006       1.390984297145383E-012
  -14.3698237802769       5.862618008311512E-008
  -13.9212378240808       2.058870566970122E-070
  -13.8913847668415       6.098362754937370E-011
  -13.8437972339504       8.062100305169854E-019
  -13.6404727871639       8.272766440673721E-068
  -13.6241435622767       9.838889388960413E-010
  -13.5468193428480       2.339616656891332E-016
  -12.9583430131204       3.381318279543967E-011
  -13.8530048873835       6.882690477745416E-067
  -13.8187684785401       4.468759201486157E-005
  -13.8094547841541       1.371235467119111E-061
  -13.7992436646582       2.337312830272127E-061
  -13.7660947095260       1.897530913523564E-061
  -13.7606810839986       1.014681950393003E-009
  -13.7420876644112       8.428313137283175E-007
  -13.7176651458828       1.364951975990779E-010
  -13.6394333526862       1.848914150020834E-008
  -13.1888512161136       3.894318646241321E-066
  -13.1450319824287       8.360064899635259E-009
  -13.0954697039820       2.580608967714876E-012
  -12.9299397169907       1.934882467145531E-065
  -12.8864656114490       1.065318583648436E-009
  -12.8235272511987       2.374786498327220E-011
  -12.2401533122717       5.378959355585718E-010
  -13.7216835054912       4.345425493537862E-065
  -13.6679534158746       9.566445281547718E-007
  -13.6607217677508       3.853014621999503E-061
  -13.6540815476452       7.287440057415947E-061
  -13.6224814558623       1.079039193467034E-009
  -13.6018699537456       5.722837948239026E-009
  -13.6006825777152       4.664782999174867E-062
  -13.5745872653329       2.225646902772137E-008
  -13.4910367131038       2.135720183895522E-010
  -13.0489814904748       4.252257630546708E-068
  -13.0221255883957       5.395654785338578E-013
  -12.9414656276254       1.341917660642222E-011
  -12.7795433092048       6.304376314885457E-067
  -12.7625014776649       1.014200309728899E-012
  -12.6664297355703       6.038014667365007E-010
  -12.0777879936205       6.864474134103600E-012
  -13.7401753407797       3.383167072536823E-065
  -13.6979738870597       7.116212329673358E-005
  -13.6712692557529       9.854728524223329E-062
  -13.6287441189059       7.626274318763389E-006
  -13.6214293674730       3.508805012983535E-066
  -13.6094204999756       5.629356455847708E-011
  -13.5854589382693       3.350388466450712E-064
  -13.5512746513031       5.107402676263204E-012
  -13.4146638060726       2.305962241599899E-008
  -13.0045938659468       2.042970400407322E-065
  -12.9720373909762       1.886723729466870E-008
  -12.8688097227684       1.138169067240417E-013
  -12.7850298820648       1.126257936796794E-006
  -12.7580110096004       1.163126735573529E-065
  -12.5832216815082       6.005655385894503E-014
  -11.9862650188645       4.061801717961101E-009
  -13.5160871723643       2.660907381669625E-038
  -13.5125728774902       2.956663018800616E-033
  -13.4181148430626       1.670388770870448E-039
  -13.3724297426283       2.076522638012680E-032
  -13.3282933168641       3.635447651923551E-038
  -13.3261003006100       1.743061631392810E-038
  -13.2687430179677       3.191871311783480E-039
  -13.2655629678328       1.024386936084595E-040
  -13.1262780381038       3.475529296888289E-041
  -12.7622998237628       3.090775841842152E-036
  -12.7451267405499       1.027904793184888E-038
  -12.6348134064081       1.201787747200791E-042
  -12.5507958792983       3.254574335798611E-034
  -12.5018980598462       2.655891520818588E-041
  -12.3355397048728       1.053372575198508E-047
  -11.7857258276140       1.201319132492793E-046
  -12.5274497961374       7.680220393661934E-065
  -12.5006759193553       8.160884462425398E-005
  -12.4655536049916       1.422697452583086E-064
  -12.4431579566082       6.529915853452388E-067
  -12.4284575563373       1.350359460027023E-009
  -12.4062565479108       1.065251944351797E-015
  -12.3948965827453       2.498770695577054E-066
  -12.3267346350481       6.152397121307439E-012
  -12.2221514711498       1.687307208522180E-009
  -11.8563370468430       5.512970806554292E-066
  -11.7981954009910       3.360055979151309E-008
  -11.7331558727746       6.177496069691795E-016
  -11.6013712676345       3.074988798487701E-067
  -11.5665322514999       2.067477982946519E-007
  -11.4368800009238       1.987261052129985E-014
  -10.8961941634004       4.837428066520196E-011
  -12.1389040331054       4.068240837107063E-066
  -12.1135986890492       1.132387202082572E-007
  -12.0795568868885       1.636479912307395E-061
  -12.0769669035973       1.747167591219087E-060
  -12.0267893880086       7.174361260929826E-010
  -12.0192389928453       6.762172532433449E-063
  -11.9967910548325       2.081183589370393E-008
  -11.9576198652870       4.061237879671538E-012
  -11.8979495425892       6.332355844991792E-015
  -11.4723599716227       4.978820341008227E-068
  -11.4259933856972       2.404971472850307E-013
  -11.3387355059025       2.070262323474254E-012
  -11.2147536063689       2.883065571199114E-067
  -11.1666023895254       2.617621668416656E-012
  -11.0768723172210       1.310025172940143E-010
  -10.4950890063154       8.683212778657724E-014
  -10.6883548380852       4.199218521712116E-037
  -10.6532398332450       5.049468589422455E-031
  -10.6192081741586       6.732154081256709E-034
  -10.5744893245746       6.920947655126438E-039
  -10.5603813083274       1.259001195576338E-038
  -10.5180360108370       2.434254865397126E-038
  -10.4713696212926       5.109256595326110E-041
  -10.4257447937765       1.749020045625478E-039
  -10.2871591456654       2.343326784972406E-041
  -9.94668447839520       3.534460065885741E-040
  -9.90614917105706       7.165750112643725E-039
  -9.80547216320766       4.431839155869659E-042
  -9.74708644124802       6.570754492085198E-036
  -9.71361980631584       2.495075632255706E-039
  -9.51087879789439       3.231683270596895E-046
  -8.98017319395655       1.397333594047868E-040
  -10.6422149394422       5.805521490028794E-036
  -10.6306771305599       8.264833966504902E-035
  -10.5336773962435       4.709121127739624E-033
  -10.5191148972837       3.559827783063212E-033
  -10.4677715111446       4.386180949255955E-032
  -10.4674583748747       4.673656826031675E-032
  -10.4518582502363       8.563385098513688E-035
  -10.3968748493179       2.458552852456775E-041
  -10.3099308365897       1.038984964037253E-038
  -9.90413357039002       1.066912537138131E-040
  -9.87624062979686       1.059145103123314E-037
  -9.75349901269984       1.026369172438396E-043
  -9.70349441353813       4.344576782344822E-038
  -9.64000535654832       1.005796553136618E-039
  -9.50259496160704       2.598061151106851E-042
  -8.93328394633420       3.151926413948424E-041
  -10.4624760758507       1.937800861225880E-064
  -10.4179744762549       8.273777021730507E-004
  -10.3706835826153       1.116461272274374E-062
  -10.3557002612498       2.444560407944320E-005
  -10.3242602011837       5.128954982537982E-063
  -10.3077088808304       9.909980314493989E-012
  -10.2910211587721       1.470618012194167E-063
  -10.2370531792292       1.312091347132227E-012
  -10.1144146748484       3.974953926234865E-008
  -9.74541228654872       8.040484402148764E-071
  -9.69638073628625       4.146352783239417E-011
  -9.58900517702764       5.955168130684702E-021
  -9.50813516757714       7.044386983261533E-009
  -9.50253374071544       4.486786564521676E-070
  -9.32235565842772       1.372049942896044E-018
  -8.77104101533852       2.184532627442823E-013
  -10.2975762786931       1.358925459019305E-003
  -10.2803879707169       6.598334802303963E-067
  -10.1807641490521       1.293141047529426E-063
  -10.1727510361316       2.229146455343478E-064
  -10.1048231043401       5.506627328087933E-062
  -10.1018350378633       2.554487708300845E-008
  -10.1003528697255       8.909367062839486E-008
  -10.0495178854034       2.227232745817960E-013
  -9.93964024831638       7.986112227852417E-007
  -9.55206443353084       8.111855706030958E-067
  -9.52052912840533       9.626038442026850E-010
  -9.40202979641635       8.432172393886435E-020
  -9.35050772169244       3.608028611264829E-066
  -9.28643804764017       5.314384317041392E-011
  -9.13882418734650       1.435018579267061E-016
  -8.57570916849790       3.813511261686253E-011
  -10.0050806546132       1.702428033727290E-062
  -9.95527680241189       2.163275945460470E-008
  -9.92405566129314       6.249150355164573E-061
  -9.89660003440554       2.533270085578318E-062
  -9.88859147252083       1.456180432130846E-008
  -9.83692866608467       2.972608944091742E-008
  -9.82913097053459       8.635968099489155E-060
  -9.81866899423255       9.961205532694885E-011
  -9.69154793077392       1.034602122218866E-011
  -9.30016747171846       1.037863715743976E-067
  -9.25208584823120       2.090359948346265E-015
  -9.13843077259629       8.149655750550640E-014
  -9.05306255175433       7.316349039910077E-014
  -9.04584057802512       1.610647947796169E-065
  -8.88380344232844       7.327785094254400E-014
  -8.31584042878784       4.703037925564154E-016
  -5.46529018580723       8.498983016699288E-067
  -5.45489890139440       2.819582283315358E-004
  -5.42431403616215       1.004506679078705E-063
  -5.34166582656518       7.521280737663027E-060
  -5.33866093859129       2.801321989724213E-006
  -5.31239977933429       4.525553223652950E-063
  -5.30067240545402       2.954787646946335E-015
  -5.26155085115724       9.628014777762271E-015
  -5.10061623651372       3.218909296025780E-007
  -4.73035107075940       3.479587011288444E-066
  -4.68851248504657       3.844076823701629E-009
  -4.56313098370866       1.739708193717891E-017
  -4.50506431592374       6.814835057434319E-065
  -4.49160423334519       6.514535957066112E-007
  -4.28869687221334       1.594015615049958E-014
  -3.71680507942855       4.276989492302351E-008
  -3.84573985225243       2.020951187504303E-039
  -3.80458770192079       1.762061385794133E-035
  -3.69815182293867       2.790484472751432E-032
  -3.68829986249614       1.732313010083323E-041
  -3.59041737443536       1.960032936751240E-038
  -3.57506163430750       2.543999822917866E-037
  -3.57344824066636       1.122468932005849E-037
  -3.51052901672361       1.089392471463967E-039
  -3.35103945906556       5.140003285657110E-041
  -3.06231811221721       6.639344780391819E-037
  -3.00266238911400       1.505963371973567E-038
  -2.87076028361393       7.405858245986300E-040
  -2.84982098945366       1.223390834593458E-033
  -2.76375088301486       2.082674821770018E-040
  -2.56927656415235       2.788477672513204E-042
  -2.02830779497258       1.684010975259848E-040
  -3.18690134479460       5.339551172163423E-065
  -3.14306822862708       3.019290937109897E-006
  -3.10632123947389       1.008936560532784E-064
  -3.07365155147981       1.800460222419484E-006
  -3.03794258095123       3.806442860649755E-066
  -3.01157334360097       1.313355754544220E-013
  -2.98718863606402       4.027627337500529E-064
  -2.92790144998669       2.748161053532756E-017
  -2.76848273013894       2.106102480221860E-009
  -2.47032550398803       1.871192216845530E-065
  -2.41657162194636       1.206637001801220E-008
  -2.29206034572584       3.263493885328524E-016
  -2.21284295635826       4.388373123128055E-066
  -2.20263610058413       2.021696729620504E-008
  -1.99510510813885       1.227678665183094E-014
  -1.46760975068034       4.744739807141304E-010
  -2.82052250413680       2.817691585560237E-069
  -2.79242756951269       2.956914403185936E-009
  -2.74820529217517       3.208449448150759E-060
  -2.73673723779474       2.184602687862942E-062
  -2.67544248855219       1.323121556728678E-010
  -2.66601136910855       2.096770283465101E-062
  -2.65307894909643       5.594756212062413E-009
  -2.60341642945281       8.485141814141262E-010
  -2.52251258427048       9.709188394552101E-012
  -2.12561985055389       1.252628466651823E-067
  -2.07152235841827       3.864178144207883E-012
  -1.95647949193922       7.837562839980501E-012
  -1.86772472430281       2.536778065933207E-066
  -1.82831395881397       4.510253928335547E-010
  -1.69570086553328       4.179825648429312E-010
  -1.10842636955872       4.958741759603557E-012
   2.56243686576088       1.706862845243751E-036
   2.60424640023898       6.068923671875667E-032
   2.61640289768542       2.027309829148349E-031
   2.71956427713686       9.190690120996081E-036
   2.72250315968209       2.739303073684007E-038
   2.78940704704918       3.329729133879235E-036
   2.80145887399957       1.620851996946286E-040
   2.86376574533418       3.044047503177333E-037
   3.05127559095465       1.441503727391370E-038
   3.30432944118437       6.648728689347716E-039
   3.35832160426413       1.029117311251243E-037
   3.50755748717355       1.110823872797003E-041
   3.53767298060757       1.137746094557899E-035
   3.58116174902359       7.837856025874704E-039
   3.81905635685757       1.418887508752643E-044
   4.34439740060545       1.627892212379680E-041
   2.59703362008212       2.872771641500201E-037
   2.62930337503218       4.769529636475308E-035
   2.71135808790815       1.865212782624464E-033
   2.75260099555881       2.289819490029213E-034
   2.77898340593131       2.745041026339424E-034
   2.82553925520620       6.670933992383353E-034
   2.83834056487190       5.422158366639379E-034
   2.88907993468525       2.241589971315243E-036
   3.00008529297531       1.232863614458360E-037
   3.33603666548222       2.391537727803002E-042
   3.40243414123066       6.903362984207012E-037
   3.52578965709344       1.584762877539738E-040
   3.56971776687333       6.652255358861186E-038
   3.65180009574229       5.512019689410599E-039
   3.80927008817642       2.527813121674635E-042
   4.37965116671743       9.475869535637352E-042
   2.76239068015849       6.248582301080473E-066
   2.80876134918859       6.859301465235554E-004
   2.83590515912661       5.261368306155435E-065
   2.87598468007297       1.730683369771245E-005
   2.92044283821249       3.203156641300254E-064
   2.94491709865796       2.186968372296328E-012
   2.96055290326595       7.605389100574529E-066
   2.99428225080120       2.786572484231608E-012
   3.16710678544766       9.177519507343664E-008
   3.48377245712646       1.182687550518069E-068
   3.51940186392062       3.964164554346661E-011
   3.66484049552047       8.847972240494369E-021
   3.73874932606893       1.196120666265763E-008
   3.74622304081198       4.431816281550051E-064
   3.95706672936851       1.535978462581065E-019
   4.50565628576409       4.935971827890400E-012
   2.88007727494408       1.253357636864358E-003
   2.92147275778780       2.338667412607030E-066
   3.00760250049061       2.089942021901843E-066
   3.04287655265340       1.329595139057149E-067
   3.09300568576795       7.861359140258789E-067
   3.13507540223926       3.050663784513056E-009
   3.13704175577525       3.714012914952433E-010
   3.19256477194001       1.452412799975823E-013
   3.32195693086536       8.612494680439202E-007
   3.63326634610579       1.016059967135695E-071
   3.70401955491537       1.280232529158904E-011
   3.83097369864509       5.775145675768873E-020
   3.86437310475051       3.416748308022467E-068
   3.95197674971515       5.419867112622861E-011
   4.12147378471039       1.066713497104223E-016
   4.68246387445613       2.083339931705263E-011
   3.13353031424469       6.371357226788709E-063
   3.18582714871811       3.453031890506580E-010
   3.20896357209654       8.304747303723148E-061
   3.25734947268596       4.439573961911485E-009
   3.26220720297341       2.802824356708410E-064
   3.31829271602776       1.662204608763005E-009
   3.31980931579872       1.398642647460540E-057
   3.33010166918671       2.660377799859981E-008
   3.48935738061948       2.746917270544498E-011
   3.84223845066214       3.060918902829914E-068
   3.88221823982168       6.903970460124752E-015
   4.01418707080621       3.215741448529278E-015
   4.10786893623267       1.556168898368556E-013
   4.11159387482846       1.793419223296112E-064
   4.29655769932611       7.829350195670512E-013
   4.86211366403834       1.682366112312122E-015
   11.7709637173898       3.025949616000895E-074
   11.7860142405343       1.868517066280783E-004
   11.8295856461893       2.512708268275438E-064
   11.9071579703905       4.303232281301121E-066
   11.9299695427851       3.803252727972187E-006
   11.9488961548809       8.057886545359189E-065
   11.9618381350554       1.815417662360863E-016
   12.0140179135432       3.250831074684474E-016
   12.1836365491740       2.828133765335930E-007
   12.5013177488325       3.346280251347396E-070
   12.5537407765314       2.078648936275072E-010
   12.6926400472284       1.477669887675683E-018
   12.7436995172851       2.781899772838489E-069
   12.7757083559055       4.476158012114332E-007
   12.9828291506097       1.873272149830653E-014
   13.5417820501569       7.930010566363753E-008
   23.8814844632650       2.801541873507682E-040
   23.9349124554241       4.095818125941905E-034
   24.0104435812485       3.487469016046103E-032
   24.0770767267777       5.379619519716289E-040
   24.1472253413238       1.244237587810502E-039
   24.1696849483775       4.696510440400142E-037
   24.1943850663165       2.645084242045062E-037
   24.2656920044891       2.922332417986844E-038
   24.4448302681283       5.068399511656370E-041
   24.6716090949883       2.552788694710294E-037
   24.7649132313278       2.510444152989593E-038
   24.8997903640155       2.001515138697661E-033
   24.9176512564460       1.556809998068049E-038
   25.0048872051903       9.544581294820255E-040
   25.2248478756792       2.362524521758597E-042
   25.7640464803833       9.362826137780261E-043
   24.4994026227450       1.164276312507373E-065
   24.5505331098162       4.545342013474932E-005
   24.5714271391407       9.974491381784501E-063
   24.6301277352888       1.012627983481552E-006
   24.6799721809460       1.306266905831522E-062
   24.7103804842834       5.593920045541896E-014
   24.7406346422217       2.554741122569462E-063
   24.7796428659555       2.983999603884958E-014
   24.9933267071987       1.314034834808077E-009
   25.2490326240846       2.564849686897921E-069
   25.2899938405934       5.476499615691135E-011
   25.4628073375087       1.873505582602247E-015
   25.5101805301733       7.103644924709629E-007
   25.5121963426960       3.979247098439366E-061
   25.7686725287388       3.037373417893211E-015
   26.2996092557163       3.906477343869076E-009
   24.8609387408373       4.548930283150007E-071
   24.8886855457434       1.431449118253044E-008
   24.9433677865994       1.022003679628995E-061
   24.9733047948311       1.838975907181132E-067
   25.0264858514435       3.668847348830920E-064
   25.0411798624336       1.245919329145390E-009
   25.0527570630398       3.702600036022102E-009
   25.1012710369264       1.226620722691227E-008
   25.2234900840830       4.862394402232982E-013
   25.5796886003014       4.550192750185152E-067
   25.6432061804600       1.887838668379730E-012
   25.7675109370140       1.675627027088944E-012
   25.8420851548853       2.389014846833105E-065
   25.8855436379970       1.243927625654009E-009
   26.0481235405780       6.780386297237155E-010
   26.6364471959117       1.793639164453922E-011
   39.0924686764148       3.966835256210917E-036
   39.1038910607238       3.886314551589230E-036
   39.1535295221997       1.567533705623359E-031
   39.2735930275698       8.388189270987946E-037
   39.2737692835587       4.194573278668332E-035
   39.3348543921367       4.042383568334100E-037
   39.3465517698887       1.357075199136492E-035
   39.4162525799002       6.883757323181275E-038
   39.6337778263686       4.345976452535790E-039
   39.8330108483113       5.426392112850980E-040
   39.8999754363367       6.417572751347817E-038
   40.0812711122084       1.092088431156758E-039
   40.0944412031399       5.553181412057076E-036
   40.1471016382831       5.567346730687897E-039
   40.4059752117358       8.821380238431214E-045
   40.9363666836960       1.786475224707486E-041
   39.1196769166006       4.781522790140505E-039
   39.1481203813644       1.215816150467391E-036
   39.2272752025826       6.310470955656291E-034
   39.2818541443994       9.571799735305987E-039
   39.3129257437526       1.707855140169320E-034
   39.3733686674631       1.269329155619065E-034
   39.3820062087365       8.175425779302700E-035
   39.4414454174216       2.660487555286083E-038
   39.5817376200237       1.486617512368082E-040
   39.8589727104121       4.075987733341169E-045
   39.9507001681267       1.872181823395390E-038
   40.0829843771283       5.616275207649188E-039
   40.1199841804208       3.657008841278499E-038
   40.2106233352262       3.360095613046730E-039
   40.3926773502386       1.107659620609410E-040
   40.9655780785077       8.124992139981360E-041
   39.2509202006399       3.471968296441433E-067
   39.3047235964129       1.740569212758877E-004
   39.3232885426384       2.557255120437701E-064
   39.3906447304065       3.145929061739399E-007
   39.4244290653803       1.308083928190691E-067
   39.4590735120523       1.664900507768150E-014
   39.4794557752019       2.917540149703951E-066
   39.5117618229802       2.184439010305612E-012
   39.7184690831450       5.388989941753150E-008
   39.9899325892639       1.333490491385868E-070
   40.0237470689189       1.827728060375026E-012
   40.1969678001764       9.626960242101119E-023
   40.2685853835915       5.897844669703229E-057
   40.2686040976896       5.430301240902695E-009
   40.5117217699627       1.687161352173011E-020
   41.0635824523495       1.150418839791582E-011
   39.3462140719385       4.098234392348834E-004
   39.3848606872446       3.036724353425608E-070
   39.4625095140579       1.270523790217509E-066
   39.5232454838698       4.265107991179800E-068
   39.5625235806646       4.583427730946662E-069
   39.6227114774819       7.056141737490046E-010
   39.6250118696932       6.872794822578296E-015
   39.6929030826055       1.667235579537034E-013
   39.8457922798840       2.668852703087064E-007
   40.0983579000422       4.720655325890616E-073
   40.1949835692190       3.546777194586928E-014
   40.3344186277867       1.670570931982946E-022
   40.3565291030810       6.480086059983473E-068
   40.4541262575594       2.225407333550259E-010
   40.6477840439442       3.212191225357378E-017
   41.2113455155076       1.389222243452524E-011
   39.5568216792248       1.026717836091278E-065
   39.6139477223059       5.298827264212550E-009
   39.6349976181745       3.118356091254542E-062
   39.7061192257850       1.326572647957355E-012
   39.7089149445864       6.501188049306838E-065
   39.7526242675156       3.973524706096625E-015
   39.7658011182016       6.644026412441738E-063
   39.7971233443057       1.458074058826692E-008
   39.9792402920768       2.234947213657683E-011
   40.2867408289173       4.302553748156390E-071
   40.3242479839489       3.389277480546343E-016
   40.4790838736430       3.019165882509696E-017
   40.5685872576652       1.069776590745384E-069
   40.5725653126806       3.052336983873463E-013
   40.7880484826233       9.268951208356754E-013
   41.3561763218602       1.154281155759484E-015
   50.6123660617748       1.443624554749702E-071
   50.6334494937705       9.295497922477313E-005
   50.6874766697592       1.403072251433210E-063
   50.7643240170245       2.343744399047528E-065
   50.7995295168675       1.914427582129586E-006
   50.8194401284849       2.499289177728291E-067
   50.8299279343823       3.100843945395453E-017
   50.8955766474714       2.193223630732064E-014
   51.0784402055533       1.739194705943198E-007
   51.3522079274517       1.628739728409004E-068
   51.4154994447350       8.980266933820861E-011
   51.5700442361607       5.946804951632593E-019
   51.6069865408050       7.480269141296290E-065
   51.6483903143427       4.302011123524232E-007
   51.8712682848537       2.137371029827696E-014
   52.4235537894010       1.224317065153170E-007
   103.507665924902       4.631542566531448E-037
   103.534121820058       8.824692614823965E-036
   103.615733728520       1.453002431502856E-032
   103.697502509296       4.432359470887263E-039
   103.759198913450       4.821556083048728E-037
   103.780375891012       4.220761067742875E-038
   103.806756614735       7.239336262058730E-037
   103.886620795406       8.757303243091362E-038
   104.079240525812       1.515456970276278E-039
   104.264852218760       1.136348830712315E-038
   104.367604346345       1.995914356234194E-035
   104.515400540721       1.302097021818799E-033
   104.535415786028       2.659567283365045E-038
   104.608423628741       4.209499184110407E-036
   104.847650882474       2.146769300879568E-042
   105.376199736210       4.517667943864351E-040
   104.047778648890       1.262869062765731E-066
   104.103946151731       1.218390828851496E-005
   104.131163735691       5.601652010501212E-063
   104.213926830376       2.668585501828035E-007
   104.240683511172       5.520414993921873E-063
   104.283574780734       3.948388748128088E-016
   104.310579335109       2.348091248797997E-066
   104.356235822990       2.759117889843085E-015
   104.584022070045       3.936651411460399E-010
   104.800965893666       4.431607593720759E-068
   104.844821854804       2.240868584034720E-012
   105.037735874869       2.270088404555496E-016
   105.069384294472       2.052464672107184E-062
   105.077763450154       4.385067558974083E-007
   105.349588458894       1.936821336062392E-014
   105.872749348758       3.139596429250292E-009
   104.378927454344       1.722396483475391E-068
   104.410857823524       7.381695386618197E-009
   104.472254049775       2.130521750876010E-060
   104.514745342507       5.258778553323209E-067
   104.576193250765       1.133548098532311E-061
   104.587668654881       1.185125787804007E-009
   104.590787764777       8.043584902719323E-010
   104.657987658438       4.721988340925014E-009
   104.813956115134       2.495232689832760E-012
   105.104782009162       8.972082996517451E-072
   105.174952534718       5.928034447817474E-016
   105.315322585230       4.564808752425319E-015
   105.372389288213       1.028084411156290E-064
   105.416893138002       5.638434119710659E-010
   105.615376913120       2.308163612356977E-010
   106.180504359536       1.124419616332398E-011
   133.712507192602       2.098297206189707E-072
   133.740546014508       1.758717548828910E-005
   133.800994874938       1.366017592771944E-064
   133.875196340212       4.054427788689439E-067
   133.920051257452       2.345080827614604E-007
   133.940554777543       2.429098469299540E-067
   133.946677119737       3.023967569046346E-018
   134.022366681711       2.250552018227177E-014
   134.213253707212       4.569537365195478E-008
   134.447546387217       4.902376303734921E-069
   134.516769746501       2.203099110389293E-011
   134.682123937499       1.047067776615206E-019
   134.712466223824       1.357047666779776E-064
   134.756761919998       2.128335260919580E-007
   134.992110555878       1.008098703651823E-014
   135.531741846827       5.698036413119527E-008
   138.942629798928       8.015424857367130E-041
   138.957848410403       1.885131667184455E-037
   139.023686322586       1.237984692134265E-032
   139.131128287161       1.176403265415740E-039
   139.149445204706       2.889793736032383E-036
   139.197429867808       5.105945771499388E-038
   139.207284600962       2.986969041543657E-036
   139.285823548105       1.105569242318662E-038
   139.507370245368       5.219953862781577E-041
   139.682169477007       1.583302205656579E-044
   139.755551138186       1.016938279191512E-038
   139.947708961107       3.422961759040693E-041
   139.954606247809       8.106252439311573E-037
   140.007611324724       1.281112053476072E-042
   140.273237026298       5.162831418573268E-045
   140.798850914587       1.530884359455888E-043
   138.980150905104       1.710779028891833E-037
   138.985685540081       6.676407128592475E-040
   139.076335683314       4.077851593305003E-035
   139.131201692933       6.631640313047507E-039
   139.188860125736       4.272173565358921E-035
   139.229194811820       2.290576730852265E-033
   139.230331192371       2.700587242232668E-033
   139.308006075522       6.766087896718214E-039
   139.473669206746       1.804005973658653E-039
   139.704066224011       9.256270408634917E-046
   139.800101345576       4.606669001607075E-037
   139.948035800456       3.021304732964442E-042
   139.975881171497       5.097843706656753E-039
   140.056601471228       9.815340353846935E-039
   140.266816765048       1.694371879433558E-044
   140.823173865723       3.380398288724863E-041
   139.065096710509       6.652194280727306E-069
   139.122739203845       1.075832784812286E-005
   139.152725585465       1.582304848960286E-064
   139.240212711423       1.442947793255916E-007
   139.250365117273       1.982305128532425E-064
   139.294564578659       1.540356235308003E-017
   139.318649757436       4.425645219163929E-067
   139.366769967590       1.813084205954646E-013
   139.583071748999       5.487342436819243E-009
   139.811087727729       8.042977512604329E-073
   139.853511969517       8.940102289078795E-018
   140.040744380287       5.815548202176490E-022
   140.091784535265       5.758381662026266E-065
   140.104630129693       1.062738650687159E-009
   140.362371525928       1.140320723830027E-018
   140.901799098161       2.012963100769688E-012
   139.159518467170       3.315041693941806E-005
   139.172738083604       2.813312967078071E-068
   139.261806251117       6.580422614075210E-066
   139.324080084020       6.814106947940115E-067
   139.382398667861       1.872003124151747E-069
   139.421416879239       1.320606245875970E-009
   139.427861449393       4.435130537224632E-016
   139.507243249129       4.797267995819457E-014
   139.680382961461       1.792765259582500E-008
   139.892319845009       3.256697928773429E-074
   139.993169569832       1.604048876961371E-016
   140.147081539949       9.628097461754726E-025
   140.162448781650       1.259425282889456E-069
   140.249429769443       4.968962338005919E-017
   140.467468339146       2.674188839486281E-019
   141.017296546222       1.480710897680388E-011
   139.307972086244       4.497880242653962E-068
   139.365515813832       9.934904419855020E-010
   139.399135480097       1.394566263323388E-062
   139.475198200023       1.387857907894986E-068
   139.489902913432       6.492109493028227E-011
   139.523518923014       1.371996171906281E-015
   139.542519406713       2.075245798292974E-064
   139.593879877916       1.057643462123511E-009
   139.788860309519       3.206641296057342E-012
   140.046426104267       7.473367635812995E-071
   140.092132842092       4.611640867566803E-024
   140.261894336930       9.883033381321919E-020
   140.328441920229       5.469457389007748E-068
   140.344715221822       3.402440106454245E-017
   140.580486592298       1.449321532312232E-013
   141.133447158952       1.115532244260273E-014
   330.203005178175       2.047557702515273E-038
   330.212466581794       1.203373055440818E-035
   330.299772529445       1.126755587155233E-033
   330.380111678709       2.288966455375620E-039
   330.446448882070       6.791336588382543E-036
   330.451272894674       2.801363122922487E-037
   330.473151629422       1.604465938876854E-038
   330.558242857270       9.289475082478128E-039
   330.760304842645       1.645547723770092E-040
   330.906967669516       1.812667026566646E-037
   330.997254935031       1.489035369856006E-035
   331.170454021252       3.476950581345362E-034
   331.177523241543       4.694606756539421E-037
   331.233395902338       3.053408454347219E-035
   331.492604688945       8.949072723018002E-043
   331.988854099730       1.253850806501435E-039
   330.616468165678       2.419889886434976E-069
   330.670642772776       4.475574536718007E-007
   330.713853582137       1.810047401821419E-062
   330.810561185828       7.135746912361252E-059
   330.815296495637       1.096745565460711E-007
   330.864063664009       4.558541064535323E-017
   330.885856542050       9.501715541608374E-066
   330.946127653645       2.866358968867896E-015
   331.167743142201       1.076813160116333E-010
   331.334703454248       1.109397681836598E-065
   331.386902131379       8.430967743734963E-011
   331.583171095027       2.985014398590208E-020
   331.604711515950       3.740182383101149E-059
   331.622729172460       4.454175149180790E-008
   331.898168273067       4.867335297100827E-015
   332.390762202719       5.858317870341573E-010
   330.934511615087       4.882161831133466E-067
   330.973264925952       2.581642473834305E-010
   331.035989032271       2.505347815193032E-059
   331.094292855465       4.498473730103113E-061
   331.156742478148       1.735049487428639E-010
   331.165330287749       3.501213672661152E-012
   331.166384381954       5.085265993717949E-056
   331.246797376232       1.910083619714323E-010
   331.429529224329       1.256971140729772E-012
   331.636979959963       8.446767793185203E-067
   331.705831397132       1.087559975517142E-013
   331.868888146793       3.587394045674845E-014
   331.906295034126       4.955140933674794E-061
   331.942446665983       3.237810040469484E-011
   332.179966469239       1.567166504157336E-011
   332.696019159193       1.351103605962126E-012
   340.434447702688       1.652873979150381E-072
   340.469664127249       3.132268264565455E-006
   340.531944736088       1.056331994631905E-062
   340.607598656706       1.103127757353949E-063
   340.653124093900       2.189434072060353E-008
   340.679138429087       9.755035671574006E-020
   340.679854117854       1.043606666272083E-061
   340.761775227929       9.176235360117964E-015
   340.960978756506       8.828370988945292E-009
   341.154045890209       1.851629033184710E-068
   341.223426079773       1.772115100318375E-012
   341.399332419424       4.653977045406589E-021
   341.426395027089       3.037276608475714E-063
   341.467132239748       7.451578291727374E-008
   341.717203011875       3.005069276844690E-015
   342.236643291658       1.338351005684953E-008
   418.807898026605       5.704795409356364E-045
   418.840783769578       1.264234483891730E-036
   418.906038867053       2.294203120499832E-034
   418.999675523314       5.452810039091431E-041
   419.030759252418       5.470266462105303E-037
   419.072753889431       7.946683894934608E-038
   419.073521176957       7.073719996414381E-038
   419.158031697050       3.096805734011095E-041
   419.375460572651       1.958267885532881E-040
   419.519567678609       3.167861211624867E-042
   419.590475232707       1.056597957461028E-037
   419.785055109778       3.118322837723003E-042
   419.794121229435       8.344443465974760E-038
   419.836114262934       2.239064488591618E-038
   420.108195144129       6.371761568426477E-045
   420.604786249947       4.687665565215864E-042
   418.839456222374       1.080729189074039E-044
   418.859489556548       1.674915242793899E-038
   418.940515082040       5.738399605488759E-037
   419.004526273608       1.388402207416268E-040
   419.076108798225       2.939475108581625E-035
   419.080410740599       2.583918417176373E-035
   419.091432751813       2.647518083678150E-038
   419.176690441607       2.501717890139021E-040
   419.364280699154       3.778225037770632E-041
   419.538182497445       1.101351922416469E-044
   419.622714411960       1.924660106252559E-038
   419.790800113270       2.563659159558533E-041
   419.812259075409       3.515884614449174E-040
   419.868780556124       5.341369464372466E-040
   420.111624324435       4.634952755057607E-043
   420.624910039963       1.975830790275048E-043
   418.900814201704       8.229179062027766E-072
   418.954791989842       1.938500844157006E-007
   419.000673056150       1.870396075034910E-065
   419.089996103814       7.090456681388944E-064
   419.105219455455       9.858236539773989E-009
   419.144629103012       7.355282394034792E-022
   419.164928481123       1.168832414313262E-067
   419.228004355554       3.839386227438988E-015
   419.442798518698       1.533631826872828E-010
   419.615998438998       7.351371186554267E-071
   419.668709241492       3.462962315486701E-015
   419.860491227679       2.981220857761652E-025
   419.893405297409       8.271019650439719E-064
   419.914373636475       3.948993374491383E-011
   420.182419057578       4.763367012121900E-022
   420.686069235183       1.178157997602066E-014
   418.981830588827       2.326081830070677E-071
   418.998800760085       6.383552381629677E-007
   419.082359678978       6.511308245611002E-064
   419.149844961107       2.673556633199854E-065
   419.221428626951       1.264642374190359E-066
   419.224945701523       1.250899558026920E-010
   419.239133049947       7.003122194395879E-023
   419.324737105190       1.877142506696640E-015
   419.515536981776       3.771983534264406E-010
   419.681066728693       4.851033742276787E-071
   419.767938177838       4.342184963353832E-016
   419.938957500392       2.250578691271103E-025
   419.954648781380       2.177118094212353E-066
   420.013964895972       1.035714694748773E-012
   420.260229375112       6.522197898113613E-021
   420.770648254749       2.879720983349219E-014
   419.085419973419       2.695666473521447E-069
   419.139194468949       1.998132922413204E-011
   419.186607719004       1.785789436233993E-062
   419.264115778172       1.539609882201031E-069
   419.292382132553       2.826383421159106E-012
   419.320124315220       2.815789279221871E-017
   419.338615131753       2.720873290060745E-066
   419.403040689209       2.070305090762795E-011
   419.606342844436       1.111397958930829E-013
   419.796520519593       4.436991194505294E-071
   419.850483155384       1.531743232121558E-020
   420.031928443802       6.822638720330607E-019
   420.074359997215       1.333838922944259E-067
   420.096316423812       1.233399487976660E-015
   420.352770192015       7.667061119687290E-015
   420.864017295052       1.570769135135548E-016
   651.178718009665       1.466104424486195E-073
   651.219241410192       7.830768605148914E-008
   651.281598605667       7.267393876532884E-064
   651.358004161962       3.525228558041959E-064
   651.402517781849       2.428414766565339E-010
   651.426757405179       1.053907026924766E-024
   651.433205687378       1.276640967372952E-067
   651.512910880623       5.205505778499019E-016
   651.715312578299       3.679436558214284E-010
   651.870401382615       8.447278904382665E-069
   651.937065747871       6.157086844255971E-014
   652.119255206087       2.283405121644472E-022
   652.145124106385       5.755516642603454E-061
   652.179641326346       4.605895909085897E-009
   652.440382219768       1.708495132128554E-016
   652.931793152253       5.958795753466575E-010
