                  1520
  -19.1149416204816       3.762468384122848E-042
  -19.0682276000250       2.358483139565996E-038
  -19.0649124528598       6.464825420142070E-038
  -19.0503342337094       2.456627815131714E-042
  -19.0209439428326       1.506669746309936E-037
  -19.0127104671680       3.142350607251715E-035
  -18.9905868547668       1.132829700411442E-034
  -18.9666688543216       5.879531576547895E-040
  -18.8795542264481       5.195670250269563E-036
  -18.4343255810283       2.990425442278688E-041
  -18.3921416371092       4.895864328711115E-034
  -18.3418543477928       9.974498494626039E-038
  -18.1677655065629       4.108483827273634E-044
  -18.1333238238842       1.785182594953033E-038
  -18.0506327905706       2.139618662482408E-038
  -17.4599127641842       1.009314734991492E-037
  -19.0544021339197       6.779026821944433E-043
  -18.9929201577737       1.063252928982553E-045
  -18.9784494568523       1.620314785779883E-033
  -18.9776858095514       9.045602170597201E-036
  -18.9331740475227       6.841023280781168E-034
  -18.9169696344688       1.166916722614487E-041
  -18.8947023844194       1.293856723226583E-036
  -18.8604007085891       7.211413212015389E-039
  -18.7844264913831       1.526903753392280E-041
  -18.3803479212847       6.801792250270152E-043
  -18.3457788958335       4.361831814798898E-040
  -18.2401416596238       2.358275371405683E-034
  -18.0958209809305       2.563329815021340E-041
  -18.0670753010318       2.500820514034404E-042
  -17.9628754937153       1.890635828153590E-036
  -17.3876123445851       1.972509125237083E-041
  -18.8424319562275       2.924746035816075E-039
  -18.7870879145910       1.923313771773242E-038
  -18.7823321183185       2.203173323577611E-034
  -18.7672339343069       1.287470109389498E-036
  -18.7215415005329       1.178721124313597E-034
  -18.7101802828811       1.609883750729132E-033
  -18.7043457926176       2.615531787958427E-033
  -18.6812348885828       9.235265281126004E-035
  -18.5951495836796       2.620587078099323E-039
  -18.1780468962596       3.416900881836198E-041
  -18.1301762276162       1.734819996546328E-036
  -18.0508015146981       6.988439776837274E-034
  -17.8948071419019       6.227152762448945E-039
  -17.8697214802578       6.330949352489553E-041
  -17.7728908464057       3.829360074141275E-036
  -17.1917487809909       7.753333677555223E-042
  -18.8088484960897       1.328338806819002E-039
  -18.7741073812635       1.120004145202916E-035
  -18.7624976534917       3.335059306493295E-035
  -18.7528897342821       4.061457252454119E-038
  -18.7170686210347       5.915144777080907E-033
  -18.7086307792855       7.574159284825624E-033
  -18.6947007858456       2.416257933420563E-033
  -18.6760693163756       3.433461646697538E-037
  -18.5958239665332       3.138301033705538E-037
  -18.1462372343539       1.429881418037791E-037
  -18.0997145240323       1.569459650218275E-033
  -18.0459541394172       1.953406478347149E-036
  -17.8829172938999       3.389726907387735E-040
  -17.8459693648503       3.181428309779894E-040
  -17.7719106438037       7.624263045439329E-038
  -17.1837542604140       7.899594006045778E-039
  -18.8026998135129       2.326298113206486E-042
  -18.7570332062944       1.807888949940591E-038
  -18.7392955536791       2.062804127696249E-037
  -18.7190066837798       5.828642637549667E-041
  -18.6965974415855       8.767600706249339E-037
  -18.6809556170255       9.312802888735794E-034
  -18.6783980984033       2.719765783410594E-033
  -18.6206659456318       1.948463701701253E-041
  -18.5327146676737       1.474887331485302E-039
  -18.1297311190803       1.312648613785710E-040
  -18.0688468344299       4.306621781819540E-034
  -18.0220975310823       1.143670294847639E-036
  -17.8501503513303       5.843156132041494E-043
  -17.8323601809392       5.753803083457612E-037
  -17.7079485001965       5.176118159827436E-039
  -17.1210064899154       1.642485619880339E-039
  -18.8307599083835       1.172270590525317E-009
  -18.7807483244971       3.202304944209790E-074
  -18.7656348583925       3.033069254448614E-008
  -18.7438443908052       4.351338650966307E-066
  -18.7123349824971       2.617937905739810E-009
  -18.7045570115802       1.701115088517717E-074
  -18.6709331261487       2.558763484982711E-070
  -18.6446681854391       2.689210830889642E-008
  -18.5630688002824       1.375603920304517E-073
  -18.1366036564624       3.636818220558049E-064
  -18.1037583867034       1.543525951405072E-010
  -18.0599665230358       2.051469768010002E-072
  -17.8703465850223       1.316561529281161E-011
  -17.8621716242666       2.434881227740667E-070
  -17.7456662013733       8.401758788982991E-066
  -17.1673731607651       2.324725291422895E-075
  -18.6594709951620       4.159888738848691E-043
  -18.5894663013506       8.666499596660688E-045
  -18.5750952614001       7.367229322322620E-037
  -18.5595315608951       6.970647426074602E-034
  -18.5308646892975       3.964225999295690E-033
  -18.5106715356882       3.235515030647281E-038
  -18.4791532806690       9.117169894792320E-035
  -18.4485169262959       1.940552100824501E-033
  -18.3570405555864       6.496709796241613E-043
  -17.9619196342872       6.429005428747756E-043
  -17.9402543755089       9.197089231586985E-039
  -17.8112868006047       3.423700719209877E-035
  -17.6826395762906       3.476069591815412E-043
  -17.6692990913838       2.597466288604484E-042
  -17.5328699527838       2.777089871045810E-036
  -16.9540783730462       1.469140060277023E-042
  -18.6359364422924       1.751548798127683E-044
  -18.5779548307109       3.912582985339163E-037
  -18.5671823335735       3.234394248244062E-040
  -18.5670864623357       2.366991195513999E-038
  -18.5308560957283       1.883456997703756E-038
  -18.5152773103553       3.890407332563665E-035
  -18.5111714551123       1.251674005446403E-034
  -18.4803871800664       1.014032099265724E-039
  -18.3751098585890       7.670592780350373E-037
  -17.9544721682726       1.023055820005129E-042
  -17.9210739888319       5.437007718199801E-035
  -17.8522166254555       1.087620929377481E-042
  -17.6786943166014       4.023519025833753E-045
  -17.6616745417479       1.453946496352406E-038
  -17.5534732664541       1.051237182928796E-038
  -16.9712724318967       1.366734277173789E-039
  -18.5516156231194       2.509131761023401E-048
  -18.5219630883937       1.966208141482084E-041
  -18.4954921802899       5.461463033003391E-040
  -18.4934783120676       3.738426345170518E-041
  -18.4526718209386       1.263781179779007E-038
  -18.4415487307874       4.209529283171093E-037
  -18.4178967514301       3.088353304027438E-039
  -18.3857827150069       3.658393470749745E-039
  -18.2878981569802       7.636404887355557E-038
  -17.8769973525158       2.528528970405179E-048
  -17.8388078648970       4.989728345753798E-037
  -17.7787498351912       2.915720508161100E-041
  -17.6132573683399       1.555098287286093E-045
  -17.5707153258349       1.786066224039107E-038
  -17.4678093276249       1.089348471905568E-038
  -16.8873623093955       3.940019634805691E-039
  -18.5668742566746       3.289815461254525E-015
  -18.5155369477496       1.229739464956023E-070
  -18.4971604983205       5.730877123445179E-008
  -18.4953395464193       9.919174118618114E-013
  -18.4814697720893       1.771369032316842E-062
  -18.4649041128325       1.120708614885595E-004
  -18.4383450761908       4.850141136312316E-067
  -18.4113261314855       6.840736416001392E-067
  -18.3364672256983       2.506856150222053E-070
  -17.9008101678737       4.163741339757572E-018
  -17.8835385051899       5.312546600860382E-064
  -17.8135472432590       4.507060925348109E-066
  -17.6274071735934       3.401849866357696E-016
  -17.5885507988774       1.377364760998830E-071
  -17.5160764158756       9.994074252330692E-068
  -16.9319638645286       7.284654731033938E-070
  -18.4474519336227       8.834804460988818E-012
  -18.4108309806207       6.299367776681637E-073
  -18.3976192724175       3.475883198802567E-008
  -18.3932455283414       6.517279057872257E-008
  -18.3638747477356       1.692299386275428E-063
  -18.3440206265824       1.264320839525380E-007
  -18.3293313012857       1.497644870192282E-071
  -18.2991764454244       1.107721258050434E-067
  -18.2046838296552       4.621847092126785E-075
  -17.7877437176958       5.141678918967747E-014
  -17.7574711205701       2.181900182377140E-067
  -17.7033633887493       8.101885908054089E-068
  -17.5145443587282       1.857291517708504E-012
  -17.4827582461303       1.171331308798518E-071
  -17.3858070317419       1.758499950475366E-068
  -16.8052279214576       4.310444893136196E-070
  -18.1677700731198       3.668269078735404E-045
  -18.1114303281281       2.518727098637305E-036
  -18.0890712793911       3.958656598221829E-043
  -18.0853270385446       3.324491096579143E-036
  -18.0819123798034       2.582381521250582E-037
  -18.0441674086141       3.851271154411268E-037
  -18.0321041932452       6.979732122239394E-041
  -18.0131627183415       1.313612192347495E-040
  -17.9264061447158       4.152170673483603E-043
  -17.5005142425296       2.121900327544863E-046
  -17.4785124972440       1.080856659004262E-039
  -17.4190984798854       1.634113658751571E-036
  -17.2005543285171       2.069664020326989E-044
  -17.1802353040270       2.897481979831947E-043
  -17.0982981357596       6.168244721166377E-038
  -16.5058686085998       1.479573952619511E-043
  -18.0722757913945       4.835388874888952E-043
  -18.0366090273517       3.050098681521850E-037
  -18.0218336742465       3.526522201937024E-039
  -18.0176531538704       1.264750505833877E-037
  -17.9860882708676       1.317703770529145E-034
  -17.9795757615485       3.122166182922377E-034
  -17.9592835277577       3.891778264019774E-035
  -17.9344801156098       1.352373438684394E-037
  -17.8452706936913       5.389179148251491E-041
  -17.4092705087053       3.431688730196234E-043
  -17.3789506849095       2.535793216037263E-038
  -17.3235798821621       1.408498905901794E-040
  -17.1435059828368       7.564084529013092E-044
  -17.1101930122756       3.708048820188292E-042
  -17.0241904445478       6.234611783217795E-038
  -16.4397706268058       4.015253936309835E-040
  -18.0375908309222       8.475016761980762E-039
  -17.9851740468911       8.771206839688611E-037
  -17.9804168603883       5.987358785232010E-033
  -17.9675191700796       4.100968939350070E-035
  -17.9210539745655       4.250988952867919E-031
  -17.9122450127451       3.435602580198853E-030
  -17.9115192264060       6.547606606389957E-030
  -17.8818832755607       7.886031359869134E-033
  -17.7992784213639       1.530839024816338E-042
  -17.3752038389024       7.986724460323337E-042
  -17.3295938877708       2.267325021857268E-039
  -17.2561068744571       2.385175991108123E-033
  -17.0940951952056       5.336293692420463E-039
  -17.0641009787665       7.107077611816048E-042
  -16.9772426890351       1.212392957902673E-035
  -16.3947883295782       2.743585726974198E-041
  -17.8092933488902       2.384500211471928E-070
  -17.8040594289272       3.384425169096603E-008
  -17.7885541502956       1.296580023460046E-008
  -17.7697270679058       3.657330484540227E-007
  -17.7346129408262       5.045548480300290E-060
  -17.7196195307702       1.642946246594122E-064
  -17.6987888327264       1.751294489183292E-007
  -17.6618693728631       3.159833508502467E-063
  -17.5581057979417       9.570957515040310E-070
  -17.1393281749466       4.679357767089252E-016
  -17.1134596661847       1.079864682373611E-063
  -17.0566844311197       5.337949226730617E-069
  -16.9033362183145       6.082273663706349E-012
  -16.8786802638000       2.739194877671561E-069
  -16.7475943828087       6.218530795027214E-068
  -16.1784298588995       6.174023487978241E-072
  -17.8271539534393       3.704296720640716E-012
  -17.7931820855375       5.733433153601462E-070
  -17.7536872102571       6.004470601686103E-009
  -17.7178073765267       1.577708635558977E-004
  -17.7174746551278       1.340648247943633E-052
  -17.7034284867468       4.842632707426433E-005
  -17.6951872232159       3.411507392574532E-062
  -17.6561547420863       3.649968798880107E-065
  -17.5569489816068       9.787938621972476E-073
  -17.1198042891928       8.359918865981033E-065
  -17.1192052068033       8.596214611957154E-017
  -17.0145009568689       4.212809761389838E-071
  -16.8856979134709       3.040359589073391E-013
  -16.8626701194998       7.655042777239666E-074
  -16.7364351391197       7.434325848558464E-067
  -16.1538561964635       2.598369210988158E-070
  -17.6364863529551       3.218938580757973E-045
  -17.5861066596020       2.802403584855301E-036
  -17.5763199625741       7.234024758279454E-037
  -17.5642903518168       2.041052585805624E-043
  -17.5408273214109       1.474987949985729E-036
  -17.5256150050252       2.177174381904627E-035
  -17.5133886075075       3.642296572532095E-035
  -17.4907957396277       1.860244247213049E-038
  -17.4135868789117       1.653900578738641E-042
  -16.9765258508734       1.686247251406924E-043
  -16.9397085235377       9.529264198845116E-036
  -16.8805757911805       1.570248561492454E-039
  -16.6913497600534       1.538952217212397E-044
  -16.6601361784214       1.853381470063425E-039
  -16.5905107434137       1.051254653287871E-043
  -16.0025812489847       1.306001764595332E-038
  -17.6020817492643       1.823914272832639E-043
  -17.5398023802319       4.623120302068893E-040
  -17.5389386781727       4.902314886536552E-035
  -17.5250811083653       1.213001969670649E-039
  -17.4948212926116       5.654358530696548E-035
  -17.4780048092316       2.803009316933483E-034
  -17.4678494683062       7.091547930918312E-037
  -17.4427149096922       1.213749826913920E-034
  -17.3515481107089       6.501106237983026E-040
  -16.9348617133367       8.580373214839776E-043
  -16.8980778556692       3.757377657175795E-038
  -16.8287004450072       2.110726222771532E-035
  -16.6472021397513       5.714690572413951E-044
  -16.6209797531956       2.183378842685841E-043
  -16.5285139038874       8.348021830878991E-037
  -15.9431831911689       1.015996808657116E-046
  -17.6535593405228       5.556551477273973E-045
  -17.6024187897580       2.760032672806636E-039
  -17.5764154959183       4.844529744880465E-041
  -17.5712736262086       3.867598701866580E-036
  -17.5419978704313       3.790642465164726E-036
  -17.5291774392830       2.948770725579615E-035
  -17.5214408014118       6.030978179850694E-037
  -17.4915494774212       2.549665589938909E-037
  -17.3855609660152       3.949162845000589E-037
  -16.9664318030218       1.003026483700841E-044
  -16.9199978842037       1.148814208483968E-036
  -16.8484713567920       2.414934181538417E-039
  -16.7019078570567       5.130551611810704E-045
  -16.6986523547987       6.127960732392483E-042
  -16.5677075646687       2.340287272096913E-040
  -15.9887280799263       8.758880882516658E-040
  -17.6223098799125       1.600664036387793E-038
  -17.6157801206313       3.200590231673290E-045
  -17.6021070977857       9.111094081922738E-040
  -17.5609729624686       4.988827494562917E-035
  -17.5305501796497       8.891934414529070E-039
  -17.5297632958847       1.002695036444744E-037
  -17.5132919490186       2.769787494170581E-034
  -17.4780037933537       3.159708001154359E-038
  -17.3639007670418       9.868450364927358E-039
  -16.9389534834195       3.564809178684577E-044
  -16.9145051236017       9.229045647300753E-035
  -16.8408369431106       3.366409376447655E-037
  -16.7090394170183       6.067258530787524E-044
  -16.6971153494941       5.616192869511871E-039
  -16.5467329451552       1.405319810808560E-041
  -15.9670334767079       9.245652919135111E-042
  -17.3800834846484       3.894288758421371E-040
  -17.3195452562410       4.502694585848578E-041
  -17.3078288009241       2.823144936002747E-037
  -17.2878644487316       6.145143455781863E-034
  -17.2509916655112       1.393440192095921E-039
  -17.2474232417546       1.007910893282146E-035
  -17.2126663225390       7.375325564264706E-033
  -17.2005523114559       3.746734953215586E-033
  -17.0937721025256       4.527320418412159E-041
  -16.6834759325687       1.724213446176614E-041
  -16.6570138835808       8.364554696237974E-039
  -16.5395238507647       3.258539944470908E-035
  -16.4152185224431       1.131280610789524E-045
  -16.4132268918742       6.135490974076041E-044
  -16.2682565505390       6.336200592389962E-036
  -15.6844876760680       7.983035053994248E-043
  -17.1638463540945       8.352333677220120E-043
  -17.1456611344606       2.469177579813426E-037
  -17.1159843284417       1.587763812435142E-040
  -17.0727530314485       7.062273352519118E-037
  -17.0523143868157       1.382172448665116E-033
  -17.0392589695118       1.999804217599189E-033
  -17.0383648543313       2.967394206431846E-035
  -16.9857329071941       8.428647892620068E-042
  -16.8624858832723       1.385071979500950E-036
  -16.4442702638937       3.911197892481567E-041
  -16.3947121067184       2.035823190308000E-034
  -16.3124370445862       1.795840888883719E-038
  -16.2077856811898       2.565229027700672E-043
  -16.2016856316454       8.848786098549970E-038
  -16.0308384452586       4.743172991029317E-038
  -15.4381500384044       1.210707318157968E-038
  -17.3269539618811       4.963588920533708E-009
  -17.2893434771190       6.418966062753078E-072
  -17.2474883450180       3.188747138731971E-008
  -17.1860019620495       1.218104142041411E-060
  -17.1730036725473       2.773928373138671E-068
  -17.1583354381966       1.472836949532980E-008
  -17.1249876989846       7.592745955731946E-068
  -17.0712539572537       2.385809565758472E-008
  -17.0011846241541       4.264934914056563E-072
  -16.5904075114945       3.203342586278284E-061
  -16.5652577950279       2.565064851959219E-010
  -16.4960130367412       1.530254094926576E-065
  -16.3471030620847       1.587549331175439E-010
  -16.3391393302315       2.390273106328907E-066
  -16.1966527766561       2.235208411210691E-066
  -15.6325682814712       6.560099661869857E-073
  -16.6052237902862       3.433762424504946E-039
  -16.5803553337314       5.040227721353930E-036
  -16.5497843724239       1.500686236209127E-035
  -16.5419772724983       1.126754149359552E-035
  -16.5093995710636       3.001982962161740E-033
  -16.5039182611461       5.272962068281455E-032
  -16.5027120568070       2.297730774087652E-032
  -16.4361404542558       1.148899889924390E-035
  -16.3534884613821       2.797781555846473E-040
  -15.9390184792281       7.836637164188241E-038
  -15.8811100756766       1.261777413552596E-033
  -15.8394831714140       1.720449661984459E-037
  -15.6855822520564       3.151799330061074E-039
  -15.6511098950155       1.515804088503690E-037
  -15.5473521739470       6.116601756516207E-037
  -14.9824721423978       4.248244601422543E-039
  -16.4669888954924       2.082741036273158E-037
  -16.4247506206592       2.069815889054373E-038
  -16.4130675147782       2.274166119048525E-033
  -16.4038499842959       1.800226861837440E-033
  -16.3580052480056       7.208586751986294E-033
  -16.3427353362972       2.350949801362298E-033
  -16.3346102282357       1.418499896325966E-032
  -16.2995768563009       2.165082070721139E-034
  -16.2329043372597       5.028280937754417E-040
  -15.8012756566849       6.972042353444339E-041
  -15.7581656490035       1.274953122536488E-035
  -15.6718040697568       8.802329520285800E-034
  -15.5328666618709       2.342888888060279E-039
  -15.5006765279586       1.065276128916456E-040
  -15.4104099963304       8.710517503644117E-035
  -14.8296135806120       1.331852525746479E-040
  -16.2393583069396       4.494595835001099E-014
  -16.2054310515376       3.284439039060188E-011
  -16.1826051302163       1.165946821951794E-066
  -16.1756132147415       1.975795390517336E-057
  -16.1723404831738       6.796103655688680E-007
  -16.1554601234727       1.539753191887890E-006
  -16.1258453870201       9.576632740563031E-068
  -16.1145621505766       5.332760323629777E-065
  -16.0454850722971       4.211915222877964E-072
  -15.5900348115167       8.569503377252676E-014
  -15.5638022126397       5.940979708462505E-066
  -15.5273825648780       1.550057277104439E-065
  -15.3050728060656       2.442759596675309E-016
  -15.2720830812831       1.382477149281763E-072
  -15.2208313310679       1.351698400425428E-067
  -14.6246723839457       3.269424316894699E-072
  -16.1766566127589       6.646828896823097E-046
  -16.1404750991552       2.521915908501360E-041
  -16.1158424308150       1.339799286484683E-038
  -16.1088550219284       3.489009388637348E-036
  -16.1070396615736       7.555976596889649E-037
  -16.0856514333854       5.787358773066462E-036
  -16.0606601699164       3.885437099383850E-036
  -16.0453527017330       7.305146287182913E-039
  -15.9745778024945       1.837640668136190E-039
  -15.5263877862809       1.773795341759761E-045
  -15.4986210000340       1.845064583032511E-037
  -15.4600387028298       1.109127011052548E-039
  -15.2373586035618       3.516583019292195E-047
  -15.2038189533521       2.850162816611812E-041
  -15.1516501332921       9.086029789707862E-039
  -14.5585518332666       3.540560986837995E-039
  -16.1656001988130       1.026224347608806E-015
  -16.1168584905183       3.624313804732621E-007
  -16.1160900368212       1.074535249214925E-062
  -16.1107880559714       2.803404859616966E-012
  -16.0927379769717       8.390900553009442E-060
  -16.0793389037912       1.789035034941569E-004
  -16.0652720942718       1.192119235034462E-062
  -16.0383652133546       6.745376069875372E-063
  -15.9674150091470       2.719824575639170E-067
  -15.5146458161103       1.373524721392314E-015
  -15.4935679851819       8.971409837635943E-063
  -15.4415030274873       5.476712069406928E-062
  -15.2401527176598       1.327081260376257E-014
  -15.2055205648531       7.701842379124898E-069
  -15.1530539982508       8.458071582632486E-067
  -14.5688482746447       7.241402234382974E-071
  -16.0314163427737       1.094104968988971E-043
  -15.9930942154391       2.569136651120738E-037
  -15.9658743598352       1.595387204806272E-036
  -15.9614432223096       2.322577875222688E-040
  -15.9578953585066       9.386209732832593E-038
  -15.9331623857495       1.912276119505907E-036
  -15.9169591397009       2.298466382788558E-039
  -15.9000867846101       7.402620497480226E-038
  -15.8277952179786       5.675146869471367E-041
  -15.3798817864713       5.380398668747627E-048
  -15.3571347539098       5.247391158529507E-040
  -15.3161911591565       3.399403122856998E-036
  -15.0844122893818       1.261937015583437E-042
  -15.0569619496917       4.564177139214961E-043
  -15.0050335183054       4.208503363477962E-040
  -14.4116425037710       5.405099924604794E-044
  -15.7914318343402       9.289316767334261E-046
  -15.7531602281609       1.025634709447257E-036
  -15.7282259554058       7.387589635056697E-038
  -15.7174285156411       1.392001289663410E-037
  -15.7128965794534       6.825226502748050E-040
  -15.6927667493359       3.537158528298688E-037
  -15.6748155123395       1.303764381971031E-037
  -15.6640200008699       1.514723695880099E-037
  -15.5969661315995       4.017939726078310E-039
  -15.1326317697086       1.457474424261441E-043
  -15.1132004045161       3.292234548273664E-037
  -15.0674514129120       8.851112060914541E-039
  -14.8412884976270       2.257677559611559E-043
  -14.8190703621038       3.984009428545392E-041
  -14.7673833801059       2.764450936154541E-041
  -14.1650814014733       3.860601869634733E-043
  -15.8427881810800       4.124456097298165E-040
  -15.8148679155574       4.797387356262038E-035
  -15.7734434286475       3.164817961999069E-036
  -15.7711079848293       1.415059834412092E-034
  -15.7685620361513       9.268095888197952E-036
  -15.7440117754979       1.946103636552235E-034
  -15.7387240972757       2.000207162690964E-037
  -15.7247615117544       4.958923301219971E-034
  -15.6620857547806       4.827944299807932E-039
  -15.1938097726936       1.540234860139047E-049
  -15.1627552300340       1.115300730698338E-037
  -15.1220665396951       2.704809223000417E-035
  -14.9050504276938       2.447590753756272E-041
  -14.8831097411770       7.441804688499793E-041
  -14.8406906299442       4.372480239677894E-037
  -14.2438226065364       4.551684277980267E-043
  -15.8107276230016       1.146801124673589E-010
  -15.7769717102755       2.280757031139823E-066
  -15.7706174931642       6.658583286092930E-008
  -15.7661109979920       2.392034928520743E-007
  -15.7381284749748       1.031658310305498E-058
  -15.7294335739730       3.173663287413654E-007
  -15.7127409536807       8.943173006330803E-064
  -15.6859211756130       1.908651099666873E-064
  -15.6047201533917       8.848488261340473E-070
  -15.1616110711393       1.456209573746988E-011
  -15.1320960233054       2.454460034860783E-063
  -15.0897896228543       4.419138900975697E-070
  -14.8940243104758       2.177408680581228E-013
  -14.8584652412176       2.731417204238064E-071
  -14.7892066105398       7.546836374615954E-068
  -14.2088871678362       3.378502759676214E-072
  -15.7477208848316       4.700851882550550E-013
  -15.7103087074026       4.372378824184090E-007
  -15.6884932527038       3.202294672509866E-069
  -15.6812299756269       9.891301765867678E-068
  -15.6717640326262       1.002671278757934E-007
  -15.6605524500697       1.011039140642095E-004
  -15.6226590288578       9.352912906545951E-068
  -15.6110285406502       1.390910774683150E-063
  -15.5505162872783       3.708530866156905E-069
  -15.0946673492907       2.554416132152277E-017
  -15.0676231227813       6.708599054661308E-067
  -15.0252732233568       1.919725134142766E-062
  -14.8101912526651       2.453947737769099E-019
  -14.7702399129520       7.350351094371857E-071
  -14.7257360803122       6.600661213862806E-067
  -14.1266009630016       9.045258867978847E-075
  -15.5804521959373       1.458994237523163E-044
  -15.5326332042145       3.699314890692362E-036
  -15.5169716356999       1.011187975146595E-037
  -15.5121868710254       1.004363289332080E-036
  -15.5084584486167       2.535981625943118E-036
  -15.4806974154073       1.757165998266282E-035
  -15.4668780855447       2.736851979164744E-036
  -15.4471025174097       6.742078038302420E-038
  -15.3691974092095       9.886157495618980E-039
  -14.9231286063138       3.469154857464951E-043
  -14.9027900311344       1.125651106074143E-037
  -14.8521961751263       2.185482146615944E-037
  -14.6368613502677       6.976402584318569E-043
  -14.6103547725889       6.839343529129856E-039
  -14.5470166301749       1.574621631526517E-039
  -13.9577670903680       3.437030176375618E-041
  -15.4504244322077       8.740924707467799E-012
  -15.3986163521412       1.058286467085162E-061
  -15.3967199804189       6.779768776438567E-008
  -15.3832093112549       1.617918145039333E-006
  -15.3787970025980       3.817892392598367E-055
  -15.3591283462061       2.211773038952660E-004
  -15.3307347284606       1.395741441818275E-061
  -15.3108750658287       7.154172794094083E-062
  -15.2397124507715       1.024017957552949E-069
  -14.7874247473204       8.405146704366721E-014
  -14.7700753655217       1.081913509115822E-064
  -14.7154157047428       1.644563448851413E-063
  -14.5157361347281       1.643454271922566E-012
  -14.4771097672139       4.224198912246846E-071
  -14.4189265086334       1.547925681392062E-067
  -13.8288626173572       9.452774876529763E-070
  -15.4544172610707       1.598293016797553E-009
  -15.4401436751512       4.122310850255356E-068
  -15.4223660213199       4.846434485904261E-006
  -15.4212267324932       2.324511568584198E-005
  -15.3853261067942       4.407795730126106E-058
  -15.3735399874197       2.988970991210598E-007
  -15.3583248392501       8.262128593153880E-064
  -15.3275732959521       2.975152390007492E-062
  -15.2433236809458       2.668201131488838E-070
  -14.8010883082337       5.236674234885743E-011
  -14.7708242910210       2.223183131953495E-068
  -14.7301909597845       4.902271045382863E-068
  -14.5495403125608       1.119870365183506E-009
  -14.5103228952325       1.969331488738477E-070
  -14.4280131040559       1.890436051183505E-067
  -13.8498788824556       3.702299042274772E-070
  -15.3962740661449       4.880098205252469E-042
  -15.3523000723862       2.240415003083759E-036
  -15.3278483654692       2.097287655462409E-037
  -15.3223112779272       2.639659954124261E-034
  -15.3191113980036       6.628128272584908E-036
  -15.2941280401486       9.969168723976349E-036
  -15.2730385404516       3.177237609920621E-037
  -15.2601951503637       5.780502123447474E-034
  -15.1892132132405       1.379622168655759E-040
  -14.7374377818483       4.058762485350399E-047
  -14.7127504672033       6.734572234957880E-039
  -14.6620238641675       3.033800208588725E-034
  -14.4480699205125       2.656047840342084E-042
  -14.4221045541189       1.332879776021219E-041
  -14.3608757148604       4.337193653625703E-036
  -13.7634645968767       5.117412163809933E-045
  -15.5378049867063       5.438108752238113E-043
  -15.5060994446310       5.205970553248927E-037
  -15.4670104107365       3.739838910151335E-042
  -15.4484069273621       6.216768059394431E-037
  -15.4390935411787       8.018611489177855E-035
  -15.4200870693695       1.894986441030071E-033
  -15.4195929082548       3.310128292450784E-033
  -15.3590808487636       4.204143104352711E-038
  -15.2657707937886       1.207532385916191E-040
  -14.8509703503474       1.889658861388585E-041
  -14.7962591759330       3.439516601734949E-035
  -14.7328914084085       3.997986725288910E-037
  -14.6093425484248       1.231330113326246E-041
  -14.5946691586116       1.177738045331701E-038
  -14.4621259230256       3.465909692963345E-040
  -13.8999956939170       1.152952623401093E-040
  -15.2832307960100       5.185257820428676E-011
  -15.2694469352094       6.224926550170711E-067
  -15.2287950926073       1.440295452963958E-005
  -15.2017870646771       1.184185198497360E-004
  -15.1852574362630       3.597238744036893E-057
  -15.1805401057787       9.025274606524734E-005
  -15.1552309621573       8.891295864488142E-062
  -15.1329368934550       1.069645204143584E-063
  -15.0406242587084       7.276672766861195E-067
  -14.5957105749017       4.497374529280403E-016
  -14.5795285258972       1.278137693438694E-063
  -14.4993068086902       6.386489262387236E-064
  -14.3672747800531       1.530993784830710E-011
  -14.3279764356593       1.799535573336681E-069
  -14.2261030282912       4.340857513526950E-067
  -13.6438789544391       1.245515607669413E-071
  -15.1760956046336       2.311602776389362E-008
  -15.1729033838036       8.562776097421525E-069
  -15.1474428728213       1.958673514145133E-005
  -15.1347665807091       1.214921328195153E-006
  -15.0951442560332       1.854540526522997E-058
  -15.0886274607124       4.231413505783227E-009
  -15.0770436676786       4.091080537426477E-061
  -15.0402816491663       2.355829058938730E-063
  -14.9504106975425       1.140237712809147E-068
  -14.5221977630490       1.841292223516437E-016
  -14.4902042276798       4.424026382946896E-063
  -14.4395667835986       4.267609698150246E-067
  -14.2790882587586       1.632685571012678E-010
  -14.2330655061980       3.050325029188396E-069
  -14.1444263202589       1.551277097673965E-066
  -13.5748677012605       7.734561329388480E-071
  -15.0893328918651       2.180328117911822E-038
  -15.0560913589115       8.826538594428812E-038
  -15.0386364201876       1.308852875101639E-034
  -15.0307426210060       4.649607927833767E-035
  -15.0144539229494       7.814844157480326E-032
  -15.0119044199502       5.556264387469768E-032
  -14.9848274645087       1.994344761317479E-036
  -14.9620613055704       3.575883231624539E-036
  -14.8884870991773       2.037724776004799E-037
  -14.4257168245053       4.508007765919124E-041
  -14.4090241491292       6.791095888789786E-034
  -14.3518143484503       5.919600226281136E-036
  -14.1722923613778       1.520525325056220E-038
  -14.1349458751968       5.020935179812079E-040
  -14.0698448473321       6.062478580189231E-037
  -13.4806106646853       9.861989970696174E-039
  -15.0033628802282       2.494736639362347E-039
  -14.9604598932221       8.244732733528403E-035
  -14.9380815347077       4.005672854900480E-034
  -14.9342425816063       7.016903717721184E-033
  -14.9230617815056       9.750193741366952E-034
  -14.8988231516685       8.515408416403808E-033
  -14.8930649764991       2.450347393789335E-033
  -14.8726368639025       5.713429827630848E-034
  -14.7962617255682       8.025648740066988E-037
  -14.3467168606893       4.419391385047650E-041
  -14.3170871349683       5.654767115838452E-036
  -14.2691272738498       5.896515382823329E-036
  -14.0591823905935       6.562730998255453E-041
  -14.0347782243319       2.746754513567793E-040
  -13.9761771297462       1.994479804664641E-036
  -13.3806452293297       1.153285857641943E-039
  -14.8640699380800       8.991843935135370E-043
  -14.8258923703618       7.630034190790842E-039
  -14.8003323165995       5.636240252685246E-037
  -14.7982428309099       3.254146934936247E-039
  -14.7853061677444       8.237314825001019E-037
  -14.7774457834203       1.889923702185180E-035
  -14.7418101812028       2.651157126162382E-039
  -14.7211772930372       2.286622098633549E-037
  -14.6484818087792       9.450362998934454E-038
  -14.1943428229683       1.506593136859182E-045
  -14.1793902478182       2.047798478518836E-035
  -14.1190201701877       3.180553534772881E-038
  -13.9384166502460       1.518538903906230E-043
  -13.8953861926743       4.771886583706761E-041
  -13.8283101857683       3.179735159270033E-039
  -13.2422904690460       9.579306279758315E-040
  -14.8773971940818       1.772912672474942E-039
  -14.8247880504933       1.039603110892148E-034
  -14.8244191985699       3.986998704316166E-037
  -14.8078012723745       1.750252891675663E-037
  -14.7683176955119       1.393715745484916E-034
  -14.7637326667882       1.416312386545984E-029
  -14.7636308138527       1.444621333638057E-029
  -14.7491618675161       1.805511366121806E-033
  -14.6586007917640       3.771371214869889E-040
  -14.2107755882371       1.005942706113418E-042
  -14.1672506531177       8.082362544839605E-038
  -14.1080419378783       2.498594454771672E-034
  -13.9391093028446       2.818554791424739E-042
  -13.9241709016791       8.806123705218065E-042
  -13.8346768281933       1.549516323561647E-036
  -13.2471883848505       2.134229147709764E-042
  -14.6358660295018       8.790939069385563E-045
  -14.5949044919936       7.067503693642485E-037
  -14.5663351808862       2.505111027454496E-037
  -14.5657507729073       3.362774048928507E-043
  -14.5623319176200       6.891372051181473E-038
  -14.5336194667739       8.639526611916777E-034
  -14.5201772684684       6.027007622693199E-040
  -14.4991185009715       8.245071795427194E-036
  -14.4251428825202       4.503986243994941E-041
  -13.9839429675655       9.743985592550954E-045
  -13.9597429352686       2.316491650985846E-039
  -13.9165182287630       6.759174018955934E-034
  -13.6876864137512       2.869414358253579E-041
  -13.6585980548309       2.962060270385534E-042
  -13.6051057467494       6.946841811195083E-036
  -13.0151058968353       2.778772120078769E-043
  -14.5785301011825       3.327526733200529E-044
  -14.5322439069539       1.284659262133545E-035
  -14.5204866893142       3.750631892603329E-036
  -14.5130346521896       3.469080125523622E-040
  -14.4963582769086       3.153342322662945E-037
  -14.4789782840852       1.467964089728089E-034
  -14.4714704210407       3.763334956243844E-035
  -14.4548252636006       2.681310806984565E-037
  -14.3698237802769       1.805579821198269E-037
  -13.9212378240808       2.012806751510738E-043
  -13.8913847668415       4.475284128936734E-034
  -13.8437972339504       4.019166258604398E-040
  -13.6404727871639       2.260656125560208E-042
  -13.6241435622767       7.431812562254700E-039
  -13.5468193428480       2.343310047864903E-039
  -12.9583430131204       7.698595839467751E-039
  -13.8530048873835       4.251279631719394E-040
  -13.8187684785401       2.276071089024504E-035
  -13.8094547841541       1.279600936488183E-034
  -13.7992436646582       1.606535067564092E-039
  -13.7660947095260       2.307864099534695E-032
  -13.7606810839986       4.888153078891148E-032
  -13.7420876644112       1.216061674638226E-033
  -13.7176651458828       8.919912620406786E-038
  -13.6394333526862       2.706006137959286E-035
  -13.1888512161136       8.290366474009009E-040
  -13.1450319824287       1.464378403879501E-033
  -13.0954697039820       2.052886307828772E-035
  -12.9299397169907       4.159857247866492E-039
  -12.8864656114490       4.019555393363514E-038
  -12.8235272511987       2.304740047648109E-036
  -12.2401533122717       1.101059976103038E-036
  -13.7216835054912       1.008486618894636E-038
  -13.6679534158746       1.153184702547699E-036
  -13.6607217677508       3.866893716971960E-034
  -13.6540815476452       3.950582340788061E-034
  -13.6224814558623       1.285847151000776E-034
  -13.6018699537456       1.061630734136080E-031
  -13.6006825777152       3.165627899018466E-032
  -13.5745872653329       7.426345129978866E-033
  -13.4910367131038       2.977392868018611E-037
  -13.0489814904748       3.403690721681144E-039
  -13.0221255883957       1.285026964227555E-037
  -12.9414656276254       5.831212525130233E-033
  -12.7795433092048       2.748794600227542E-038
  -12.7625014776649       2.517825688931970E-041
  -12.6664297355703       4.650359432594888E-035
  -12.0777879936205       2.621849857363790E-038
  -13.7401753407797       2.322732209406554E-040
  -13.6979738870597       1.098914704597696E-036
  -13.6712692557529       2.035564506137381E-037
  -13.6287441189059       1.777378454794362E-034
  -13.6214293674730       7.531308620049184E-037
  -13.6094204999756       1.751155653907949E-036
  -13.5854589382693       1.820241940435429E-033
  -13.5512746513031       2.677619708377043E-038
  -13.4146638060726       3.677845186283578E-036
  -13.0045938659468       1.526034899673801E-040
  -12.9720373909762       9.443581867508232E-034
  -12.8688097227684       1.691504178260079E-038
  -12.7850298820648       2.086350841970251E-035
  -12.7580110096004       5.957340542267641E-041
  -12.5832216815082       1.185994438728446E-037
  -11.9862650188645       6.230243371685031E-037
  -13.5160871723643       1.088653314351431E-071
  -13.5125728774902       2.451752096662744E-009
  -13.4181148430626       1.541171190580334E-008
  -13.3724297426283       3.580429072513333E-008
  -13.3282933168641       1.172441838046285E-067
  -13.3261003006100       4.606029809577818E-064
  -13.2687430179677       2.132559055581310E-008
  -13.2655629678328       1.082624479492370E-064
  -13.1262780381038       4.891097250898390E-072
  -12.7622998237628       9.097310771669631E-011
  -12.7451267405499       1.696617957114648E-064
  -12.6348134064081       1.654926481381190E-063
  -12.5507958792983       8.297302542915817E-010
  -12.5018980598462       1.751536481571392E-070
  -12.3355397048728       1.324345853643430E-070
  -11.7857258276140       7.142535316894606E-075
  -12.5274497961374       1.106076525919876E-041
  -12.5006759193553       1.003695568479782E-036
  -12.4655536049916       2.566522370055127E-043
  -12.4431579566082       3.240287797373084E-037
  -12.4284575563373       9.553571794769809E-035
  -12.4062565479108       2.724732492195037E-037
  -12.3948965827453       4.936591818700209E-033
  -12.3267346350481       4.741782351226110E-039
  -12.2221514711498       3.005247818483646E-038
  -11.8563370468430       3.931369179852271E-041
  -11.7981954009910       3.192272209323247E-033
  -11.7331558727746       9.668583713367948E-038
  -11.6013712676345       8.619797977329313E-042
  -11.5665322514999       3.890106349338603E-036
  -11.4368800009238       1.408526568076766E-037
  -10.8961941634004       3.967731859530562E-037
  -12.1389040331054       1.902258984997177E-040
  -12.1135986890492       1.198662819797975E-040
  -12.0795568868885       1.909464362895315E-033
  -12.0769669035973       4.039795410186221E-034
  -12.0267893880086       1.940064532151908E-031
  -12.0192389928453       2.092017243842027E-031
  -11.9967910548325       3.131279449262550E-037
  -11.9576198652870       3.310220394297019E-035
  -11.8979495425892       2.388538228841307E-044
  -11.4723599716227       3.551110851125270E-040
  -11.4259933856972       6.659801126606711E-036
  -11.3387355059025       1.006064726105335E-033
  -11.2147536063689       2.387177638583290E-039
  -11.1666023895254       3.871916876664927E-039
  -11.0768723172210       3.432512362383401E-034
  -10.4950890063154       5.727756916520485E-042
  -10.6883548380852       3.080150335755518E-070
  -10.6532398332450       1.980308737398572E-007
  -10.6192081741586       3.084342962415684E-008
  -10.5744893245746       3.590337077870234E-007
  -10.5603813083274       8.759062109591767E-068
  -10.5180360108370       1.447833323052205E-061
  -10.4713696212926       1.321475187066667E-007
  -10.4257447937765       1.777434242361324E-063
  -10.2871591456654       2.409242286369658E-072
  -9.94668447839520       2.217954161769416E-013
  -9.90614917105706       1.078287694549158E-061
  -9.80547216320766       2.929571562839052E-066
  -9.74708644124802       7.022269232691026E-011
  -9.71361980631584       3.630030182790567E-066
  -9.51087879789439       1.744910443219918E-067
  -8.98017319395655       1.499377794423200E-070
  -10.6422149394422       1.877100707830673E-068
  -10.6306771305599       3.616524897725930E-011
  -10.5336773962435       3.970042151008494E-007
  -10.5191148972837       1.459320739498335E-003
  -10.4677715111446       1.079226968576203E-054
  -10.4674583748747       1.022555025808788E-005
  -10.4518582502363       1.896244185595044E-063
  -10.3968748493179       7.662536500877830E-062
  -10.3099308365897       2.446975706662451E-068
  -9.90413357039002       7.106929702133442E-016
  -9.87624062979686       1.898944481130938E-063
  -9.75349901269984       1.004016846665003E-068
  -9.70349441353813       1.543862038937570E-014
  -9.64000535654832       1.375988197708687E-068
  -9.50259496160704       5.977387239510439E-066
  -8.93328394633420       3.491977321225608E-070
  -10.4624760758507       2.812979473364415E-040
  -10.4179744762549       3.044014763675793E-037
  -10.3706835826153       8.466346759053340E-039
  -10.3557002612498       1.999508962917330E-036
  -10.3242602011837       1.408928679819306E-033
  -10.3077088808304       7.359019941221584E-033
  -10.2910211587721       3.162008642652147E-033
  -10.2370531792292       3.826650946523995E-035
  -10.1144146748484       4.263979273361456E-039
  -9.74541228654872       5.399957550864394E-046
  -9.69638073628625       3.777058167413872E-037
  -9.58900517702764       1.240955311466216E-041
  -9.50813516757714       1.179371612359471E-037
  -9.50253374071544       1.209241562083925E-045
  -9.32235565842772       6.091662845569048E-041
  -8.77104101533852       3.003242755256525E-040
  -10.2975762786931       1.626340773941463E-035
  -10.2803879707169       6.338054473337678E-043
  -10.1807641490521       1.512482046980287E-038
  -10.1727510361316       1.699309816963020E-033
  -10.1048231043401       2.272715037229619E-034
  -10.1018350378633       3.800577208583510E-033
  -10.1003528697255       1.090847313770717E-033
  -10.0495178854034       2.683403893500292E-038
  -9.93964024831638       2.228028597478951E-035
  -9.55206443353084       6.327997966185673E-042
  -9.52052912840533       3.265643016230000E-033
  -9.40202979641635       1.125788255063518E-039
  -9.35050772169244       9.303649446059520E-042
  -9.28643804764017       7.752334913147602E-038
  -9.13882418734650       1.336839844042524E-039
  -8.57570916849790       5.655079069347380E-040
  -10.0050806546132       2.136157051526957E-038
  -9.95527680241189       1.023806617417552E-040
  -9.92405566129314       4.325659400137614E-037
  -9.89660003440554       1.999961717633534E-032
  -9.88859147252083       3.497496408979931E-036
  -9.83692866608467       8.538323800568867E-030
  -9.82913097053459       1.632141368211443E-029
  -9.81866899423255       1.605363965092973E-030
  -9.69154793077392       4.779624688969161E-041
  -9.30016747171846       2.548057472922810E-042
  -9.25208584823120       1.270328136099681E-039
  -9.13843077259629       4.649734291095491E-037
  -9.05306255175433       2.536995120124467E-042
  -9.04584057802512       4.351290558361227E-041
  -8.88380344232844       2.005093743654760E-036
  -8.31584042878784       1.066310501105782E-043
  -5.46529018580723       1.878073728567240E-042
  -5.45489890139440       6.093441119442802E-036
  -5.42431403616215       1.152344014944986E-039
  -5.34166582656518       1.832956105315650E-032
  -5.33866093859129       5.683701651932157E-032
  -5.31239977933429       1.564991278688047E-032
  -5.30067240545402       2.716768592092425E-035
  -5.26155085115724       1.374472995483164E-039
  -5.10061623651372       3.437998765701335E-035
  -4.73035107075940       1.274568906845054E-041
  -4.68851248504657       1.678930504832595E-033
  -4.56313098370866       1.033509880046220E-037
  -4.50506431592374       1.774400783611083E-040
  -4.49160423334519       4.047581046310352E-035
  -4.28869687221334       1.463052328937229E-038
  -3.71680507942855       2.444554642724882E-038
  -3.84573985225243       3.446294664788862E-073
  -3.80458770192079       2.074758410289812E-011
  -3.69815182293867       4.277518063534646E-010
  -3.68829986249614       3.398044388644899E-008
  -3.59041737443536       1.967324926188926E-067
  -3.57506163430750       2.139862701487693E-008
  -3.57344824066636       1.637019266520811E-055
  -3.51052901672361       1.162667514361306E-064
  -3.35103945906556       1.180795998092287E-070
  -3.06231811221721       1.844987898491826E-011
  -3.00266238911400       8.159032065934349E-063
  -2.87076028361393       7.334022948168296E-060
  -2.84982098945366       3.249716943709997E-009
  -2.76375088301486       1.281285657840649E-068
  -2.56927656415235       9.930636529742258E-066
  -2.02830779497258       1.918560225478929E-069
  -3.18690134479460       6.220473874871264E-042
  -3.14306822862708       2.201329945035172E-038
  -3.10632123947389       4.912078141584864E-041
  -3.07365155147981       1.549984658817603E-035
  -3.03794258095123       9.361079852125724E-037
  -3.01157334360097       1.120583465743876E-035
  -2.98718863606402       1.174968418968147E-032
  -2.92790144998669       1.078609132529398E-035
  -2.76848273013894       2.738185098168283E-038
  -2.47032550398803       2.296373155268026E-040
  -2.41657162194636       7.752676724979663E-033
  -2.29206034572584       1.320922207822564E-036
  -2.21284295635826       8.570768622430713E-040
  -2.20263610058413       2.131647158948490E-034
  -1.99510510813885       6.156306849363569E-037
  -1.46760975068034       4.863519663896348E-038
  -2.82052250413680       2.836325788779149E-041
  -2.79242756951269       6.142071198288778E-042
  -2.74820529217517       1.087640155620928E-034
  -2.73673723779474       2.405375528660781E-033
  -2.67544248855219       2.180818648810908E-032
  -2.66601136910855       4.275807405142152E-033
  -2.65307894909643       1.177845601149462E-036
  -2.60341642945281       3.197937659275921E-034
  -2.52251258427048       5.895432866659724E-043
  -2.12561985055389       1.312123884966350E-041
  -2.07152235841827       7.036339082118706E-037
  -1.95647949193922       7.335077911792508E-036
  -1.86772472430281       6.627001385482874E-042
  -1.82831395881397       1.589434285970362E-039
  -1.69570086553328       9.534815245217233E-034
  -1.10842636955872       2.359907062072446E-040
   2.56243686576088       4.672201369163572E-069
   2.60424640023898       6.411775324175024E-008
   2.61640289768542       3.347782616777133E-009
   2.71956427713686       3.431098088269524E-064
   2.72250315968209       2.552184994860583E-007
   2.78940704704918       2.816388237653738E-060
   2.80145887399957       3.123832202332183E-007
   2.86376574533418       1.801051628372438E-063
   3.05127559095465       3.719079572628286E-070
   3.30432944118437       1.233875569774349E-013
   3.35832160426413       1.414803454397376E-060
   3.50755748717355       8.265349761268808E-066
   3.53767298060757       1.141659181605745E-010
   3.58116174902359       2.466072794463859E-065
   3.81905635685757       1.159745333068996E-066
   4.34439740060545       2.338428296563036E-071
   2.59703362008212       1.244090837785611E-070
   2.62930337503218       5.375996053515911E-011
   2.71135808790815       2.984860618624247E-008
   2.75260099555881       8.678798072706121E-004
   2.77898340593131       9.676320186181846E-005
   2.82553925520620       6.123709200723565E-059
   2.83834056487190       5.446790574377581E-062
   2.88907993468525       1.123508059127682E-060
   3.00008529297531       1.185175016374132E-066
   3.33603666548222       5.443488056911841E-016
   3.40243414123066       2.353353487430584E-060
   3.52578965709344       5.620735742094366E-063
   3.56971776687333       1.339879909342314E-014
   3.65180009574229       8.912702928833568E-068
   3.80927008817642       2.885373356081943E-066
   4.37965116671743       2.060470630370218E-072
   2.76239068015849       1.101837101559028E-041
   2.80876134918859       4.795201605109672E-036
   2.83590515912661       7.252905465476191E-041
   2.87598468007297       9.512001431195106E-036
   2.92044283821249       2.322050903110081E-034
   2.94491709865796       3.437800458409983E-034
   2.96055290326595       5.878413534381634E-035
   2.99428225080120       5.674522499236138E-036
   3.16710678544766       2.400190597924108E-037
   3.48377245712646       7.795805853009995E-044
   3.51940186392062       1.246815452056470E-035
   3.66484049552047       1.824370506506196E-038
   3.73874932606893       4.442506068039845E-036
   3.74622304081198       6.037042135275020E-040
   3.95706672936851       9.995850764056960E-043
   4.50565628576409       5.869583575327756E-040
   2.88007727494408       2.488895981037417E-037
   2.92147275778780       2.744377348132785E-042
   3.00760250049061       2.752415133377558E-044
   3.04287655265340       8.968456704295422E-036
   3.09300568576795       5.885857657029696E-036
   3.13507540223926       5.911706955021224E-037
   3.13704175577525       1.533647508238023E-036
   3.19256477194001       1.650888143308682E-037
   3.32195693086536       3.525365436438105E-036
   3.63326634610579       5.421720359576369E-046
   3.70401955491537       2.685700436112586E-035
   3.83097369864509       3.131307015338049E-040
   3.86437310475051       9.597465342583795E-044
   3.95197674971515       1.106400653773709E-039
   4.12147378471039       6.616616395941719E-040
   4.68246387445613       3.384819929308387E-040
   3.13353031424469       1.244650704488589E-038
   3.18582714871811       1.106187136084658E-043
   3.20896357209654       1.154086408089036E-036
   3.25734947268596       4.116259303341302E-037
   3.26220720297341       2.791332143115085E-033
   3.31829271602776       1.830412405151817E-028
   3.31980931579872       2.307227628617322E-028
   3.33010166918671       3.007827151533097E-030
   3.48935738061948       1.355200345322569E-040
   3.84223845066214       8.192428512499348E-043
   3.88221823982168       4.082310280586205E-043
   4.01418707080621       3.251891882073513E-034
   4.10786893623267       3.217943595241230E-043
   4.11159387482846       1.723609082639081E-040
   4.29655769932611       2.903984493361931E-036
   4.86211366403834       5.485709994605263E-044
   11.7709637173898       1.959428618741698E-049
   11.7860142405343       1.600347636260786E-037
   11.8295856461893       3.177530841791202E-040
   11.9071579703905       2.255777441542510E-036
   11.9299695427851       2.387383629558604E-034
   11.9488961548809       2.798285442155887E-034
   11.9618381350554       1.437280972686634E-035
   12.0140179135432       1.873767314215414E-041
   12.1836365491740       2.218234648849486E-037
   12.5013177488325       1.435434381746705E-045
   12.5537407765314       4.984148916131493E-035
   12.6926400472284       1.522807969069005E-039
   12.7436995172851       7.243603142108694E-045
   12.7757083559055       4.519593834802374E-036
   12.9828291506097       1.282741508040918E-037
   13.5417820501569       4.340976292931583E-037
   23.8814844632650       1.145092809764888E-073
   23.9349124554241       5.891247509390229E-010
   24.0104435812485       4.575152103600510E-008
   24.0770767267777       2.632307527163335E-009
   24.1472253413238       2.110360306994111E-008
   24.1696849483775       1.869078356667060E-068
   24.1943850663165       7.190367715247583E-058
   24.2656920044891       1.579128262449080E-063
   24.4448302681283       8.979669017187889E-071
   24.6716090949883       2.366154571568883E-012
   24.7649132313278       1.009208430001864E-062
   24.8997903640155       5.091559872289971E-009
   24.9176512564460       2.752458889706198E-057
   25.0048872051903       4.744670794755949E-068
   25.2248478756792       1.823027813619225E-067
   25.7640464803833       1.261353086341219E-072
   24.4994026227450       3.076629868407388E-042
   24.5505331098162       9.102799239267182E-038
   24.5714271391407       5.202649055100481E-039
   24.6301277352888       2.145265470674361E-037
   24.6799721809460       3.022404704152732E-035
   24.7103804842834       1.174690842202178E-034
   24.7406346422217       1.790664860504114E-032
   24.7796428659555       2.652989761169441E-035
   24.9933267071987       1.861077995581380E-039
   25.2490326240846       1.063121501731743E-040
   25.2899938405934       1.411105967881178E-032
   25.4628073375087       6.537282342866706E-036
   25.5101805301733       1.244826933191644E-033
   25.5121963426960       1.257155627964078E-035
   25.7686725287388       7.710436764176927E-038
   26.2996092557163       3.756112302778311E-037
   24.8609387408373       1.893700614357579E-043
   24.8886855457434       2.809909032145032E-043
   24.9433677865994       7.615669974140250E-037
   24.9733047948311       6.021821601874296E-038
   25.0264858514435       4.206087570394292E-033
   25.0411798624336       4.250288595463074E-032
   25.0527570630398       6.132704982897136E-036
   25.1012710369264       8.474787350017234E-033
   25.2234900840830       7.517651615422707E-043
   25.5796886003014       1.467988461102315E-042
   25.6432061804600       1.809905921810659E-038
   25.7675109370140       1.893429495666811E-033
   25.8420851548853       3.448091953620359E-042
   25.8855436379970       1.240287178834039E-040
   26.0481235405780       1.225992390071545E-033
   26.6364471959117       2.616842599860239E-040
   39.0924686764148       1.829929946489511E-068
   39.1038910607238       3.089606601838332E-011
   39.1535295221997       4.188846598655706E-008
   39.2735930275698       2.511459163597944E-062
   39.2737692835587       1.655104106283193E-008
   39.3348543921367       3.790746242561472E-007
   39.3465517698887       2.446609849359224E-055
   39.4162525799002       1.459097153475695E-059
   39.6337778263686       7.362661147827768E-069
   39.8330108483113       5.169720461125710E-015
   39.8999754363367       5.491256277139770E-060
   40.0812711122084       7.781303324263238E-062
   40.0944412031399       4.002160155440966E-011
   40.1471016382831       1.158979116938156E-065
   40.4059752117358       2.131722879208698E-067
   40.9363666836960       2.783722778543222E-071
   39.1196769166006       2.662403418215865E-073
   39.1481203813644       1.265764303302092E-012
   39.2272752025826       4.465041088792488E-009
   39.2818541443994       1.097638260401476E-006
   39.3129257437526       4.560303802422052E-004
   39.3733686674631       1.070271309405917E-059
   39.3820062087365       4.455314803939862E-063
   39.4414454174216       1.398709270904766E-064
   39.5817376200237       4.320940700208321E-071
   39.8589727104121       3.940511204821108E-017
   39.9507001681267       3.210875457436509E-061
   40.0829843771283       1.229956289763415E-058
   40.1199841804208       1.942905203396555E-014
   40.2106233352262       9.518802656537832E-068
   40.3926773502386       9.615816661809630E-066
   40.9655780785077       6.585056285937917E-070
   39.2509202006399       6.810707931675954E-043
   39.3047235964129       4.887487986558578E-038
   39.3232885426384       4.148537549693659E-040
   39.3906447304065       1.652127278462311E-038
   39.4244290653803       6.809680321873822E-038
   39.4590735120523       9.249397912207637E-036
   39.4794557752019       1.994484666484939E-035
   39.5117618229802       1.113455236005070E-036
   39.7184690831450       5.914795188938702E-038
   39.9899325892639       6.371919229669748E-046
   40.0237470689189       2.876798616342128E-037
   40.1969678001764       8.577390937150037E-040
   40.2685853835915       1.099303109004940E-035
   40.2686040976896       9.204997629834877E-036
   40.5117217699627       1.447037534891366E-043
   41.0635824523495       1.940079009417998E-040
   39.3462140719385       8.996326306107592E-039
   39.3848606872446       4.438651746138538E-046
   39.4625095140579       8.246327337998167E-043
   39.5232454838698       2.900532482108040E-036
   39.5625235806646       5.764156950158085E-038
   39.6227114774819       7.465896848594396E-037
   39.6250118696932       8.628352679940658E-039
   39.6929030826055       8.173919240503027E-037
   39.8457922798840       2.534134813102844E-038
   40.0983579000422       1.303086150894814E-047
   40.1949835692190       2.451087507913232E-036
   40.3344186277867       5.393529312322028E-042
   40.3565291030810       1.703807548371165E-043
   40.4541262575594       8.953757419221454E-041
   40.6477840439442       1.434391378669131E-040
   41.2113455155076       1.478643624236738E-042
   39.5568216792248       2.387787839251636E-041
   39.6139477223059       5.404604078379020E-043
   39.6349976181745       5.422355030842362E-038
   39.7061192257850       8.973067209274449E-039
   39.7089149445864       1.096218964123499E-034
   39.7526242675156       3.284340105304880E-032
   39.7658011182016       5.383330235959542E-032
   39.7971233443057       3.863338783702530E-033
   39.9792402920768       2.183750239768692E-041
   40.2867408289173       6.183605017299896E-046
   40.3242479839489       7.929126976082910E-042
   40.4790838736430       2.935212880286088E-035
   40.5685872576652       7.702667178515131E-046
   40.5725653126806       3.803499211705824E-044
   40.7880484826233       8.354816000410988E-036
   41.3561763218602       1.220523909862397E-044
   50.6123660617748       7.558957880561795E-047
   50.6334494937705       8.445080704198232E-038
   50.6874766697592       1.964686154648451E-039
   50.7643240170245       7.332036776216769E-037
   50.7995295168675       2.267138153610386E-036
   50.8194401284849       3.023061541886853E-036
   50.8299279343823       2.955304331541113E-035
   50.8955766474714       3.245478032462603E-039
   51.0784402055533       7.669942129413875E-037
   51.3522079274517       7.232930558728952E-044
   51.4154994447350       1.564478789424961E-035
   51.5700442361607       1.517741833127823E-037
   51.6069865408050       1.904923495099916E-040
   51.6483903143427       6.995547233151837E-036
   51.8712682848537       4.601251193838237E-038
   52.4235537894010       6.645561395414930E-038
   103.507665924902       3.034761336138864E-069
   103.534121820058       1.326044629738959E-011
   103.615733728520       2.222482048152563E-008
   103.697502509296       5.485286249159153E-011
   103.759198913450       9.657033787674561E-009
   103.780375891012       3.999541245894250E-064
   103.806756614735       7.497640741114265E-056
   103.886620795406       2.604813780396261E-062
   104.079240525812       1.420395136486823E-067
   104.264852218760       3.760485758332680E-014
   104.367604346345       7.656154161531210E-058
   104.515400540721       2.292774352667474E-009
   104.535415786028       6.107567476705252E-058
   104.608423628741       2.115129102689455E-062
   104.847650882474       1.010236175871900E-066
   105.376199736210       1.468112395248254E-068
   104.047778648890       4.987276310364338E-043
   104.103946151731       5.123284872849660E-038
   104.131163735691       4.757441567365232E-039
   104.213926830376       1.828587425940752E-035
   104.240683511172       2.725390605192722E-036
   104.283574780734       9.402220833696920E-037
   104.310579335109       7.044119074857637E-035
   104.356235822990       1.520272160993851E-039
   104.584022070045       1.240861124559711E-038
   104.800965893666       8.830018886157377E-043
   104.844821854804       1.629159670319673E-035
   105.037735874869       3.515042355832084E-035
   105.069384294472       3.540703901744903E-037
   105.077763450154       1.182923026777365E-034
   105.349588458894       7.967019585927127E-037
   105.872749348758       9.768439648605798E-038
   104.378927454344       1.458212757244245E-042
   104.410857823524       1.812987597409042E-041
   104.472254049775       7.336169154869992E-036
   104.514745342507       1.374980248633994E-036
   104.576193250765       6.566765251872823E-032
   104.587668654881       8.502344559363820E-032
   104.590787764777       4.133741968539886E-035
   104.657987658438       3.469872910888473E-033
   104.813956115134       1.309649022634301E-041
   105.104782009162       4.150927685214018E-048
   105.174952534718       1.771888563664569E-040
   105.315322585230       1.643222162324848E-034
   105.372389288213       1.627550592193456E-040
   105.416893138002       2.807621608793138E-038
   105.615376913120       6.708761383264606E-037
   106.180504359536       4.862156927229006E-040
   133.712507192602       7.323467808048530E-048
   133.740546014508       3.521398102580760E-038
   133.800994874938       2.112426062834308E-040
   133.875196340212       4.704513539215786E-039
   133.920051257452       3.440875635474981E-035
   133.940554777543       2.517427632927995E-035
   133.946677119737       3.786460898748142E-036
   134.022366681711       2.219967463904729E-038
   134.213253707212       5.079209742334615E-037
   134.447546387217       1.970233630780993E-044
   134.516769746501       2.845748934894163E-035
   134.682123937499       7.693212630239057E-038
   134.712466223824       3.191049566904979E-040
   134.756761919998       1.802705753278776E-035
   134.992110555878       9.318096554044508E-038
   135.531741846827       6.568931674659502E-037
   138.942629798928       2.662666044475186E-015
   138.957848410403       4.762344878113517E-070
   139.023686322586       7.196417863783576E-009
   139.131128287161       2.894167114297452E-011
   139.149445204706       4.234865303363714E-064
   139.197429867808       5.141511080202260E-008
   139.207284600962       2.183715391323599E-057
   139.285823548105       1.250895040605687E-062
   139.507370245368       1.956707130167175E-069
   139.682169477007       1.264184871763186E-018
   139.755551138186       1.039894913873589E-058
   139.947708961107       2.071719072498904E-061
   139.954606247809       3.367317776072250E-012
   140.007611324724       4.154482862134279E-071
   140.273237026298       3.135801926307841E-068
   140.798850914587       3.151153319361694E-072
   138.980150905104       8.891263991825514E-070
   138.985685540081       3.130242021272710E-016
   139.076335683314       1.623082510931512E-010
   139.131201692933       1.739776519300942E-010
   139.188860125736       3.951069724353477E-005
   139.229194811820       2.268216216066448E-058
   139.230331192371       1.168791907422615E-058
   139.308006075522       1.187236588441045E-064
   139.473669206746       2.795767771249573E-068
   139.704066224011       1.513125353338331E-022
   139.800101345576       9.429285815191277E-059
   139.948035800456       7.127454080707126E-064
   139.975881171497       5.046379489981406E-015
   140.056601471228       3.863239744985151E-066
   140.266816765048       2.092506851252796E-068
   140.823173865723       1.153151697160355E-069
   139.065096710509       1.423321376642808E-044
   139.122739203845       8.796669170330546E-040
   139.152725585465       2.701006234311032E-040
   139.240212711423       9.044237683636246E-038
   139.250365117273       3.240289211740494E-037
   139.294564578659       5.919556385423362E-036
   139.318649757436       7.473588078051781E-036
   139.366769967590       4.176880587563300E-037
   139.583071748999       1.833660955358227E-039
   139.811087727729       3.795371277547420E-048
   139.853511969517       1.629684949846865E-040
   140.040744380287       4.192093170451983E-039
   140.091784535265       1.755657982809304E-039
   140.104630129693       1.091331439573266E-038
   140.362371525928       1.302023436041872E-041
   140.901799098161       8.532031070016547E-042
   139.159518467170       8.903033797049213E-039
   139.172738083604       4.913392702911697E-044
   139.261806251117       7.105755123237996E-042
   139.324080084020       2.086537842959234E-038
   139.382398667861       1.129490534029413E-038
   139.421416879239       2.076070556580572E-038
   139.427861449393       8.303087042644316E-038
   139.507243249129       1.819095892936189E-038
   139.680382961461       2.674416256762896E-040
   139.892319845009       1.630535827615283E-049
   139.993169569832       6.848535702878229E-041
   140.147081539949       2.540811093819918E-040
   140.162448781650       3.042872284327178E-045
   140.249429769443       5.056556743289220E-047
   140.467468339146       1.249723534931837E-042
   141.017296546222       4.414570169418836E-043
   139.307972086244       1.089665092696410E-043
   139.365515813832       4.323707818283862E-049
   139.399135480097       2.457657609888883E-038
   139.475198200023       1.435513130422582E-036
   139.489902913432       2.044449087011056E-041
   139.523518923014       9.778868072712630E-034
   139.542519406713       1.241885815095299E-033
   139.593879877916       2.071466185846521E-035
   139.788860309519       4.089302360289266E-043
   140.046426104267       8.988049181369295E-047
   140.092132842092       2.042739969076834E-046
   140.261894336930       5.610598797704435E-037
   140.328441920229       1.093946477119616E-043
   140.344715221822       1.351217170525788E-046
   140.580486592298       7.342524042035037E-037
   141.133447158952       1.664823533425006E-044
   330.203005178175       4.385584471823666E-014
   330.212466581794       3.719480300252218E-067
   330.299772529445       1.744516698789595E-009
   330.380111678709       3.748590048556107E-013
   330.446448882070       9.863753426911331E-061
   330.451272894674       6.865468473639577E-010
   330.473151629422       5.929871161999135E-057
   330.558242857270       9.577923063717605E-063
   330.760304842645       1.612809141358078E-068
   330.906967669516       4.408242466939175E-013
   330.997254935031       2.911642145829152E-058
   331.170454021252       2.537814469022277E-010
   331.177523241543       3.736291147880316E-055
   331.233395902338       6.670263224998931E-062
   331.492604688945       1.883118904381932E-065
   331.988854099730       1.611688639480792E-067
   330.616468165678       2.383944521459811E-045
   330.670642772776       8.459433337061300E-040
   330.713853582137       2.436548578456381E-038
   330.810561185828       2.184324320199360E-036
   330.815296495637       2.907713089506005E-036
   330.864063664009       8.876365894636360E-035
   330.885856542050       1.923899182362120E-034
   330.946127653645       3.276019666694207E-039
   331.167743142201       3.454146024931847E-039
   331.334703454248       4.743592405739971E-041
   331.386902131379       5.682682589164659E-035
   331.583171095027       2.661807724748029E-035
   331.604711515950       2.206578558134922E-036
   331.622729172460       2.438844002501356E-035
   331.898168273067       1.613681279163505E-036
   332.390762202719       1.000527254063730E-039
   330.934511615087       3.497721670534716E-042
   330.973264925952       3.393626265580652E-042
   331.035989032271       6.658784920086038E-035
   331.094292855465       5.557007340778038E-034
   331.156742478148       5.662970210798273E-036
   331.165330287749       3.593490643954950E-029
   331.166384381954       3.454056538242444E-029
   331.246797376232       3.825399576398705E-034
   331.429529224329       2.415004727146155E-041
   331.636979959963       1.291423840883845E-042
   331.705831397132       3.340623056965395E-037
   331.868888146793       1.113599083742819E-032
   331.906295034126       1.217239896374904E-037
   331.942446665983       1.059052701074582E-038
   332.179966469239       5.550309806393411E-034
   332.696019159193       1.082698746632682E-042
   340.434447702688       5.268204122411552E-048
   340.469664127249       8.500795619194414E-040
   340.531944736088       1.560151505550354E-038
   340.607598656706       3.093766424270422E-038
   340.653124093900       6.103598437642817E-037
   340.679138429087       1.383209609870736E-033
   340.679854117854       1.411340179148232E-033
   340.761775227929       7.364293530558298E-038
   340.960978756506       2.085049529629515E-037
   341.154045890209       1.314431911072156E-043
   341.223426079773       4.749664330246123E-036
   341.399332419424       8.581416572460953E-038
   341.426395027089       3.421123956052853E-038
   341.467132239748       3.272659187970169E-036
   341.717203011875       9.386756118857283E-037
   342.236643291658       4.205075457259370E-039
   418.807898026605       1.061661687945674E-021
   418.840783769578       7.202348190952610E-070
   418.906038867053       2.692090959532756E-010
   418.999675523314       4.718715934538980E-015
   419.030759252418       3.632631744792246E-065
   419.072753889431       1.127657561133806E-052
   419.073521176957       1.088415285350272E-009
   419.158031697050       1.506212414878951E-065
   419.375460572651       2.190446015779464E-069
   419.519567678609       1.684329284824639E-017
   419.590475232707       7.627461710255476E-062
   419.785055109778       1.998262043700296E-058
   419.794121229435       1.174945756956414E-013
   419.836114262934       1.466202383476640E-067
   420.108195144129       3.628497222869765E-067
   420.604786249947       1.010697541475950E-070
   418.839456222374       4.480077127792656E-021
   418.859489556548       2.606408788975955E-070
   418.940515082040       1.345767882382335E-012
   419.004526273608       6.104627537396658E-014
   419.076108798225       8.058980179541810E-007
   419.080410740599       3.200029371443595E-061
   419.091432751813       1.418879801315726E-059
   419.176690441607       3.529498521126671E-065
   419.364280699154       6.356647052903318E-070
   419.538182497445       1.776427159711207E-020
   419.622714411960       4.964778811675090E-061
   419.790800113270       3.661730291442000E-060
   419.812259075409       3.038226723323347E-016
   419.868780556124       1.563701856165203E-067
   420.111624324435       2.615471972137418E-068
   420.624910039963       2.168452112352658E-072
   418.900814201704       1.889363175182261E-047
   418.954791989842       8.475617809900958E-045
   419.000673056150       3.360608059299823E-041
   419.089996103814       2.089018201453936E-039
   419.105219455455       1.040057908915969E-037
   419.144629103012       2.441184190808322E-036
   419.164928481123       1.407327908504417E-036
   419.228004355554       2.026560657619025E-039
   419.442798518698       3.344578670676812E-040
   419.615998438998       2.506445551380933E-046
   419.668709241492       1.426929822928494E-040
   419.860491227679       6.210169518404300E-042
   419.893405297409       3.181382728209513E-040
   419.914373636475       2.761581283618139E-042
   420.182419057578       7.546380869699592E-044
   420.686069235183       5.913593309261221E-044
   418.981830588827       5.557580680992140E-047
   418.998800760085       6.888696515075188E-041
   419.082359678978       8.710550919316614E-040
   419.149844961107       2.764272018245015E-039
   419.221428626951       1.364391999704457E-037
   419.224945701523       3.214635301328944E-037
   419.239133049947       2.955244426414266E-038
   419.324737105190       1.089179418366225E-038
   419.515536981776       4.367228811013347E-040
   419.681066728693       1.384373518675576E-046
   419.767938177838       1.761576447523770E-040
   419.938957500392       6.181668055101305E-042
   419.954648781380       2.296543503612461E-042
   420.013964895972       3.514194573813558E-042
   420.260229375112       5.658659096655646E-043
   420.770648254749       1.530817474044631E-043
   419.085419973419       6.982735047344643E-045
   419.139194468949       7.385169563370553E-045
   419.186607719004       3.023149805519485E-038
   419.264115778172       6.929444292912476E-043
   419.292382132553       2.751879329166553E-045
   419.320124315220       9.143987777011481E-035
   419.338615131753       4.237816421642768E-035
   419.403040689209       1.655386240017437E-035
   419.606342844436       2.576543914656147E-043
   419.796520519593       2.481332488718225E-046
   419.850483155384       7.333966546936783E-046
   420.031928443802       1.932214276460048E-036
   420.074359997215       3.759382551838399E-043
   420.096316423812       9.369549409726183E-045
   420.352770192015       4.961183340385337E-038
   420.864017295052       4.133194513995050E-045
   651.178718009665       3.422514815471444E-049
   651.219241410192       2.979847262893857E-040
   651.281598605667       1.481699331661191E-039
   651.358004161962       4.786831615870602E-040
   651.402517781849       1.193112194941207E-037
   651.426757405179       9.413168219170305E-040
   651.433205687378       6.341174629888597E-038
   651.512910880623       1.050721780379137E-038
   651.715312578299       8.250498637286623E-039
   651.870401382615       1.854469134702065E-044
   651.937065747871       1.885717620776715E-041
   652.119255206087       1.512268342231347E-038
   652.145124106385       9.268853687951097E-038
   652.179641326346       2.794670178239743E-038
   652.440382219768       9.951962485501897E-038
   652.931793152253       3.642428755615285E-040
