498.857 1.00000
498.768 1.80003
497.255 0.84688
495.153 1.36421
493.929 1.09935
489.556 0.40624
472.965 1.62548
472.655 1.37632
467.751 0.98284
451.505 0.61347
500.758 0.03073
496.964 0.24196
496.454 0.11103
480.137 0.08668
479.659 0.01762
476.016 0.04041
499.184 1.00000
498.302 1.77468
496.239 0.77718
496.161 1.29306
494.387 1.08949
490.724 0.37575
473.408 1.57636
472.203 1.34043
468.399 0.93403
452.114 0.58912
500.495 0.02606
497.796 0.25006
496.572 0.11471
480.576 0.08745
479.478 0.01805
476.748 0.04176
499.407 1.00000
498.889 1.83084
497.118 0.83547
495.657 1.26710
494.348 1.10130
489.572 0.34956
473.651 1.59998
472.829 1.40313
467.892 0.92299
452.487 0.60486
501.037 0.01731
497.289 0.27702
496.466 0.15600
480.829 0.08163
480.072 0.02382
476.419 0.05791
499.202 1.00000
498.332 1.78412
496.264 0.78800
495.963 1.28853
494.234 1.09267
490.339 0.37088
473.367 1.56976
472.186 1.34335
468.096 0.92526
451.984 0.58371
500.528 0.02397
497.605 0.25337
496.408 0.12165
480.524 0.08997
479.443 0.02112
476.512 0.04140
499.098 1.00000
498.894 1.78591
497.505 0.78702
497.281 1.32877
495.907 1.08231
492.873 0.39282
473.98 1.72729
473.44 1.43599
470.757 1.03695
453.934 0.69584
500.943 0.03714
498.843 0.26280
498.172 0.10293
481.324 0.05382
480.781 0.00165
478.616 0.07884
497.72 1.00000
496.146 1.75004
493.531 1.37037
493.354 0.80705
491.083 1.10143
487.45 0.43056
470.68 1.42747
468.978 1.21137
464.397 0.87144
447.134 0.47503
498.42 0.02624
495.426 0.20006
493.598 0.08664
477.616 0.15481
475.921 0.05640
472.93 0.00349
498.454 1.00000
498.226 1.76874
496.548 0.82162
494.454 1.37342
493.038 1.09284
488.674 0.42171
472.25 1.56309
471.786 1.31510
466.727 0.95453
450.143 0.57117
500.228 0.03229
496.348 0.22196
495.672 0.09498
479.358 0.10413
478.715 0.02409
475.002 0.02344
499.299 1.00000
498.613 1.81407
496.685 0.81989
495.578 1.27394
494.091 1.09920
489.529 0.35634
473.432 1.57499
472.448 1.37180
467.64 0.91421
452.043 0.58661
500.787 0.01895
497.225 0.26730
496.234 0.14437
480.587 0.08909
479.678 0.02603
476.182 0.04781
499.006 1.00000
498.723 1.73642
497.174 0.76046
497.087 1.34634
495.599 1.05957
492.705 0.40891
473.78 1.68556
473.112 1.38353
470.396 1.02703
453.471 0.66859
500.754 0.04248
498.717 0.24462
497.905 0.08822
481.09 0.06028
480.409 0.00249
478.316 0.06286
499.4 1.00000
499.369 0.51614
498.19 0.48755
497.105 0.71332
496.204 0.59583
492.458 0.20128
474.215 0.96355
474.132 0.82202
470.828 0.56862
454.459 0.39666
501.401 0.01530
498.646 0.15575
498.419 0.07426
481.588 0.02438
481.432 0.00121
478.69 0.05698
499.028 1.00000
498.234 1.73028
496.801 1.32142
496.288 0.73745
494.934 1.06914
492.086 0.40208
473.501 1.60966
472.322 1.33175
469.526 0.97598
452.599 0.61573
500.378 0.03683
498.433 0.23608
497.194 0.08786
480.725 0.07625
479.643 0.00746
477.604 0.04422
499.012 1.00000
498.511 1.73652
496.691 0.77707
496.195 1.34141
494.583 1.06223
491.173 0.40473
473.365 1.60692
472.492 1.33699
468.861 0.97543
452.265 0.61056
500.575 0.03621
497.92 0.23515
496.946 0.09392
480.569 0.08035
479.694 0.01065
477.049 0.04163
497.87 1.00000
496.991 1.74090
494.75 0.79917
493.593 1.37638
491.613 1.09089
487.55 0.43382
471.125 1.46877
470.009 1.23548
465.108 0.90061
448.016 0.50598
499.107 0.03075
495.542 0.20188
494.273 0.08257
478.123 0.13641
476.925 0.04109
473.473 0.00741
499.222 1.00000
498.428 1.79830
496.407 0.80567
495.664 1.28311
494.041 1.09612
489.775 0.36425
473.325 1.56556
472.232 1.35222
467.7 0.91593
451.855 0.57988
500.615 0.02128
497.32 0.25894
496.212 0.13256
480.471 0.09201
479.461 0.02508
476.201 0.04233
498.687 1.00000
497.538 1.80748
495.138 0.82167
494.27 1.29291
492.405 1.11430
487.697 0.36994
472.165 1.48418
470.837 1.29559
465.44 0.86548
449.631 0.51719
499.798 0.01769
496.007 0.24712
494.625 0.13463
479.201 0.12564
477.921 0.04998
474.2 0.02057
498.726 1.00000
498.432 1.74700
496.698 0.80133
495.239 1.36804
493.769 1.07308
489.849 0.42091
472.782 1.58450
472.181 1.32041
467.713 0.97015
451.14 0.58940
500.438 0.03607
497.08 0.22403
496.305 0.09015
479.933 0.09304
479.21 0.01641
475.962 0.02974
499.048 1.00000
498.517 1.78398
496.69 0.81385
495.434 1.31351
493.91 1.08822
489.671 0.38033
473.143 1.57681
472.311 1.34946
467.676 0.93571
451.627 0.58674
500.622 0.02548
497.163 0.24891
496.254 0.12112
480.294 0.09099
479.457 0.02222
476.078 0.03965
499.197 1.00000
498.366 1.79775
496.309 0.80542
495.592 1.28383
493.942 1.09702
489.667 0.36489
473.258 1.55914
472.135 1.34696
467.566 0.91231
451.716 0.57497
500.56 0.02115
497.253 0.25771
496.115 0.13206
480.396 0.09428
479.357 0.02643
476.085 0.04034
499.255 1.00000
498.875 1.78941
497.233 0.80918
496.281 1.30736
494.888 1.08381
490.979 0.37551
473.721 1.63724
473.01 1.39373
469.02 0.97084
452.893 0.63196
500.96 0.02750
497.93 0.26010
497.151 0.12245
480.951 0.07248
480.254 0.01181
477.258 0.05847
499.48 1.00000
499.339 0.50889
498.198 0.51367
496.007 0.73637
495.254 0.60015
490.867 0.21237
473.943 0.80259
473.731 0.94148
469.335 0.56608
453.295 0.37626
501.408 0.01597
497.712 0.14582
497.668 0.07243
481.018 0.03189
480.988 0.00447
477.436 0.04213
499.132 1.00000
498.417 1.75705
496.485 0.77464
496.3 1.31131
494.584 1.07655
491.106 0.38619
473.461 1.59496
472.392 1.34306
468.786 0.95430
452.333 0.60304
500.556 0.03040
497.96 0.24499
496.843 0.10559
480.654 0.08203
479.656 0.01339
477.035 0.04387
498.333 1.00000
496.853 1.82973
494.105 0.83218
493.42 1.28390
491.432 1.13570
486.351 0.36503
471.421 1.43724
469.891 1.27061
463.898 0.82973
448.304 0.48102
499.208 0.01354
495.154 0.24784
493.538 0.14553
478.398 0.14832
476.903 0.07224
472.915 0.01271
499.295 1.00000
498.798 1.82291
497.034 0.83565
495.47 1.27953
494.128 1.10025
489.386 0.35637
473.465 1.59165
472.676 1.39042
467.674 0.92380
452.153 0.59797
500.931 0.01873
497.136 0.27040
496.32 0.14935
480.631 0.08524
479.877 0.02494
476.187 0.05227
499.452 1.00000
499.114 1.83091
497.54 0.83502
496.258 1.27874
495.042 1.09850
490.657 0.35506
473.963 1.65293
473.311 1.43610
468.981 0.96069
453.279 0.64330
501.22 0.02049
497.857 0.27955
497.184 0.14869
481.201 0.06817
480.597 0.01392
477.294 0.07163
499.187 1.00000
499.012 1.80791
497.645 0.80865
497.188 1.32344
495.897 1.09110
492.622 0.38470
474.049 1.73416
473.558 1.45523
470.63 1.03352
453.997 0.69900
501.063 0.03352
498.744 0.27024
498.139 0.11351
481.388 0.05367
480.896 0.00238
478.533 0.08305
499.191 1.00000
498.608 1.83619
496.742 0.84710
494.856 1.26994
493.507 1.10821
488.316 0.35016
473.136 1.55936
472.291 1.37784
466.692 0.89629
451.454 0.57352
500.768 0.01538
496.543 0.27282
495.675 0.16088
480.26 0.09599
479.45 0.03539
475.371 0.04538
498.963 1.00000
498.827 1.74865
497.248 0.80066
496.159 1.37214
494.835 1.06413
491.289 0.41989
473.418 1.65446
472.954 1.36569
469.13 1.01461
452.547 0.63949
500.802 0.04085
497.92 0.23516
497.268 0.09027
480.658 0.07340
480.074 0.00728
477.252 0.04735
499.246 1.00000
499.134 0.52955
498 0.48777
497.101 0.75927
496.114 0.60049
492.793 0.22452
473.982 0.98913
473.953 0.81911
470.86 0.59980
454.157 0.40513
501.193 0.02262
498.711 0.14798
498.438 0.05951
481.361 0.02649
481.171 0.00090
478.694 0.04991
499.136 1.00000
498.481 1.75134
496.666 1.31132
496.637 0.76158
494.964 1.07334
491.742 0.38882
473.623 1.61846
472.597 1.35375
469.395 0.97155
452.773 0.62141
500.61 0.03293
498.295 0.24595
497.213 0.10059
480.852 0.07450
479.902 0.00882
477.533 0.04996
498.894 1.00000
498.602 1.73792
497.477 1.34003
497.16 0.73543
495.911 1.06456
493.399 0.41396
473.814 1.71140
473.141 1.39451
471.021 1.04398
453.774 0.68857
500.649 0.04537
499.048 0.24639
498.212 0.08136
481.167 0.05411
480.497 0.00054
478.783 0.06976
498.913 1.00000
498.384 1.72866
496.502 0.77704
495.925 1.35177
494.274 1.05986
490.828 0.41322
473.145 1.58908
472.246 1.31898
468.47 0.96960
451.816 0.59682
500.44 0.03720
497.692 0.22772
496.683 0.08889
480.323 0.08642
479.407 0.01259
476.686 0.03476
498.819 1.00000
497.624 1.78778
495.211 0.80231
494.901 1.30147
492.943 1.10560
488.771 0.37819
472.469 1.50147
471.059 1.29426
466.323 0.88527
450.198 0.53075
499.881 0.02128
496.619 0.24135
495.166 0.12116
479.529 0.11743
478.195 0.03952
474.949 0.02229
499.259 1.00000
498.534 1.80336
496.576 0.81090
495.678 1.28066
494.121 1.09622
489.766 0.36168
473.399 1.57346
472.372 1.36219
467.773 0.91851
452.004 0.58571
500.709 0.02073
497.33 0.26219
496.288 0.13634
480.554 0.08948
479.603 0.02438
476.271 0.04543
498.853 1.00000
498.638 0.58821
497.285 0.45308
496.653 0.85921
495.637 0.60588
492.685 0.29234
473.375 1.02111
473.22 0.79986
470.229 0.65393
453.044 0.40593
500.686 0.04035
498.479 0.12347
497.976 0.02923
480.702 0.03632
480.278 0.00095
478.134 0.02730
498.478 1.00000
497.441 1.52789
497.13 1.50359
495.342 0.60750
494.909 1.05885
493.233 0.50879
472.974 1.60459
471.375 1.26664
470.175 1.02152
452.052 0.61370
499.491 0.05932
498.892 0.19380
497.199 0.04318
480.201 0.07652
478.756 0.00177
477.96 0.02791
498.529 1.00000
498.408 1.62210
496.664 1.44031
496.526 0.69532
495.358 0.99205
492.767 0.50933
473.175 1.65428
472.506 1.28362
470.07 1.07034
452.56 0.64584
500.268 0.07178
498.532 0.18846
497.623 0.03706
480.458 0.06810
479.661 0.00121
477.956 0.03235
499.679 1.00000
499.617 1.92781
498.26 0.93404
495.551 1.26969
494.858 1.13628
489.256 0.33573
474.079 1.69941
473.839 1.53725
468.29 0.96299
453.435 0.66968
501.671 0.01081
497.161 0.31172
496.907 0.20830
481.302 0.06320
481.06 0.02233
476.757 0.09435
499.043 1.00000
498.447 1.79667
496.567 0.82145
495.185 1.30237
493.658 1.09522
489.172 0.37269
473.04 1.56228
472.161 1.34888
467.242 0.91948
451.369 0.57596
500.577 0.02235
496.91 0.25316
495.968 0.13011
480.173 0.09560
479.301 0.02733
475.729 0.03820
499.159 1.00000
498.696 0.52463
497.681 0.51541
495.927 0.85150
495.314 0.60730
491.639 0.28997
473.547 0.79066
473.097 1.00514
469.425 0.64727
452.519 0.39723
500.932 0.03802
497.826 0.11921
497.784 0.02866
480.402 0.03806
480.369 0.00103
477.433 0.02374
498.729 1.00000
497.467 1.77499
494.996 0.79544
494.94 1.31371
492.88 1.10189
488.962 0.38762
472.348 1.49680
470.869 1.28158
466.369 0.88983
450 0.52734
499.724 0.02340
496.674 0.23372
495.144 0.11176
479.4 0.11952
477.998 0.03825
474.942 0.01927
498.582 1.00000
497.622 1.75879
495.382 0.79980
494.693 1.33638
492.764 1.08926
488.78 0.40117
472.218 1.50557
470.995 1.27930
466.362 0.90453
449.852 0.53386
499.789 0.02709
496.502 0.22565
495.194 0.10243
479.278 0.11725
478.066 0.03412
474.832 0.01836
499.428 1.00000
499.211 1.83732
497.763 0.84212
496.574 1.29372
495.423 1.10089
491.285 0.36142
474.083 1.69354
473.565 1.46145
469.603 0.98977
453.683 0.67056
501.287 0.02311
498.156 0.28152
497.59 0.14363
481.36 0.06089
480.866 0.00906
477.775 0.08060
499.503 1.00000
499.383 1.88069
497.977 0.89340
495.791 1.28946
494.862 1.12013
489.86 0.35131
473.931 1.68227
473.583 1.48631
468.548 0.97062
453.213 0.65814
501.442 0.01662
497.421 0.29233
497.026 0.17319
481.16 0.06680
480.795 0.01788
476.923 0.07999
499.358 1.00000
498.861 1.80307
497.148 0.80700
496.333 1.28358
494.916 1.09038
490.876 0.36297
473.819 1.62862
472.988 1.39949
468.956 0.95471
452.994 0.62722
500.99 0.02354
497.941 0.26785
497.086 0.13267
481.044 0.07291
480.279 0.01362
477.25 0.06128
498.427 1.00000
497.602 1.75311
495.454 0.80125
494.427 1.34952
492.559 1.08754
488.501 0.41053
472.012 1.50419
470.922 1.27330
466.159 0.90965
449.53 0.53250
499.73 0.02878
496.282 0.21968
495.078 0.09674
479.066 0.11912
477.942 0.03382
474.58 0.01623
498.997 1.00000
498.509 1.76770
496.701 0.80473
495.571 1.32820
494.028 1.08028
490.028 0.39120
473.14 1.58385
472.335 1.34190
467.939 0.94922
451.688 0.59183
500.589 0.02922
497.318 0.24190
496.416 0.11014
480.301 0.08911
479.473 0.01860
476.271 0.03831
499.299 1.00000
498.837 1.82905
497.101 0.84203
495.384 1.27810
494.085 1.10243
489.227 0.35457
473.457 1.59319
472.709 1.39609
467.579 0.92268
452.134 0.59876
500.964 0.01793
497.053 0.27258
496.276 0.15344
480.621 0.08515
479.902 0.02589
476.109 0.05332
499.193 1.00000
498.758 1.83201
497.033 0.84910
495.055 1.28309
493.769 1.10598
488.748 0.35662
473.244 1.58230
472.543 1.38973
467.156 0.91672
451.731 0.58988
500.877 0.01748
496.754 0.27024
496.006 0.15441
480.39 0.08971
479.692 0.02950
475.714 0.04897
499.011 1.00000
498.021 1.75899
495.828 0.77775
495.826 1.31275
493.923 1.08505
490.349 0.38821
473.053 1.55041
471.752 1.31190
467.87 0.92673
451.418 0.56896
500.215 0.02797
497.517 0.23834
496.18 0.10561
480.183 0.09719
478.974 0.02179
476.25 0.03147
498.833 1.00000
497.993 1.72442
495.862 0.77099
495.749 1.34896
493.859 1.06365
490.539 0.41414
472.878 1.55388
471.678 1.29304
467.979 0.94709
451.208 0.57131
500.111 0.03533
497.519 0.22241
496.245 0.08705
480.011 0.09698
478.852 0.01742
476.256 0.02662
499.376 1.00000
498.896 1.81097
497.186 0.81688
496.155 1.28097
494.782 1.09317
490.539 0.35975
473.787 1.62349
472.981 1.40259
468.697 0.94817
452.883 0.62289
501.025 0.02190
497.773 0.27033
496.947 0.13887
481 0.07472
480.256 0.01588
477.047 0.06086
499.183 1.00000
498.806 1.78519
497.137 0.81289
495.996 1.31572
494.589 1.08350
490.577 0.38027
473.538 1.62163
472.842 1.37991
468.616 0.96472
452.503 0.61962
500.881 0.02783
497.683 0.25487
496.903 0.12011
480.745 0.07766
480.038 0.01424
476.897 0.05188
497.508 1.00000
496.036 1.86668
493.21 0.86788
491.428 1.26997
489.585 1.15342
483.299 0.35284
470.068 1.38621
468.664 1.25544
461.109 0.78188
446.212 0.44227
498.421 0.00835
493.206 0.25697
491.65 0.17270
476.996 0.17698
475.545 0.10849
470.504 0.00745
497.645 1.00000
496.083 1.85380
493.198 0.85612
491.931 1.27988
489.966 1.15197
484.147 0.36053
470.279 1.39216
468.782 1.25032
461.761 0.79356
446.49 0.44699
498.476 0.00992
493.704 0.24967
492.059 0.16022
477.206 0.17350
475.676 0.10057
471.031 0.00694
498.57 1.00000
497.171 1.68203
495.989 1.38514
494.606 0.74096
493.629 1.05134
491.196 0.45249
472.46 1.52533
470.69 1.24877
468.02 0.94939
450.484 0.55031
499.366 0.04078
497.767 0.20087
495.954 0.06567
479.548 0.10659
477.92 0.01728
476.201 0.01558
498.927 1.00000
498.385 1.78914
496.536 0.82102
495.033 1.31548
493.503 1.09369
489.058 0.38106
472.876 1.55919
472.057 1.33998
467.114 0.92396
451.1 0.57308
500.493 0.02411
496.792 0.24675
495.884 0.12317
480.001 0.09783
479.158 0.02720
475.564 0.03464
499.173 1.00000
498.495 1.76071
496.624 0.77049
496.514 1.30535
494.828 1.07764
491.422 0.38331
473.599 1.60990
472.563 1.35494
469.129 0.96169
452.651 0.61467
500.635 0.03049
498.146 0.24872
497.064 0.10654
480.814 0.07714
479.857 0.01106
477.329 0.04903
498.6 1.00000
497.996 1.60940
497.169 1.42299
496.067 0.65995
495.337 1.02420
493.322 0.48337
473.279 1.63828
472.121 1.29186
470.475 1.03895
452.704 0.63903
499.984 0.06228
498.915 0.20183
497.615 0.04809
480.558 0.06742
479.453 0.00113
478.269 0.03798
498.809 1.00000
498.602 1.72784
496.907 0.78701
495.79 1.38124
494.378 1.05685
490.819 0.43287
473.09 1.61756
472.536 1.32833
468.566 1.00025
451.858 0.61367
500.574 0.04262
497.612 0.22163
496.868 0.08019
480.289 0.08268
479.607 0.00939
476.725 0.03519
498.919 1.00000
498.873 0.57555
497.416 0.45903
496.568 0.81211
495.38 0.60646
492.19 0.25743
473.53 0.98449
473.246 0.79540
469.915 0.61371
453.06 0.38866
500.833 0.02979
498.33 0.13256
497.786 0.04333
480.828 0.03697
480.361 0.00163
477.901 0.03068
498.697 1.00000
497.211 1.71618
496.302 1.34499
494.69 0.71568
493.901 1.08805
491.48 0.43215
472.681 1.53551
470.892 1.26462
468.324 0.94609
450.885 0.55845
499.479 0.03660
497.98 0.21196
496.151 0.07322
479.788 0.10191
478.164 0.01665
476.505 0.02004
499.034 1.00000
498.925 1.79175
497.601 0.79886
497.356 1.35135
496.041 1.08536
493.108 0.40309
473.967 1.75757
473.541 1.45177
470.982 1.06104
454.046 0.71343
500.944 0.04069
498.923 0.26315
498.329 0.09905
481.332 0.05117
480.867 0.00094
478.781 0.08258
498.949 1.00000
498.117 1.71188
496.664 1.34000
496.091 0.73619
494.748 1.05969
491.981 0.41424
473.347 1.59748
472.113 1.31420
469.326 0.97625
452.297 0.60629
500.246 0.03957
498.338 0.22756
497.038 0.08102
480.553 0.08020
479.41 0.00806
477.415 0.03816
498.52 1.00000
498.433 0.58501
496.848 0.45633
495.277 0.84637
494.123 0.61556
490.471 0.28714
472.577 0.95254
472.343 0.75992
468.158 0.60925
451.087 0.35861
500.386 0.03279
497.237 0.11368
496.695 0.02971
479.761 0.05219
479.241 0.00365
476.25 0.01279
498.995 1.00000
497.874 1.75450
496.013 1.31189
495.592 0.76367
494.001 1.08830
490.672 0.39159
473.048 1.54850
471.622 1.30478
468.045 0.92864
451.424 0.56789
500.097 0.02889
497.682 0.23551
496.227 0.10058
480.177 0.09734
478.869 0.02057
476.391 0.03018
498.981 1.00000
498.727 1.77870
497.1 0.82104
495.539 1.34320
494.177 1.08436
490.062 0.39717
473.188 1.61251
472.646 1.36342
468.112 0.97084
451.875 0.60973
500.755 0.03070
497.305 0.24334
496.619 0.11030
480.371 0.08407
479.738 0.01598
476.391 0.04255
499.019 1.00000
498.417 1.72339
496.793 1.33466
496.589 0.74689
495.065 1.05914
492.149 0.40647
473.562 1.62642
472.558 1.34115
469.68 0.98957
452.791 0.62758
500.509 0.03925
498.449 0.23602
497.359 0.08682
480.806 0.07236
479.856 0.00598
477.731 0.04766
498.756 1.00000
498.01 1.82971
495.969 0.84647
493.993 1.28255
492.473 1.11536
487.135 0.35887
472.334 1.50933
471.381 1.33373
465.401 0.87032
449.99 0.53575
500.197 0.01525
495.745 0.26026
494.731 0.15316
479.397 0.11604
478.446 0.04876
474.158 0.02912
498.306 1.00000
497.759 1.67128
495.632 0.74831
495.058 1.41855
493.341 1.03394
490.079 0.48342
472.157 1.53850
471.172 1.23719
467.428 0.97952
450.065 0.55796
499.733 0.05043
497.029 0.18404
495.894 0.04987
479.257 0.10644
478.189 0.01303
475.575 0.01194
498.842 1.00000
497.968 1.79376
495.831 0.81710
494.733 1.30267
493 1.10120
488.491 0.37514
472.571 1.51935
471.452 1.31465
466.371 0.89327
450.431 0.54402
500.156 0.02104
496.478 0.24623
495.302 0.12740
479.652 0.11106
478.562 0.03709
474.965 0.02703
499.208 1.00000
498.328 1.79539
496.236 0.79933
495.703 1.28262
494.014 1.09735
489.845 0.36547
473.287 1.55940
472.114 1.34460
467.684 0.91336
451.773 0.57541
500.533 0.02153
497.353 0.25696
496.17 0.12984
480.428 0.09384
479.351 0.02551
476.188 0.04024
499.242 1.00000
498.706 1.77558
496.981 0.77944
496.679 1.29786
495.127 1.08078
491.629 0.37658
473.794 1.63625
472.901 1.38257
469.482 0.97222
453.092 0.63399
500.829 0.02929
498.282 0.25742
497.341 0.11343
481.04 0.07018
480.215 0.00890
477.636 0.05883
499.325 1.00000
498.912 1.87478
497.189 0.88017
494.539 1.24748
493.474 1.11696
487.573 0.33323
473.283 1.57537
472.617 1.42134
466.346 0.88825
451.717 0.58462
501.054 0.01054
496.21 0.29264
495.543 0.19315
480.414 0.09089
479.782 0.03994
475.157 0.05745
498.958 1.00000
498.942 1.80343
497.675 0.81670
497.436 1.38276
496.185 1.09245
493.371 0.41762
473.936 1.79777
473.636 1.47299
471.222 1.09276
454.151 0.73555
500.93 0.04537
499.009 0.26395
498.494 0.09438
481.326 0.04863
480.942 0.00059
478.955 0.08664
499.326 1.00000
498.922 1.79835
497.305 0.80368
496.581 1.29302
495.195 1.08716
491.377 0.36847
473.904 1.65258
473.16 1.41008
469.434 0.97422
453.287 0.64449
501.027 0.02625
498.18 0.26700
497.391 0.12634
481.158 0.06731
480.464 0.00964
477.62 0.06626
499.124 1.00000
498.559 1.82202
496.713 0.83888
494.966 1.28373
493.56 1.10417
488.631 0.35903
473.089 1.56213
472.259 1.36827
466.91 0.90654
451.409 0.57555
500.703 0.01796
496.671 0.26506
495.798 0.14873
480.217 0.09558
479.404 0.03207
475.501 0.04269
499.598 1.00000
499.555 0.51316
498.336 0.49728
496.224 0.69529
495.489 0.59418
490.8 0.19109
474.102 0.92430
474.09 0.80948
469.508 0.53982
453.849 0.37224
501.593 0.01057
497.838 0.15575
497.705 0.08881
481.392 0.02884
481.282 0.00542
477.659 0.05089
499.165 1.00000
498.423 1.83710
496.402 0.84302
494.709 1.26291
493.275 1.11053
488.022 0.34741
473.006 1.53881
472.015 1.36301
466.303 0.88081
451.163 0.55831
500.621 0.01430
496.389 0.27279
495.388 0.16285
480.111 0.10261
479.178 0.04058
475.08 0.04085
498.77 1.00000
498.29 1.69615
496.365 0.75892
495.968 1.38001
494.316 1.04069
491.147 0.44045
473.018 1.59026
472.123 1.29661
468.636 0.98812
451.687 0.59768
500.299 0.04514
497.788 0.21262
496.756 0.07108
480.199 0.08637
479.261 0.00917
476.778 0.02949
498.413 1.00000
497.476 1.64802
495.629 1.42243
495.07 0.73755
493.622 1.01376
490.957 0.49122
472.333 1.53508
470.891 1.23074
467.978 0.97827
450.378 0.55728
499.506 0.05214
497.556 0.18233
496.043 0.04763
479.434 0.10428
478.043 0.01158
476.091 0.01225
499.323 1.00000
498.734 0.42720
497.401 0.60729
495.492 0.62608
495.223 0.91676
491.107 0.33757
473.833 0.78301
472.46 1.04332
468.896 0.70332
451.807 0.41300
500.954 0.05495
497.83 0.00833
497.258 0.09951
480.297 0.00139
479.784 0.03979
476.91 0.01394
498.665 1.00000
498.438 1.68381
496.616 0.75403
495.926 1.40646
494.482 1.03037
491.286 0.46458
472.976 1.61160
472.327 1.29467
468.805 1.01686
451.758 0.61102
500.373 0.05253
497.796 0.20345
496.946 0.05915
480.178 0.08283
479.4 0.00588
476.893 0.02845
498.877 1.00000
497.929 1.83684
495.695 0.84324
494.085 1.26715
492.501 1.11804
487.114 0.35085
472.427 1.49804
471.286 1.32976
465.249 0.85679
450.09 0.52717
500.172 0.01346
495.796 0.26593
494.623 0.16056
479.483 0.11939
478.39 0.05304
474.15 0.02904
499.097 1.00000
498.635 0.50458
497.69 0.52947
497.205 0.86524
496.598 0.60245
493.824 0.29587
473.996 0.83197
473.521 1.07769
471.449 0.69298
454.032 0.44874
500.858 0.04634
498.942 0.13121
498.863 0.02938
481.005 0.00359
480.983 0.02471
479.13 0.04397
498.999 1.00000
498.166 1.73060
496.323 1.33093
496.114 0.75802
494.455 1.06698
491.324 0.40310
473.273 1.58225
472.068 1.31646
468.781 0.95881
452.018 0.59386
500.305 0.03497
498.013 0.23217
496.751 0.09099
480.452 0.08579
479.326 0.01241
476.983 0.03629
499.126 1.00000
498.142 1.79323
495.946 0.79842
495.515 1.28615
493.744 1.09996
489.58 0.36821
473.092 1.54242
471.834 1.32984
467.331 0.90463
451.377 0.56236
500.366 0.02138
497.179 0.25296
495.907 0.12762
480.21 0.10017
479.049 0.02913
475.876 0.03481
498.715 1.00000
498.579 1.66647
496.847 0.73391
496.671 1.41235
495.299 1.01613
492.526 0.47011
473.357 1.66233
472.761 1.31894
469.977 1.05237
452.762 0.64995
500.491 0.05978
498.473 0.20878
497.65 0.05568
480.639 0.06747
479.924 0.00199
477.918 0.04106
499.039 1.00000
498.479 1.76513
496.624 0.79871
495.717 1.32315
494.124 1.07887
490.225 0.38898
473.21 1.58311
472.324 1.34065
468.079 0.94752
451.81 0.59209
500.577 0.02915
497.445 0.24285
496.478 0.10998
480.375 0.08827
479.493 0.01798
476.409 0.03911
499.366 1.00000
498.975 1.80754
497.369 0.81109
496.526 1.28779
495.182 1.09047
491.227 0.36422
473.936 1.65354
473.21 1.41783
469.352 0.97065
453.317 0.64496
501.083 0.02456
498.12 0.27078
497.358 0.13225
481.187 0.06719
480.514 0.01051
477.567 0.06820
498.909 1.00000
498.437 1.70108
496.603 0.75092
496.537 1.36465
494.892 1.04264
491.94 0.42699
473.389 1.62198
472.494 1.32387
469.444 1.00040
452.495 0.62281
500.465 0.04472
498.273 0.22415
497.252 0.07672
480.622 0.07520
479.721 0.00584
477.505 0.04105
499.161 1.00000
498.279 1.80126
496.168 0.80856
495.416 1.28231
493.744 1.10006
489.367 0.36379
473.143 1.54791
471.984 1.34107
467.259 0.90382
451.469 0.56628
500.486 0.02017
497.083 0.25757
495.909 0.13436
480.266 0.09842
479.191 0.02978
475.829 0.03764
498.289 1.00000
496.539 1.75299
494.732 1.34717
493.656 0.78453
492.236 1.10451
489.029 0.41761
471.594 1.45874
469.706 1.23479
465.804 0.88615
448.668 0.49835
498.875 0.02624
496.502 0.21067
494.537 0.09072
478.578 0.13738
476.785 0.04476
474.324 0.00809
499.461 1.00000
499.157 1.83484
497.617 0.83894
496.305 1.28030
495.12 1.09974
490.74 0.35513
474.001 1.66185
473.387 1.44411
469.088 0.96582
453.378 0.64934
501.256 0.02054
497.9 0.28112
497.262 0.14969
481.247 0.06644
480.675 0.01310
477.38 0.07423
499.162 1.00000
498.733 1.76228
497.097 0.77255
496.878 1.31414
495.351 1.07322
492.106 0.38708
473.818 1.65775
473.02 1.38598
469.906 0.99393
453.298 0.64945
500.821 0.03386
498.486 0.25339
497.607 0.10393
481.092 0.06539
480.334 0.00559
477.955 0.06161
499.188 1.00000
498.647 1.77030
496.86 0.79062
496.262 1.30948
494.706 1.07836
491.001 0.38102
473.578 1.61282
472.69 1.36495
468.863 0.96099
452.58 0.61542
500.756 0.02912
497.922 0.25164
496.975 0.11324
480.788 0.07774
479.94 0.01277
477.113 0.05012
499.061 1.00000
498.019 1.76937
495.849 1.30174
495.791 0.77785
493.945 1.09197
490.293 0.38168
473.099 1.54875
471.76 1.31642
467.829 0.92075
451.47 0.56775
500.237 0.02599
497.516 0.24270
496.153 0.11085
480.228 0.09749
478.996 0.02316
476.243 0.03267
498.72 1.00000
498.332 1.67673
496.424 0.74563
496.137 1.39631
494.556 1.02670
491.556 0.45768
473.06 1.60460
472.222 1.29199
468.987 1.00801
451.889 0.60835
500.301 0.05129
497.975 0.20583
496.977 0.06130
480.264 0.08210
479.361 0.00597
477.064 0.02969
498.789 1.00000
497.482 1.72915
495.938 1.33847
495.029 0.75270
493.719 1.08036
490.79 0.41359
472.717 1.53061
471.104 1.27540
467.873 0.93193
450.846 0.55422
499.714 0.03296
497.648 0.22010
495.995 0.08532
479.818 0.10436
478.332 0.02096
476.17 0.02171
498.806 1.00000
498.18 1.71913
496.19 0.77300
495.712 1.36010
493.968 1.05742
490.57 0.42166
472.914 1.56851
471.914 1.29845
468.115 0.96165
451.347 0.58157
500.243 0.03808
497.512 0.22004
496.406 0.08324
480.064 0.09312
479.053 0.01467
476.351 0.02810
499.336 1.00000
499.229 0.53118
498.046 0.49035
496.548 0.75015
495.605 0.60058
491.774 0.21915
473.878 0.96126
473.856 0.80671
469.984 0.58044
453.664 0.38645
501.285 0.01936
498.214 0.14609
497.969 0.06493
481.197 0.03071
481 0.00254
478.001 0.04359
499.237 1.00000
498.816 1.79965
497.119 0.82097
495.845 1.30137
494.458 1.09015
490.201 0.37058
473.538 1.61212
472.806 1.38536
468.331 0.95023
452.421 0.61294
500.913 0.02421
497.521 0.26096
496.728 0.13073
480.731 0.07981
480.009 0.01752
476.687 0.05267
498.929 1.00000
497.816 1.76510
495.526 1.31199
495.502 0.78333
493.552 1.09183
489.863 0.38753
472.814 1.52922
471.424 1.29981
467.329 0.91200
450.912 0.55251
500.038 0.02609
497.23 0.23668
495.803 0.10797
479.913 0.10548
478.616 0.02755
475.786 0.02645
498.785 1.00000
498.591 1.73655
497.618 1.35757
497.246 0.73225
496.09 1.06495
493.751 0.42662
473.79 1.74035
473.223 1.40626
471.354 1.06771
453.925 0.70730
500.612 0.05000
499.183 0.24581
498.41 0.07554
481.173 0.05027
480.578 0.00016
479.025 0.07406
499.304 1.00000
499.227 0.53592
498.004 0.48422
496.589 0.74808
495.603 0.60080
491.805 0.21801
473.897 0.95943
473.809 0.80590
469.999 0.57815
453.675 0.38524
501.265 0.01909
498.247 0.14653
497.952 0.06521
481.215 0.03094
480.975 0.00257
478.019 0.04349
499.107 1.00000
498.772 1.76281
497.245 0.76857
497.127 1.32105
495.639 1.07288
492.594 0.39222
473.888 1.68641
473.186 1.40119
470.388 1.01455
453.606 0.66978
500.841 0.03670
498.713 0.25484
497.904 0.09950
481.197 0.05949
480.519 0.00302
478.328 0.06828
499.295 1.00000
498.865 1.79860
497.184 0.81410
496.143 1.29669
494.751 1.08830
490.656 0.36877
473.703 1.62594
472.948 1.39411
468.753 0.95784
452.779 0.62398
500.969 0.02477
497.787 0.26364
496.983 0.12978
480.918 0.07502
480.194 0.01446
477.056 0.05775
498.557 1.00000
498.296 1.67246
497.727 1.38513
496.919 0.66943
496.05 1.04753
494.132 0.46054
473.587 1.72298
472.894 1.36329
471.537 1.07672
453.716 0.69938
500.298 0.06015
499.321 0.22749
498.387 0.05642
480.976 0.05050
480.258 0.00056
479.125 0.06434
498.133 1.00000
497.295 1.71039
495.046 0.77835
494.348 1.39198
492.384 1.06650
488.795 0.45160
471.639 1.49430
470.475 1.23493
466.181 0.92992
448.957 0.52516
499.371 0.03786
496.296 0.19482
495 0.06880
478.674 0.12404
477.457 0.02810
474.464 0.00910
499.234 1.00000
498.471 1.78089
496.512 0.78549
496.185 1.29047
494.515 1.08822
490.725 0.37195
473.521 1.58902
472.428 1.35512
468.524 0.93865
452.348 0.59849
500.644 0.02541
497.817 0.25472
496.702 0.11957
480.704 0.08359
479.704 0.01694
476.864 0.04651
498.597 1.00000
498.576 0.60768
496.859 0.43537
496.719 0.87531
495.52 0.60918
492.818 0.30400
473.291 1.02234
472.827 0.79626
470.216 0.65803
452.834 0.40288
500.449 0.04271
498.56 0.11999
497.812 0.02572
480.597 0.03905
479.953 0.00083
478.1 0.02362
498.477 1.00000
496.941 1.81196
494.176 0.81449
494.034 1.29369
491.936 1.13025
487.396 0.37376
471.71 1.45150
470.094 1.26838
464.759 0.84792
448.788 0.49213
499.293 0.01642
495.756 0.24092
494.067 0.13158
478.701 0.14085
477.147 0.06110
473.624 0.01336
499.028 1.00000
497.861 1.77633
495.702 1.29712
495.52 0.77828
493.737 1.09998
490.022 0.37961
472.965 1.53410
471.532 1.30870
467.495 0.90958
451.17 0.55640
500.112 0.02431
497.364 0.24267
495.911 0.11339
480.073 0.10300
478.757 0.02724
475.97 0.02947
499.077 1.00000
498.574 1.74377
497.035 1.31941
496.894 0.75019
495.395 1.06776
492.457 0.39616
473.758 1.65412
472.869 1.36995
470.108 0.99898
453.258 0.64814
500.669 0.03735
498.639 0.24641
497.661 0.09336
481.037 0.06522
480.201 0.00418
478.094 0.05831
498.977 1.00000
498.897 0.53198
497.629 0.49153
494.824 0.73999
493.863 0.60896
488.999 0.21637
472.932 0.76989
472.913 0.89578
467.528 0.53802
451.469 0.34113
500.938 0.01411
496.637 0.13717
496.412 0.07006
480.088 0.04517
479.87 0.01099
475.78 0.02571
499.131 1.00000
498.589 1.75263
496.802 0.77588
496.477 1.32019
494.869 1.07037
491.468 0.39047
473.589 1.62048
472.68 1.35737
469.209 0.97376
452.696 0.62171
500.686 0.03305
498.138 0.24575
497.156 0.10268
480.814 0.07517
479.945 0.00964
477.378 0.04966
498.938 1.00000
498.794 1.73193
497.196 0.78578
496.386 1.37753
495.035 1.05391
491.723 0.42695
473.475 1.66146
472.973 1.36008
469.467 1.02439
452.738 0.64597
500.762 0.04453
498.139 0.23168
497.445 0.08328
480.733 0.07037
480.12 0.00526
477.534 0.04832
498.633 1.00000
498.535 0.60038
496.891 0.44388
496.149 0.87088
495.042 0.60959
491.935 0.30384
473.035 0.99863
472.698 0.78018
469.415 0.64531
452.187 0.38653
500.47 0.04068
498.059 0.11480
497.42 0.02417
480.293 0.04426
479.713 0.00100
477.405 0.01767
498.822 1.00000
497.997 1.69547
496.208 1.36527
495.87 0.74815
494.29 1.04646
491.412 0.43090
473.035 1.57346
471.793 1.28937
468.706 0.97078
451.645 0.58705
500.089 0.04199
497.971 0.21550
496.651 0.07423
480.201 0.08920
479.017 0.01079
476.857 0.02854
499.211 1.00000
498.639 1.78822
496.814 0.80674
495.882 1.29887
494.362 1.08734
490.265 0.37214
473.464 1.59456
472.57 1.36592
468.251 0.94125
452.243 0.60118
500.766 0.02478
497.553 0.25648
496.614 0.12524
480.644 0.08362
479.791 0.01845
476.622 0.04762
498.6 1.00000
498.535 0.60667
497.256 0.87648
497.04 0.42725
496.025 0.61636
493.674 0.30009
473.486 1.05120
473.084 0.81712
471.085 0.67261
453.499 0.42451
500.46 0.04412
499.008 0.12756
498.29 0.02852
480.861 0.03241
480.291 0.00130
478.809 0.03318
497.965 1.00000
495.782 1.75536
494.66 1.35945
492.575 0.76819
491.851 1.12630
489.133 0.43875
471.04 1.43424
468.84 1.21060
465.41 0.88267
447.705 0.47958
498.22 0.02578
496.412 0.19821
494.1 0.08179
477.973 0.15000
475.878 0.05183
473.9 0.00343
498.881 1.00000
497.776 1.74295
495.762 1.32850
495.471 0.77035
493.726 1.08025
490.396 0.40094
472.838 1.53741
471.421 1.29153
467.734 0.92754
451.034 0.55910
499.976 0.03053
497.48 0.22841
496.02 0.09543
479.949 0.10216
478.628 0.02225
476.088 0.02553
499.292 1.00000
499.109 1.81180
497.654 0.83138
496.549 1.31976
495.33 1.09142
491.459 0.37743
473.923 1.69058
473.439 1.43757
469.617 1.00313
453.451 0.66702
501.155 0.02866
498.174 0.26879
497.593 0.12636
481.199 0.06296
480.693 0.00776
477.746 0.07211
498.419 1.00000
497.613 1.53830
496.958 1.49330
495.415 0.60591
495.011 1.03548
493.203 0.53055
472.939 1.60969
471.447 1.25509
470.19 1.03870
452.057 0.61743
499.546 0.07096
498.83 0.17973
497.244 0.03557
480.174 0.07530
478.799 0.00130
477.964 0.02541
498.306 1.00000
498.169 1.60784
496.078 0.68364
495.924 1.46502
494.713 0.99093
491.793 0.54379
472.64 1.60746
471.904 1.22941
469.056 1.06599
451.419 0.60936
499.995 0.07718
497.927 0.16234
496.978 0.02077
479.846 0.08308
478.962 0.00097
477.013 0.01447
499.215 1.00000
498.422 1.79112
496.41 0.79930
495.803 1.28735
494.153 1.09317
490.048 0.36773
473.36 1.57054
472.259 1.35032
467.919 0.92251
451.953 0.58386
500.604 0.02275
497.457 0.25642
496.338 0.12739
480.514 0.09018
479.498 0.02268
476.371 0.04258
498.738 1.00000
497.847 1.84869
495.65 0.85589
493.602 1.26296
492.094 1.12255
486.333 0.34689
472.173 1.48833
471.108 1.33147
464.624 0.84544
449.665 0.51956
500.084 0.01177
495.33 0.26957
494.222 0.16996
479.216 0.12412
478.177 0.06005
473.602 0.02797
498.729 1.00000
498.717 1.68246
497.094 0.74782
496.767 1.41909
495.504 1.02336
492.688 0.46934
473.45 1.69221
473.016 1.34214
470.207 1.07017
453.034 0.66853
500.613 0.06063
498.55 0.21459
497.854 0.05818
480.758 0.06316
480.164 0.00170
478.12 0.04719
498.935 1.00000
498.56 1.70630
496.846 0.74846
496.826 1.36164
495.251 1.04469
492.394 0.42349
473.567 1.65029
472.773 1.34476
469.948 1.01603
452.963 0.64380
500.579 0.04569
498.522 0.23036
497.587 0.07835
480.839 0.06773
480.03 0.00369
477.933 0.04957
499.261 1.00000
498.47 1.80988
496.447 0.81389
495.532 1.27450
493.962 1.10024
489.47 0.35805
473.332 1.56251
472.252 1.35884
467.483 0.90805
451.83 0.57736
500.665 0.01913
497.181 0.26412
496.097 0.14113
480.473 0.09305
479.48 0.02781
476.048 0.04364
499.119 1.00000
498.089 1.78316
495.869 0.78610
495.747 1.29073
493.905 1.09757
490.016 0.37339
473.138 1.54719
471.825 1.32492
467.651 0.91276
451.498 0.56637
500.317 0.02338
497.402 0.24893
496.073 0.11979
480.264 0.09805
479.06 0.02570
476.128 0.03452
498.706 1.00000
498.033 1.68284
495.944 1.38521
495.943 0.74977
494.133 1.03538
491.158 0.44837
472.867 1.57086
471.756 1.27722
468.485 0.97972
451.369 0.58418
500.068 0.04602
497.775 0.20603
496.556 0.06599
480.026 0.09147
478.918 0.01023
476.628 0.02441
499.384 1.00000
499.322 0.52694
498.12 0.48760
496.729 0.73132
495.797 0.59841
491.92 0.20913
474.042 0.95745
473.966 0.81177
470.224 0.57132
453.976 0.38781
501.361 0.01686
498.344 0.15077
498.091 0.07087
481.375 0.02843
481.178 0.00236
478.214 0.04874
499.139 1.00000
498.359 1.75853
496.384 0.77044
496.34 1.30691
494.581 1.07924
491.144 0.38477
473.459 1.59129
472.329 1.34069
468.786 0.95101
452.314 0.60058
500.516 0.02988
497.988 0.24530
496.819 0.10574
480.648 0.08278
479.606 0.01373
477.04 0.04332
498.708 1.00000
497.206 1.78736
494.922 1.30295
494.526 0.78880
492.756 1.11824
488.87 0.38356
472.228 1.48226
470.57 1.27447
466.101 0.87790
449.736 0.51608
499.532 0.02111
496.62 0.23514
494.915 0.11534
479.259 0.12562
477.703 0.04374
474.75 0.01703
499.244 1.00000
499.116 0.53631
497.959 0.48626
496.896 0.76794
495.905 0.60131
492.492 0.22915
473.896 0.98460
473.864 0.81330
470.53 0.60014
453.901 0.39967
501.178 0.02338
498.547 0.14500
498.259 0.05770
481.253 0.02879
481.037 0.00129
478.435 0.04541
498.777 1.00000
497.42 1.80247
494.847 0.80533
494.675 1.29070
492.674 1.11811
488.326 0.37208
472.296 1.48406
470.776 1.28875
465.813 0.86886
449.837 0.51719
499.727 0.01847
496.374 0.24466
494.813 0.12873
479.333 0.12493
477.9 0.04735
474.556 0.01994
499.363 1.00000
498.755 1.82310
496.9 0.82740
495.618 1.26881
494.222 1.10036
489.536 0.35204
473.551 1.58668
472.642 1.38753
467.755 0.91735
452.277 0.59524
500.918 0.01791
497.256 0.27275
496.344 0.15095
480.718 0.08538
479.881 0.02511
476.298 0.05293
499.25 1.00000
498.643 1.78446
496.81 0.79664
496.156 1.29514
494.603 1.08564
490.696 0.37175
473.589 1.60353
472.647 1.36904
468.619 0.94721
452.516 0.60870
500.78 0.02564
497.8 0.25728
496.823 0.12243
480.785 0.07999
479.907 0.01565
476.94 0.05059
499.249 1.00000
498.464 1.78997
496.473 0.79409
495.988 1.28515
494.34 1.09238
490.339 0.36737
473.464 1.57941
472.362 1.35531
468.194 0.92822
452.177 0.59090
500.647 0.02328
497.625 0.25745
496.509 0.12607
480.632 0.08686
479.623 0.02027
476.607 0.04525
499.123 1.00000
498.925 1.78815
497.529 0.79249
497.217 1.32884
495.864 1.08278
492.747 0.39122
473.985 1.72460
473.453 1.43676
470.658 1.03432
453.904 0.69358
500.972 0.03634
498.786 0.26349
498.127 0.10526
481.322 0.05455
480.786 0.00206
478.544 0.07842
499.207 1.00000
498.525 1.84169
496.561 0.84747
494.736 1.26036
493.362 1.11054
488.033 0.34517
473.088 1.54653
472.151 1.37279
466.389 0.88348
451.321 0.56405
500.714 0.01386
496.412 0.27590
495.468 0.16675
480.201 0.09983
479.319 0.03956
475.163 0.04387
498.599 1.00000
496.914 1.76257
495.339 1.32315
494.123 0.76020
492.941 1.11694
489.773 0.40499
472.159 1.48540
470.311 1.25643
466.65 0.89675
449.682 0.51887
499.259 0.02598
497.035 0.22062
495.135 0.09522
479.188 0.12401
477.469 0.03649
475.133 0.01382
498.968 1.00000
497.995 1.81912
495.763 0.82738
494.602 1.27695
492.929 1.11135
488.021 0.35855
472.652 1.51154
471.461 1.32665
465.994 0.87385
450.502 0.53789
500.231 0.01636
496.303 0.25941
495.084 0.14657
479.726 0.11336
478.596 0.04406
474.759 0.02991
499.211 1.00000
498.709 1.76957
497.012 0.77639
496.747 1.30427
495.198 1.07757
491.8 0.38074
473.796 1.64283
472.933 1.38235
469.627 0.97976
453.151 0.63877
500.819 0.03104
498.354 0.25540
497.43 0.10945
481.051 0.06866
480.245 0.00765
477.743 0.05935
497.689 1.00000
496.994 1.90662
494.89 0.90915
490.804 1.23177
489.653 1.14157
481.951 0.32378
470.498 1.43522
469.706 1.33325
460.966 0.78243
447.13 0.47874
499.225 0.00495
492.594 0.29248
491.715 0.22250
477.49 0.15066
476.651 0.10166
470.404 0.02341
498.866 1.00000
497.497 1.77684
495.389 1.30326
494.962 0.77854
493.28 1.10816
489.598 0.38477
472.601 1.50757
471.016 1.28732
466.893 0.89611
450.457 0.53581
499.788 0.02356
497.07 0.23633
495.453 0.11072
479.669 0.11408
478.201 0.03398
475.431 0.02202
499.013 1.00000
498.624 1.76328
496.894 0.80355
495.754 1.33651
494.272 1.07609
490.384 0.39626
473.252 1.60253
472.54 1.35015
468.296 0.96517
451.975 0.60504
500.678 0.03162
497.5 0.24117
496.673 0.10610
480.436 0.08408
479.68 0.01500
476.569 0.04152
497.925 1.00000
496.928 1.85021
494.608 0.86336
492.248 1.27925
490.606 1.13604
484.555 0.35696
470.89 1.43764
469.809 1.28997
462.821 0.81823
447.552 0.48193
499.187 0.01114
494.053 0.25686
492.86 0.16389
477.869 0.14971
476.747 0.08073
471.829 0.01466
499.099 1.00000
499.094 0.54847
497.693 0.47575
495.831 0.75249
494.734 0.60557
490.575 0.22137
473.477 0.92805
473.275 0.78373
468.783 0.56012
452.6 0.36052
501.073 0.01780
497.575 0.14019
497.175 0.06415
480.713 0.03970
480.35 0.00597
476.97 0.03146
498.914 1.00000
498.662 1.71661
496.973 0.77100
496.388 1.37328
494.935 1.04708
491.733 0.42833
473.415 1.64196
472.775 1.34162
469.389 1.01370
452.584 0.63433
500.647 0.04494
498.146 0.22710
497.336 0.07966
480.659 0.07298
479.941 0.00562
477.462 0.04419
499.161 1.00000
498.482 1.76462
496.58 0.78187
496.232 1.30753
494.564 1.07895
490.95 0.38223
473.484 1.59634
472.458 1.34959
468.703 0.95184
452.355 0.60378
500.619 0.02904
497.891 0.24815
496.819 0.11024
480.676 0.08187
479.716 0.01424
476.977 0.04532
499.587 1.00000
499.496 1.89622
498.13 0.90446
496.02 1.28782
495.16 1.12505
490.189 0.34847
474.109 1.70846
473.8 1.51344
468.927 0.98240
453.605 0.67616
501.552 0.01589
497.621 0.29967
497.276 0.17945
481.361 0.06151
481.047 0.01542
477.254 0.08982
498.18 1.00000
496.555 1.75861
494.294 1.34738
493.751 0.79791
491.885 1.10416
488.35 0.41390
471.392 1.45043
469.63 1.23392
465.293 0.87728
448.312 0.49205
498.863 0.02504
496.1 0.21203
494.247 0.09497
478.367 0.14196
476.664 0.04957
473.862 0.00742
498.891 1.00000
497.693 1.81014
495.259 0.81395
494.686 1.28239
492.83 1.11483
488.233 0.36480
472.496 1.49635
471.107 1.30573
465.931 0.87031
450.198 0.52647
499.972 0.01741
496.38 0.25205
494.96 0.13711
479.551 0.11945
478.244 0.04572
474.692 0.02448
498.726 1.00000
497.278 1.71850
496.477 1.33790
494.825 0.70333
494.089 1.09136
491.741 0.43235
472.793 1.54591
471.034 1.26986
468.609 0.95301
451.142 0.56673
499.544 0.03750
498.134 0.21331
496.333 0.07196
479.918 0.09766
478.328 0.01414
476.748 0.02231
498.122 1.00000
497.166 1.78427
494.915 0.82211
493.528 1.33238
491.63 1.10981
487.005 0.39587
471.387 1.46801
470.252 1.26669
464.795 0.87315
448.382 0.50533
499.351 0.02195
495.387 0.22637
494.128 0.11343
478.392 0.13552
477.212 0.05128
473.368 0.01232
499.307 1.00000
499.229 0.51464
498.108 0.49369
497.246 0.73634
496.311 0.59801
492.912 0.21300
474.107 0.98430
474.102 0.82501
471.115 0.58921
454.447 0.40705
501.277 0.01944
498.803 0.15278
498.587 0.06563
481.505 0.02387
481.375 0.00061
478.891 0.05618
498.71 1.00000
498.502 1.79757
496.9 0.84127
494.677 1.34993
493.356 1.10218
488.762 0.39968
472.622 1.58381
472.193 1.35226
466.995 0.95162
450.779 0.58612
500.525 0.02724
496.508 0.23946
495.899 0.11508
479.752 0.09667
479.177 0.02480
475.327 0.03310
498.995 1.00000
497.795 1.76236
495.948 1.30547
495.447 0.76349
493.905 1.09582
490.521 0.38825
472.996 1.54080
471.513 1.30270
467.868 0.92123
451.289 0.56192
500.043 0.02728
497.607 0.23692
496.1 0.10351
480.114 0.10016
478.759 0.02293
476.253 0.02900
499.012 1.00000
497.957 1.74199
496.469 1.31395
495.778 0.74247
494.452 1.08276
491.472 0.39799
473.256 1.57308
471.86 1.31191
468.798 0.94978
451.95 0.58748
500.163 0.03271
498.109 0.23395
496.68 0.09205
480.425 0.08794
479.158 0.01349
477.006 0.03507
498.909 1.00000
497.725 1.73036
496.38 1.32655
495.427 0.73624
494.242 1.08132
491.433 0.40886
473.059 1.55876
471.54 1.29392
468.602 0.94779
451.574 0.57644
499.944 0.03435
498.042 0.22591
496.487 0.08515
480.205 0.09306
478.824 0.01467
476.809 0.02914
499.128 1.00000
498.578 1.82804
496.743 0.84378
494.876 1.28023
493.503 1.10633
488.452 0.35634
473.076 1.56133
472.264 1.37234
466.788 0.90324
451.375 0.57481
500.722 0.01700
496.581 0.26756
495.729 0.15324
480.201 0.09597
479.406 0.03354
475.405 0.04342
499.131 1.00000
498.18 1.81167
495.991 0.81577
495.135 1.27553
493.462 1.10618
488.849 0.35916
472.999 1.53270
471.797 1.33699
466.767 0.88938
451.153 0.55442
500.409 0.01795
496.805 0.26025
495.591 0.14161
480.102 0.10421
478.986 0.03570
475.437 0.03511
498.968 1.00000
497.809 1.77524
495.501 1.30232
495.46 0.78503
493.534 1.09838
489.738 0.38140
472.835 1.52620
471.416 1.30341
467.223 0.90535
450.917 0.55015
500.053 0.02417
497.187 0.24077
495.74 0.11349
479.93 0.10648
478.615 0.02962
475.725 0.02715
499.168 1.00000
498.486 0.49778
497.52 0.53942
495.971 0.90570
495.796 0.61479
492.099 0.33011
473.665 0.79339
472.913 1.05136
469.723 0.69992
452.562 0.41986
500.85 0.05366
498.05 0.01193
497.93 0.10684
480.38 0.00182
480.261 0.03659
477.681 0.01918
498.605 1.00000
497.864 1.77557
495.816 0.81370
494.492 1.32890
492.757 1.09538
488.383 0.39286
472.273 1.51691
471.279 1.29892
466.249 0.90497
449.97 0.54182
500 0.02492
496.305 0.23316
495.209 0.11238
479.344 0.11377
478.322 0.03494
474.731 0.02203
499.177 1.00000
498.844 1.76923
497.244 0.79253
496.621 1.32340
495.194 1.07403
491.698 0.38786
473.77 1.65759
473.087 1.39077
469.598 0.99404
453.156 0.64713
500.905 0.03311
498.265 0.25390
497.484 0.10833
481.032 0.06733
480.349 0.00715
477.707 0.06038
498.972 1.00000
498.148 1.77067
496.069 0.79776
495.412 1.31333
493.651 1.08723
489.665 0.38426
472.938 1.54698
471.815 1.31907
467.403 0.92026
451.18 0.56551
500.309 0.02594
497.139 0.24153
495.962 0.11361
480.059 0.09971
478.98 0.02555
475.845 0.03142
499.232 1.00000
498.642 1.79000
496.807 0.80587
495.921 1.29545
494.398 1.08811
490.301 0.37032
473.495 1.59498
472.583 1.36756
468.285 0.94006
452.296 0.60170
500.776 0.02435
497.584 0.25781
496.632 0.12651
480.677 0.08319
479.814 0.01843
476.661 0.04843
498.286 1.00000
496.707 1.74326
494.656 1.35546
493.951 0.78885
492.245 1.09237
488.958 0.42137
471.632 1.46462
469.864 1.23599
465.867 0.89183
448.762 0.50294
498.99 0.02804
496.462 0.20896
494.617 0.08803
478.626 0.13479
476.936 0.04182
474.354 0.00859
499.152 1.00000
498.667 1.75655
496.968 0.77030
496.774 1.31550
495.201 1.07152
491.94 0.38851
473.746 1.64368
472.889 1.37394
469.7 0.98670
453.104 0.63935
500.761 0.03382
498.397 0.25018
497.463 0.10255
481.004 0.06861
480.192 0.00670
477.786 0.05712
499.461 1.00000
499.418 0.51634
498.169 0.49711
495.434 0.69452
494.687 0.59752
489.52 0.19130
473.692 0.79291
473.69 0.89743
468.357 0.52360
452.887 0.35253
501.455 0.00927
497.121 0.15176
496.983 0.09127
480.915 0.03499
480.784 0.00983
476.651 0.04149
499.113 1.00000
498.818 1.80262
497.2 0.83417
495.508 1.31923
494.192 1.09397
489.79 0.37922
473.323 1.61240
472.75 1.38363
467.995 0.95624
452.048 0.61047
500.878 0.02527
497.234 0.25605
496.556 0.12788
480.504 0.08288
479.879 0.01900
476.345 0.04846
498.906 1.00000
497.861 1.82052
495.556 0.82756
494.461 1.27675
492.745 1.11425
487.806 0.35880
472.515 1.50098
471.269 1.31887
465.727 0.86706
450.242 0.52978
500.113 0.01589
496.165 0.25825
494.889 0.14681
479.575 0.11781
478.392 0.04751
474.532 0.02729
498.868 1.00000
497.668 1.81189
495.23 0.81615
494.603 1.28205
492.751 1.11569
488.099 0.36430
472.446 1.49344
471.061 1.30484
465.809 0.86777
450.107 0.52420
499.949 0.01707
496.3 0.25232
494.883 0.13834
479.497 0.12080
478.191 0.04715
474.588 0.02397
498.915 1.00000
497.666 1.74223
496.18 1.31987
495.3 0.74546
494.032 1.08899
491.048 0.40248
472.967 1.54605
471.413 1.29194
468.229 0.93522
451.323 0.56634
499.908 0.03151
497.844 0.22819
496.259 0.09074
480.093 0.09795
478.677 0.01856
476.51 0.02722
499.026 1.00000
498.621 1.80450
496.903 0.83396
495.122 1.31094
493.736 1.09783
489.128 0.37533
473.068 1.58124
472.394 1.36571
467.345 0.93289
451.485 0.58847
500.709 0.02281
496.865 0.25460
496.099 0.13179
480.214 0.09147
479.501 0.02531
475.783 0.04165
499.057 1.00000
498.384 1.78600
496.442 0.81046
495.384 1.30481
493.776 1.09085
489.522 0.37605
473.087 1.56156
472.117 1.34086
467.463 0.92261
451.462 0.57603
500.525 0.02391
497.1 0.24983
496.076 0.12372
480.223 0.09505
479.281 0.02524
475.921 0.03723
497.993 1.00000
497.391 1.53088
496.155 1.51997
494.873 1.03484
494.656 0.56503
492.501 0.59521
472.288 1.58180
470.643 1.14078
469.564 1.12367
450.983 0.59432
499.141 0.10728
498.302 0.11544
496.708 0.00020
479.464 0.08638
477.975 0.00108
477.271 0.00219
498.9 1.00000
497.928 1.70924
496.829 1.33643
495.843 0.71582
494.78 1.06663
492.263 0.41944
473.304 1.59474
471.938 1.30664
469.479 0.97757
452.256 0.60486
500.091 0.04043
498.475 0.22468
497.05 0.07613
480.509 0.08038
479.266 0.00721
477.522 0.03656
498.912 1.00000
498.044 1.71926
496.158 1.34419
495.927 0.75799
494.243 1.06126
491.162 0.41279
473.102 1.57020
471.855 1.30140
468.543 0.95734
451.686 0.58448
500.173 0.03672
497.885 0.22500
496.575 0.08534
480.263 0.09018
479.086 0.01346
476.755 0.03110
498.762 1.00000
497.291 1.76475
495.436 1.31546
494.677 0.76969
493.204 1.10654
489.808 0.39541
472.457 1.50193
470.774 1.27386
466.927 0.90063
450.222 0.53160
499.592 0.02567
497.129 0.22831
495.407 0.10140
479.514 0.11655
477.955 0.03304
475.413 0.01868
499.019 1.00000
498.494 1.78252
496.668 0.81401
495.379 1.31625
493.852 1.08808
489.61 0.38212
473.094 1.57461
472.27 1.34660
467.611 0.93562
451.539 0.58495
500.596 0.02577
497.117 0.24740
496.211 0.11981
480.242 0.09197
479.406 0.02254
476.011 0.03847
499.091 1.00000
498.172 1.79435
496.023 0.80546
495.355 1.28936
493.626 1.09879
489.344 0.36862
473.027 1.54105
471.835 1.33078
467.164 0.90355
451.26 0.56106
500.379 0.02120
497.038 0.25284
495.822 0.12914
480.142 0.10115
479.027 0.03032
475.721 0.03432
498.799 1.00000
498.105 1.69263
496.123 1.37213
496.048 0.75130
494.302 1.04174
491.333 0.43572
473.028 1.57909
471.909 1.29045
468.693 0.97760
451.662 0.59078
500.162 0.04363
497.912 0.21361
496.694 0.07224
480.201 0.08809
479.103 0.01000
476.837 0.02868
498.855 1.00000
498.202 1.70164
497.292 1.33937
496.443 0.69950
495.421 1.05735
493.107 0.42504
473.567 1.64732
472.492 1.33534
470.456 1.01359
453.081 0.64533
500.303 0.04613
498.9 0.22947
497.712 0.07114
480.853 0.06526
479.855 0.00188
478.314 0.05024
498.6 1.00000
498.574 0.60658
496.846 0.43733
496.585 0.87418
495.398 0.60869
492.605 0.30406
473.234 1.01582
472.78 0.79186
470.015 0.65443
452.674 0.39828
500.449 0.04218
498.443 0.11859
497.707 0.02530
480.527 0.04048
479.883 0.00082
477.929 0.02190
499.315 1.00000
498.653 1.81953
496.743 0.82498
495.512 1.27098
494.065 1.10064
489.389 0.35384
473.441 1.57567
472.484 1.37670
467.557 0.91207
452.051 0.58696
500.826 0.01808
497.16 0.26980
496.198 0.14857
480.595 0.08897
479.71 0.02697
476.123 0.04895
499.194 1.00000
498.608 1.79396
496.762 0.81277
495.686 1.29638
494.174 1.09063
489.918 0.36986
473.376 1.58514
472.48 1.36367
467.947 0.93288
452.035 0.59385
500.74 0.02336
497.367 0.25738
496.427 0.12923
480.542 0.08684
479.682 0.02131
476.368 0.04563
499.231 1.00000
498.528 1.77913
496.618 0.78758
496.203 1.29411
494.568 1.08578
490.782 0.37332
473.546 1.59525
472.507 1.35879
468.61 0.94368
452.422 0.60302
500.684 0.02608
497.841 0.25458
496.774 0.11880
480.736 0.08191
479.779 0.01590
476.929 0.04782
499.115 1.00000
498.095 1.78513
495.877 0.78925
495.68 1.29026
493.852 1.09797
489.898 0.37246
473.116 1.54530
471.815 1.32530
467.558 0.91058
451.448 0.56482
500.321 0.02294
497.339 0.24956
496.022 0.12139
480.239 0.09886
479.043 0.02664
476.052 0.03430
499.088 1.00000
498.274 1.74624
496.447 1.31464
496.274 0.75978
494.626 1.07491
491.402 0.39208
473.426 1.59188
472.251 1.33221
468.943 0.95721
452.3 0.60137
500.429 0.03236
498.099 0.24024
496.879 0.09833
480.619 0.08234
479.536 0.01206
477.149 0.04158
499.084 1.00000
498.28 1.76637
496.245 0.78737
495.852 1.30911
494.102 1.08326
490.338 0.38298
473.218 1.56742
472.09 1.33062
468.043 0.93341
451.752 0.58159
500.44 0.02735
497.541 0.24429
496.371 0.11149
480.369 0.09158
479.309 0.01995
476.413 0.03714
498.997 1.00000
498.026 1.74825
495.986 1.31972
495.852 0.76999
494.063 1.07935
490.675 0.39413
473.097 1.55760
471.796 1.30993
468.141 0.93609
451.553 0.57469
500.207 0.03032
497.678 0.23502
496.336 0.09955
480.239 0.09443
479.03 0.01875
476.462 0.03191
499.389 1.00000
498.934 1.81155
497.256 0.81550
496.281 1.28086
494.924 1.09282
490.751 0.35985
473.854 1.63310
473.07 1.40903
468.91 0.95421
453.05 0.63009
501.058 0.02233
497.888 0.27147
497.082 0.13810
481.08 0.07206
480.358 0.01418
477.222 0.06380
499.626 1.00000
499.594 2.14425
498.266 1.16304
497.225 1.53057
496.726 1.26681
492.957 0.43075
474.663 1.81062
474.187 2.12160
471.493 1.25988
454.91 0.89997
501.518 0.03354
498.954 0.16775
498.746 0.34094
481.889 0.00128
481.63 0.03893
479.144 0.15022
499.138 1.00000
498.334 1.80708
496.281 0.81820
495.22 1.28244
493.617 1.10100
489.045 0.36207
473.088 1.54739
472.011 1.34585
467.046 0.90128
451.366 0.56551
500.525 0.01929
496.903 0.25947
495.804 0.13895
480.208 0.09916
479.195 0.03162
475.643 0.03801
498.898 1.00000
498.138 1.73248
496.087 0.77516
495.808 1.34211
493.994 1.06625
490.568 0.40764
473.003 1.56388
471.886 1.30539
468.104 0.94931
451.447 0.57875
500.249 0.03424
497.563 0.22757
496.37 0.09176
480.15 0.09357
479.065 0.01670
476.383 0.03022
499.162 1.00000
498.481 1.75915
496.6 0.77136
496.469 1.30744
494.779 1.07689
491.362 0.38436
473.57 1.60704
472.53 1.35221
469.062 0.96069
452.585 0.61242
500.619 0.03064
498.109 0.24767
497.022 0.10601
480.78 0.07809
479.816 0.01145
477.271 0.04788
499.112 1.00000
498.806 1.75709
497.189 0.79021
496.519 1.33691
495.086 1.06824
491.635 0.39700
473.667 1.65233
473.007 1.37828
469.483 0.99797
452.972 0.64261
500.846 0.03570
498.196 0.24727
497.416 0.10171
480.922 0.06934
480.236 0.00716
477.594 0.05567
499.288 1.00000
498.763 1.86220
496.936 0.86701
494.598 1.25017
493.413 1.11401
487.7 0.33661
473.212 1.56188
472.429 1.40135
466.314 0.88392
451.562 0.57505
500.927 0.01155
496.268 0.28688
495.486 0.18387
480.335 0.09479
479.598 0.04039
475.132 0.05191
499.391 1.00000
498.749 0.42840
497.498 0.60580
496.199 0.61762
495.94 0.91787
492.243 0.33680
474.145 0.80299
472.855 1.07736
469.908 0.72331
452.792 0.43732
501.018 0.05933
498.377 0.00866
497.894 0.10555
480.72 0.00404
480.253 0.03247
477.854 0.02159
498.762 1.00000
497.294 1.73242
496.229 1.33030
494.777 0.72337
493.877 1.09666
491.263 0.41917
472.731 1.53369
470.981 1.27155
468.182 0.93792
450.922 0.55693
499.574 0.03376
497.893 0.21783
496.105 0.08009
479.836 0.10264
478.246 0.01868
476.416 0.02141
498.913 1.00000
497.744 1.75307
495.754 1.31870
495.396 0.77077
493.703 1.08801
490.305 0.39476
472.848 1.53368
471.388 1.29403
467.642 0.92085
451.017 0.55624
499.97 0.02852
497.452 0.23196
495.957 0.10000
479.954 0.10339
478.602 0.02411
476.033 0.02591
498.256 1.00000
497.138 1.86491
494.677 0.86743
492.478 1.25656
490.89 1.13601
484.61 0.34303
471.282 1.43886
470.085 1.30163
462.812 0.80825
448.174 0.48158
499.439 0.00899
494.225 0.27003
492.952 0.18067
478.274 0.14779
477.079 0.08398
472.07 0.01830
497.406 1.00000
496.058 1.71863
493.397 0.79395
493.226 1.40655
490.851 1.08363
487.344 0.46513
470.32 1.42741
468.754 1.18966
464.347 0.89187
446.617 0.47538
498.235 0.03317
495.231 0.18135
493.529 0.06585
477.249 0.15608
475.649 0.04880
472.699 0.00171
499.287 1.00000
498.672 1.79214
496.836 0.80039
496.129 1.28830
494.599 1.08882
490.587 0.36722
473.621 1.60290
472.675 1.37427
468.556 0.94276
452.549 0.60826
500.818 0.02409
497.763 0.26079
496.792 0.12743
480.816 0.08002
479.941 0.01663
476.905 0.05202
499.13 1.00000
498.258 1.75849
496.385 1.30344
496.218 0.76325
494.557 1.08265
491.207 0.38491
473.429 1.58547
472.214 1.33494
468.777 0.94763
452.245 0.59649
500.438 0.02967
498.021 0.24425
496.774 0.10427
480.613 0.08422
479.503 0.01410
477.031 0.04170
499.098 1.00000
498.77 1.75094
497.176 0.77550
496.844 1.33401
495.369 1.06588
492.182 0.39791
473.769 1.66710
473.071 1.38345
469.962 1.00796
453.278 0.65486
500.819 0.03758
498.484 0.24836
497.669 0.09762
481.051 0.06453
480.35 0.00470
477.984 0.06042
499.218 1.00000
498.608 1.76956
496.823 0.77117
496.688 1.29783
495.066 1.08028
491.66 0.37872
473.742 1.62734
472.772 1.37189
469.437 0.96877
452.978 0.62788
500.744 0.02986
498.292 0.25428
497.278 0.10990
480.98 0.07208
480.091 0.00917
477.593 0.05560
499.319 1.00000
498.816 1.81113
497.062 0.82293
495.826 1.28415
494.438 1.09469
490.018 0.36070
473.602 1.60465
472.787 1.39026
468.195 0.93687
452.47 0.60830
500.945 0.02113
497.475 0.26757
496.633 0.14040
480.789 0.08071
480.02 0.01993
476.618 0.05460
499.295 1.00000
498.644 1.79348
496.778 0.79909
496.122 1.28518
494.575 1.09015
490.552 0.36587
473.615 1.59914
472.634 1.37248
468.508 0.93927
452.518 0.60562
500.8 0.02358
497.751 0.26127
496.752 0.12834
480.806 0.08090
479.906 0.01728
476.872 0.05145
498.862 1.00000
497.991 1.70673
496.193 1.35479
495.853 0.75204
494.255 1.05426
491.304 0.42200
473.057 1.57036
471.789 1.29396
468.621 0.96330
451.641 0.58471
500.107 0.03930
497.936 0.21986
496.6 0.07934
480.219 0.09010
479.02 0.01220
476.801 0.02942
499.358 1.00000
498.745 1.82616
496.881 0.83054
495.522 1.26714
494.135 1.10167
489.361 0.35071
473.514 1.58260
472.605 1.38710
467.605 0.91331
452.19 0.59204
500.911 0.01726
497.163 0.27364
496.253 0.15354
480.675 0.08677
479.837 0.02666
476.177 0.05224
498.928 1.00000
497.633 1.77992
495.429 1.29903
495.164 0.78174
493.386 1.10635
489.61 0.38094
472.714 1.51444
471.19 1.29553
466.996 0.89752
450.664 0.54108
499.912 0.02313
497.105 0.23985
495.554 0.11403
479.793 0.11115
478.384 0.03288
475.537 0.02445
499.183 1.00000
498.561 1.76265
496.735 0.77422
496.524 1.30620
494.883 1.07697
491.439 0.38272
473.636 1.61630
472.654 1.36095
469.19 0.96513
452.739 0.61922
500.689 0.03053
498.157 0.25015
497.124 0.10777
480.858 0.07556
479.945 0.01055
477.381 0.05099
499.446 1.00000
499.356 1.86512
497.995 0.87872
496.406 1.31266
495.4 1.11417
491.051 0.36495
474.071 1.72160
473.74 1.49172
469.505 1.00693
453.694 0.68478
501.398 0.02261
498.009 0.28677
497.601 0.15168
481.351 0.05971
480.994 0.00970
477.683 0.08512
498.375 1.00000
498.185 1.68902
497.932 1.38205
497.023 0.64750
496.224 1.05215
494.532 0.48238
473.511 1.75592
472.924 1.37678
471.951 1.10194
453.858 0.72158
500.189 0.06529
499.482 0.22785
498.597 0.04942
480.94 0.04585
480.299 0.00172
479.409 0.06936
499.12 1.00000
499.034 0.48474
497.974 0.51543
497.685 0.75202
496.745 0.59923
493.939 0.22537
474.147 0.83841
473.969 1.02021
471.992 0.61646
454.711 0.43091
501.062 0.02464
499.196 0.15283
499.063 0.05590
481.444 0.01977
481.439 0.00038
479.5 0.06285
498.796 1.00000
498.177 1.70042
497.433 1.33830
496.495 0.68682
495.551 1.05728
493.378 0.43089
473.577 1.65916
472.536 1.33857
470.716 1.02360
453.215 0.65456
500.275 0.04826
499.023 0.22893
497.853 0.06739
480.883 0.06213
479.913 0.00094
478.508 0.05262
498.986 1.00000
498.639 1.73500
497.227 1.33761
497.087 0.74688
495.667 1.06163
492.918 0.40750
473.793 1.68495
473.056 1.38172
470.564 1.02536
453.533 0.66969
500.692 0.04240
498.831 0.24500
497.96 0.08643
481.11 0.05920
480.386 0.00191
478.442 0.06381
498.633 1.00000
498.535 0.60038
496.891 0.44388
496.149 0.87088
495.042 0.60959
491.935 0.30384
473.035 0.99863
472.698 0.78018
469.415 0.64531
452.187 0.38653
500.47 0.04068
498.059 0.11480
497.42 0.02417
480.293 0.04426
479.713 0.00100
477.405 0.01767
498.654 1.00000
497.641 1.73049
495.35 0.77972
495.243 1.35211
493.225 1.07217
489.779 0.41639
472.444 1.52032
471.112 1.27210
467.136 0.92580
450.322 0.54552
499.794 0.03275
497.048 0.21735
495.643 0.08773
479.526 0.11029
478.236 0.02526
475.495 0.01886
499.057 1.00000
498.233 1.80335
496.157 0.81821
495.075 1.28819
493.435 1.10105
488.873 0.36561
472.942 1.53899
471.854 1.33675
466.842 0.89867
451.097 0.55904
500.424 0.01976
496.776 0.25574
495.655 0.13582
480.05 0.10263
479.015 0.03330
475.442 0.03463
498.943 1.00000
498.515 1.70943
496.734 0.75595
496.577 1.36003
494.974 1.04636
491.964 0.42180
473.458 1.63026
472.618 1.33419
469.525 1.00234
452.636 0.62862
500.543 0.04360
498.299 0.22827
497.33 0.08025
480.7 0.07322
479.847 0.00565
477.583 0.04423
499.066 1.00000
498.52 1.73691
496.711 0.76647
496.53 1.33185
494.882 1.06305
491.659 0.40000
473.533 1.61997
472.605 1.34642
469.309 0.98074
452.641 0.62155
500.604 0.03628
498.206 0.23940
497.192 0.09442
480.76 0.07523
479.864 0.00835
477.439 0.04699
499.25 1.00000
498.461 1.79498
496.458 0.79980
495.852 1.28291
494.222 1.09444
490.087 0.36510
473.419 1.57385
472.322 1.35536
467.983 0.92238
452.061 0.58645
500.647 0.02215
497.495 0.25888
496.385 0.12987
480.578 0.08888
479.571 0.02239
476.438 0.04441
498.901 1.00000
497.636 1.76859
495.527 1.30827
495.198 0.77764
493.459 1.09941
489.852 0.38735
472.724 1.51917
471.209 1.29222
467.196 0.90566
450.72 0.54486
499.897 0.02525
497.215 0.23562
495.669 0.10760
479.809 0.10925
478.407 0.02985
475.678 0.02411
499.282 1.00000
499.007 0.51685
497.965 0.51492
496.886 0.80165
496.077 0.60032
492.806 0.25024
474.006 0.81868
473.747 1.01384
470.723 0.63129
453.885 0.41480
501.139 0.03012
498.587 0.13960
498.463 0.04775
481.134 0.02765
481.074 0.00113
478.574 0.04429
498.936 1.00000
498.401 1.82846
496.566 0.84869
494.45 1.28796
493.064 1.11047
487.871 0.36062
472.738 1.54547
471.966 1.35988
466.246 0.89571
450.768 0.56242
500.539 0.01686
496.193 0.26276
495.355 0.15140
479.84 0.10283
479.053 0.03837
474.875 0.03736
498.551 1.00000
496.809 1.74986
495.537 1.33335
494 0.74614
493.048 1.11410
490.193 0.41704
472.148 1.48940
470.229 1.24983
466.941 0.90733
449.711 0.52210
499.155 0.02864
497.233 0.21420
495.262 0.08637
479.179 0.12213
477.404 0.03256
475.342 0.01287
499.367 1.00000
499.124 1.84115
497.595 0.85802
495.726 1.29203
494.59 1.10527
489.857 0.35865
473.714 1.64245
473.2 1.43424
468.312 0.95606
452.76 0.63247
501.2 0.01962
497.383 0.27732
496.813 0.15371
480.923 0.07394
480.398 0.01872
476.702 0.06532
499.236 1.00000
499.176 1.85557
497.911 0.85659
497.217 1.34319
496.087 1.11344
492.665 0.38590
474.135 1.78874
473.824 1.50967
470.821 1.06134
454.257 0.72932
501.205 0.03229
498.759 0.28295
498.32 0.12409
481.496 0.04974
481.155 0.00188
478.682 0.09541
498.413 1.00000
497.476 1.64802
495.629 1.42243
495.07 0.73755
493.622 1.01376
490.957 0.49122
472.333 1.53508
470.891 1.23074
467.978 0.97827
450.378 0.55728
499.506 0.05214
497.556 0.18233
496.043 0.04763
479.434 0.10428
478.043 0.01158
476.091 0.01225
498.295 1.00000
497.021 1.77030
494.507 0.80728
494.112 1.33453
491.98 1.10382
487.911 0.40056
471.611 1.46545
470.158 1.25508
465.295 0.87690
448.714 0.50347
499.264 0.02365
495.929 0.22218
494.384 0.10555
478.614 0.13513
477.183 0.04794
473.884 0.01132
499.382 1.00000
499.012 1.81906
497.393 0.82946
496.115 1.28631
494.835 1.09516
490.495 0.36015
473.819 1.63753
473.135 1.41711
468.747 0.95647
452.981 0.63193
501.116 0.02181
497.741 0.27291
497.022 0.14228
481.041 0.07228
480.392 0.01523
477.08 0.06450
499.083 1.00000
498.09 1.81616
495.852 0.81977
494.934 1.27377
493.25 1.10941
488.511 0.35779
472.87 1.52220
471.642 1.33211
466.432 0.88099
450.895 0.54623
500.331 0.01696
496.61 0.26063
495.369 0.14462
479.959 0.10847
478.815 0.03965
475.159 0.03282
499.205 1.00000
498.894 1.78005
497.363 0.79086
496.892 1.31520
495.489 1.07884
492.099 0.38329
473.913 1.67996
473.253 1.41083
470.027 1.00340
453.522 0.66377
500.964 0.03260
498.491 0.26040
497.741 0.11083
481.203 0.06181
480.562 0.00511
478.062 0.06876
498.829 1.00000
498.615 1.68807
496.938 0.74449
496.807 1.38928
495.356 1.03095
492.563 0.44560
473.503 1.66584
472.857 1.33904
470.083 1.03973
452.979 0.65343
500.574 0.05298
498.549 0.22154
497.708 0.06766
480.791 0.06567
480.068 0.00243
478.027 0.04783
499.371 1.00000
498.856 1.84087
497.07 0.84704
495.294 1.26317
494.025 1.10572
488.937 0.34590
473.501 1.58650
472.7 1.40176
467.356 0.91016
452.158 0.59420
501.007 0.01535
496.944 0.27951
496.14 0.16459
480.659 0.08629
479.912 0.02912
475.978 0.05527
498.969 1.00000
498.211 1.86007
496.137 0.86417
493.834 1.25053
492.484 1.12011
486.538 0.33824
472.555 1.51032
471.59 1.35896
465.01 0.85175
450.341 0.53598
500.427 0.01057
495.537 0.28019
494.554 0.18234
479.625 0.11433
478.699 0.05556
474.01 0.03660
498.481 1.00000
497.511 1.66476
495.615 1.40682
495.135 0.74655
493.571 1.02683
490.813 0.47238
472.389 1.53337
470.96 1.24082
467.876 0.96709
450.424 0.55594
499.574 0.04762
497.507 0.19052
496.004 0.05577
479.489 0.10486
478.112 0.01386
476.033 0.01404
499.368 1.00000
498.763 1.82228
496.915 0.82640
495.659 1.26918
494.262 1.09990
489.607 0.35237
473.571 1.58876
472.663 1.38833
467.82 0.91906
452.321 0.59685
500.926 0.01812
497.294 0.27264
496.385 0.15020
480.74 0.08469
479.906 0.02447
476.351 0.05342
499.215 1.00000
498.355 1.78596
496.297 0.78906
495.968 1.28697
494.254 1.09310
490.332 0.36973
473.388 1.57117
472.217 1.34574
468.108 0.92516
452.021 0.58477
500.551 0.02368
497.607 0.25446
496.422 0.12289
480.547 0.08947
479.476 0.02110
476.527 0.04216
499.713 1.00000
499.65 1.93897
498.28 0.94323
495.242 1.25411
494.625 1.13828
488.647 0.32718
474.035 1.68527
473.801 1.54266
467.838 0.94587
453.283 0.66098
501.708 0.00828
496.859 0.31796
496.626 0.22497
481.238 0.06492
481.011 0.02729
476.409 0.09563
498.945 1.00000
498.387 1.72680
497.306 1.32340
496.722 0.71851
495.542 1.06438
493.023 0.40964
473.703 1.66102
472.745 1.35850
470.517 1.01222
453.322 0.65477
500.489 0.04226
498.889 0.23950
497.822 0.08056
481.003 0.06248
480.111 0.00197
478.387 0.05732
498.936 1.00000
498.268 1.82125
496.313 0.83959
494.511 1.28623
493.02 1.10843
487.959 0.36124
472.705 1.53367
471.798 1.34626
466.194 0.88937
450.676 0.55417
500.433 0.01719
496.245 0.26023
495.284 0.14760
479.799 0.10617
478.9 0.03953
474.854 0.03439
498.965 1.00000
498.136 1.72017
496.415 1.33831
496.082 0.75074
494.527 1.06180
491.541 0.40969
473.27 1.58590
472.054 1.31240
468.942 0.96573
452.063 0.59686
500.265 0.03725
498.11 0.22867
496.832 0.08579
480.456 0.08445
479.319 0.01078
477.104 0.03587
499.045 1.00000
497.941 1.78103
495.646 0.78655
495.591 1.29515
493.688 1.09916
489.808 0.37638
472.974 1.53465
471.602 1.31383
467.374 0.90690
451.174 0.55664
500.181 0.02338
497.26 0.24539
495.868 0.11777
480.082 0.10300
478.817 0.02842
475.878 0.03048
498.946 1.00000
498.112 1.71087
496.696 1.34013
496.089 0.73404
494.775 1.05961
492.038 0.41489
473.354 1.59890
472.118 1.31434
469.375 0.97757
452.324 0.60746
500.241 0.03987
498.367 0.22739
497.063 0.08038
480.563 0.07968
479.419 0.00773
477.454 0.03843
498.451 1.00000
496.804 1.78067
494.592 1.31855
493.989 0.79189
492.278 1.11974
488.534 0.39447
471.782 1.46114
470.02 1.25345
465.572 0.87180
448.949 0.49996
499.151 0.02174
496.325 0.22552
494.492 0.10825
478.777 0.13602
477.102 0.04950
474.224 0.01137
498.928 1.00000
497.968 1.80975
495.753 0.82254
494.676 1.28560
492.965 1.10810
488.229 0.36426
472.628 1.51352
471.441 1.32138
466.148 0.88030
450.479 0.53953
500.192 0.01796
496.39 0.25453
495.167 0.13925
479.703 0.11275
478.571 0.04154
474.85 0.02869
498.08 1.00000
496.596 1.67504
494.872 1.42055
493.826 0.77276
492.428 1.03611
489.79 0.48419
471.496 1.47406
469.646 1.20571
466.489 0.93178
448.674 0.51031
498.759 0.04142
496.808 0.18011
494.902 0.05571
478.494 0.13074
476.737 0.02809
474.738 0.00485
498.434 1.00000
497.304 1.74676
494.908 0.79383
494.606 1.34884
492.518 1.08662
488.782 0.41243
471.958 1.48945
470.573 1.25880
466.146 0.90180
449.382 0.52181
499.493 0.02868
496.436 0.21664
494.966 0.09364
478.993 0.12404
477.634 0.03600
474.604 0.01359
499.148 1.00000
498.512 1.85091
496.579 0.85765
494.438 1.25758
493.125 1.11397
487.536 0.34231
472.959 1.54138
472.08 1.37626
466.007 0.87651
451.088 0.55978
500.694 0.01257
496.127 0.27877
495.235 0.17410
480.062 0.10222
479.224 0.04358
474.833 0.04349
498.983 1.00000
497.827 1.77912
495.477 0.78699
495.474 1.29906
493.523 1.10011
489.661 0.37901
472.845 1.52568
471.432 1.30562
467.172 0.90305
450.925 0.54969
500.074 0.02346
497.155 0.24253
495.716 0.11597
479.94 0.10668
478.631 0.03041
475.692 0.02761
499.1 1.00000
499.082 0.54037
497.719 0.48183
495.425 0.73881
494.391 0.60575
489.846 0.21436
473.324 0.91005
473.186 0.77858
468.237 0.54505
452.233 0.35076
501.08 0.01500
497.183 0.14095
496.849 0.07011
480.533 0.04150
480.222 0.00842
476.485 0.03022
498.393 1.00000
496.866 1.63729
496.017 1.43226
494.174 0.73178
493.548 1.02620
491.458 0.49065
472.232 1.51892
470.277 1.22962
468.09 0.96044
450.148 0.54536
499.036 0.04618
497.851 0.18675
495.863 0.05336
479.304 0.10927
477.521 0.01557
476.19 0.01128
499.081 1.00000
498.385 1.81527
496.419 0.83070
494.933 1.28367
493.419 1.10361
488.591 0.36069
472.98 1.54675
472.022 1.35193
466.742 0.89857
451.177 0.56446
500.555 0.01824
496.638 0.26138
495.643 0.14453
480.094 0.10036
479.17 0.03419
475.363 0.03814
498.758 1.00000
498.178 0.58984
497 0.44693
495.748 0.93126
495.329 0.62692
491.765 0.34928
472.871 0.77397
472.647 1.03857
469.26 0.70296
451.843 0.40449
500.464 0.05794
497.777 0.09643
497.521 0.00631
479.928 0.04450
479.677 0.00097
477.219 0.01039
498.909 1.00000
497.705 1.80778
495.271 0.81110
494.774 1.28323
492.906 1.11401
488.382 0.36575
472.538 1.49888
471.139 1.30578
466.056 0.87301
450.277 0.52847
499.984 0.01784
496.464 0.25136
495.037 0.13531
479.597 0.11827
478.284 0.04426
474.797 0.02479
499.174 1.00000
499.152 0.52401
497.995 0.47538
497.434 0.73086
496.372 0.59938
493.188 0.21246
474.114 0.98377
473.973 0.82349
471.319 0.58674
454.491 0.40706
501.175 0.01951
498.958 0.15300
498.633 0.06327
481.519 0.02371
481.303 0.00021
479.038 0.05626
499.143 1.00000
498.577 1.76510
496.752 0.79006
496.137 1.31470
494.548 1.07690
490.84 0.38459
473.472 1.60278
472.56 1.35462
468.666 0.95744
452.357 0.60777
500.685 0.02965
497.817 0.24784
496.841 0.11056
480.668 0.08091
479.79 0.01394
476.936 0.04613
499.262 1.00000
498.748 1.78232
497.012 0.79368
496.409 1.29863
494.907 1.08267
491.152 0.37387
473.726 1.62595
472.867 1.38201
469.086 0.96319
452.879 0.62542
500.865 0.02742
498.037 0.25861
497.132 0.11948
480.952 0.07371
480.147 0.01174
477.321 0.05642
499.306 1.00000
498.926 1.80507
497.286 0.82183
496.09 1.29746
494.751 1.09051
490.561 0.36771
473.715 1.63125
473.019 1.40190
468.72 0.95976
452.806 0.62717
501.021 0.02419
497.737 0.26575
496.987 0.13304
480.932 0.07427
480.255 0.01471
477.029 0.05944
499.498 1.00000
499.102 0.41146
497.453 0.62135
496.967 0.60113
496.629 0.89502
493.408 0.32143
474.708 0.83457
473.134 1.11101
471.075 0.73293
453.827 0.46854
501.119 0.05756
499.107 0.01602
498.452 0.12036
481.332 0.00806
480.646 0.02237
478.849 0.04027
498.888 1.00000
498.703 1.72204
497.265 1.36835
497.219 0.75038
495.816 1.05302
493.162 0.42510
473.759 1.71075
473.183 1.38658
470.788 1.05270
453.636 0.68571
500.699 0.04889
498.9 0.24031
498.134 0.07864
481.101 0.05602
480.478 0.00117
478.609 0.06542
499.096 1.00000
498.948 0.47283
497.571 0.55882
494.305 0.78190
493.867 0.61566
488.887 0.24602
473.247 0.77154
472.305 0.92132
467.436 0.57652
450.81 0.35480
500.908 0.01952
496.639 0.05285
496.243 0.12322
479.861 0.00739
479.5 0.04406
475.48 0.02103
498.714 1.00000
497.92 1.65360
496.551 1.39527
495.774 0.71837
494.629 1.02387
492.182 0.46088
473.065 1.59002
471.777 1.27800
469.328 0.99782
451.901 0.60060
499.965 0.05152
498.335 0.20362
496.958 0.05833
480.261 0.08292
479.04 0.00561
477.34 0.02820
498.896 1.00000
498.213 1.69482
496.964 1.35177
496.322 0.72022
495.119 1.04995
492.58 0.42491
473.466 1.62490
472.351 1.32233
469.929 1.00033
452.72 0.62756
500.301 0.04490
498.629 0.22572
497.417 0.07359
480.715 0.07189
479.669 0.00407
477.897 0.04361
498.897 1.00000
498.403 1.75030
496.56 0.79520
495.544 1.34323
493.951 1.07284
490.132 0.40372
473.012 1.57836
472.188 1.32520
467.933 0.95516
451.487 0.58772
500.467 0.03267
497.323 0.23275
496.385 0.09912
480.168 0.09117
479.306 0.01730
476.226 0.03370
498.963 1.00000
497.882 1.80294
495.568 0.81125
494.922 1.28634
493.113 1.10783
488.635 0.36687
472.69 1.51264
471.383 1.31436
466.39 0.88295
450.581 0.53910
500.13 0.01895
496.617 0.25170
495.283 0.13347
479.766 0.11254
478.538 0.03953
475.068 0.02773
498.979 1.00000
498.249 1.76464
496.246 0.79603
495.522 1.31964
493.806 1.08239
489.894 0.38818
473.016 1.55849
471.971 1.32332
467.654 0.93090
451.372 0.57410
500.384 0.02772
497.255 0.24012
496.146 0.11003
480.151 0.09589
479.135 0.02236
476.045 0.03322
498.857 1.00000
497.906 1.70777
496.21 1.35257
495.715 0.74955
494.213 1.05717
491.318 0.42130
473.027 1.56540
471.686 1.29089
468.583 0.95958
451.568 0.58110
500.041 0.03866
497.944 0.21967
496.544 0.07943
480.182 0.09155
478.927 0.01286
476.769 0.02843
499.335 1.00000
498.982 1.80422
497.394 0.81462
496.453 1.29637
495.122 1.08888
491.165 0.36806
473.885 1.65419
473.204 1.41532
469.287 0.97440
453.233 0.64457
501.074 0.02560
498.066 0.26829
497.332 0.12994
481.134 0.06787
480.485 0.01059
477.501 0.06649
498.974 1.00000
498.708 1.77679
497.07 0.81936
495.532 1.34321
494.157 1.08360
490.056 0.39761
473.174 1.61008
472.617 1.36078
468.093 0.96973
451.844 0.60817
500.737 0.03082
497.3 0.24259
496.601 0.10955
480.355 0.08456
479.71 0.01609
476.374 0.04189
499.248 1.00000
498.725 1.78940
496.954 0.80610
496.052 1.29811
494.57 1.08635
490.534 0.37145
473.582 1.60827
472.731 1.37600
468.54 0.94948
452.51 0.61146
500.843 0.02527
497.708 0.25872
496.811 0.12537
480.78 0.07944
479.97 0.01605
476.87 0.05180
498.696 1.00000
497.834 1.71186
495.645 0.76877
495.542 1.36474
493.608 1.05764
490.351 0.42777
472.644 1.54146
471.412 1.27558
467.712 0.94744
450.784 0.56169
499.937 0.03769
497.357 0.21322
496.042 0.07910
479.758 0.10208
478.553 0.01827
475.979 0.02135
498.996 1.00000
498.734 1.74118
497.081 0.78850
496.247 1.35771
494.818 1.06092
491.356 0.41259
473.448 1.63876
472.831 1.35632
469.144 1.00064
452.551 0.63126
500.741 0.03923
497.986 0.23598
497.218 0.09185
480.682 0.07437
479.995 0.00786
477.276 0.04676
498.966 1.00000
497.908 1.82381
495.591 0.82737
494.535 1.27181
492.835 1.11502
487.867 0.35597
472.6 1.50338
471.34 1.32292
465.795 0.86636
450.385 0.53156
500.168 0.01538
496.225 0.26091
494.943 0.14964
479.665 0.11653
478.478 0.04726
474.619 0.02871
499.262 1.00000
498.688 1.78283
496.897 0.79300
496.321 1.29556
494.783 1.08413
490.98 0.37251
473.673 1.61490
472.757 1.37522
468.897 0.95518
452.727 0.61740
500.819 0.02655
497.952 0.25802
496.998 0.12058
480.886 0.07652
480.034 0.01338
477.169 0.05370
498.823 1.00000
498.154 1.80891
496.192 0.83331
494.472 1.29936
492.918 1.10576
488.038 0.37017
472.558 1.52907
471.649 1.33299
466.187 0.89413
450.435 0.55069
500.307 0.01928
496.232 0.25220
495.25 0.13714
479.645 0.10850
478.727 0.03840
474.786 0.03043
499.203 1.00000
498.685 1.76743
496.95 0.78067
496.583 1.30768
495.027 1.07658
491.539 0.38174
473.72 1.63163
472.843 1.37452
469.366 0.97367
452.948 0.63012
500.793 0.03071
498.211 0.25328
497.274 0.10990
480.958 0.07189
480.132 0.00923
477.529 0.05560
498.9 1.00000
497.928 1.70924
496.829 1.33643
495.843 0.71582
494.78 1.06663
492.263 0.41944
473.304 1.59474
471.938 1.30664
469.479 0.97757
452.256 0.60486
500.091 0.04043
498.475 0.22468
497.05 0.07613
480.509 0.08038
479.266 0.00721
477.522 0.03656
499.334 1.00000
499.074 1.82536
497.532 0.84427
495.939 1.29973
494.736 1.09863
490.288 0.36492
473.738 1.64612
473.191 1.42436
468.613 0.96495
452.859 0.63573
501.147 0.02242
497.594 0.27184
496.981 0.14266
480.958 0.07256
480.401 0.01566
476.94 0.06401
498.731 1.00000
497.225 1.74598
495.753 1.32807
494.614 0.75196
493.431 1.09939
490.443 0.40878
472.513 1.51155
470.766 1.26770
467.418 0.91659
450.399 0.53933
499.518 0.02959
497.444 0.22091
495.659 0.08960
479.583 0.11220
477.976 0.02687
475.789 0.01834
499.231 1.00000
498.434 1.78541
496.435 0.79043
496.029 1.28820
494.355 1.09092
490.439 0.36985
473.451 1.57948
472.335 1.35186
468.255 0.93054
452.167 0.59105
500.615 0.02413
497.668 0.25539
496.535 0.12289
480.62 0.08680
479.597 0.01953
476.648 0.04445
498.637 1.00000
497.161 1.74714
495.348 1.33526
494.532 0.77172
493.05 1.09411
489.837 0.40864
472.283 1.49692
470.577 1.26120
466.864 0.90605
449.942 0.52781
499.439 0.02843
497.082 0.21952
495.326 0.09240
479.331 0.11904
477.737 0.03215
475.302 0.01556
498.993 1.00000
498.145 1.72677
496.427 1.33176
496.09 0.75188
494.536 1.06599
491.51 0.40510
473.298 1.58569
472.072 1.31594
468.929 0.96252
452.096 0.59674
500.286 0.03590
498.109 0.23132
496.826 0.08867
480.484 0.08440
479.344 0.01127
477.103 0.03682
498.677 1.00000
498.17 1.68798
496.186 0.75574
495.782 1.38954
494.103 1.03716
490.939 0.45077
472.837 1.57738
471.907 1.28138
468.378 0.98588
451.337 0.58789
500.171 0.04666
497.638 0.20551
496.568 0.06557
479.999 0.09087
479.019 0.00995
476.526 0.02462
498.52 1.00000
497.291 1.79856
494.819 0.81828
494.119 1.30475
492.147 1.11422
487.603 0.37838
471.898 1.47216
470.509 1.27942
465.214 0.86435
449.172 0.50820
499.559 0.01893
495.881 0.23920
494.42 0.12635
478.916 0.13144
477.564 0.05193
473.944 0.01632
499.127 1.00000
498.108 1.78523
495.895 0.78809
495.721 1.28937
493.896 1.09802
489.959 0.37215
473.143 1.54721
471.842 1.32660
467.617 0.91165
451.503 0.56633
500.335 0.02299
497.376 0.24995
496.06 0.12134
480.27 0.09807
479.076 0.02610
476.105 0.03489
499.226 1.00000
498.88 1.78000
497.28 0.79909
496.565 1.31454
495.159 1.07893
491.524 0.38130
473.801 1.65520
473.111 1.39738
469.488 0.98704
453.163 0.64540
500.952 0.03062
498.199 0.25819
497.427 0.11480
481.057 0.06779
480.38 0.00826
477.632 0.06188
498.505 1.00000
497.69 1.61111
496.375 1.43821
495.366 0.70063
494.482 0.99500
492.196 0.50791
472.772 1.57745
471.36 1.24484
469.199 1.01294
451.436 0.59094
499.669 0.06161
498.265 0.18179
496.774 0.04081
479.947 0.08729
478.609 0.00427
477.161 0.01909
498.842 1.00000
497.578 1.80149
495.094 0.80682
494.769 1.28977
492.828 1.11385
488.45 0.37069
472.434 1.49367
470.984 1.29669
466.025 0.87392
450.095 0.52458
499.864 0.01879
496.468 0.24668
494.981 0.12971
479.484 0.12063
478.119 0.04438
474.742 0.02235
499.167 1.00000
498.98 1.85975
497.474 0.88181
494.883 1.29718
493.818 1.11951
488.54 0.35920
473.24 1.61587
472.841 1.42696
467.206 0.93713
451.814 0.61036
501.044 0.01677
496.603 0.27573
496.116 0.16342
480.399 0.08447
479.938 0.02841
475.693 0.05567
498.801 1.00000
498.345 1.71013
496.462 0.76901
495.861 1.37223
494.237 1.04915
490.904 0.43142
473.021 1.58954
472.176 1.30479
468.478 0.98190
451.653 0.59658
500.362 0.04215
497.673 0.21748
496.689 0.07734
480.199 0.08719
479.301 0.01072
476.653 0.03072
498.932 1.00000
497.832 1.72622
496.56 1.32632
495.623 0.72994
494.466 1.07740
491.734 0.40986
473.184 1.57299
471.73 1.30125
468.941 0.95772
451.878 0.58767
500.033 0.03591
498.211 0.22701
496.715 0.08331
480.354 0.08783
479.033 0.01171
477.093 0.03258
498.933 1.00000
497.929 1.71851
496.692 1.33093
495.803 0.72608
494.648 1.07063
491.986 0.41298
473.274 1.58601
471.892 1.30667
469.227 0.96806
452.12 0.59787
500.105 0.03799
498.342 0.22689
496.91 0.08073
480.464 0.08339
479.207 0.00923
477.327 0.03542
