                  1152
  -19.3012669910431       1.456422828866408E-035
  -19.2898376193723       6.042276128413775E-008
  -19.2503079323087       6.827381540419147E-036
  -19.2213169777766       1.804114833634002E-037
  -19.1860187691306       1.489245399532085E-035
  -19.1737658591376       2.056995385797474E-005
  -19.1538874876658       1.166099683630863E-010
  -19.1107782111176       4.704317899538740E-013
  -18.9941354849908       2.366798233882087E-008
  -18.5773981376426       7.739950263148871E-038
  -18.5136607793477       2.891715867839995E-007
  -18.4358185638116       1.148056911004555E-018
  -18.3502689262084       4.337806343683468E-039
  -18.2944482429484       2.813644817102234E-008
  -18.1783005310034       8.273291222253095E-017
  -17.5838172839077       9.605367964509770E-013
  -19.2288773855069       3.059341321974718E-038
  -19.2022850593006       3.223941406467353E-013
  -19.1677461169520       2.071409707682802E-037
  -19.1283777302448       3.751750404130983E-035
  -19.0907141789289       4.021373174008413E-008
  -19.0601268879859       6.681533114147764E-009
  -19.0513100440322       3.710313443792529E-036
  -18.9922164037767       2.012721469180055E-010
  -18.8848500056012       1.482949919217909E-015
  -18.5078464887287       4.044344694564769E-040
  -18.4556364899484       4.868743993364497E-013
  -18.3216592791482       3.066247754905312E-012
  -18.2664732110374       1.505244578430690E-040
  -18.2158463040489       7.419692608420052E-013
  -18.0781543743856       3.626889310167036E-013
  -17.4995462882826       2.925132084371170E-019
  -18.9625910781227       3.557354238006277E-037
  -18.9452328959768       2.509746475043665E-010
  -18.9004849332194       6.304398332851026E-035
  -18.8733433414448       1.011251174930200E-034
  -18.8405071531652       1.444108731331607E-006
  -18.7848575443224       1.839956983406563E-006
  -18.7581839860667       1.425064295830919E-034
  -18.7040071884970       2.724168308633770E-009
  -18.6602343283940       7.688998203686335E-011
  -18.2522348989726       2.019716430616234E-039
  -18.1569540897842       1.490763151973854E-011
  -18.0536359153320       1.990312410891624E-009
  -18.0271377662338       3.629078790721961E-038
  -17.9756466282382       8.067487900969666E-010
  -17.8534396126150       3.981296977969972E-011
  -17.2843768855852       4.782565436982453E-013
  -18.8808535779103       1.693829167971004E-007
  -18.8692528459026       3.037221535572378E-034
  -18.8451629858157       1.270861996815694E-035
  -18.8237069212790       1.503512440669775E-034
  -18.7796244044590       4.626716231146555E-005
  -18.7455734766969       2.453411415797401E-007
  -18.7341702579929       3.967868184602218E-041
  -18.6746080223873       3.824121364803129E-010
  -18.6231597208236       4.541268314959451E-008
  -18.1547925936141       1.872938327763868E-037
  -18.0942913822055       1.407348209884022E-006
  -17.9929867608561       3.648539493427296E-011
  -17.9604128660837       1.442319898637636E-039
  -17.9039473828469       1.339499611599298E-007
  -17.8148692207347       3.516479188874934E-012
  -17.2224980098368       7.410959896468275E-011
  -18.8056045394831       8.824446494463482E-035
  -18.7941998928973       2.891943889910113E-009
  -18.6852443605660       1.918439381030789E-033
  -18.6748540811838       4.950937419003573E-005
  -18.6618607412974       2.297867818749237E-038
  -18.6344428946388       3.260414283614890E-011
  -18.6311563076031       6.123130007213259E-036
  -18.4913314521229       8.866535949120130E-013
  -18.3876225250380       1.952423009544704E-007
  -18.0400949832369       3.872520524327272E-038
  -17.9523005258586       6.694481399883481E-007
  -17.8594520751118       4.060168928953463E-013
  -17.8308280665915       1.200587724579876E-037
  -17.7869204887153       1.061214851302251E-006
  -17.5851206729291       1.864925940870793E-014
  -17.0108422633455       3.089221949876886E-009
  -18.8250826984416       5.451098287149966E-020
  -18.7891012835269       1.393663462849264E-023
  -18.7180126003169       2.113882832973469E-023
  -18.6652479485833       4.857827021249998E-020
  -18.6249137835685       1.561299116019844E-025
  -18.5988754573537       2.221102626129587E-019
  -18.5753491405986       1.145483364088631E-023
  -18.4773283690204       1.275084718145790E-023
  -18.4132418346280       3.271599057904844E-024
  -18.0255452634919       8.975800710102198E-022
  -18.0042409773179       1.215849071271324E-021
  -17.9020780738955       8.001286079254582E-027
  -17.8185009398811       3.825209618260534E-021
  -17.8055900917655       4.745504215281933E-021
  -17.6376964348489       6.324387233207115E-028
  -17.0908484038873       2.951995271793194E-025
  -18.6095791540667       2.719866968835307E-009
  -18.5955433918779       5.136321577206505E-035
  -18.5399104855862       2.012775700554512E-042
  -18.5119079720559       8.389657489744486E-037
  -18.4895262443584       3.138819103024106E-038
  -18.4839993672225       5.100994653823494E-006
  -18.4236694676316       2.816194371699196E-011
  -18.3954557199459       2.272512274211237E-010
  -18.2982070851497       5.257805995884947E-008
  -17.8948389453492       2.041001983058746E-037
  -17.8044901667657       8.948670610025449E-007
  -17.7394217949221       3.511657536796197E-012
  -17.6868891762544       2.530297519816958E-039
  -17.6163071011682       5.327095970499214E-008
  -17.5122638170676       6.475531466570112E-016
  -16.9422794197928       6.439869594607416E-011
  -18.6333532498841       4.160070321842190E-041
  -18.6198427938887       1.517889469074278E-013
  -18.5770356168426       1.005643004100995E-036
  -18.5224381498454       4.073670863114533E-035
  -18.4899094907089       3.226406974044839E-007
  -18.4561698902567       8.284210091663628E-008
  -18.4018060728443       3.606828356995200E-035
  -18.3413588398037       5.829247333657047E-008
  -18.2504022368231       2.151861695756948E-011
  -17.9018270907406       8.235642042332514E-040
  -17.8513971993693       8.607769278433328E-012
  -17.6848744588190       1.963188012997289E-038
  -17.6697020594300       7.539260205086170E-010
  -17.6376650658085       7.661237704029609E-010
  -17.4585744403416       9.071480573186009E-014
  -16.9078618105804       8.351776697558806E-013
  -18.3284812990796       1.625517274007393E-023
  -18.3269613953080       3.267429602069417E-023
  -18.2740278161471       1.739043050051632E-022
  -18.2470295812419       9.517798104348699E-020
  -18.2224088104301       2.286431311835642E-020
  -18.2112317777050       2.275782595731591E-020
  -18.1842950532720       1.965695076034454E-021
  -18.1214145761941       1.142282479553852E-023
  -18.0656394288336       1.211679393061214E-022
  -17.6067595819614       4.754074001486048E-025
  -17.5900500414759       5.429169838432373E-025
  -17.4746999391275       1.075534624862923E-028
  -17.4167726764540       2.508969226842573E-028
  -17.3573649270593       4.516196593903287E-025
  -17.2647734259332       2.703914409981986E-029
  -16.6846397128802       1.555737916248896E-027
  -18.2896244117503       4.426486356702539E-008
  -18.2784612994694       1.340193905012956E-033
  -18.2247509078904       1.220960551225342E-034
  -18.1918179460644       6.376494964765180E-036
  -18.1842310586493       1.941015574365011E-035
  -18.1768096502983       9.926596900884382E-005
  -18.1335715613271       1.919524409229314E-011
  -18.0892568602517       1.614753984082812E-012
  -17.9950271669521       6.365735213171753E-010
  -17.5764119485487       2.850298265408572E-040
  -17.5021641043091       2.290270514768880E-009
  -17.4393741393119       1.177285053934068E-016
  -17.3711318565617       9.850319980296082E-041
  -17.3162622131046       1.586974853969017E-009
  -17.1970566736676       2.237170826360383E-019
  -16.6199894475895       2.354570578313726E-012
  -18.1889158653073       1.559506163547966E-021
  -18.1515945961459       4.605080799569668E-020
  -18.1293942333927       1.622270862580225E-023
  -18.0991757597483       1.977242878231654E-022
  -18.0721740172128       5.463052313419323E-019
  -18.0574527957280       1.923870017516835E-024
  -18.0318166822278       1.114973778654024E-024
  -17.9931462192241       4.627425414610563E-024
  -17.8945608233060       8.818125513320347E-025
  -17.4565545043685       6.461968620492063E-027
  -17.4058209504307       2.014980614132471E-024
  -17.3448448006441       9.302655088744818E-029
  -17.2703456168206       2.028926951638174E-026
  -17.2128539865523       2.425591445933693E-025
  -17.0990370668473       3.062513644304090E-030
  -16.5233874105327       9.630006366248248E-028
  -17.7798134359602       4.150591250488052E-039
  -17.7394644980600       1.495724528270804E-014
  -17.7208792869160       5.305462306241257E-036
  -17.7181714755355       7.214446444654494E-037
  -17.6721100009103       3.304625766027044E-008
  -17.6555208702468       8.462262800677242E-035
  -17.6521195712349       1.652037129933514E-009
  -17.6133820954978       2.177314843033548E-016
  -17.5245228238620       3.906393922186489E-011
  -17.0846640086886       2.383528106188915E-043
  -17.0382632031074       7.839264279640874E-013
  -16.9614174419782       9.383324529550157E-016
  -16.8323369741069       1.000193935971588E-040
  -16.7931515232534       3.326905372795246E-013
  -16.7088240577867       4.605286404320825E-015
  -16.1073028991093       9.966402458749946E-016
  -17.6581822627420       9.590706749182743E-007
  -17.6469530731278       1.008957870894282E-032
  -17.5749551707887       4.120410731039275E-035
  -17.5528344093726       4.687134096009214E-035
  -17.5277225609629       5.663637304137525E-006
  -17.4921183913172       3.492460689690529E-033
  -17.4889430773318       1.263371827487389E-008
  -17.4548041013925       2.979617591030590E-010
  -17.3377457186357       3.951579677188691E-009
  -16.9049110481488       6.689962098420707E-037
  -16.8877578912660       7.821947105661496E-010
  -16.7820806740001       2.586140856291566E-013
  -16.7327177663849       7.498509263570877E-041
  -16.6731595639667       3.938667387661244E-010
  -16.5483015906799       9.486865864810758E-014
  -15.9796162041524       2.199417669538775E-011
  -17.5363196500172       3.325769846572909E-036
  -17.5214336245898       1.888526158961713E-011
  -17.4723323231751       1.071963556049687E-037
  -17.4648147180106       4.370798929621457E-035
  -17.4230077539946       1.487442660131277E-007
  -17.3899847145157       5.328632255168852E-035
  -17.3649302185646       9.632571800416993E-007
  -17.3431477771294       1.512766205742817E-009
  -17.2478191480655       2.732964745293889E-011
  -16.8341563847989       8.515700503770342E-040
  -16.7573800897893       6.882042736144930E-015
  -16.6686526205489       1.471508545774692E-010
  -16.6080959580726       2.337702990680064E-041
  -16.5612738227164       6.232177939383653E-011
  -16.4481660166720       3.811581039732448E-011
  -15.8697245987374       3.756158982770459E-014
  -17.4020755036033       1.919783612672181E-021
  -17.3638871666214       6.768446250728047E-020
  -17.3428412608711       2.795327115875694E-022
  -17.2965562555300       1.719934959742396E-022
  -17.2716255437659       5.821327777444244E-019
  -17.2314471906661       6.941742532628953E-024
  -17.2285584646795       7.645655391478334E-024
  -17.1738830772564       4.274098920661921E-023
  -17.0421426008316       3.638000079587136E-025
  -16.6565061867296       5.174467669022601E-027
  -16.6118237279359       6.311972259668684E-025
  -16.5260870773550       1.958269817460374E-028
  -16.4679980356278       1.288019657916068E-026
  -16.4129432558925       1.108558726224704E-027
  -16.2584987879923       2.093556220037460E-029
  -15.6997182215746       1.244298638895720E-027
  -17.3936988313958       1.814568247955064E-024
  -17.3805334005935       5.617424408045511E-022
  -17.3185598770731       4.742628603365842E-022
  -17.2662743678273       2.875134415426704E-019
  -17.2509227503281       1.061281642633383E-020
  -17.2249010605687       4.411792850271560E-020
  -17.2102968774096       1.532979994023649E-020
  -17.1737630520690       1.116369023679614E-022
  -17.0385374166551       2.595819799938428E-024
  -16.6397354447190       4.821579049070845E-026
  -16.6150648538323       4.860877750541038E-025
  -16.4907841947633       6.857287183014816E-028
  -16.4562042082624       1.638511299040628E-028
  -16.4028796112532       1.969929199806458E-025
  -16.2455265772113       2.839530882626977E-029
  -15.6778067319234       1.057891540193445E-026
  -17.1121092480610       3.242894892399793E-036
  -17.0871665254204       2.514604802880363E-007
  -17.0383498677508       3.116218070909793E-033
  -17.0029271098672       1.176910437930409E-004
  -16.9971168854350       1.589201353715312E-035
  -16.9610436972672       9.354562154499075E-037
  -16.9404906648024       8.674317536341443E-014
  -16.8981815447215       3.660881673601744E-012
  -16.7678221631750       2.648212830561393E-008
  -16.3883289247482       1.252234330606573E-041
  -16.3224777723613       9.509655257918498E-011
  -16.2250853362125       1.054593564235281E-017
  -16.1656140258017       6.448623879153883E-039
  -16.1391838245415       2.231426594016440E-010
  -15.9760760968518       3.900836379285597E-017
  -15.4088556621853       7.682106667946453E-013
  -16.8254410460451       2.705410985730867E-008
  -16.8027353647165       1.442375142613655E-039
  -16.7746929408727       9.197656878442957E-036
  -16.7130073587609       3.379320395279505E-037
  -16.7001111745618       2.226071417310847E-037
  -16.6814980054239       5.796527118095047E-005
  -16.6426765673168       1.288139870320890E-010
  -16.6108355624288       6.625883669481560E-014
  -16.4956892400195       5.447408235842803E-008
  -16.0922432115328       6.764152979960586E-039
  -16.0291180455289       9.640731800643867E-008
  -15.9327886527477       6.783084191401418E-016
  -15.8940223996592       2.652858876978577E-038
  -15.8206288774697       4.511017830674375E-008
  -15.7048489573324       3.038943940345634E-015
  -15.1347013245162       2.556485149237460E-010
  -16.6212156748552       5.088899322117470E-034
  -16.6076117746235       8.856196272681272E-007
  -16.5584610471081       2.931959496765210E-036
  -16.5130243101307       7.530367792372984E-005
  -16.4820464694110       2.842315527824365E-038
  -16.4620259741378       8.249047041649662E-035
  -16.4522327759104       5.218350312221317E-011
  -16.3893696649827       6.489632821687158E-010
  -16.2352400136913       1.196872253085863E-007
  -15.8715865997737       7.875789447510773E-038
  -15.8161777328490       3.330005719857645E-007
  -15.6985362333891       5.836708673661647E-012
  -15.6607766633682       1.221738939217671E-033
  -15.6500783517514       7.892783591709709E-007
  -15.4336664865867       1.479341656682598E-013
  -14.8590949269852       5.769601715051958E-009
  -16.5844036796148       1.081692485925312E-036
  -16.5608181858946       3.043704602945301E-009
  -16.5285489734945       5.293888896598068E-041
  -16.4672786408040       2.527277972617332E-007
  -16.4650310075410       5.438489482921502E-035
  -16.3995394582119       2.499542337293078E-034
  -16.3945448714110       1.831137166824033E-007
  -16.3692644340072       5.767145520920212E-009
  -16.2198016562914       9.558999991473598E-010
  -15.8581629272338       9.168023400146764E-043
  -15.8082781946739       4.369298608009901E-010
  -15.6654935904051       2.903327894600758E-009
  -15.6361519736300       9.581837255632299E-037
  -15.6160439324650       6.679339640330162E-009
  -15.4293230980235       2.583247750001804E-013
  -14.8671089374333       9.640549073206120E-012
  -15.1148996122030       1.891659013831504E-021
  -15.0854445387438       1.639049612968797E-019
  -14.9521617099435       3.075287832590311E-023
  -14.9167365983053       3.476160079418295E-020
  -14.8865438495744       2.814830749349721E-019
  -14.8207111460027       6.041632246412944E-028
  -14.7744176703428       1.834097897184711E-025
  -14.7669279002487       1.366686367770161E-024
  -14.5838600523079       1.035137752827565E-023
  -14.3071637481730       5.281558063636899E-022
  -14.2720994572847       3.485495482127012E-022
  -14.1297061664917       1.982983767128231E-022
  -14.1199376181608       3.912767942955477E-025
  -14.0753100114857       1.939718950557117E-021
  -13.8523731170639       6.887590170875489E-027
  -13.3500805900162       3.151751199156397E-025
  -14.6799392331917       6.658108345245698E-006
  -14.6256746906849       4.322448813222236E-034
  -14.5573079079715       1.516329974212270E-035
  -14.5177623499813       1.221593773727372E-035
  -14.4813054188359       9.891314086545084E-006
  -14.4214983580823       1.111810899078179E-036
  -14.4079725268185       5.446865911996196E-013
  -14.3717355411269       7.800419059725684E-013
  -14.2039732335821       8.221253928211007E-008
  -13.8880167786986       2.555714378354671E-043
  -13.8359383344106       4.867953100221230E-009
  -13.7336900465714       2.992246989964238E-040
  -13.7107578190183       2.107468069160002E-015
  -13.6559167805496       1.383081976328564E-008
  -13.4600044162503       1.744196018036165E-015
  -12.9455154736970       3.407317984862287E-010
  -14.6405810399908       6.380501479555740E-022
  -14.5840142641892       1.109661955970979E-018
  -14.5472768307723       4.613588927721013E-022
  -14.4778368905083       6.670313542262605E-024
  -14.4774649602468       5.999413347168310E-019
  -14.3988243010189       1.144900963210494E-024
  -14.3812308883680       1.904390506899070E-027
  -14.3169401977695       8.453794360816926E-025
  -14.1459627422900       1.473183830755690E-023
  -13.8514123422079       4.857309896131728E-025
  -13.7954953711503       6.085427432431078E-024
  -13.6945597593123       1.146137585579648E-024
  -13.6715005975824       5.172024107088017E-030
  -13.6395482747328       1.489623899727544E-023
  -13.4053623741279       2.395629356722791E-029
  -12.8985017112055       1.392835027335027E-026
  -14.6092990736048       2.308757157584730E-024
  -14.5739857478908       1.213318348459815E-024
  -14.4883645385149       2.463334974274605E-023
  -14.4379979474855       5.109205900666625E-019
  -14.3984426047695       2.281619696103444E-021
  -14.3820410593348       8.298818089250481E-021
  -14.3606002510760       1.768112099732907E-022
  -14.3052437146990       9.340296582100532E-024
  -14.1695033019099       1.122402353770447E-023
  -13.8241413958615       6.772106538007314E-027
  -13.7851089115557       1.798400430521920E-024
  -13.6667210165765       5.332475452173367E-027
  -13.6318473755333       3.121290461196390E-029
  -13.5847179690819       5.239844435435151E-024
  -13.4072240502650       7.500697396373650E-029
  -12.8709805278899       3.476501159001600E-026
  -14.5111209084943       2.947659225139521E-036
  -14.5056525721566       1.117619381760476E-010
  -14.4514464043383       4.497613471561016E-038
  -14.4005314026687       5.674697294679855E-035
  -14.3859578081190       1.336861605864435E-007
  -14.3296297046124       3.391008022256843E-035
  -14.3053490051675       5.909790013584978E-008
  -14.2803087768062       3.377260743343579E-011
  -14.1453221911975       3.721946694903271E-010
  -13.8063691754367       4.497643574957531E-041
  -13.7289673552670       1.047423383742749E-012
  -13.5959739167933       1.252776109428523E-013
  -13.5944509657056       9.097517926784061E-039
  -13.5563382276653       7.671820822907099E-012
  -13.3814199479354       5.571395470170400E-011
  -12.8435174995801       1.063351823127408E-014
  -14.3944197135139       1.120585573050911E-035
  -14.3802429623333       8.500638057473471E-011
  -14.3290843300798       1.440063226493430E-035
  -14.2721931598011       2.565767593396766E-004
  -14.2697662980193       3.408786286865429E-034
  -14.2104119523774       1.633881270835005E-036
  -14.1817936633756       1.122086321836416E-010
  -14.1679049491791       3.800736713809875E-014
  -14.0136277555209       3.139417717949484E-007
  -13.6783419715334       6.649797651586039E-041
  -13.6052757256582       1.620927586875359E-010
  -13.4708216215888       1.852237991883919E-015
  -13.4667344835461       1.153561253810771E-037
  -13.4399838431149       1.509787496318307E-008
  -13.2499991890927       2.193297123903328E-014
  -12.7122113902514       3.469382653586056E-011
  -14.3337453308393       1.076473356791454E-007
  -14.3225395151601       1.303157717263206E-033
  -14.2492729164558       9.576838802412656E-036
  -14.2017704191585       7.946721086252044E-005
  -14.1800184615618       3.058420898926795E-039
  -14.1470942663056       3.235932496845010E-036
  -14.1260490872366       3.430046762967980E-011
  -14.0317989164415       2.816235663092019E-011
  -13.8860672645872       2.528648357573590E-008
  -13.6128370476111       8.275483518879839E-038
  -13.5255247824450       1.390158482553159E-007
  -13.4154417639781       1.634682010026723E-015
  -13.4116428831135       8.954087059435790E-039
  -13.3578197750701       2.335033384000646E-008
  -13.1502597155383       5.236191978061053E-016
  -12.6442474120585       2.260165725375747E-010
  -13.8005456161137       2.370390592618148E-013
  -13.7981598529140       1.237475361715744E-038
  -13.7506403119478       3.498715802024113E-037
  -13.6739267354404       5.768889060999635E-037
  -13.6566752336282       2.545542797546508E-012
  -13.6170661727413       3.448014718000620E-035
  -13.6021261691612       7.175045548475033E-009
  -13.5539680236740       2.834279028151008E-008
  -13.4121060694276       8.874874257815320E-015
  -13.0912200783018       3.595497958668957E-046
  -13.0337148211930       3.171470813909572E-011
  -12.8791948134886       2.385796893948550E-041
  -12.8781392357748       9.703466900170949E-011
  -12.8351686166489       2.808354954403673E-010
  -12.6435511822222       2.752770003603846E-011
  -12.1038503596365       6.993471459319901E-013
  -12.9284720616824       9.172669021408501E-008
  -12.9216165935251       7.149799868257971E-039
  -12.8818373223706       5.346174216343249E-035
  -12.7910194524672       1.026501343150450E-004
  -12.7795797553769       6.428815040863197E-040
  -12.7555579634458       2.721046295306765E-035
  -12.7229377403265       7.943620519955803E-015
  -12.6841292475433       2.449219882692004E-012
  -12.4986339193190       4.579899821066876E-007
  -12.1800430061920       1.963373454769952E-042
  -12.1233777329162       1.791649230550154E-008
  -11.9819502872622       7.508993114160529E-017
  -11.9765308731936       2.964537905344493E-037
  -11.9398634276705       8.004066675419576E-007
  -11.7199978286612       4.887504762623288E-014
  -11.1702160821905       1.491563857006946E-008
  -7.55176666406270       1.369150253734805E-020
  -7.48569725076192       4.683620280055525E-019
  -7.47225932046274       2.381412200073992E-019
  -7.36195559223322       8.786408739531294E-019
  -7.34709737007584       1.283454510266470E-024
  -7.27390970064249       8.026433057828411E-025
  -7.26054052006481       2.587253664180766E-025
  -7.19381455660201       1.254763388041822E-024
  -6.98125904231472       2.421570439469497E-022
  -6.78359211393531       6.614165109957802E-030
  -6.71521861499187       8.176639499672480E-029
  -6.59916811462970       9.126698858352767E-024
  -6.54953176548983       2.046685622687483E-029
  -6.53629217005846       5.522121341591911E-023
  -6.27008941477896       3.485979689782871E-030
  -5.78890943073044       1.066337020604651E-024
  -7.53022619114076       2.062151331538765E-019
  -7.47532698368971       4.153108158471668E-028
  -7.40402530407766       3.704338799205039E-026
  -7.32822689162995       2.647501847365678E-019
  -7.29289603793112       2.276554241173720E-019
  -7.27534157179506       7.443522366793186E-019
  -7.23315641388822       6.242268976548865E-024
  -7.18466683785908       1.470907102352315E-023
  -7.02527283791397       3.715322503948627E-021
  -6.76479489906275       4.979029030735790E-031
  -6.69261406135205       8.661521297546735E-025
  -6.58003959256079       5.108027381592264E-026
  -6.53707070898735       8.970589961694675E-031
  -6.48597170402089       3.053449753791007E-022
  -6.28374124747641       8.398584104235036E-027
  -5.76872172528424       1.899931451066970E-023
  -7.55689405006967       1.457377182014551E-005
  -7.48733052058651       1.820615344041915E-033
  -7.41239471598630       3.577719723073853E-034
  -7.34338806922564       4.800431965977602E-033
  -7.29177484383816       3.407217886691808E-005
  -7.25846403478920       2.545297380646042E-033
  -7.21756208317992       1.864090786996249E-013
  -7.17621578861885       5.655534334715545E-011
  -6.97803396813680       3.577741741787697E-007
  -6.76383743079570       1.112940627737932E-041
  -6.68747964979815       1.525021181711496E-011
  -6.58578327562265       2.067514807438905E-038
  -6.52599473995131       5.654338295796881E-016
  -6.49093141258303       4.411132609421529E-008
  -6.25577653578525       3.234694316967351E-014
  -5.76130150642387       5.528754739333708E-010
  -7.34688380000997       1.650763802447343E-037
  -7.32790100592610       1.289183803693089E-008
  -7.28108335208291       1.829068674515202E-034
  -7.21775922089824       3.613143445570316E-004
  -7.18948103480852       5.972795027429101E-037
  -7.14565238600933       3.117295913780510E-036
  -7.11508170613136       3.594555291564746E-013
  -7.09952180599523       2.489876563996440E-013
  -6.90747799968266       8.188473448592834E-007
  -6.64060783916424       8.214328741047119E-047
  -6.57655227532295       2.755168882363908E-015
  -6.41932421177837       2.009374847765761E-018
  -6.41867203167499       1.808111146586072E-037
  -6.39653693695632       3.503712937577706E-008
  -6.16834673212440       1.585364185587224E-014
  -5.65599850691333       5.174245771150772E-011
  -7.28366679101732       2.632955442241480E-037
  -7.26386150887966       7.641975949608086E-011
  -7.21831675390940       9.519459715591488E-037
  -7.15539259572975       2.692644684001532E-008
  -7.12704643513444       2.496886167657288E-036
  -7.08173881388117       1.225784326428539E-034
  -7.05163781031793       2.236579245606114E-008
  -7.03947077427521       3.465225046616619E-008
  -6.84682083739829       1.465461198856194E-012
  -6.57586926665905       3.236011004644533E-045
  -6.51336613108594       1.291135196175047E-017
  -6.35507153247113       5.154524431157638E-015
  -6.35457450320861       2.864976501377221E-040
  -6.33390413736537       7.665335718505776E-014
  -6.10594077682861       6.237694862825959E-011
  -5.59187291964614       7.820015208317034E-013
  -6.41879974726174       4.630601950731258E-007
  -6.40999691586641       1.742368901654323E-035
  -6.35990418161762       1.434513669227419E-034
  -6.26982855194265       1.291415111895518E-039
  -6.25566733653911       9.196572670567351E-005
  -6.23950829057324       3.183621527010988E-035
  -6.19972587814638       1.336533172818749E-015
  -6.15289387356343       2.382796458476411E-012
  -5.97469620227382       3.402649356796005E-007
  -5.69524903973260       1.999021841152233E-037
  -5.62879734375781       8.425904989204007E-011
  -5.48791586771194       1.374688000384615E-018
  -5.48165166383949       1.842105921416058E-035
  -5.42279735486338       3.373390318344607E-007
  -5.22005898844467       5.538379650077177E-014
  -4.69354231631674       2.143821654757775E-008
  -4.27790597024867       4.175359796652246E-037
  -4.25924539822433       1.723222254512370E-008
  -4.21508518432263       1.051038664521728E-028
  -4.15358439079447       5.914870862041283E-005
  -4.08687550405254       1.502123140436391E-033
  -4.04813336255653       6.473145092919930E-031
  -4.04092776455050       3.099900364292722E-013
  -3.97921581096174       1.902767773266470E-010
  -3.75836560938713       8.109825293465880E-009
  -3.55868409917079       1.629823271763303E-033
  -3.49933648111731       1.259142223796068E-009
  -3.33617034664524       2.377664532089430E-029
  -3.32539244376502       4.976710567743519E-008
  -3.31141006653784       1.076931073670125E-006
  -3.04450980921099       3.314768031886556E-011
  -2.55792904417728       1.911483195609296E-009
  -4.24811254949339       4.317775286021585E-009
  -4.24531004830835       1.873568610153168E-034
  -4.18541729888053       2.755523149800973E-034
  -4.10513246153557       1.346243549340557E-037
  -4.07994790379702       8.418493049352310E-006
  -4.06608347895793       2.110312410086084E-036
  -4.02102957398932       8.713393493633186E-007
  -3.98692263756252       2.000110428110960E-006
  -3.82255179892563       1.235836018857095E-009
  -3.55237510205860       1.190641428666415E-038
  -3.48113367673579       3.976673812268357E-009
  -3.33161743533402       7.774310966614968E-009
  -3.32998593292302       5.568108635683572E-033
  -3.27475863941470       3.456662451569251E-007
  -3.07423925942838       8.499450081761607E-009
  -2.55074534764017       6.580543897440337E-010
  -4.35666839195495       8.570919342466162E-020
  -4.28130916828618       1.920821748656405E-020
  -4.20524117703781       4.999061077996196E-019
  -4.12608100142531       7.251257046898083E-027
  -4.06014894378056       1.893438843225986E-017
  -4.04564855737003       8.136262270230849E-023
  -3.99474371778885       2.189429393871345E-025
  -3.93803871304687       1.290208540066005E-021
  -3.73103128428231       1.042479789133029E-020
  -3.56107322631853       2.204734013450491E-021
  -3.47041916483069       3.659206870456763E-021
  -3.37383720358016       1.350987405390577E-019
  -3.29991715033607       4.650558933767980E-024
  -3.26399548616415       2.368591115262896E-019
  -3.01678004075095       4.044687647825822E-023
  -2.53082661944651       3.713768458090967E-021
   5.03123188137145       6.295721825503207E-007
   5.04204484797308       6.316226150511069E-037
   5.09958627250938       3.316686311860369E-034
   5.20048345268159       8.503387867288339E-041
   5.21406686965036       3.920846525019914E-005
   5.23639667853803       7.624755716036606E-036
   5.27664588138792       5.263880003071488E-018
   5.32889195679059       3.133146727697710E-013
   5.52572391178572       3.715045455587676E-007
   5.75157156888865       1.316715233440251E-042
   5.82399141143124       4.075506357209686E-010
   5.96983815641728       9.744147153173370E-040
   5.98349857138116       7.174489475217062E-018
   6.03095419141351       1.309456758149036E-006
   6.26095853490556       1.256974077426794E-013
   6.76812447924463       7.099358840263394E-008
   11.5263902491133       8.064558419942090E-022
   11.5955423477231       1.694028692899434E-023
   11.6600960977772       3.796158669294618E-019
   11.7629200469664       1.938472311699803E-025
   11.8123029928824       8.724498661096723E-024
   11.8302159126949       1.018500870181322E-019
   11.8888057156114       8.047732912829906E-032
   11.9534545231804       8.164419176446064E-025
   12.1622979197091       3.470485495401917E-023
   12.2973179181586       2.776195632879399E-024
   12.4091149147269       1.643740363700463E-024
   12.5107520016643       1.684324307118472E-020
   12.5830161083969       5.994416767372725E-028
   12.6273335343906       7.767542722788664E-021
   12.8764827273164       7.277596499482021E-026
   13.3627988246607       1.154048956735524E-024
   12.4269549575123       2.554886670672640E-038
   12.4552874340485       1.706514525254137E-008
   12.4897774066042       1.628284788360691E-033
   12.5632033519663       8.887801911529755E-005
   12.6291456847647       2.637695766017361E-041
   12.6759511372339       3.361417787721681E-014
   12.6768045836351       1.743793918715678E-036
   12.7340021404566       2.813205601772969E-012
   12.9774869162148       2.463462664479936E-008
   13.1454278683142       2.408592270501226E-039
   13.1937116333207       1.605394730760811E-012
   13.3793227989096       1.214408869579552E-033
   13.3928477800897       2.173606330537285E-014
   13.4012370523724       1.495203868922126E-006
   13.6820684351314       1.652905632456635E-014
   14.1581091107846       2.495779710273824E-009
   13.0775187484440       1.395607488422732E-011
   13.0782995805734       3.180119975193408E-040
   13.1517216524661       6.342932414006485E-036
   13.2186338141381       2.644274123285982E-038
   13.2580141890715       6.156722792350281E-035
   13.2710657224919       2.278520431608085E-008
   13.3003768253936       1.437298493206845E-016
   13.3513712467225       2.993652168403027E-008
   13.5173655524950       8.851764121545148E-012
   13.7678758942894       3.232619501645147E-041
   13.8444453614823       4.331822809004578E-014
   13.9893441746358       2.445687032449932E-013
   13.9992581813935       2.510235977782514E-038
   14.0592260005484       9.949395530178812E-011
   14.2650213035891       1.282104912116718E-009
   14.7870030483943       4.799041776944539E-012
   14.5336888123489       4.150734935261747E-021
   14.5827274115320       3.067635116507077E-022
   14.6217036485463       1.238645840014696E-018
   14.7565392821389       2.246676950410923E-019
   14.7757639273106       2.263952843779693E-024
   14.8270145422594       2.196909489172287E-023
   14.8689347908354       4.347257342709547E-027
   14.9282850373689       9.646925247140409E-026
   15.1788112780406       2.986136368937198E-022
   15.2837197070439       4.235465914056756E-027
   15.3667426897211       6.340743367894546E-028
   15.5010997682997       5.306240664405989E-023
   15.5725880242907       4.726439957102744E-023
   15.5733669220500       1.291187174557843E-025
   15.8714573420548       1.887318306047422E-027
   16.3361234110567       9.243208755426994E-028
   14.5512571605609       8.575939716281515E-021
   14.6075760210234       3.607490000854993E-024
   14.6765093013954       4.773160975133712E-022
   14.7851644896007       1.856589459275109E-020
   14.8067617512528       2.899814459354730E-019
   14.8360215181229       8.884318701858763E-020
   14.8878180741406       1.043407989426887E-024
   14.9433427221835       1.341534485207849E-023
   15.1383350761572       3.257697261842916E-022
   15.3001842519657       7.820355383004576E-032
   15.3980734697920       1.322065734707348E-029
   15.5175444313541       1.768686614858730E-025
   15.5750467054421       6.911834575622697E-031
   15.6169052752035       9.382658680031966E-023
   15.8601667898588       2.569505785933516E-026
   16.3550491159545       5.062175788702606E-025
   14.5346155443164       8.878534865512126E-006
   14.6038278242854       7.806420287189947E-035
   14.6634018165918       5.849384279712087E-034
   14.7862778959927       7.388458669867426E-035
   14.8224438656853       2.980300300968272E-005
   14.8372540143449       1.549476441763817E-034
   14.9047189666941       5.309451768428771E-015
   14.9602219163397       3.605062275674531E-011
   15.1881632703146       3.142628588784001E-007
   15.3039722003193       3.522938835816148E-042
   15.4034804109430       1.000145062794851E-014
   15.5163823457559       3.311616842879470E-038
   15.5966566822392       1.075890634654738E-015
   15.6168327671715       1.047131579872682E-007
   15.8908355253496       1.738382584197894E-014
   16.3662558835624       1.224312018763584E-010
   14.7076793114153       4.767970350224979E-039
   14.7219930893734       4.919975357130605E-009
   14.7754995459060       5.247944945278577E-037
   14.8693458327678       2.059737815598005E-004
   14.8952363059360       4.235415850158007E-037
   14.9366408730786       1.858882842170976E-035
   14.9671436600611       1.654194525823879E-016
   15.0022499262671       4.560121437063618E-015
   15.2262389005416       7.899981473304509E-007
   15.4093655565338       1.428046346452644E-043
   15.4739126185847       4.618446284712913E-016
   15.6471368316903       4.273817893084437E-039
   15.6632219865342       1.563882588209256E-023
   15.6809564878549       6.607944547080246E-008
   15.9460895124296       1.533336039413117E-014
   16.4385242538837       8.105993579477351E-011
   14.7858258915775       4.596933208097270E-038
   14.8018610962655       4.031479368782066E-011
   14.8536748456684       2.809616185972740E-035
   14.9458885509133       3.681322411241863E-009
   14.9749584794665       5.148624690875114E-040
   15.0162779119961       2.191480830426389E-037
   15.0448263646684       1.815576812012130E-011
   15.0799288528608       1.195987432942253E-007
   15.3054704317966       6.622033517580691E-012
   15.4899736251465       1.504730335088887E-043
   15.5525440966533       2.414472896057537E-015
   15.7271002846732       5.269778909842385E-043
   15.7434221686023       6.085349833766299E-014
   15.7587959740438       5.600435809202192E-012
   16.0256850028821       1.297475185205258E-010
   16.5185230366040       3.922905986103905E-013
   26.2413313614232       4.542898050356046E-007
   26.2510115697156       4.035127696698121E-039
   26.3178706763823       1.687402766987322E-034
   26.4308120042156       9.854076276823416E-041
   26.4414244690033       1.327305906043691E-005
   26.4727210957869       3.678205702862464E-036
   26.5125670462425       1.166320326614542E-017
   26.5700219349015       9.606617672496170E-015
   26.7875737061198       3.195471747352962E-007
   26.9617832043743       1.735274971140742E-040
   27.0400328358564       1.834492693092519E-010
   27.1849989020735       4.728269004871846E-037
   27.2209691711887       9.057903588523104E-017
   27.2464458700153       2.732921338614316E-006
   27.5059630482264       1.837083021244225E-013
   27.9965433013378       1.486275270190455E-007
   49.8151778281233       6.593424184139723E-022
   49.8771248659982       1.629910570180221E-022
   49.9472921979768       2.290448133096549E-019
   50.0704450884494       6.288821993914447E-026
   50.1173024520252       6.770879954017988E-024
   50.1239033133384       1.799861021709915E-020
   50.1967031913452       1.903955168742465E-030
   50.2635524824236       1.851208633880831E-027
   50.4951468185333       5.379453752068988E-025
   50.5821641289690       6.850081736484585E-027
   50.7002121964892       9.954334127384809E-026
   50.8001597400357       9.320781765010664E-021
   50.8973766365190       4.176947795223324E-029
   50.9117483892204       2.723359365750500E-021
   51.1922217666226       1.552486949969427E-026
   51.6615914541777       1.169101346469919E-025
   51.2609964424900       1.151377036756363E-039
   51.2815879203766       6.933010986502562E-009
   51.3323646814083       2.948166262545698E-034
   51.4278428627475       7.878761368575133E-005
   51.4820022478789       3.868718884014518E-043
   51.5338467168025       6.783197838011867E-038
   51.5432316244771       4.964786947103272E-015
   51.6043536265577       2.045243694624898E-012
   51.8663582946978       2.531768835707849E-008
   51.9841083227232       4.573648357517941E-042
   52.0443424161814       2.936603934179769E-012
   52.2183082304849       5.156074907182935E-037
   52.2509100119469       2.550936135558613E-006
   52.2646230293310       5.033314625779822E-020
   52.5578392549861       1.353357793654219E-015
   53.0208258537640       6.607093588178984E-009
   52.3599075294190       7.337919041025007E-013
   52.3639515958736       3.050537642968769E-045
   52.4446757638693       1.202170295767803E-036
   52.5319304783559       7.026913707432614E-039
   52.5760958525290       2.404380375655951E-010
   52.5766620376933       2.033683784919506E-034
   52.6208938123170       2.764902113620870E-012
   52.6792058549504       3.807477630070517E-008
   52.8761000560788       7.077697511040308E-012
   53.0621791683384       2.914460803443317E-042
   53.1471948012824       3.596471757343032E-016
   53.2950224303835       2.044273593072140E-038
   53.3175131836513       1.233194463566572E-014
   53.3590857471994       2.598798473230604E-012
   53.6025942836284       1.654145868463319E-009
   54.1032013430537       7.751627331311163E-012
   66.6466602394917       2.219141118422138E-007
   66.6555640537254       2.403796115683454E-041
   66.7310504763347       6.079886662494136E-035
   66.8505961972488       2.949948166664155E-043
   66.8630278565415       2.317654773477522E-006
   66.8983772423620       1.131653549132234E-036
   66.9388986839922       7.969433616009992E-019
   67.0017508609691       1.686807288094126E-014
   67.2332553066250       1.790321340746564E-007
   67.3658783718414       4.080169347903065E-041
   67.4507980058564       6.366374270727182E-011
   67.5947600241400       1.798717748469941E-036
   67.6469916044813       3.371640184896130E-016
   67.6594896138711       2.666496117049114E-006
   67.9382950485290       1.512028537013199E-013
   68.4158870266949       1.531901177931989E-007
   92.2690166968558       2.049094016408683E-022
   92.2913354368079       5.244496729691041E-027
   92.3639863285873       1.455863299828112E-019
   92.5074576610705       9.502650265831573E-021
   92.5130796757233       2.835992357223459E-027
   92.5631970897230       7.447784645567031E-024
   92.6092359033086       9.582093743963768E-031
   92.6758582784619       4.877480735808204E-027
   92.9373733579207       2.361176108584463E-023
   92.9998857524190       3.707779224269254E-032
   93.0920029094435       3.515669254787435E-030
   93.2331455127637       8.960426510381464E-024
   93.3061524577919       3.006316164877537E-024
   93.3162371764262       1.399785988319699E-032
   93.6195639973522       3.158263870990806E-028
   94.0745002606647       1.697649155715618E-026
   92.2827265586845       7.098850290992918E-022
   92.3179593202891       2.161490200399237E-027
   92.3986618172770       7.617626528087508E-023
   92.5138847010816       8.416872867115743E-025
   92.5567232960203       9.340213029917392E-020
   92.5615396690561       4.190723005995520E-020
   92.6235632057982       4.280084123300113E-028
   92.6898329161809       3.120331308546989E-025
   92.9144930160370       2.473073356094783E-023
   93.0136547779165       6.326596968462885E-034
   93.1198203144343       4.049892680437802E-029
   93.2464662476376       2.136012042468324E-026
   93.3168124498282       5.377557763412495E-033
   93.3378427836850       8.902611688988982E-024
   93.6153478209901       4.404676133255964E-028
   94.0900710911316       5.064397430089562E-026
   92.2723869903122       7.665561295759666E-007
   92.3129935297953       5.800139530892024E-038
   92.3881985982648       6.170700043133786E-035
   92.5234904644661       1.164824221191026E-037
   92.5513070692348       3.643935305353998E-006
   92.5706477313627       2.864274622643154E-035
   92.6349751601343       5.742327966592661E-022
   92.7025220501223       1.928954512991004E-012
   92.9489027278635       2.629379721518158E-008
   93.0148037547033       1.256160411884873E-045
   93.1212539930314       2.065258872898900E-016
   93.2452406874999       3.789697321804959E-039
   93.3342406830221       8.054534394851922E-016
   93.3374402638361       9.358886231393416E-009
   93.6364912403276       1.520592225175675E-015
   94.0972737932315       8.298615571962807E-012
   92.3882301430779       9.058168072752928E-041
   92.3985024684266       7.020563083434173E-011
   92.4703096793750       7.326200971867488E-036
   92.5891411662225       1.867097031803387E-005
   92.5948915982620       6.299340996165144E-039
   92.6456973615879       2.692304243699701E-036
   92.6734468508280       5.652079629637815E-021
   92.7336765758157       2.714453311301396E-013
   92.9742880514959       9.015576802476644E-008
   93.0943786125626       2.578648349676788E-045
   93.1692491813992       4.430801567466944E-016
   93.3359766269246       1.006222383709644E-040
   93.3771795375068       2.273504542096717E-019
   93.3842494291256       6.418564988623229E-009
   93.6746880424524       2.312272652669542E-015
   94.1485559933284       9.018819681202954E-012
   92.4430521867926       2.903997098877873E-041
   92.4549328792844       1.283851172927167E-011
   92.5247480166080       2.962834634938287E-036
   92.6414904882676       1.980633413066300E-013
   92.6522152420208       8.090350736240817E-041
   92.7033440371658       6.639390941937125E-037
   92.7291223969737       3.772733833071262E-014
   92.7893118424429       1.704912714017488E-008
   93.0330292137337       3.509837295351476E-012
   93.1506529341144       1.196251921316630E-045
   93.2239545899371       7.851361677296950E-020
   93.3922876477126       9.847072837980381E-042
   93.4342768523034       1.196738718942062E-015
   93.4385935904305       6.807826024806600E-013
   93.7320429521383       9.594307474380557E-012
   94.2044478875965       5.077379661272259E-014
   139.316319287485       1.288972954229501E-022
   139.360323167246       6.377146715580974E-024
   139.440782643569       5.071723244722569E-020
   139.568527592678       9.963996464062459E-028
   139.613294289826       1.540142163902120E-021
   139.619323936741       3.358083169408896E-025
   139.690741265519       2.944737162783909E-032
   139.760650963086       1.588185361531718E-026
   140.004170891037       1.698442993526976E-026
   140.060291233598       1.949070709522408E-025
   140.178095862514       3.276561937953642E-026
   140.287994636486       2.117173695990539E-021
   140.387925254316       5.556802124499859E-022
   140.388209741734       1.160741095014498E-026
   140.686271442148       1.841479668828019E-027
   141.141391303585       3.307542965974080E-025
   140.571347919924       3.993437730314153E-040
   140.587131698442       3.709892729010055E-009
   140.652231377501       2.758305574582907E-035
   140.764390756119       1.834152616840709E-005
   140.798516046748       1.495709488913775E-048
   140.854206865504       1.113502357989621E-038
   140.870431819974       1.726545067906584E-016
   140.937109014074       2.470335756766523E-013
   141.201792278134       5.726474010263131E-009
   141.285084884210       1.148742573264031E-041
   141.354427712922       6.689805385847562E-011
   141.521689159168       1.221134500973206E-037
   141.565234931220       6.181490541677490E-007
   141.582164069086       1.019236597095069E-018
   141.879263838179       4.715670468529023E-015
   142.328939918499       5.194034497579396E-009
   141.569818645594       3.080313412082907E-013
   141.572828846328       1.503208604270247E-041
   141.659537361869       4.430091073702891E-037
   141.759483700308       2.674320365880705E-040
   141.796601909217       1.896700317233245E-011
   141.811336717755       2.468634421800161E-036
   141.851566128071       3.738789931383858E-013
   141.917114451148       9.495414944579063E-009
   142.135705822568       1.181623151987376E-012
   142.269739845611       3.241382368529711E-042
   142.358367321756       9.256784549223219E-015
   142.504964565744       2.023121072426885E-038
   142.546622357947       1.328974036463300E-013
   142.568850713993       6.714574277488945E-012
   142.840132362767       4.973613558069963E-010
   143.318736091327       2.606754448087687E-012
   143.624605854158       6.615942503847859E-008
   143.629715590365       1.449390066731192E-040
   143.712506304230       2.456150860471952E-035
   143.838295929090       6.504438716882470E-043
   143.848510328170       4.026869048572845E-010
   143.890964734870       1.012333435883308E-037
   143.928563725410       1.707389197615534E-019
   143.995632679762       5.019942472753931E-014
   144.239855021971       6.128053440164969E-008
   144.340816670889       5.718469981014999E-042
   144.427841716406       1.007560166193412E-011
   144.573955003296       1.148231902562255E-036
   144.636851303105       1.691614769610481E-006
   144.637649965234       8.305912996979068E-013
   144.934141466000       7.087772371969670E-014
   145.401553866277       8.899423088144990E-008
   293.529180618949       1.355225720737160E-008
   293.533764835091       3.783018493054372E-041
   293.621601096561       4.001282854526933E-036
   293.747339221992       5.217252559751698E-045
   293.762018763136       3.314773244720107E-010
   293.803360959833       2.537421031251105E-038
   293.841173866376       1.857604043418309E-022
   293.911563842686       1.528068312779789E-014
   294.159297230821       1.519708743180266E-008
   294.232173598950       8.399676825845732E-043
   294.322774685314       3.480909091686623E-012
   294.468627744865       2.908039672959242E-037
   294.533777511062       4.168716381434417E-007
   294.537658789633       5.241221029014622E-017
   294.837551860187       2.227046686610991E-014
   295.289513329086       3.002946289859238E-008
   362.979030712836       1.156024068853235E-023
   362.998738300845       2.905855023560968E-028
   363.088027073733       5.833229302054734E-021
   363.219050256334       2.669459732206861E-029
   363.245343298593       1.558413230827401E-022
   363.275144018805       7.324137754016835E-026
   363.326194533831       1.256638984214729E-030
   363.397641908498       4.964398768381539E-026
   363.651803212232       5.827869588925487E-026
   363.683066422026       2.851888771630597E-025
   363.786955037538       1.632793142696179E-026
   363.913978660423       2.253352505192371E-022
   363.989600897719       1.055637444895051E-022
   364.008828048486       6.218927192783570E-032
   364.307672658214       2.432393689262073E-028
   364.738016485588       8.811154808426323E-027
   363.959957650888       7.647298458701625E-041
   363.973654380279       9.068563129616874E-010
   364.049529916405       2.654306445587707E-036
   364.173113542876       2.227864797270354E-006
   364.193121761973       6.173107401301092E-045
   364.251417231474       2.188085894063192E-040
   364.269892084474       3.197984235946091E-017
   364.340036752387       3.354214429291582E-014
   364.608062306721       4.598346616407003E-010
   364.655385512424       7.992796847762140E-042
   364.729401280767       1.413166238869442E-010
   364.889694346804       2.579905626726015E-038
   364.932568185008       1.329434196730704E-007
   364.963720937793       8.978258103921966E-019
   365.262293150244       1.404317107237305E-015
   365.690532673881       8.930581971898540E-010
   364.698969756828       4.762824150483631E-042
   364.700862657102       9.499705030545388E-014
   364.791061247783       5.965656208575383E-038
   364.907903855480       1.535344037668224E-041
   364.928926210540       1.462056736001046E-011
   364.964731982773       3.599822565313144E-037
   364.997242017430       5.591777199672248E-017
   365.067289074640       1.171281779105105E-009
   365.308961177219       3.434937948698485E-013
   365.383023990537       4.718693110877647E-042
   365.469257866791       8.668940912182993E-015
   365.616658420909       2.629426517254034E-039
   365.672364531424       2.522562021050641E-012
   365.679755763139       5.299634194318967E-015
   365.976834603869       7.851168162620962E-011
   366.419754120315       5.949703085062229E-013
   365.918355565842       5.632368094953357E-025
   365.922885260467       1.240057135447362E-029
   366.011842479339       1.407678710562981E-021
   366.152092251977       4.457067611201360E-031
   366.153575364943       6.170978763864788E-023
   366.208950352485       6.757033412187086E-026
   366.244672335663       1.615726421618559E-032
   366.315932496358       6.413313709658461E-027
   366.579454038762       8.881144164597558E-029
   366.612550553867       1.228809299715280E-029
   366.702030314386       1.594615820897020E-030
   366.847471969364       6.919540069521252E-026
   366.908386317646       9.080112660992891E-027
   366.932653922371       4.018431261252528E-034
   367.234448923770       1.042427015639783E-029
   367.663889337106       4.119629390028062E-029
   365.928606622869       1.815218732465473E-024
   365.940574986109       8.753837319909723E-034
   366.031450366422       5.849532994059647E-025
   366.154886949695       3.010971610919352E-029
   366.182402733430       6.675318908004791E-024
   366.210370492353       2.704956160907539E-022
   366.255294428137       1.783856511636078E-033
   366.326412299964       2.396092852781782E-027
   366.573020465505       1.824043079630923E-025
   366.623061865525       2.347954449383623E-032
   366.720222448572       1.761027456910558E-032
   366.857626133461       8.072345098692491E-029
   366.926869531071       6.411298734588562E-027
   366.936076320839       7.361897152671988E-034
   367.236648952017       9.744871933179449E-030
   367.675369254143       1.648750720373249E-027
   365.925181863953       5.527667525855776E-009
   365.938534889061       4.719044443876459E-046
   366.027876867834       3.900278544078868E-037
   366.161517277439       1.894019723964791E-042
   366.178871981003       4.760707539042953E-008
   366.217451948569       1.611429798764313E-037
   366.262102837969       7.160009587577542E-020
   366.333655076180       2.217547569333589E-014
   366.590152533571       3.200926394802135E-010
   366.624189066755       1.829474326088362E-044
   366.721514356054       8.067010451837161E-014
   366.858206572108       1.436043359112459E-041
   366.927965570254       3.377800498073666E-012
   366.946022837244       9.033301436737277E-023
   367.247580116741       7.586872631279400E-017
   367.679703442394       7.327823132388659E-014
   365.988247076437       1.792639332608392E-043
   365.996830065707       2.138753140540602E-013
   366.079495259818       3.140561209384259E-037
   366.208715885637       1.003853276155334E-043
   366.209873760456       1.753903647891167E-007
   366.266105661960       6.899836286287823E-039
   366.291589390484       4.551949331365986E-020
   366.361399288440       1.441753721466354E-015
   366.615171872630       9.776067712204496E-010
   366.676603187206       1.621786808534783E-044
   366.756432997568       1.932033615575598E-014
   366.913769647721       3.311642912159436E-046
   366.963045947689       4.162943526514295E-011
   366.978270064334       1.097099477736950E-022
   367.278578586417       6.999402126283339E-018
   367.716833458977       3.829690404183326E-017
   366.042619551645       6.759284972940954E-045
   366.051483138817       2.398061199245894E-013
   366.133411582237       4.281265014021021E-038
   366.262993726427       7.532695209360942E-012
   366.263710966118       3.690714037530984E-041
   366.321206643177       3.502046979386226E-038
   366.346297812044       2.215660843673472E-017
   366.415859146854       2.998630207872711E-010
   366.670654859298       2.153082331863787E-014
   366.730777987735       4.219508814998978E-044
   366.810367353059       7.905607817468848E-017
   366.968147998932       2.796438858991616E-041
   367.016917617785       3.531368255200609E-013
   367.032767505965       3.789844830776682E-016
   367.333270573970       2.363322129646968E-013
   367.770675791378       2.684661728600687E-017
   591.595756890973       1.987954362395025E-039
   591.596560032655       1.710446130606389E-009
   591.688099180219       6.350740654464253E-037
   591.818032899185       1.161435588128645E-048
   591.827579577772       3.005504234644328E-009
   591.876136516828       3.945720683697166E-039
   591.908235310600       2.821087150844841E-021
   591.980211383142       3.995457672600177E-015
   592.235493060635       2.414867778079447E-009
   592.278525840550       9.476938230720223E-043
   592.365650171976       5.266123475422864E-013
   592.515012639979       5.679143094786388E-038
   592.572178977541       8.331228437974508E-008
   592.589376939455       1.390403389255546E-019
   592.891210255088       4.457918862550231E-015
   593.321971463715       6.966476851104994E-009
   1649.08787902291       7.065466368914144E-044
   1649.09698416649       1.175999586288419E-010
   1649.18491119386       1.758532051949472E-039
   1649.32035632758       4.087982828575638E-043
   1649.32056707157       6.657825823885241E-010
   1649.37956669165       3.578643336535081E-040
   1649.40217717344       1.893010869203851E-022
   1649.47514584631       3.254755070168718E-016
   1649.73849904362       2.453902618810653E-010
   1649.74549843496       5.432025868307789E-044
   1649.82444249909       5.308249208481401E-014
   1649.98070670123       4.232787764443633E-039
   1650.02374768037       9.511064122031902E-009
   1650.05858756382       4.065495662314942E-021
   1650.36230428267       5.513201363271424E-016
   1650.76347111820       9.391840143938421E-010
