                  1152
  -19.3012669910431       6.583389780489204E-024
  -19.2898376193723       2.621652818574990E-024
  -19.2503079323087       6.875366686080509E-024
  -19.2213169777766       1.483130859907816E-022
  -19.1860187691306       1.664784913905246E-020
  -19.1737658591376       1.776252674634806E-020
  -19.1538874876658       2.642326310887082E-023
  -19.1107782111176       8.834719724226185E-025
  -18.9941354849908       2.765057823772999E-023
  -18.5773981376426       8.349881727578795E-028
  -18.5136607793477       2.015927975484982E-022
  -18.4358185638116       1.719753457194058E-026
  -18.3502689262084       1.132145028797887E-028
  -18.2944482429484       1.485063709772251E-023
  -18.1783005310034       4.791416246175854E-027
  -17.5838172839077       1.605341249151978E-026
  -19.2288773855069       9.883958292964826E-027
  -19.2022850593006       8.372349278355623E-028
  -19.1677461169520       1.093977832840122E-026
  -19.1283777302448       2.625054850604372E-020
  -19.0907141789289       4.895325763375128E-023
  -19.0601268879859       1.682725753241825E-020
  -19.0513100440322       3.729244299494923E-021
  -18.9922164037767       1.442773697583548E-024
  -18.8848500056012       1.580725338236883E-028
  -18.5078464887287       1.112097018428482E-026
  -18.4556364899484       3.294331684955761E-028
  -18.3216592791482       6.339364344333304E-024
  -18.2664732110374       1.908555272052880E-026
  -18.2158463040489       4.092025809974677E-028
  -18.0781543743856       4.603736618336280E-025
  -17.4995462882826       3.073892889115380E-031
  -18.9625910781227       1.074987045853185E-023
  -18.9452328959768       4.651131775777347E-025
  -18.9004849332194       4.486167305835372E-020
  -18.8733433414448       6.597892112566912E-022
  -18.8405071531652       7.713609951579982E-022
  -18.7848575443224       2.764217632811565E-019
  -18.7581839860667       9.152828890465879E-020
  -18.7040071884970       1.500459698331050E-022
  -18.6602343283940       1.979786967873812E-024
  -18.2522348989726       2.098085141686140E-025
  -18.1569540897842       6.370576434842627E-027
  -18.0536359153320       3.843073158507581E-024
  -18.0271377662338       2.117259682194688E-023
  -17.9756466282382       5.738677301257502E-025
  -17.8534396126150       3.390300993875481E-024
  -17.2843768855852       1.617832817558508E-028
  -18.8808535779103       1.542980961957423E-023
  -18.8692528459026       1.328217705287749E-020
  -18.8451629858157       2.308796566875990E-021
  -18.8237069212790       1.602383275102680E-019
  -18.7796244044590       5.788870997718256E-020
  -18.7455734766969       8.389641720551105E-022
  -18.7341702579929       1.974668976414830E-026
  -18.6746080223873       2.127219971865612E-024
  -18.6231597208236       4.843816142377303E-023
  -18.1547925936141       1.859609740313205E-023
  -18.0942913822055       8.660049598135393E-022
  -17.9929867608561       6.256591382690784E-024
  -17.9604128660837       1.068623692388432E-023
  -17.9039473828469       7.950914048128990E-023
  -17.8148692207347       5.278063685627373E-025
  -17.2224980098368       2.538884258562451E-027
  -18.8056045394831       3.015184938169618E-023
  -18.7941998928973       2.976930775041992E-021
  -18.6852443605660       7.609546292243016E-023
  -18.6748540811838       3.377016383693170E-020
  -18.6618607412974       3.083467356264963E-023
  -18.6344428946388       3.819569970483419E-022
  -18.6311563076031       9.389143255382928E-021
  -18.4913314521229       2.651938103854901E-025
  -18.3876225250380       2.733976408035429E-021
  -18.0400949832369       3.830251545608156E-026
  -17.9523005258586       5.559476656590765E-022
  -17.8594520751118       4.462363432149697E-026
  -17.8308280665915       7.471413225019907E-025
  -17.7869204887153       6.623568133936495E-022
  -17.5851206729291       1.806722281718911E-026
  -17.0108422633455       1.022443968318435E-024
  -18.8250826984416       4.875489600581227E-009
  -18.7891012835269       1.006186755870629E-039
  -18.7180126003169       1.557301885372415E-008
  -18.6652479485833       6.248542300817860E-035
  -18.6249137835685       2.459766875924318E-035
  -18.5988754573537       7.250752179039288E-009
  -18.5753491405986       5.340848353111698E-035
  -18.4773283690204       1.371766764957649E-008
  -18.4132418346280       5.497586629353832E-040
  -18.0255452634919       4.129752057254627E-037
  -18.0042409773179       6.241407969345025E-011
  -17.9020780738955       8.668331944141189E-038
  -17.8185009398811       2.942361217658286E-036
  -17.8055900917655       1.780562184918713E-010
  -17.6376964348489       7.328313718589309E-039
  -17.0908484038873       1.986101187656937E-041
  -18.6095791540667       1.377041353360021E-023
  -18.5955433918779       1.598866483783104E-023
  -18.5399104855862       6.877196221166842E-028
  -18.5119079720559       9.482329146045987E-022
  -18.4895262443584       1.054547981691858E-021
  -18.4839993672225       1.332309377656296E-021
  -18.4236694676316       9.017897945146692E-025
  -18.3954557199459       2.106679030027760E-023
  -18.2982070851497       2.806829895281600E-023
  -17.8948389453492       2.218728630264733E-024
  -17.8044901667657       5.313541814902561E-022
  -17.7394217949221       4.995417601061825E-024
  -17.6868891762544       6.435408894836339E-026
  -17.6163071011682       3.162721824101201E-023
  -17.5122638170676       6.949284027461126E-026
  -16.9422794197928       2.198476232227788E-026
  -18.6333532498841       7.572392525160331E-025
  -18.6198427938887       4.324506506165488E-027
  -18.5770356168426       6.280121271894400E-026
  -18.5224381498454       2.574185658799047E-020
  -18.4899094907089       4.218340261596887E-022
  -18.4561698902567       2.767224640466209E-022
  -18.4018060728443       3.804256216372337E-020
  -18.3413588398037       8.195830314971673E-022
  -18.2504022368231       3.869111001509041E-025
  -17.9018270907406       8.039677402513437E-025
  -17.8513971993693       1.078171913262822E-027
  -17.6848744588190       1.945081532417798E-024
  -17.6697020594300       2.643908953534250E-023
  -17.6376650658085       4.164907236503454E-025
  -17.4585744403416       9.638618226559717E-026
  -16.9078618105804       7.123831070666190E-029
  -18.3284812990796       1.031409378709867E-013
  -18.3269613953080       1.633764497209723E-036
  -18.2740278161471       4.962807456418009E-009
  -18.2470295812419       1.202071890688836E-004
  -18.2224088104301       3.054274154516498E-035
  -18.2112317777050       5.589062168968215E-034
  -18.1842950532720       1.869269410525014E-006
  -18.1214145761941       6.540363661488952E-036
  -18.0656394288336       3.333616606021106E-037
  -17.6067595819614       1.534146226458201E-016
  -17.5900500414759       3.963901240938967E-040
  -17.4746999391275       1.091834538437970E-040
  -17.4167726764540       1.655684059110416E-016
  -17.3573649270593       2.531865378335324E-040
  -17.2647734259332       9.502274136336218E-041
  -16.6846397128802       4.096542690619639E-043
  -18.2896244117503       1.580314245096543E-022
  -18.2784612994694       1.993287738935858E-023
  -18.2247509078904       8.988447767307811E-023
  -18.1918179460644       5.391955818873898E-021
  -18.1842310586493       1.504643780049483E-020
  -18.1768096502983       1.267492934654068E-019
  -18.1335715613271       2.449568782732563E-024
  -18.0892568602517       5.340022684567641E-024
  -17.9950271669521       9.373630120495234E-026
  -17.5764119485487       2.439353078787239E-028
  -17.5021641043091       1.046225671805627E-024
  -17.4393741393119       1.224766958576491E-027
  -17.3711318565617       1.551995149558592E-027
  -17.3162622131046       9.907698603463182E-025
  -17.1970566736676       1.520840659398347E-029
  -16.6199894475895       6.167077112970024E-028
  -18.1889158653073       1.291100981740261E-036
  -18.1515945961459       1.288099704899948E-009
  -18.1293942333927       3.920143409886100E-009
  -18.0991757597483       2.044912918951312E-007
  -18.0721740172128       5.182056318642524E-034
  -18.0574527957280       2.145772226177179E-009
  -18.0318166822278       7.876170057631429E-037
  -17.9931462192241       4.866826341336607E-037
  -17.8945608233060       1.435814115059982E-041
  -17.4565545043685       1.890921576499045E-012
  -17.4058209504307       1.031858479292734E-039
  -17.3448448006441       1.566941569229861E-040
  -17.2703456168206       5.067019184075854E-012
  -17.2128539865523       1.409994375875095E-040
  -17.0990370668473       1.614550967945872E-042
  -16.5233874105327       1.077896742965289E-043
  -17.7798134359602       2.005428925172758E-027
  -17.7394644980600       4.877514776434038E-027
  -17.7208792869160       5.140818528032555E-023
  -17.7181714755355       9.251138961845080E-022
  -17.6721100009103       4.258287914005365E-023
  -17.6555208702468       5.205329785572594E-020
  -17.6521195712349       5.079484218314644E-020
  -17.6133820954978       1.242706786800765E-025
  -17.5245228238620       3.038053444940224E-025
  -17.0846640086886       1.130544275093283E-029
  -17.0382632031074       4.488002065808780E-028
  -16.9614174419782       3.372619001835618E-026
  -16.8323369741069       8.749965514416304E-029
  -16.7931515232534       1.748191967732495E-028
  -16.7088240577867       1.961562015172710E-025
  -16.1073028991093       1.147295619248387E-030
  -17.6581822627420       3.214049120773052E-021
  -17.6469530731278       4.396867831407241E-023
  -17.5749551707887       3.472170994201406E-021
  -17.5528344093726       8.570803076534669E-020
  -17.5277225609629       2.956425931114879E-021
  -17.4921183913172       8.301550423000001E-020
  -17.4889430773318       4.825498647452121E-020
  -17.4548041013925       1.538195113108312E-022
  -17.3377457186357       7.772161551729956E-024
  -16.9049110481488       1.206451774180959E-024
  -16.8877578912660       1.516341409946445E-024
  -16.7820806740001       2.688995213559388E-027
  -16.7327177663849       3.807268451391505E-025
  -16.6731595639667       2.998184552826258E-025
  -16.5483015906799       1.250584276339010E-027
  -15.9796162041524       9.202063676090918E-028
  -17.5363196500172       2.069889634256554E-023
  -17.5214336245898       8.510538669944505E-023
  -17.4723323231751       3.562375245544692E-023
  -17.4648147180106       2.720595427856985E-020
  -17.4230077539946       1.770758622860255E-022
  -17.3899847145157       5.386579818455380E-020
  -17.3649302185646       4.956756058175271E-022
  -17.3431477771294       2.527783053855888E-022
  -17.2478191480655       4.196297984835965E-027
  -16.8341563847989       1.491722883700386E-026
  -16.7573800897893       2.633790601663227E-028
  -16.6686526205489       5.568021173789610E-025
  -16.6080959580726       1.308113568151692E-025
  -16.5612738227164       2.965901346148862E-026
  -16.4481660166720       1.484495579307832E-024
  -15.8697245987374       1.073674947979763E-029
  -17.4020755036033       2.774112623727263E-035
  -17.3638871666214       2.184238803203567E-008
  -17.3428412608711       2.277459320317161E-007
  -17.2965562555300       1.831068143124794E-007
  -17.2716255437659       4.703537238437067E-034
  -17.2314471906661       3.237688008391285E-008
  -17.2285584646795       1.661580569408040E-034
  -17.1738830772564       3.427412961338720E-037
  -17.0421426008316       6.304781887701876E-039
  -16.6565061867296       8.156933681885499E-014
  -16.6118237279359       6.448620873463248E-040
  -16.5260870773550       2.075167489807981E-041
  -16.4679980356278       1.646987823259625E-011
  -16.4129432558925       5.524269583540112E-042
  -16.2584987879923       3.699782578831560E-042
  -15.6997182215746       9.676228287495704E-045
  -17.3936988313958       5.551942971142808E-038
  -17.3805334005935       1.996755699681437E-011
  -17.3185598770731       3.969775215851025E-008
  -17.2662743678273       1.519476423403779E-004
  -17.2509227503281       2.279986204877913E-035
  -17.2249010605687       4.680429637233208E-006
  -17.2102968774096       1.105950932095024E-033
  -17.1737630520690       1.337723339666653E-035
  -17.0385374166551       4.856259578627399E-037
  -16.6397354447190       3.797142317918315E-014
  -16.6150648538323       1.986630961281058E-040
  -16.4907841947633       3.000498247529525E-040
  -16.4562042082624       1.967735035744670E-013
  -16.4028796112532       1.609489613161277E-040
  -16.2455265772113       3.571617837124708E-040
  -15.6778067319234       6.191644832629969E-043
  -17.1121092480610       4.737608664932328E-025
  -17.0871665254204       5.529019012124901E-023
  -17.0383498677508       1.805592350146633E-023
  -17.0029271098672       1.500194017343277E-020
  -16.9971168854350       1.781495062681719E-020
  -16.9610436972672       1.640999627329445E-021
  -16.9404906648024       1.796254402211148E-022
  -16.8981815447215       2.784875495082173E-024
  -16.7678221631750       4.324413560831911E-022
  -16.3883289247482       1.109054467721034E-028
  -16.3224777723613       1.135690052392853E-025
  -16.2250853362125       6.512456819624811E-029
  -16.1656140258017       4.351758001360797E-028
  -16.1391838245415       6.556820642398754E-026
  -15.9760760968518       2.744874210766632E-028
  -15.4088556621853       2.488638116374171E-028
  -16.8254410460451       1.909182474134328E-022
  -16.8027353647165       1.106427961705676E-026
  -16.7746929408727       1.421187483047055E-024
  -16.7130073587609       3.890835279400596E-022
  -16.7001111745618       3.052443296521689E-022
  -16.6814980054239       4.335325217908027E-020
  -16.6426765673168       3.776302307734024E-024
  -16.6108355624288       2.874621153394613E-023
  -16.4956892400195       5.707786698442084E-022
  -16.0922432115328       1.738126187067157E-027
  -16.0291180455289       7.040432335952872E-023
  -15.9327886527477       8.995814988889329E-027
  -15.8940223996592       1.087760123578500E-028
  -15.8206288774697       2.481666051065287E-023
  -15.7048489573324       2.548765988118732E-026
  -15.1347013245162       2.875078303355635E-025
  -16.6212156748552       4.332585312612136E-022
  -16.6076117746235       9.806378131796296E-021
  -16.5584610471081       1.743619762208205E-027
  -16.5130243101307       4.875714642962776E-020
  -16.4820464694110       1.198278494953172E-023
  -16.4620259741378       1.206482001725718E-019
  -16.4522327759104       9.288555227504356E-021
  -16.3893696649827       3.618005355276824E-023
  -16.2352400136913       1.394520485348531E-021
  -15.8715865997737       9.102080677043418E-025
  -15.8161777328490       2.997374033474583E-022
  -15.6985362333891       2.751148042091276E-025
  -15.6607766633682       7.664740455357402E-023
  -15.6500783517514       7.385635916086835E-022
  -15.4336664865867       2.975516843382208E-025
  -14.8590949269852       3.049790674874540E-024
  -16.5844036796148       1.004566396299322E-023
  -16.5608181858946       1.725376982652013E-023
  -16.5285489734945       4.689402777446403E-026
  -16.4672786408040       1.191921983785767E-021
  -16.4650310075410       1.998434575561244E-021
  -16.3995394582119       3.200015961620051E-019
  -16.3945448714110       1.099102524712835E-021
  -16.3692644340072       4.661287381668352E-020
  -16.2198016562914       3.144030585431167E-023
  -15.8581629272338       1.089709149295390E-027
  -15.8082781946739       2.314141846748310E-025
  -15.6654935904051       1.269146991560118E-024
  -15.6361519736300       1.731774637058105E-024
  -15.6160439324650       1.644667356003102E-024
  -15.4293230980235       6.040966877045578E-026
  -14.8671089374333       3.310454100129698E-027
  -15.1148996122030       5.339138984780729E-035
  -15.0854445387438       1.158821226786816E-008
  -14.9521617099435       3.048108353608312E-008
  -14.9167365983053       2.026849173006429E-008
  -14.8865438495744       2.499848439021376E-034
  -14.8207111460027       3.488952168030971E-036
  -14.7744176703428       6.480223387071880E-036
  -14.7669279002487       2.119410265804461E-009
  -14.5838600523079       2.836631073219975E-037
  -14.3071637481730       1.993837390170788E-011
  -14.2720994572847       1.552040292985795E-037
  -14.1297061664917       4.082317142980125E-010
  -14.1199376181608       1.833120938658418E-036
  -14.0753100114857       1.364547896477408E-036
  -13.8523731170639       4.511556795125648E-038
  -13.3500805900162       1.713978568823985E-042
  -14.6799392331917       1.648843777604354E-019
  -14.6256746906849       3.219606916926683E-023
  -14.5573079079715       6.496031460570107E-025
  -14.5177623499813       1.196734187233510E-020
  -14.4813054188359       8.864038070195440E-021
  -14.4214983580823       1.311313453846097E-021
  -14.4079725268185       1.003559947259963E-023
  -14.3717355411269       1.960729339356136E-024
  -14.2039732335821       2.281742891568249E-021
  -13.8880167786986       3.423592725310475E-026
  -13.8359383344106       2.262965007172350E-024
  -13.7336900465714       2.326354510123086E-027
  -13.7107578190183       8.580436467539340E-027
  -13.6559167805496       8.930926014552456E-024
  -13.4600044162503       8.123598765660271E-027
  -12.9455154736970       3.160046619794905E-026
  -14.6405810399908       3.622548313281786E-035
  -14.5840142641892       9.858957210886144E-008
  -14.5472768307723       1.162027822830533E-010
  -14.4778368905083       3.219355810304284E-011
  -14.4774649602468       4.426531598201036E-032
  -14.3988243010189       1.761475320264283E-036
  -14.3812308883680       2.089612277785196E-012
  -14.3169401977695       2.633662515721839E-037
  -14.1459627422900       2.778440514393587E-037
  -13.8514123422079       3.574525601509351E-012
  -13.7954953711503       5.167945500724012E-039
  -13.6945597593123       3.282339106872241E-012
  -13.6715005975824       4.522047233578044E-041
  -13.6395482747328       8.639946755069182E-039
  -13.4053623741279       1.224206292361357E-040
  -12.8985017112055       1.201214841944900E-042
  -14.6092990736048       5.644927743090048E-038
  -14.5739857478908       6.135991463975938E-014
  -14.4883645385149       7.167418492420087E-012
  -14.4379979474855       4.982365570169692E-004
  -14.3984426047695       2.397895446006518E-036
  -14.3820410593348       3.378386747849441E-006
  -14.3606002510760       4.575060961552375E-035
  -14.3052437146990       3.476849500379802E-035
  -14.1695033019099       7.879111477354198E-037
  -13.8241413958615       2.932706844901543E-017
  -13.7851089115557       8.638945397841605E-040
  -13.6667210165765       1.813347784818363E-015
  -13.6318473755333       4.886246710593341E-041
  -13.5847179690819       3.758272887026716E-039
  -13.4072240502650       2.643289499717877E-040
  -12.8709805278899       3.269101871757584E-042
  -14.5111209084943       6.928432533141610E-025
  -14.5056525721566       2.964236024401061E-023
  -14.4514464043383       1.912279321885792E-026
  -14.4005314026687       3.769991642135221E-020
  -14.3859578081190       1.514825555093586E-022
  -14.3296297046124       4.451655323892292E-020
  -14.3053490051675       1.812502866181668E-020
  -14.2803087768062       3.504583519488908E-023
  -14.1453221911975       1.833876814278309E-023
  -13.8063691754367       3.684274676514274E-028
  -13.7289673552670       1.159601783645161E-027
  -13.5959739167933       1.511889743860301E-024
  -13.5944509657056       1.730646402483593E-025
  -13.5563382276653       3.273505958898387E-027
  -13.3814199479354       1.894288623133290E-022
  -12.8435174995801       9.768104837502214E-031
  -14.3944197135139       1.604069207672071E-024
  -14.3802429623333       3.938810804784021E-023
  -14.3290843300798       3.178220621219386E-023
  -14.2721931598011       2.034287038305147E-021
  -14.2697662980193       2.712769478786155E-019
  -14.2104119523774       2.215006530682889E-021
  -14.1817936633756       1.862381340012047E-025
  -14.1679049491791       1.300138113857712E-024
  -14.0136277555209       9.985884381886951E-021
  -13.6783419715334       4.679128144631856E-030
  -13.6052757256582       1.882296870653002E-025
  -13.4708216215888       5.074592484327028E-027
  -13.4667344835461       3.331936113602227E-026
  -13.4399838431149       6.793456251774726E-024
  -13.2499991890927       1.093970558982391E-025
  -12.7122113902514       5.437895731358346E-027
  -14.3337453308393       2.071073633474954E-020
  -14.3225395151601       1.363229514977473E-022
  -14.2492729164558       2.996246693333967E-023
  -14.2017704191585       5.751886354558481E-020
  -14.1800184615618       6.213671966304909E-024
  -14.1470942663056       4.038322722086936E-021
  -14.1260490872366       9.738466246640233E-025
  -14.0317989164415       4.274986484404652E-023
  -13.8860672645872       5.835406562532706E-022
  -13.6128370476111       1.034553503626387E-026
  -13.5255247824450       3.578615485179324E-023
  -13.4154417639781       4.855515389454995E-028
  -13.4116428831135       1.648623771933185E-025
  -13.3578197750701       9.476737115077219E-024
  -13.1502597155383       7.525314191488272E-026
  -12.6442474120585       2.909251808560233E-025
  -13.8005456161137       2.207354149936442E-026
  -13.7981598529140       1.296434332948398E-026
  -13.7506403119478       1.136818651046524E-025
  -13.6739267354404       4.354649223275239E-022
  -13.6566752336282       2.611288887458730E-027
  -13.6170661727413       5.355079250759351E-020
  -13.6021261691612       3.574767747774894E-021
  -13.5539680236740       2.270147971049084E-020
  -13.4121060694276       4.237797492366331E-028
  -13.0912200783018       8.188938242011394E-033
  -13.0337148211930       1.695563108775291E-026
  -12.8791948134886       3.477729661160230E-028
  -12.8781392357748       5.136276910853529E-024
  -12.8351686166489       1.679871831902688E-025
  -12.6435511822222       1.482771338007552E-022
  -12.1038503596365       1.368793355666881E-028
  -12.9284720616824       2.092825760793090E-020
  -12.9216165935251       2.365142808682985E-027
  -12.8818373223706       1.136023432544938E-023
  -12.7910194524672       6.076784754602247E-020
  -12.7795797553769       1.472692129927779E-022
  -12.7555579634458       4.311471331383852E-020
  -12.7229377403265       1.504291157526159E-025
  -12.6841292475433       1.567571168737140E-024
  -12.4986339193190       9.828384384825791E-021
  -12.1800430061920       2.633129232353745E-030
  -12.1233777329162       1.030288535659215E-023
  -11.9819502872622       6.799882224259130E-029
  -11.9765308731936       4.228473861404119E-025
  -11.9398634276705       4.794320445733148E-022
  -11.7199978286612       1.800984926659285E-025
  -11.1702160821905       1.332098006768532E-024
  -7.55176666406270       7.126711573816691E-034
  -7.48569725076192       8.740897171891638E-008
  -7.47225932046274       3.939301808910346E-008
  -7.36195559223322       5.390001463457580E-034
  -7.34709737007584       2.550659844490224E-009
  -7.27390970064249       9.266280392561557E-010
  -7.26054052006481       3.577653744424027E-037
  -7.19381455660201       1.044655147679081E-036
  -6.98125904231472       5.012528339976324E-036
  -6.78359211393531       8.356225688251032E-017
  -6.71521861499187       2.724292980187699E-043
  -6.59916811462970       2.659874777417761E-011
  -6.54953176548983       5.312913961571678E-042
  -6.53629217005846       3.512906359940225E-038
  -6.27008941477896       1.393895992088391E-041
  -5.78890943073044       1.615114074711865E-040
  -7.53022619114076       4.202311827734645E-034
  -7.47532698368971       3.527839806299830E-017
  -7.40402530407766       4.451826891021106E-015
  -7.32822689162995       4.684923327914723E-004
  -7.29289603793112       2.839774333438654E-005
  -7.27534157179506       1.069759797731909E-033
  -7.23315641388822       2.080532762453273E-036
  -7.18466683785908       3.054374666496827E-035
  -7.02527283791397       2.553052276049844E-037
  -6.76479489906275       1.484527042529704E-019
  -6.69261406135205       4.805921544343511E-040
  -6.58003959256079       1.119100789674697E-014
  -6.53707070898735       7.771043227535070E-043
  -6.48597170402089       1.765356770921918E-037
  -6.28374124747641       2.989662422607128E-038
  -5.76872172528424       2.421347931410674E-038
  -7.55689405006967       9.081965217342589E-019
  -7.48733052058651       1.326290206197003E-022
  -7.41239471598630       8.314953143167198E-023
  -7.34338806922564       2.961368537154501E-018
  -7.29177484383816       5.963956372432888E-020
  -7.25846403478920       9.276401568933635E-019
  -7.21756208317992       3.858965244643335E-024
  -7.17621578861885       6.333521718651309E-023
  -6.97803396813680       3.141461140654298E-020
  -6.76383743079570       1.834716731048777E-031
  -6.68747964979815       5.885067544263572E-027
  -6.58578327562265       2.327547340537057E-027
  -6.52599473995131       2.326177536337997E-028
  -6.49093141258303       4.130656799443394E-023
  -6.25577653578525       1.157554052845201E-025
  -5.76130150642387       5.803692801356136E-025
  -7.34688380000997       2.902567341117411E-026
  -7.32790100592610       5.757390227003931E-021
  -7.28108335208291       6.189762527747277E-023
  -7.21775922089824       3.040346244615699E-019
  -7.18948103480852       7.041156363054326E-022
  -7.14565238600933       3.905544026464226E-021
  -7.11508170613136       3.701216724067400E-027
  -7.09952180599523       2.003799865683839E-025
  -6.90747799968266       2.625173898525688E-020
  -6.64060783916424       4.373493488316216E-032
  -6.57655227532295       1.746911453501510E-028
  -6.41932421177837       4.905438636668356E-033
  -6.41867203167499       2.919771927951351E-026
  -6.39653693695632       1.831107265458646E-023
  -6.16834673212440       7.530538118336562E-026
  -5.65599850691333       1.822006003838210E-027
  -7.28366679101732       2.050742281858748E-026
  -7.26386150887966       2.158899349529917E-023
  -7.21831675390940       2.418472334701781E-025
  -7.15539259572975       2.202284450980915E-023
  -7.12704643513444       3.164889765226943E-021
  -7.08173881388117       1.524147104920131E-019
  -7.05163781031793       1.517491234189212E-021
  -7.03947077427521       7.111992497477173E-020
  -6.84682083739829       4.430423770153447E-026
  -6.57586926665905       4.386317450466341E-032
  -6.51336613108594       9.120309924520144E-033
  -6.35507153247113       1.583159776088453E-030
  -6.35457450320861       3.980714863635497E-029
  -6.33390413736537       3.857131184922857E-029
  -6.10594077682861       3.582726037923303E-022
  -5.59187291964614       4.911343006763498E-029
  -6.41879974726174       2.697796032217436E-020
  -6.40999691586641       3.538669351913722E-025
  -6.35990418161762       4.994530624069774E-023
  -6.26982855194265       2.474790890718417E-025
  -6.25566733653911       4.948040390514764E-020
  -6.23950829057324       5.491384512849866E-020
  -6.19972587814638       6.435938875098449E-026
  -6.15289387356343       1.364290951645264E-026
  -5.97469620227382       1.147968805638812E-020
  -5.69524903973260       2.230491747898163E-026
  -5.62879734375781       4.725279402436704E-026
  -5.48791586771194       5.450738328911577E-029
  -5.48165166383949       1.643562324156090E-024
  -5.42279735486338       2.362724424548213E-022
  -5.22005898844467       2.593192479682905E-024
  -4.69354231631674       4.893858258662707E-026
  -4.27790597024867       7.496526284663335E-021
  -4.25924539822433       3.672216990111460E-020
  -4.21508518432263       1.709112793613003E-019
  -4.15358439079447       3.528527605260233E-021
  -4.08687550405254       1.364895748985952E-021
  -4.04813336255653       1.363308478356641E-016
  -4.04092776455050       1.564987330519007E-016
  -3.97921581096174       9.948351241700515E-022
  -3.75836560938713       2.649552561581317E-021
  -3.55868409917079       4.395475991646237E-021
  -3.49933648111731       1.249451228615029E-021
  -3.33617034664524       2.256205191586987E-019
  -3.32539244376502       3.224170936186038E-020
  -3.31141006653784       1.582788482977435E-020
  -3.04450980921099       3.226308592214062E-021
  -2.55792904417728       6.193848481853673E-023
  -4.24811254949339       1.979522200715447E-021
  -4.24531004830835       6.967927747522361E-022
  -4.18541729888053       4.797674089116272E-021
  -4.10513246153557       1.580893111056751E-021
  -4.07994790379702       1.323418630092635E-021
  -4.06608347895793       9.682526749627898E-020
  -4.02102957398932       1.021419421816919E-022
  -3.98692263756252       8.488702381198107E-022
  -3.82255179892563       5.848097517807726E-022
  -3.55237510205860       1.155605259642325E-023
  -3.48113367673579       4.831327747201335E-025
  -3.33161743533402       4.906449486056553E-021
  -3.32998593292302       6.364003418772065E-021
  -3.27475863941470       3.732534650102952E-022
  -3.07423925942838       2.935872401736037E-021
  -2.55074534764017       2.044364363660463E-025
  -4.35666839195495       3.521149694817527E-033
  -4.28130916828618       6.055756963891805E-011
  -4.20524117703781       1.814073892279941E-008
  -4.12608100142531       5.312278774071592E-010
  -4.06014894378056       6.039683045911019E-032
  -4.04564855737003       5.916556486462279E-009
  -3.99474371778885       1.221705845311435E-031
  -3.93803871304687       5.009258371705789E-032
  -3.73103128428231       1.650851268520587E-033
  -3.56107322631853       5.918149765611279E-012
  -3.47041916483069       2.010200134904459E-037
  -3.37383720358016       1.157596601107080E-009
  -3.29991715033607       1.504443041079654E-033
  -3.26399548616415       1.617443268308971E-035
  -3.01678004075095       1.313766397310555E-033
  -2.53082661944651       6.444823013298698E-035
   5.03123188137145       3.368871884576232E-020
   5.04204484797308       9.556074239789908E-027
   5.09958627250938       5.481610636114353E-023
   5.20048345268159       3.662572557984017E-026
   5.21406686965036       2.500723674810100E-020
   5.23639667853803       1.115898168909880E-020
   5.27664588138792       1.047694564582434E-027
   5.32889195679059       2.452680189150521E-025
   5.52572391178572       1.099355016191951E-020
   5.75157156888865       6.542771680593559E-027
   5.82399141143124       2.125972019058480E-025
   5.96983815641728       2.396577759577432E-024
   5.98349857138116       5.609520773721396E-029
   6.03095419141351       8.707623556566265E-022
   6.26095853490556       9.917801088716754E-025
   6.76812447924463       2.056186485663561E-025
   11.5263902491133       2.183520966483747E-035
   11.5955423477231       5.699579229757709E-013
   11.6600960977772       2.066355981620753E-008
   11.7629200469664       1.934421564066608E-010
   11.8123029928824       8.204864390601679E-009
   11.8302159126949       9.878615401413394E-035
   11.8888057156114       9.439358205957717E-038
   11.9534545231804       4.293813089914223E-036
   12.1622979197091       1.154438393137602E-036
   12.2973179181586       9.550404084849170E-013
   12.4091149147269       8.133243955936625E-040
   12.5107520016643       1.087761031030301E-009
   12.5830161083969       1.206269785753909E-039
   12.6273335343906       6.356707570287701E-036
   12.8764827273164       1.935612998219607E-037
   13.3627988246607       4.504466796028009E-041
   12.4269549575123       5.189926036103094E-027
   12.4552874340485       4.407148562350830E-021
   12.4897774066042       8.598233797126038E-022
   12.5632033519663       7.621848626007026E-020
   12.6291456847647       2.034365449329407E-026
   12.6759511372339       3.047893489398202E-021
   12.6768045836351       4.817551582210317E-021
   12.7340021404566       1.282830348788013E-024
   12.9774869162148       5.399995798221922E-022
   13.1454278683142       4.940782658599294E-028
   13.1937116333207       2.797654520308410E-026
   13.3793227989096       9.937145831024118E-024
   13.3928477800897       6.034141566956078E-028
   13.4012370523724       6.686893945067191E-022
   13.6820684351314       3.741765123514959E-026
   14.1581091107846       2.112648389264997E-024
   13.0775187484440       5.924678031769608E-025
   13.0782995805734       1.528449405634776E-032
   13.1517216524661       5.840152624957483E-025
   13.2186338141381       2.461470502296636E-023
   13.2580141890715       4.395281794245194E-020
   13.2710657224919       3.018003912787478E-023
   13.3003768253936       1.332011827275878E-026
   13.3513712467225       6.935672340346028E-020
   13.5173655524950       5.025646903228072E-025
   13.7678758942894       4.603529915172913E-030
   13.8444453614823       2.364504064711068E-029
   13.9893441746358       1.750186515020786E-024
   13.9992581813935       1.205529387692918E-026
   14.0592260005484       6.598424901141333E-026
   14.2650213035891       5.101503685130680E-021
   14.7870030483943       1.146825393994091E-027
   14.5336888123489       1.962405386420187E-034
   14.5827274115320       7.683998072490542E-011
   14.6217036485463       1.414526830669962E-007
   14.7565392821389       1.655272041611743E-034
   14.7757639273106       3.237352609032909E-009
   14.8270145422594       2.478033277265395E-008
   14.8689347908354       4.606665717509033E-039
   14.9282850373689       1.581000501500313E-037
   15.1788112780406       6.879218948680108E-036
   15.2837197070439       2.064049063497631E-016
   15.3667426897211       2.263503333599450E-043
   15.5010997682997       3.984559986187034E-011
   15.5725880242907       3.316417780678041E-038
   15.5733669220500       1.318292580475354E-040
   15.8714573420548       7.745098828959701E-039
   16.3361234110567       9.475370138118041E-044
   14.5512571605609       1.859377685465230E-034
   14.6075760210234       3.384031287707758E-013
   14.6765093013954       8.626861469604345E-011
   14.7851644896007       2.219863129493501E-005
   14.8067617512528       2.565812564379927E-004
   14.8360215181229       9.108282783114605E-035
   14.8878180741406       7.830490602684326E-038
   14.9433427221835       1.457482521628261E-035
   15.1383350761572       8.359157709858045E-036
   15.3001842519657       3.639182759711260E-018
   15.3980734697920       5.699196175476130E-045
   15.5175444313541       2.212449364573444E-014
   15.5750467054421       1.392328909634960E-044
   15.6169052752035       6.957965935103200E-038
   15.8601667898588       7.349989308264213E-038
   16.3550491159545       7.450279794654190E-041
   14.5346155443164       3.531111362707842E-019
   14.6038278242854       6.689943965626946E-024
   14.6634018165918       8.263785615343340E-023
   14.7862778959927       5.811706680757901E-020
   14.8224438656853       3.035882669711904E-020
   14.8372540143449       1.415250451830198E-019
   14.9047189666941       9.826012467985556E-026
   14.9602219163397       4.973637698252931E-023
   15.1881632703146       1.249183898142938E-020
   15.3039722003193       8.673863728920332E-031
   15.4034804109430       4.808012221769041E-032
   15.5163823457559       4.382933348949192E-027
   15.5966566822392       3.872844012872285E-030
   15.6168327671715       8.822548908088061E-023
   15.8908355253496       5.711585175829417E-026
   16.3662558835624       1.181678040879509E-026
   14.7076793114153       7.519001056680716E-028
   14.7219930893734       1.800961115068285E-021
   14.7754995459060       7.281320499824497E-026
   14.8693458327678       1.862197997770458E-019
   14.8952363059360       3.357844860167780E-022
   14.9366408730786       2.113363688471143E-020
   14.9671436600611       9.558976034578105E-028
   15.0022499262671       6.234828524765818E-027
   15.2262389005416       2.784489599374953E-020
   15.4093655565338       1.715791636675080E-031
   15.4739126185847       1.362123585261976E-031
   15.6471368316903       9.808256406653388E-027
   15.6632219865342       2.612340396515693E-032
   15.6809564878549       4.336713460842706E-023
   15.9460895124296       6.292857777510796E-026
   16.4385242538837       4.870535862816950E-029
   14.7858258915775       4.370537436351365E-027
   14.8018610962655       1.901369603070127E-023
   14.8536748456684       3.326883516995564E-024
   14.9458885509133       3.248525008787432E-024
   14.9749584794665       4.769018666847022E-025
   15.0162779119961       2.489833234719039E-022
   15.0448263646684       5.233965484023247E-025
   15.0799288528608       2.062351262741795E-019
   15.3054704317966       2.148508933963005E-025
   15.4899736251465       1.714556048857291E-032
   15.5525440966533       7.488576794203524E-031
   15.7271002846732       9.741531850417050E-030
   15.7434221686023       1.828471328078179E-027
   15.7587959740438       3.580989765471330E-027
   16.0256850028821       5.936780041542270E-022
   16.5185230366040       1.979240849333223E-030
   26.2413313614232       2.529295157095343E-020
   26.2510115697156       3.002203291821560E-028
   26.3178706763823       2.625519380549686E-023
   26.4308120042156       3.678822401219204E-026
   26.4414244690033       9.463610441270404E-021
   26.4727210957869       4.730067498761234E-021
   26.5125670462425       1.007450541125243E-029
   26.5700219349015       8.886278459492605E-027
   26.7875737061198       9.301709136472535E-021
   26.9617832043743       1.847568343154970E-028
   27.0400328358564       8.809429683115181E-026
   27.1849989020735       2.006321492191308E-024
   27.2209691711887       2.166740288050669E-028
   27.2464458700153       1.912071982654610E-021
   27.5059630482264       1.068620390288438E-024
   27.9965433013378       1.504587812285577E-024
   49.8151778281233       2.006965338285679E-035
   49.8771248659982       1.248734243561019E-011
   49.9472921979768       2.315948804644326E-008
   50.0704450884494       6.047411714989727E-011
   50.1173024520252       4.295895832668625E-009
   50.1239033133384       2.512400646427779E-035
   50.1967031913452       1.122307469769225E-040
   50.2635524824236       3.853016184241090E-039
   50.4951468185333       1.605265315667660E-038
   50.5821641289690       2.632529316767005E-015
   50.7002121964892       4.466828439786144E-041
   50.8001597400357       1.355917323159756E-009
   50.8973766365190       4.138486678506860E-041
   50.9117483892204       2.239779364997529E-036
   51.1922217666226       5.176513223819274E-038
   51.6615914541777       5.462289761075868E-043
   51.2609964424900       1.860863181251042E-028
   51.2815879203766       3.088472958954399E-021
   51.3323646814083       6.211947051143810E-023
   51.4278428627475       6.994803801667447E-020
   51.4820022478789       5.039173606107277E-028
   51.5338467168025       7.385117377759962E-023
   51.5432316244771       1.036364490278687E-025
   51.6043536265577       1.552662874158769E-024
   51.8663582946978       6.200990111996381E-022
   51.9841083227232       2.556082556051772E-030
   52.0443424161814       1.185510468737946E-027
   52.2183082304849       1.996074569114411E-024
   52.2509100119469       1.592842648549970E-021
   52.2646230293310       1.072834526253819E-028
   52.5578392549861       5.370178017440445E-027
   53.0208258537640       1.019997503641128E-024
   52.3599075294190       3.867744325474228E-026
   52.3639515958736       4.997439927718793E-034
   52.4446757638693       1.581871501246771E-025
   52.5319304783559       7.214995180460152E-024
   52.5760958525290       2.835616365490431E-024
   52.5766620376933       1.790032651906029E-020
   52.6208938123170       2.728268690279758E-024
   52.6792058549504       5.520903703241751E-020
   52.8761000560788       3.206725295351556E-025
   53.0621791683384       3.653228046860954E-031
   53.1471948012824       1.796520997227298E-031
   53.2950224303835       5.330890470687802E-027
   53.3175131836513       1.648030371062514E-026
   53.3590857471994       1.894252204135386E-027
   53.6025942836284       5.638439433347510E-021
   54.1032013430537       6.777879200710388E-028
   66.6466602394917       1.186107292739257E-020
   66.6555640537254       5.337304139079676E-030
   66.7310504763347       8.128633579865088E-024
   66.8505961972488       1.286317031174730E-028
   66.8630278565415       1.730498502505505E-021
   66.8983772423620       1.378476882079748E-021
   66.9388986839922       3.315892789661388E-030
   67.0017508609691       2.276708006733032E-026
   67.2332553066250       5.308324830797848E-021
   67.3658783718414       1.422195319720886E-029
   67.4507980058564       2.847226394317397E-026
   67.5947600241400       7.408906896315743E-025
   67.6469916044813       3.020187472187203E-028
   67.6594896138711       1.944680642506898E-021
   67.9382950485290       5.717576478549763E-025
   68.4158870266949       8.805566126388927E-025
   92.2690166968558       9.783280774283629E-036
   92.2913354368079       4.662670777138837E-015
   92.3639863285873       1.669260162752783E-008
   92.5074576610705       7.256861855636987E-036
   92.5130796757233       7.689229389317731E-012
   92.5631970897230       8.388927883630326E-009
   92.6092359033086       6.567558923856968E-043
   92.6758582784619       8.163991607494613E-039
   92.9373733579207       6.086050369132493E-037
   92.9998857524190       4.740427470143091E-019
   93.0920029094435       9.374603625368909E-046
   93.2331455127637       3.608950685456308E-012
   93.3061524577919       2.285585464245637E-039
   93.3162371764262       1.093669108640930E-046
   93.6195639973522       1.167198854468130E-039
   94.0745002606647       2.210538861144095E-043
   92.2827265586845       2.082979898720377E-035
   92.3179593202891       1.729533676618540E-016
   92.3986618172770       1.196671178115314E-011
   92.5138847010816       1.306925833491956E-009
   92.5567232960203       3.876164548475152E-005
   92.5615396690561       9.914567535458881E-035
   92.6235632057982       2.658127753438203E-041
   92.6898329161809       3.574402924725333E-037
   92.9144930160370       6.432025759412102E-037
   93.0136547779165       3.146365701308026E-024
   93.1198203144343       1.773293022585695E-044
   93.2464662476376       3.325950938251942E-015
   93.3168124498282       1.235828956145673E-046
   93.3378427836850       6.794554163116648E-039
   93.6153478209901       1.259763948643577E-039
   94.0900710911316       3.965335370563741E-042
   92.2723869903122       3.381838715641508E-020
   92.3129935297953       4.357839016330990E-027
   92.3881985982648       7.810984994503550E-024
   92.5234904644661       7.706854327332146E-023
   92.5513070692348       2.820004937725970E-021
   92.5706477313627       3.247935097389846E-020
   92.6349751601343       1.462979263622464E-028
   92.7025220501223       2.932839964255019E-024
   92.9489027278635       9.540922732343347E-022
   93.0148037547033       3.329213186187168E-034
   93.1212539930314       6.791638505832884E-032
   93.2452406874999       6.083378965707588E-028
   93.3342406830221       2.748096293431977E-030
   93.3374402638361       7.888236444761765E-024
   93.6364912403276       4.885730526606296E-027
   94.0972737932315       2.337932583858904E-028
   92.3882301430779       1.115981373955817E-029
   92.3985024684266       6.607058850304977E-024
   92.4703096793750       9.236281525569560E-025
   92.5891411662225       1.611522845555681E-020
   92.5948915982620       1.685083393717135E-024
   92.6456973615879       2.978881941983787E-021
   92.6734468508280       1.519376038576423E-030
   92.7336765758157       4.231276068076150E-025
   92.9742880514959       3.049036340636552E-021
   93.0943786125626       3.302366940245492E-035
   93.1692491813992       2.117417200075579E-031
   93.3359766269246       3.415756178283645E-029
   93.3771795375068       2.163472848873569E-032
   93.3842494291256       4.694001771768531E-024
   93.6746880424524       8.327777169953471E-027
   94.1485559933284       2.784747048766604E-029
   92.4430521867926       2.947367067166899E-030
   92.4549328792844       1.285430786313633E-024
   92.5247480166080       3.493701700162760E-025
   92.6414904882676       1.692016349753482E-028
   92.6522152420208       4.467588956958054E-026
   92.7033440371658       7.334780008374550E-022
   92.7291223969737       7.659511709104251E-026
   92.7893118424429       2.889290871520741E-020
   93.0330292137337       1.120691833245508E-025
   93.1506529341144       4.256306274848538E-034
   93.2239545899371       4.533588877674215E-035
   93.3922876477126       4.546827483012083E-030
   93.4342768523034       3.917673053335059E-029
   93.4385935904305       4.901381275620107E-028
   93.7320429521383       3.638197602379136E-023
   94.2044478875965       1.528737439184111E-031
   139.316319287485       4.410962402034340E-036
   139.360323167246       5.642744239986689E-013
   139.440782643569       5.840251901411492E-009
   139.568527592678       9.315737838384646E-013
   139.613294289826       5.057737072014133E-037
   139.619323936741       8.104361091154068E-010
   139.690741265519       3.172103580491842E-043
   139.760650963086       2.741975042182032E-038
   140.004170891037       4.993182581299198E-040
   140.060291233598       5.344361119868812E-014
   140.178095862514       1.385121015828076E-041
   140.287994636486       3.752432049677623E-010
   140.387925254316       4.450875549576125E-037
   140.388209741734       8.964952187723995E-041
   140.686271442148       5.723387294434224E-039
   141.141391303585       6.208400024236223E-043
   140.571347919924       6.036095417739707E-029
   140.587131698442       4.362092373894589E-022
   140.652231377501       3.843482588399536E-024
   140.764390756119       1.587618589688961E-020
   140.798516046748       2.268720885776534E-033
   140.854206865504       1.218958896211324E-023
   140.870431819974       7.563158490277713E-033
   140.937109014074       3.273321175129979E-025
   141.201792278134       1.500993576069837E-022
   141.285084884210       4.434723390153734E-030
   141.354427712922       2.203684262852099E-026
   141.521689159168       1.066534213778365E-025
   141.565234931220       4.283272432062142E-022
   141.582164069086       8.444688592071439E-030
   141.879263838179       1.776762621603086E-026
   142.328939918499       1.196013150562613E-025
   141.569818645594       1.667798772319633E-026
   141.572828846328       7.834593530754751E-031
   141.659537361869       5.978546420881373E-026
   141.759483700308       2.763758733620947E-025
   141.796601909217       1.170778221929196E-026
   141.811336717755       3.569975080718251E-021
   141.851566128071       3.519469099803211E-025
   141.917114451148       1.321166941833818E-020
   142.135705822568       4.504934620463343E-026
   142.269739845611       5.863880197861277E-031
   142.358367321756       4.357427234595133E-030
   142.504964565744       5.436184535480879E-027
   142.546622357947       1.195671108182467E-025
   142.568850713993       5.045059554796629E-027
   142.840132362767       1.577467200147536E-021
   143.318736091327       1.763972030235924E-028
   143.624605854158       3.662782329846654E-021
   143.629715590365       1.292361952575813E-029
   143.712506304230       3.243154555128673E-024
   143.838295929090       2.653727098636348E-028
   143.848510328170       3.117010388381500E-025
   143.890964734870       1.184533802848787E-022
   143.928563725410       3.405413269600680E-031
   143.995632679762       7.062701353442975E-026
   144.239855021971       1.812331830013920E-021
   144.340816670889       1.593273350166113E-030
   144.427841716406       4.279615471577292E-027
   144.573955003296       3.913944260343530E-025
   144.636851303105       1.258886271696165E-021
   144.637649965234       3.092539950785054E-026
   144.934141466000       2.395157540228537E-025
   145.401553866277       1.275129388909712E-024
   293.529180618949       7.105417254566092E-022
   293.533764835091       2.352439494231843E-030
   293.621601096561       5.161221840449846E-025
   293.747339221992       2.950856575504936E-030
   293.762018763136       2.567368497954886E-025
   293.803360959833       2.943395082380950E-023
   293.841173866376       2.576351851189215E-034
   293.911563842686       2.243717622345701E-026
   294.159297230821       4.521848861377880E-022
   294.232173598950       2.218588939520998E-031
   294.322774685314       1.388143404779959E-027
   294.468627744865       8.680319740593313E-026
   294.533777511062       3.179463317532937E-022
   294.537658789633       1.281233666935825E-028
   294.837551860187       7.099019217174475E-026
   295.289513329086       6.325459988546957E-025
   362.979030712836       4.879347954700996E-037
   362.998738300845       1.970293072620361E-018
   363.088027073733       7.347337501683926E-010
   363.219050256334       2.333339293099394E-014
   363.245343298593       1.117513445196575E-037
   363.275144018805       8.900673559070440E-011
   363.326194533831       2.584106908347734E-042
   363.397641908498       7.499647021088050E-038
   363.651803212232       1.679783829200774E-039
   363.683066422026       7.209496344401409E-014
   363.786955037538       6.347832765900140E-042
   363.913978660423       6.150527572904271E-011
   363.989600897719       8.502155357282070E-038
   364.008828048486       3.430117409033488E-043
   364.307672658214       7.040962525075633E-040
   364.738016485588       4.437985549041595E-043
   363.959957650888       1.341334548817641E-029
   363.973654380279       7.686702275324456E-023
   364.049529916405       3.597127971015556E-025
   364.173113542876       1.880997296128704E-021
   364.193121761973       2.454132636706970E-030
   364.251417231474       2.407603909373228E-025
   364.269892084474       3.537340879558258E-030
   364.340036752387       4.550603014311164E-026
   364.608062306721       1.248940663825351E-023
   364.655385512424       2.583130934074181E-030
   364.729401280767       4.581982053350803E-026
   364.889694346804       2.332524740083499E-026
   364.932568185008       9.853672323868964E-023
   364.963720937793       3.619599782960897E-030
   365.262293150244       4.364238139153102E-027
   365.690532673881       3.210491141384357E-026
   364.698969756828       6.127174344996661E-031
   364.700862657102       5.488289026708509E-027
   364.791061247783       8.168789094788076E-027
   364.907903855480       1.409803637717536E-026
   364.928926210540       1.117893565191142E-026
   364.964731982773       4.248120593980162E-022
   364.997242017430       3.573020916865473E-026
   365.067289074640       1.573795843652437E-021
   365.308961177219       1.106115622883981E-026
   365.383023990537       1.158248617808457E-030
   365.469257866791       3.723372769137248E-030
   365.616658420909       1.089154854870293E-027
   365.672364531424       1.920346320767855E-027
   365.679755763139       1.504333315270383E-025
   365.976834603869       2.273734252583417E-022
   366.419754120315       5.913438898991890E-029
   365.918355565842       3.018303571275007E-038
   365.922885260467       1.711873062415785E-019
   366.011842479339       1.753295033116408E-010
   366.152092251977       9.612733331617040E-017
   366.153575364943       4.901569484947925E-038
   366.208950352485       7.600857017956586E-011
   366.244672335663       5.635773162197737E-045
   366.315932496358       9.714314579612631E-039
   366.579454038762       2.441387977759739E-042
   366.612550553867       4.109703326268685E-018
   366.702030314386       5.335527719713641E-046
   366.847471969364       2.993003609912099E-014
   366.908386317646       7.054487397914845E-042
   366.932653922371       7.572359810126525E-046
   367.234448923770       3.212949291812238E-041
   367.663889337106       1.458351203473504E-045
   365.928606622869       7.765774791387089E-038
   365.940574986109       2.235046657134392E-022
   366.031450366422       8.295444698948533E-014
   366.154886949695       6.542699486437984E-014
   366.182402733430       4.609643899030847E-039
   366.210370492353       3.494586914487977E-007
   366.255294428137       7.771746980046051E-047
   366.326412299964       3.080000162509233E-039
   366.573020465505       5.125031208798724E-039
   366.623061865525       4.922837859855970E-021
   366.720222448572       7.227097189331335E-048
   366.857626133461       2.265928081313786E-017
   366.926869531071       4.961306522983172E-042
   366.936076320839       1.871899936808762E-045
   367.236648952017       2.726024728276836E-041
   367.675369254143       1.530058599653931E-043
   365.925181863953       2.720252099412546E-022
   365.938534889061       1.781609135318272E-036
   366.027876867834       5.141407892716155E-026
   366.161517277439       9.859406688471663E-028
   366.178871981003       3.708010630615358E-023
   366.217451948569       1.823172316871717E-022
   366.262102837969       3.950339238661676E-031
   366.333655076180       3.159839890881338E-026
   366.590152533571       9.989039583614223E-024
   366.624189066755       4.304117759069816E-033
   366.721514356054       2.889053804244066E-029
   366.858206572108       3.898395886240915E-030
   366.927965570254       2.739432142067821E-027
   366.946022837244       2.353716604040468E-033
   367.247580116741       2.201116189202361E-028
   367.679703442394       2.145420293934022E-030
   365.988247076437       3.454516321324352E-032
   365.996830065707       1.504901407546386E-026
   366.079495259818       4.148657219427152E-026
   366.208715885637       2.419180752523176E-029
   366.209873760456       1.444788667586520E-022
   366.266105661960       7.690085269179196E-024
   366.291589390484       2.804379742561259E-033
   366.361399288440       2.052282427412717E-027
   366.615171872630       2.983392657420412E-023
   366.676603187206       4.106346785874773E-033
   366.756432997568       7.214944501702799E-030
   366.913769647721       1.602654335100763E-034
   366.963045947689       3.151178465163011E-026
   366.978270064334       1.490395821656948E-033
   367.278578586417       2.129924473425208E-029
   367.716833458977       2.273140111182968E-033
   366.042619551645       1.120008045168219E-033
   366.051483138817       1.702606210300291E-026
   366.133411582237       5.448943703407632E-027
   366.262993726427       6.186955653867455E-027
   366.263710966118       3.387199136663104E-026
   366.321206643177       3.899706854981006E-023
   366.346297812044       7.278095607898162E-032
   366.415859146854       4.477058348953644E-022
   366.670654859298       6.428790874639849E-028
   366.730777987735       1.055830500191782E-032
   366.810367353059       2.858734654526404E-032
   366.968147998932       1.526029450051477E-029
   367.016917617785       2.657222664826773E-028
   367.032767505965       1.150206373422455E-027
   367.333270573970       7.343496993587749E-025
   367.770675791378       1.570547380598762E-033
   591.595756890973       2.393169097032424E-029
   591.596560032655       9.583912573491473E-023
   591.688099180219       8.417131279557201E-026
   591.818032899185       7.808297834220111E-033
   591.827579577772       2.370643371726763E-024
   591.876136516828       4.502330448629541E-024
   591.908235310600       2.472312450790903E-034
   591.980211383142       5.602488246117383E-027
   592.235493060635       7.045386292714157E-023
   592.278525840550       2.550263141592504E-031
   592.365650171976       1.928319049267559E-028
   592.515012639979       2.384113948261533E-026
   592.572178977541       6.431125541515399E-023
   592.589376939455       9.553630628709903E-031
   592.891210255088       1.305637733696982E-026
   593.321971463715       4.654696718347801E-025
   1649.08787902291       2.809418652037923E-032
   1649.09698416649       7.518011296659699E-024
   1649.18491119386       2.456016209130566E-028
   1649.32035632758       5.922006782549053E-032
   1649.32056707157       5.345105706055984E-025
   1649.37956669165       4.037538650451163E-025
   1649.40217717344       2.531602275896851E-034
   1649.47514584631       4.115907030646791E-028
   1649.73849904362       7.058583168673220E-024
   1649.74549843496       1.192068855568575E-032
   1649.82444249909       1.568321507350771E-029
   1649.98070670123       5.551918363330033E-027
   1650.02374768037       7.494550233318902E-024
   1650.05858756382       1.382828372971335E-032
   1650.36230428267       1.450932223643426E-027
   1650.76347111820       1.330328841016785E-025
