                  1152
  -19.3012669910431       1.352790765618173E-040
  -19.2898376193723       9.189959001055379E-010
  -19.2503079323087       8.003139425413493E-038
  -19.2213169777766       1.800406882645233E-041
  -19.1860187691306       3.253259384499310E-040
  -19.1737658591376       3.336679011230650E-008
  -19.1538874876658       2.359058454665522E-013
  -19.1107782111176       6.307872090599643E-016
  -18.9941354849908       6.742835316989098E-009
  -18.5773981376426       4.472280071259661E-034
  -18.5136607793477       1.696682646030048E-004
  -18.4358185638116       2.409803430932693E-014
  -18.3502689262084       5.035482501571395E-036
  -18.2944482429484       2.175591751417246E-008
  -18.1783005310034       2.520132419609616E-014
  -17.5838172839077       5.464040580858342E-009
  -19.2288773855069       5.627037623112744E-039
  -19.2022850593006       1.410823326186656E-015
  -19.1677461169520       6.331141473714245E-041
  -19.1283777302448       1.226599294395913E-040
  -19.0907141789289       2.227664838063370E-012
  -19.0601268879859       1.920026408290464E-011
  -19.0513100440322       2.332117342060608E-041
  -18.9922164037767       4.853220482871732E-016
  -18.8848500056012       4.603059962236180E-015
  -18.5078464887287       1.396734480208090E-035
  -18.4556364899484       1.018396312439293E-008
  -18.3216592791482       7.751761377586319E-009
  -18.2664732110374       8.516648681299168E-038
  -18.2158463040489       1.218184612603905E-012
  -18.0781543743856       6.930296209467974E-012
  -17.4995462882826       3.510230611321274E-015
  -18.9625910781227       1.931824886020085E-039
  -18.9452328959768       2.866511667965607E-012
  -18.9004849332194       1.425763299387260E-040
  -18.8733433414448       6.329005266833351E-038
  -18.8405071531652       1.023964774078909E-010
  -18.7848575443224       3.696995002038607E-009
  -18.7581839860667       2.430875075677937E-039
  -18.7040071884970       1.342076489941902E-011
  -18.6602343283940       3.401809410609629E-012
  -18.2522348989726       1.419724954268444E-035
  -18.1569540897842       9.988162497513011E-007
  -18.0536359153320       1.010176653218324E-010
  -18.0271377662338       1.222502912326677E-034
  -17.9756466282382       8.104951178101225E-009
  -17.8534396126150       1.437704265955636E-009
  -17.2843768855852       6.232526912703669E-012
  -18.8808535779103       1.115001462544558E-008
  -18.8692528459026       3.141314193690577E-037
  -18.8451629858157       3.839071509582687E-037
  -18.8237069212790       2.518074658224794E-037
  -18.7796244044590       2.455909359091221E-007
  -18.7455734766969       2.961165227351971E-010
  -18.7341702579929       1.292407340407877E-044
  -18.6746080223873       4.019039973723761E-012
  -18.6231597208236       8.516217239763925E-009
  -18.1547925936141       2.516992678419945E-034
  -18.0942913822055       2.431963935678310E-004
  -17.9929867608561       1.371889201525169E-009
  -17.9604128660837       4.136143557205219E-036
  -17.9039473828469       1.078334411634935E-007
  -17.8148692207347       7.950710467473169E-011
  -17.2224980098368       6.335037674656640E-008
  -18.8056045394831       8.738364838493652E-037
  -18.7941998928973       3.084735996677544E-009
  -18.6852443605660       1.712765153131361E-035
  -18.6748540811838       2.953963247395120E-007
  -18.6618607412974       1.113731738849840E-041
  -18.6344428946388       8.089556979164217E-013
  -18.6311563076031       3.943528242373673E-040
  -18.4913314521229       3.905214765535029E-017
  -18.3876225250380       3.048585782885781E-008
  -18.0400949832369       1.554237017682151E-035
  -17.9523005258586       3.493354246422261E-004
  -17.8594520751118       3.355391624131269E-012
  -17.8308280665915       7.767331514178426E-035
  -17.7869204887153       1.325148542839516E-005
  -17.5851206729291       1.171260354859703E-013
  -17.0108422633455       8.449980833872909E-008
  -18.8250826984416       1.124222404270339E-022
  -18.7891012835269       2.621817187082757E-025
  -18.7180126003169       8.745339250105545E-028
  -18.6652479485833       1.293513963134929E-023
  -18.6249137835685       1.730834008769951E-026
  -18.5988754573537       4.549221275456328E-022
  -18.5753491405986       8.337807570855226E-027
  -18.4773283690204       2.810715735026927E-027
  -18.4132418346280       1.287281099606411E-025
  -18.0255452634919       2.702073964401377E-018
  -18.0042409773179       9.169234216226226E-018
  -17.9020780738955       2.280402693751238E-024
  -17.8185009398811       3.151101674521198E-020
  -17.8055900917655       9.802814611366605E-020
  -17.6376964348489       5.205370970540373E-028
  -17.0908484038873       1.800376006882533E-024
  -18.6095791540667       1.836067755061594E-011
  -18.5955433918779       4.987230302885071E-038
  -18.5399104855862       2.307714513656854E-042
  -18.5119079720559       1.897044221328756E-040
  -18.4895262443584       1.059990393897427E-039
  -18.4839993672225       1.417881344792825E-008
  -18.4236694676316       9.436142465190441E-013
  -18.3954557199459       4.153704770863017E-014
  -18.2982070851497       3.694528284231154E-008
  -17.8948389453492       1.113923451525334E-034
  -17.8044901667657       3.979075309929405E-004
  -17.7394217949221       1.007725278683603E-008
  -17.6868891762544       6.237757401549868E-037
  -17.6163071011682       5.618738405833397E-008
  -17.5122638170676       4.014637496125947E-012
  -16.9422794197928       1.590337053777503E-008
  -18.6333532498841       2.664197222883704E-038
  -18.6198427938887       1.783360796215845E-016
  -18.5770356168426       5.729257179291508E-041
  -18.5224381498454       3.233792637799293E-040
  -18.4899094907089       2.993627826606345E-013
  -18.4561698902567       2.851142073926582E-011
  -18.4018060728443       2.458333016249662E-039
  -18.3413588398037       1.556924053841879E-009
  -18.2504022368231       9.115941832949080E-014
  -17.9018270907406       2.885579549080325E-035
  -17.8513971993693       9.291879677204424E-007
  -17.6848744588190       1.211606896022720E-037
  -17.6697020594300       3.750490821852854E-007
  -17.6376650658085       6.901763169554291E-009
  -17.4585744403416       5.221690091906469E-012
  -16.9078618105804       4.612566129679436E-013
  -18.3284812990796       6.136940231288477E-026
  -18.3269613953080       2.489384369016225E-025
  -18.2740278161471       2.831299439076165E-026
  -18.2470295812419       1.219974451302197E-024
  -18.2224088104301       2.350556964431602E-023
  -18.2112317777050       2.333293944622267E-023
  -18.1842950532720       2.880678550596587E-025
  -18.1214145761941       3.743708631816374E-027
  -18.0656394288336       4.039886407471303E-024
  -17.6067595819614       1.435799611475591E-022
  -17.5900500414759       3.990912979861149E-022
  -17.4746999391275       1.156821871754307E-027
  -17.4167726764540       1.107763006390759E-025
  -17.3573649270593       4.013997237117935E-025
  -17.2647734259332       6.855041545287440E-028
  -16.6846397128802       3.619504941081428E-026
  -18.2896244117503       7.226072068499457E-010
  -18.2784612994694       1.546787176170863E-036
  -18.2247509078904       1.429480075753573E-038
  -18.1918179460644       3.360341180271080E-040
  -18.1842310586493       1.004484507527077E-039
  -18.1768096502983       3.483907919450539E-008
  -18.1335715613271       2.595029447400293E-014
  -18.0892568602517       7.137651674067555E-016
  -17.9950271669521       1.089181050874021E-010
  -17.5764119485487       1.084708451991093E-036
  -17.5021641043091       8.535011004339655E-006
  -17.4393741393119       1.544196569708112E-013
  -17.3711318565617       6.183024831884117E-037
  -17.3162622131046       4.356726442660028E-008
  -17.1970566736676       2.329570853056360E-015
  -16.6199894475895       1.185326604189853E-010
  -18.1889158653073       8.196636751452542E-024
  -18.1515945961459       2.322460204439502E-023
  -18.1293942333927       9.123359986777301E-025
  -18.0991757597483       2.577613969366964E-027
  -18.0721740172128       1.726128284609490E-022
  -18.0574527957280       8.613033077355544E-029
  -18.0318166822278       6.764493690308701E-028
  -17.9931462192241       3.187968820855876E-026
  -17.8945608233060       7.684701615746159E-026
  -17.4565545043685       1.537529277782114E-021
  -17.4058209504307       8.757071210448493E-021
  -17.3448448006441       2.969665315637298E-026
  -17.2703456168206       1.783236001490923E-025
  -17.2128539865523       1.514762257961320E-024
  -17.0990370668473       6.182022977449713E-029
  -16.5233874105327       3.548212902194451E-026
  -17.7798134359602       7.172050104435433E-040
  -17.7394644980600       7.198540241551332E-017
  -17.7208792869160       1.703167161616390E-038
  -17.7181714755355       2.291552669594598E-041
  -17.6721100009103       1.406569486800419E-011
  -17.6555208702468       2.210741761308237E-038
  -17.6521195712349       9.790299958784228E-012
  -17.6133820954978       2.453831052395207E-017
  -17.5245228238620       5.078310586876590E-013
  -17.0846640086886       1.942928381083856E-039
  -17.0382632031074       2.063089695559259E-009
  -16.9614174419782       4.685591656923735E-012
  -16.8323369741069       8.448676478642113E-040
  -16.7931515232534       4.581024899968607E-014
  -16.7088240577867       1.441783902071479E-015
  -16.1073028991093       1.761482963337430E-014
  -17.6581822627420       6.592897280029371E-011
  -17.6469530731278       3.503992672987770E-036
  -17.5749551707887       1.954263087616608E-038
  -17.5528344093726       5.958604984772942E-040
  -17.5277225609629       4.470072114433640E-011
  -17.4921183913172       9.894129916093505E-036
  -17.4889430773318       3.494550097780354E-011
  -17.4548041013925       8.978743117773248E-013
  -17.3377457186357       4.520466656338682E-012
  -16.9049110481488       5.481823190619178E-033
  -16.8877578912660       8.409502656225107E-005
  -16.7820806740001       2.912366957063595E-012
  -16.7327177663849       1.743842983817425E-036
  -16.6731595639667       3.052163441282491E-009
  -16.5483015906799       1.232391198678153E-012
  -15.9796162041524       1.400776102929232E-012
  -17.5363196500172       2.647097923101918E-038
  -17.5214336245898       5.846400811070815E-013
  -17.4723323231751       7.005724106437876E-040
  -17.4648147180106       1.013507307877165E-038
  -17.4230077539946       8.612816040999481E-013
  -17.3899847145157       1.463735523820292E-039
  -17.3649302185646       2.564938691485818E-009
  -17.3431477771294       1.121594102075746E-010
  -17.2478191480655       7.442693742534019E-014
  -16.8341563847989       5.162658092188162E-036
  -16.7573800897893       6.794798270413283E-008
  -16.6686526205489       3.656254106727112E-009
  -16.6080959580726       3.370078077309692E-037
  -16.5612738227164       1.071191690384675E-010
  -16.4481660166720       2.337231287410436E-010
  -15.8697245987374       4.552957879778674E-014
  -17.4020755036033       6.977327158453096E-026
  -17.3638871666214       3.852411814527598E-025
  -17.3428412608711       8.338648398164094E-026
  -17.2965562555300       4.346174232418169E-027
  -17.2716255437659       3.113928428294236E-023
  -17.2314471906661       9.278046695367923E-026
  -17.2285584646795       1.531322890270443E-025
  -17.1738830772564       1.646888569333144E-025
  -17.0421426008316       2.810735899951790E-027
  -16.6565061867296       2.653613184043756E-022
  -16.6118237279359       1.047084653175396E-020
  -16.5260870773550       2.886329964486182E-027
  -16.4679980356278       2.706063210702304E-023
  -16.4129432558925       6.677044774517579E-025
  -16.2584987879923       2.120999899329224E-027
  -15.6997182215746       3.999358302012694E-027
  -17.3936988313958       5.558359371207307E-027
  -17.3805334005935       6.905405500272950E-025
  -17.3185598770731       1.105777050501960E-024
  -17.2662743678273       4.143256145409686E-023
  -17.2509227503281       6.652136427713880E-024
  -17.2249010605687       4.040398920026956E-023
  -17.2102968774096       5.476909342380788E-023
  -17.1737630520690       5.141246909511525E-025
  -17.0385374166551       1.709579805908730E-024
  -16.6397354447190       1.422171357938242E-023
  -16.6150648538323       6.811412829493410E-022
  -16.4907841947633       1.522748841768777E-026
  -16.4562042082624       2.189356907811453E-024
  -16.4028796112532       6.124531126610907E-025
  -16.2455265772113       1.790730848276447E-026
  -15.6778067319234       1.130219456525805E-025
  -17.1121092480610       3.604230782007881E-039
  -17.0871665254204       6.617451277879774E-011
  -17.0383498677508       2.778203227957170E-036
  -17.0029271098672       1.369516022280324E-008
  -16.9971168854350       7.870416414811049E-039
  -16.9610436972672       2.549687976685984E-041
  -16.9404906648024       1.236831106827476E-014
  -16.8981815447215       5.396033751567333E-016
  -16.7678221631750       2.267391897955444E-010
  -16.3883289247482       1.236783161478040E-036
  -16.3224777723613       1.070192053530291E-006
  -16.2250853362125       1.372960906697045E-014
  -16.1656140258017       3.670145771039682E-036
  -16.1391838245415       1.441246740573122E-008
  -15.9760760968518       3.539997901964870E-016
  -15.4088556621853       2.124597613819936E-012
  -16.8254410460451       9.415438361442365E-012
  -16.8027353647165       1.917608949257466E-040
  -16.7746929408727       1.137387722419337E-040
  -16.7130073587609       8.427655460377852E-045
  -16.7001111745618       6.055075529206816E-043
  -16.6814980054239       4.798308175300932E-008
  -16.6426765673168       8.206029584431204E-014
  -16.6108355624288       7.433091825006190E-017
  -16.4956892400195       1.210360814878343E-008
  -16.0922432115328       1.302165747565854E-034
  -16.0291180455289       9.439159581308860E-005
  -15.9327886527477       3.198184487392357E-013
  -15.8940223996592       2.906280365491165E-037
  -15.8206288774697       2.456922818781778E-007
  -15.7048489573324       3.050015033210746E-013
  -15.1347013245162       2.004640557221350E-008
  -16.6212156748552       1.337447545719828E-035
  -16.6076117746235       1.579790965569714E-008
  -16.5584610471081       1.191887615292578E-037
  -16.5130243101307       2.229997062341867E-007
  -16.4820464694110       7.809996385008740E-042
  -16.4620259741378       1.652064531609163E-038
  -16.4522327759104       4.133917527688506E-013
  -16.3893696649827       4.286209761371126E-013
  -16.2352400136913       1.323229350996037E-008
  -15.8715865997737       1.583865266155065E-034
  -15.8161777328490       2.013819271394661E-004
  -15.6985362333891       1.124607732873750E-011
  -15.6607766633682       6.862233845058610E-033
  -15.6500783517514       2.230573826641343E-006
  -15.4336664865867       2.505899700765150E-012
  -14.8590949269852       5.378895339431530E-008
  -16.5844036796148       3.892242535285855E-038
  -16.5608181858946       6.057151073704289E-012
  -16.5285489734945       4.317657891189437E-041
  -16.4672786408040       4.960101395402501E-011
  -16.4650310075410       1.277063718203037E-038
  -16.3995394582119       6.784848912120400E-039
  -16.3945448714110       4.249740271108413E-011
  -16.3692644340072       1.784130692177139E-010
  -16.2198016562914       1.855904720120932E-011
  -15.8581629272338       1.487113411433208E-037
  -15.8082781946739       2.693352180420113E-006
  -15.6654935904051       2.718933075643412E-008
  -15.6361519736300       5.628022889589799E-036
  -15.6160439324650       1.303539773785864E-009
  -15.4293230980235       2.373448777263358E-012
  -14.8671089374333       1.435043698957504E-011
  -15.1148996122030       2.656336943983403E-025
  -15.0854445387438       5.747324362243425E-022
  -14.9521617099435       1.238303333083265E-028
  -14.9167365983053       1.383869922515675E-021
  -14.8865438495744       6.695442813246529E-023
  -14.8207111460027       5.125655122374502E-028
  -14.7744176703428       5.576133416921147E-031
  -14.7669279002487       3.732806990290543E-029
  -14.5838600523079       1.226492758581632E-025
  -14.3071637481730       2.055040287371013E-019
  -14.2720994572847       1.047458348540245E-018
  -14.1297061664917       7.074835850566284E-019
  -14.1199376181608       1.694779522405696E-022
  -14.0753100114857       1.922956178771431E-021
  -13.8523731170639       2.924381118033296E-027
  -13.3500805900162       3.015209525989499E-025
  -14.6799392331917       2.393160091746050E-010
  -14.6256746906849       8.133737899987349E-037
  -14.5573079079715       4.079695117640405E-037
  -14.5177623499813       6.254381767136851E-041
  -14.4813054188359       2.503704893235898E-010
  -14.4214983580823       3.497828904090519E-042
  -14.4079725268185       3.187149449462982E-015
  -14.3717355411269       1.145231741435783E-014
  -14.2039732335821       1.843640756383263E-010
  -13.8880167786986       1.482292487595960E-034
  -13.8359383344106       1.411463568875830E-004
  -13.7336900465714       2.107700717656281E-037
  -13.7107578190183       4.050479433088594E-012
  -13.6559167805496       2.075303381150596E-008
  -13.4600044162503       6.074942456704859E-017
  -12.9455154736970       1.457681698463781E-010
  -14.6405810399908       1.903895321780542E-026
  -14.5840142641892       3.308609820125097E-022
  -14.5472768307723       5.753955998627723E-022
  -14.4778368905083       6.860399061977070E-028
  -14.4774649602468       6.978238187169986E-023
  -14.3988243010189       2.247615674835455E-029
  -14.3812308883680       1.653725820817514E-034
  -14.3169401977695       2.371916156728290E-027
  -14.1459627422900       2.823758249917430E-026
  -13.8514123422079       1.599550457308312E-020
  -13.7954953711503       1.249909959057290E-019
  -13.6945597593123       3.891698386580995E-022
  -13.6715005975824       6.943535405764422E-027
  -13.6395482747328       2.632607724303121E-023
  -13.4053623741279       1.383602524879508E-029
  -12.8985017112055       7.989090919931518E-027
  -14.6092990736048       1.161907250580457E-027
  -14.5739857478908       4.993176353564673E-027
  -14.4883645385149       2.757919819108426E-025
  -14.4379979474855       3.151035030372961E-024
  -14.3984426047695       8.967998295236376E-025
  -14.3820410593348       6.021466194242349E-025
  -14.3606002510760       1.301418079182507E-026
  -14.3052437146990       3.211719910347624E-026
  -14.1695033019099       8.309940506219844E-025
  -13.8241413958615       1.314205847109766E-023
  -13.7851089115557       2.685123385971143E-021
  -13.6667210165765       6.012066092268525E-025
  -13.6318473755333       6.286542748752454E-027
  -13.5847179690819       3.146964973647356E-023
  -13.4072240502650       3.280054881592001E-029
  -12.8709805278899       6.791792588268255E-026
  -14.5111209084943       5.194522133963425E-038
  -14.5056525721566       4.478154635885931E-015
  -14.4514464043383       6.691516687565318E-040
  -14.4005314026687       3.935135699882193E-041
  -14.3859578081190       2.382399468371732E-013
  -14.3296297046124       3.045796788592681E-040
  -14.3053490051675       1.534218764154700E-011
  -14.2803087768062       5.881877048921452E-012
  -14.1453221911975       5.691199334687597E-014
  -13.8063691754367       4.989563235151859E-036
  -13.7289673552670       7.599995668058669E-007
  -13.5959739167933       1.084684943197290E-008
  -13.5944509657056       1.592414461106382E-035
  -13.5563382276653       3.783286170334728E-013
  -13.3814199479354       2.673645346192773E-013
  -12.8435174995801       1.033489829631393E-016
  -14.3944197135139       1.946956744566055E-037
  -14.3802429623333       4.361662034759799E-014
  -14.3290843300798       2.018044822282943E-036
  -14.2721931598011       2.216162179716989E-009
  -14.2697662980193       1.040731422598886E-038
  -14.2104119523774       2.516286993031120E-042
  -14.1817936633756       2.033368527803662E-016
  -14.1679049491791       3.276377192874431E-015
  -14.0136277555209       1.298499445798094E-010
  -13.6783419715334       3.019800436281467E-035
  -13.6052757256582       2.981339177489890E-005
  -13.4708216215888       6.667034328259485E-012
  -13.4667344835461       7.526438598686560E-036
  -13.4399838431149       2.145069245400108E-009
  -13.2499991890927       1.495300416041418E-015
  -12.7122113902514       1.278849534428224E-012
  -14.3337453308393       7.672294803037420E-010
  -14.3225395151601       5.121640853934579E-036
  -14.2492729164558       2.245712379755671E-036
  -14.2017704191585       1.308441623259463E-008
  -14.1800184615618       4.666403914151249E-043
  -14.1470942663056       3.707385140179465E-041
  -14.1260490872366       3.633674812317004E-013
  -14.0317989164415       1.809107973047942E-013
  -13.8860672645872       4.016900133461628E-010
  -13.6128370476111       4.114558470731203E-034
  -13.5255247824450       5.614372367890682E-004
  -13.4154417639781       2.562941094093048E-012
  -13.4116428831135       1.682182831824875E-035
  -13.3578197750701       1.951445719249577E-006
  -13.1502597155383       5.823829183328904E-015
  -12.6442474120585       2.521529863637608E-009
  -13.8005456161137       3.037347867348950E-016
  -13.7981598529140       9.679233402082410E-039
  -13.7506403119478       4.260293284107385E-041
  -13.6739267354404       4.327729997959561E-043
  -13.6566752336282       3.257268219537103E-016
  -13.6170661727413       2.140201295460630E-040
  -13.6021261691612       7.858082953086141E-012
  -13.5539680236740       1.920481816203176E-011
  -13.4121060694276       1.290257109166832E-016
  -13.0912200783018       3.305297805802728E-041
  -13.0337148211930       1.893962140824665E-007
  -12.8791948134886       1.947187375003304E-038
  -12.8781392357748       2.211589758964291E-008
  -12.8351686166489       9.991819859142977E-011
  -12.6435511822222       9.860149606749347E-012
  -12.1038503596365       3.487803528995959E-013
  -12.9284720616824       1.948392212790905E-009
  -12.9216165935251       3.194945278536943E-039
  -12.8818373223706       7.583907258617671E-039
  -12.7910194524672       9.036429177899099E-008
  -12.7795797553769       9.556884123247536E-041
  -12.7555579634458       4.519521479405496E-040
  -12.7229377403265       4.257657704040843E-017
  -12.6841292475433       9.273897144428502E-017
  -12.4986339193190       1.685609011743429E-008
  -12.1800430061920       1.120121472197464E-038
  -12.1233777329162       1.882430429914566E-005
  -11.9819502872622       1.134756960656103E-014
  -11.9765308731936       1.433517468234967E-036
  -11.9398634276705       1.640209174454959E-007
  -11.7199978286612       2.888164385844533E-014
  -11.1702160821905       7.904925302035224E-008
  -7.55176666406270       2.007716208823011E-025
  -7.48569725076192       6.281549676641685E-021
  -7.47225932046274       6.959414912253830E-021
  -7.36195559223322       2.838548188533650E-023
  -7.34709737007584       5.507657238685395E-030
  -7.27390970064249       1.057595947109494E-032
  -7.26054052006481       7.930998049593650E-028
  -7.19381455660201       1.311771799555560E-027
  -6.98125904231472       4.898066100449860E-026
  -6.78359211393531       6.918110615323138E-024
  -6.71521861499187       1.864345440296941E-022
  -6.59916811462970       3.706741313203356E-023
  -6.54953176548983       1.388792806608244E-026
  -6.53629217005846       5.705393494983574E-023
  -6.27008941477896       9.865365032579825E-031
  -5.78890943073044       1.341841196856365E-026
  -7.53022619114076       2.146635336316952E-023
  -7.47532698368971       9.052132854267459E-030
  -7.40402530407766       3.137122172386685E-028
  -7.32822689162995       5.617391401930398E-025
  -7.29289603793112       2.811534540313384E-023
  -7.27534157179506       1.744184428115861E-022
  -7.23315641388822       1.111564887867566E-026
  -7.18466683785908       8.399991657291119E-027
  -7.02527283791397       7.110384980008420E-023
  -6.76479489906275       5.445363070598075E-026
  -6.69261406135205       2.329141110345677E-021
  -6.58003959256079       1.390527000689284E-024
  -6.53707070898735       1.093495413625893E-027
  -6.48597170402089       2.200644081687660E-022
  -6.28374124747641       2.056400649283564E-030
  -5.76872172528424       7.992568421259853E-024
  -7.55689405006967       4.051152242799851E-010
  -7.48733052058651       1.438984560394433E-035
  -7.41239471598630       5.745748016675459E-036
  -7.34338806922564       1.613733663061174E-038
  -7.29177484383816       4.937677994854074E-009
  -7.25846403478920       3.471242125614362E-038
  -7.21756208317992       1.145731445913777E-015
  -7.17621578861885       5.869489299727469E-015
  -6.97803396813680       2.041615357505040E-009
  -6.76383743079570       6.444881401680067E-037
  -6.68747964979815       8.734135918623387E-008
  -6.58578327562265       1.293599356955035E-036
  -6.52599473995131       8.823374648138486E-014
  -6.49093141258303       5.231811486872613E-009
  -6.25577653578525       1.511625046525151E-014
  -5.76130150642387       1.678543773820799E-010
  -7.34688380000997       8.586506811199031E-039
  -7.32790100592610       1.495850411346737E-013
  -7.28108335208291       2.455370638424219E-036
  -7.21775922089824       6.645485455828539E-009
  -7.18948103480852       1.425152906865721E-042
  -7.14565238600933       5.953746395711522E-042
  -7.11508170613136       6.758630146047659E-016
  -7.09952180599523       6.552841134726862E-017
  -6.90747799968266       9.547479536480029E-011
  -6.64060783916424       5.021373489228336E-039
  -6.57655227532295       4.986868906985463E-008
  -6.41932421177837       6.327909457494537E-015
  -6.41867203167499       2.646289795819295E-036
  -6.39653693695632       3.518548762037267E-008
  -6.16834673212440       4.184235015334484E-017
  -5.65599850691333       8.366333780195219E-014
  -7.28366679101732       1.473036401910525E-038
  -7.26386150887966       8.025092291415800E-015
  -7.21831675390940       1.500656860439751E-038
  -7.15539259572975       2.011809356162138E-013
  -7.12704643513444       2.378656240024275E-042
  -7.08173881388117       7.895269630663981E-041
  -7.05163781031793       3.193185074356851E-011
  -7.03947077427521       8.814223393952496E-011
  -6.84682083739829       9.279989665688922E-018
  -6.57586926665905       1.442682197660726E-038
  -6.51336613108594       1.033306140138913E-011
  -6.35507153247113       1.115065231608210E-012
  -6.35457450320861       3.446477027150666E-039
  -6.33390413736537       6.639362165564432E-014
  -6.10594077682861       1.816461099682285E-011
  -5.59187291964614       8.027033725412231E-016
  -6.41879974726174       2.269340010873778E-010
  -6.40999691586641       3.055712171890067E-035
  -6.35990418161762       7.570155993785465E-037
  -6.26982855194265       2.388182301034362E-043
  -6.25566733653911       1.094893390912686E-008
  -6.23950829057324       8.779544143582992E-041
  -6.19972587814638       6.489987260711890E-017
  -6.15289387356343       5.883176217592809E-017
  -5.97469620227382       3.093666302521034E-009
  -5.69524903973260       1.740183790943176E-034
  -5.62879734375781       5.206253783899191E-007
  -5.48791586771194       1.077420511652881E-015
  -5.48165166383949       3.043637607455792E-037
  -5.42279735486338       4.923574655127979E-007
  -5.22005898844467       3.067602979461862E-014
  -4.69354231631674       2.624977256181290E-008
  -4.27790597024867       2.088681312436338E-034
  -4.25924539822433       6.048100974717109E-012
  -4.21508518432263       6.590269654863402E-033
  -4.15358439079447       1.256969711093160E-010
  -4.08687550405254       5.102348624007034E-036
  -4.04813336255653       9.511995002176485E-032
  -4.04092776455050       2.437162735701908E-010
  -3.97921581096174       1.861175457931571E-012
  -3.75836560938713       1.792528072328844E-013
  -3.55868409917079       5.601177002789016E-030
  -3.49933648111731       1.628066294785323E-004
  -3.33617034664524       2.045518603038895E-028
  -3.32539244376502       1.928350898829993E-007
  -3.31141006653784       1.299739222235704E-006
  -3.04450980921099       4.695209587897766E-009
  -2.55792904417728       3.214071659599743E-011
  -4.24811254949339       1.023026829473913E-012
  -4.24531004830835       5.846284630260907E-036
  -4.18541729888053       2.962934831384475E-038
  -4.10513246153557       5.624844831944405E-039
  -4.07994790379702       3.820398866662840E-010
  -4.06608347895793       8.885858711565885E-039
  -4.02102957398932       1.607355154040881E-009
  -3.98692263756252       5.970129359805317E-010
  -3.82255179892563       2.634757959311687E-011
  -3.55237510205860       9.474585711193404E-034
  -3.48113367673579       2.455217963431627E-005
  -3.33161743533402       1.880593661006363E-007
  -3.32998593292302       9.691146346647090E-032
  -3.27475863941470       9.490926385555370E-008
  -3.07423925942838       9.383112485075223E-008
  -2.55074534764017       1.319079546993764E-010
  -4.35666839195495       2.743863337149950E-024
  -4.28130916828618       9.203425878480067E-024
  -4.20524117703781       7.739010606060868E-023
  -4.12608100142531       4.596107489691359E-030
  -4.06014894378056       3.412394555315446E-021
  -4.04564855737003       1.322335947603229E-026
  -3.99474371778885       1.155685494929756E-024
  -3.93803871304687       2.118346519716191E-026
  -3.73103128428231       7.699517673666675E-023
  -3.56107322631853       4.304681041030318E-019
  -3.47041916483069       1.475387651531792E-017
  -3.37383720358016       1.651387852072664E-017
  -3.29991715033607       3.181831210852925E-021
  -3.26399548616415       5.425406402374544E-020
  -3.01678004075095       4.114041070652324E-024
  -2.53082661944651       1.219999520253780E-021
   5.03123188137145       2.000827926296864E-010
   5.04204484797308       3.328257325511784E-036
   5.09958627250938       4.276754352239802E-038
   5.20048345268159       8.388356807480191E-045
   5.21406686965036       6.754283774629041E-009
   5.23639667853803       1.206757766739228E-041
   5.27664588138792       5.099252410336847E-017
   5.32889195679059       3.767001121473781E-018
   5.52572391178572       3.005996860935762E-009
   5.75157156888865       1.505078084790436E-034
   5.82399141143124       1.787991673727923E-006
   5.96983815641728       4.734280505667120E-036
   5.98349857138116       5.643752723202750E-015
   6.03095419141351       4.791061621725295E-007
   6.26095853490556       2.166858066509203E-014
   6.76812447924463       4.111087701185274E-008
   11.5263902491133       1.174152828791778E-026
   11.5955423477231       6.160077236942468E-025
   11.6600960977772       4.199107975976875E-022
   11.7629200469664       6.395485844727130E-032
   11.8123029928824       1.210134228863053E-029
   11.8302159126949       8.841921705125651E-024
   11.8888057156114       4.093210912800628E-028
   11.9534545231804       7.247956021751884E-030
   12.1622979197091       1.300843974690708E-025
   12.2973179181586       1.471762900498354E-019
   12.4091149147269       1.393769034058488E-020
   12.5107520016643       8.415745935477736E-020
   12.5830161083969       9.775421937057759E-025
   12.6273335343906       7.738531753443511E-022
   12.8764827273164       3.181572592514473E-027
   13.3627988246607       1.743776165070422E-025
   12.4269549575123       3.443166077791611E-039
   12.4552874340485       7.934193734490135E-014
   12.4897774066042       3.387366643388494E-036
   12.5632033519663       4.649285994706558E-010
   12.6291456847647       3.754480534164249E-045
   12.6759511372339       6.971263071191832E-017
   12.6768045836351       1.417261056485181E-039
   12.7340021404566       2.095799881219809E-017
   12.9774869162148       9.386393697889670E-014
   13.1454278683142       3.558084736377829E-035
   13.1937116333207       2.829536439916871E-005
   13.3793227989096       3.668355113999701E-033
   13.3928477800897       6.753102888101458E-012
   13.4012370523724       4.360303424991571E-007
   13.6820684351314       3.738726126446709E-015
   14.1581091107846       4.757102116142837E-013
   13.0775187484440       2.324886637578944E-015
   13.0782995805734       2.116481201639842E-039
   13.1517216524661       1.070778125162779E-041
   13.2186338141381       2.147124453940509E-044
   13.2580141890715       4.030184745092295E-040
   13.2710657224919       2.722744192740533E-012
   13.3003768253936       1.457776465928456E-016
   13.3513712467225       2.588067110287292E-012
   13.5173655524950       8.994302809662009E-014
   13.7678758942894       7.442287807440844E-037
   13.8444453614823       2.546087433346100E-010
   13.9893441746358       2.648045487832716E-009
   13.9992581813935       1.380590819571786E-038
   14.0592260005484       1.288804265960551E-011
   14.2650213035891       1.626197792136320E-011
   14.7870030483943       6.540201065736413E-013
   14.5336888123489       2.581148476060720E-025
   14.5827274115320       5.196630997064229E-022
   14.6217036485463       6.256081407133858E-022
   14.7565392821389       3.641204787209414E-025
   14.7757639273106       7.802768157953220E-032
   14.8270145422594       5.382576255526905E-030
   14.8689347908354       1.046685497262175E-028
   14.9282850373689       9.743549552506366E-029
   15.1788112780406       1.530163453564127E-025
   15.2837197070439       1.994502533074617E-022
   15.3667426897211       1.446318391898609E-023
   15.5010997682997       9.868305075942054E-023
   15.5725880242907       1.769397048471122E-023
   15.5733669220500       1.822526456227267E-025
   15.8714573420548       1.434481133431230E-029
   16.3361234110567       4.350599775240730E-029
   14.5512571605609       3.718452745313319E-026
   14.6075760210234       6.547598807526970E-025
   14.6765093013954       1.472481320764645E-024
   14.7851644896007       1.906742481459184E-025
   14.8067617512528       2.408649501156612E-025
   14.8360215181229       2.244464930416501E-024
   14.8878180741406       1.157965031101934E-027
   14.9433427221835       2.873984218789707E-027
   15.1383350761572       3.522955716376037E-025
   15.3001842519657       3.666924675515253E-025
   15.3980734697920       4.129390360413008E-025
   15.5175444313541       7.607782020527869E-025
   15.5750467054421       4.840901546582468E-028
   15.6169052752035       8.344754519498880E-025
   15.8601667898588       6.688584216840870E-029
   16.3550491159545       9.846262271430759E-027
   14.5346155443164       5.400197090970091E-012
   14.6038278242854       6.821935516098563E-036
   14.6634018165918       2.446570642409052E-036
   14.7862778959927       1.909130330398651E-040
   14.8224438656853       1.592200245323642E-010
   14.8372540143449       1.917071550511389E-040
   14.9047189666941       9.310178341990495E-016
   14.9602219163397       4.183652657593112E-016
   15.1881632703146       3.567581890311788E-011
   15.3039722003193       1.647160170269811E-037
   15.4034804109430       2.096784703980269E-008
   15.5163823457559       2.880322007476370E-037
   15.5966566822392       3.036124665848312E-013
   15.6168327671715       2.292742013047943E-009
   15.8908355253496       4.259554559459681E-016
   16.3662558835624       1.244456847330761E-013
   14.7076793114153       2.159274281311423E-039
   14.7219930893734       3.847730446820778E-012
   14.7754995459060       7.972928144197860E-040
   14.8693458327678       3.954042655358447E-010
   14.8952363059360       3.582109007931993E-042
   14.9366408730786       7.561845715634342E-042
   14.9671436600611       6.907026271769509E-017
   15.0022499262671       1.534499419744560E-021
   15.2262389005416       3.189850696939502E-010
   15.4093655565338       1.413947116722678E-038
   15.4739126185847       1.197905872734830E-011
   15.6471368316903       4.137903618744277E-038
   15.6632219865342       3.475399847812900E-016
   15.6809564878549       2.502403535084048E-008
   15.9460895124296       3.049325446408413E-016
   16.4385242538837       2.883924219833084E-012
   14.7858258915775       2.207437605163149E-038
   14.8018610962655       6.181531906367809E-014
   14.8536748456684       4.898698525834294E-038
   14.9458885509133       3.469798723548704E-014
   14.9749584794665       1.050331255236064E-045
   15.0162779119961       1.656488979750227E-044
   15.0448263646684       1.578132228926375E-012
   15.0799288528608       7.643560722344558E-012
   15.3054704317966       5.686940745570536E-015
   15.4899736251465       1.083776732313201E-038
   15.5525440966533       4.054252868364811E-011
   15.7271002846732       4.907812294093024E-041
   15.7434221686023       1.276460191091805E-011
   15.7587959740438       1.980563664823354E-012
   16.0256850028821       1.093932892558592E-011
   16.5185230366040       2.332050841744451E-014
   26.2413313614232       9.262843579517236E-011
   26.2510115697156       2.253114206571329E-037
   26.3178706763823       1.838631011120679E-040
   26.4308120042156       2.427275381471946E-044
   26.4414244690033       2.025134243820161E-009
   26.4727210957869       2.299871176834349E-042
   26.5125670462425       1.077502371535497E-017
   26.5700219349015       3.474620970602493E-020
   26.7875737061198       1.953213276250290E-009
   26.9617832043743       5.875936520476199E-036
   27.0400328358564       8.467741769308705E-007
   27.1849989020735       1.085719241827017E-036
   27.2209691711887       6.568219714223747E-014
   27.2464458700153       4.267360493210739E-007
   27.5059630482264       1.433455256114390E-014
   27.9965433013378       3.735224294411654E-008
   49.8151778281233       1.667338379057778E-026
   49.8771248659982       7.666130345959369E-023
   49.9472921979768       1.996409955351151E-022
   50.0704450884494       9.386367115144078E-031
   50.1173024520252       4.287428062091314E-029
   50.1239033133384       2.027535348755057E-024
   50.1967031913452       5.665179356592439E-030
   50.2635524824236       4.277075053484253E-033
   50.4951468185333       2.631373533311997E-027
   50.5821641289690       1.992421644739298E-022
   50.7002121964892       5.493812643027460E-022
   50.8001597400357       5.735925697959667E-021
   50.8973766365190       2.953328423825620E-026
   50.9117483892204       3.119779919628148E-022
   51.1922217666226       6.517540823412819E-028
   51.6615914541777       1.455938488765898E-026
   51.2609964424900       1.102548986003162E-039
   51.2815879203766       2.466349439494709E-012
   51.3323646814083       1.884824196685888E-037
   51.4278428627475       2.272106816699211E-009
   51.4820022478789       2.682721325160022E-046
   51.5338467168025       9.314529793541653E-045
   51.5432316244771       1.158195131301827E-016
   51.6043536265577       9.590897460709475E-017
   51.8663582946978       2.986786382300392E-011
   51.9841083227232       2.988014640221716E-037
   52.0443424161814       1.364556271159899E-007
   52.2183082304849       1.481329205055980E-035
   52.2509100119469       3.771506832985815E-009
   52.2646230293310       1.857846868378516E-013
   52.5578392549861       9.470386429414956E-017
   53.0208258537640       3.262714395228382E-010
   52.3599075294190       9.060917547017987E-017
   52.3639515958736       2.011479759488535E-043
   52.4446757638693       5.196104398143045E-042
   52.5319304783559       9.986099007214695E-043
   52.5760958525290       2.520546498842099E-014
   52.5766620376933       3.494038600495697E-038
   52.6208938123170       8.740268169809662E-014
   52.6792058549504       1.261256306588156E-012
   52.8761000560788       3.430623784959696E-014
   53.0621791683384       5.012622340380145E-038
   53.1471948012824       2.002632459441550E-012
   53.2950224303835       6.902530553695826E-039
   53.3175131836513       2.271240786251465E-011
   53.3590857471994       3.175138735584436E-013
   53.6025942836284       1.096038644063140E-011
   54.1032013430537       7.330490521829397E-013
   66.6466602394917       2.762362510433461E-011
   66.6555640537254       4.244631110599321E-039
   66.7310504763347       2.828485054559199E-040
   66.8505961972488       1.282683017941095E-046
   66.8630278565415       2.717005455750620E-010
   66.8983772423620       2.765455996723279E-043
   66.9388986839922       9.483784472963851E-019
   67.0017508609691       1.729822393406224E-020
   67.2332553066250       8.772502824779896E-010
   67.3658783718414       7.299044865256124E-037
   67.4507980058564       3.520947104344084E-007
   67.5947600241400       5.432496174544233E-037
   67.6469916044813       1.938039697381871E-013
   67.6594896138711       2.828652493509091E-007
   67.9382950485290       7.053784396578048E-015
   68.4158870266949       2.101312726096030E-008
   92.2690166968558       4.020927162239593E-032
   92.2913354368079       8.957713141053678E-025
   92.3639863285873       3.172308902184051E-024
   92.5074576610705       5.125244184406629E-026
   92.5130796757233       2.361474220700969E-034
   92.5631970897230       2.819108754564776E-031
   92.6092359033086       1.561087813015182E-031
   92.6758582784619       5.047708766187692E-031
   92.9373733579207       5.161596929274048E-027
   92.9998857524190       1.296875595339633E-025
   93.0920029094435       2.715089221961115E-024
   93.2331455127637       2.004632292135453E-025
   93.3061524577919       1.731520687875879E-026
   93.3162371764262       2.644569932845537E-030
   93.6195639973522       1.261588816457891E-031
   94.0745002606647       3.150962094594207E-029
   92.2827265586845       5.889065999555736E-027
   92.3179593202891       7.320114619139992E-027
   92.3986618172770       2.369119742771051E-026
   92.5138847010816       1.028424197263175E-027
   92.5567232960203       2.592229336091940E-025
   92.5615396690561       9.622101792917085E-025
   92.6235632057982       1.173027992370995E-029
   92.6898329161809       1.033684181841572E-029
   92.9144930160370       2.449931805313484E-026
   93.0136547779165       1.134368233964668E-028
   93.1198203144343       1.078530617221448E-024
   93.2464662476376       2.956494316100957E-027
   93.3168124498282       2.565105186663005E-030
   93.3378427836850       1.433698097959356E-025
   93.6153478209901       2.667778198636358E-030
   94.0900710911316       7.955575770507055E-028
   92.2723869903122       1.850017418452976E-012
   92.3129935297953       1.203729895258785E-037
   92.3881985982648       1.853864174597193E-038
   92.5234904644661       5.300559292384198E-042
   92.5513070692348       4.938804800531542E-011
   92.5706477313627       8.779776004416993E-042
   92.6349751601343       1.398557240668733E-017
   92.7025220501223       2.960805244485298E-019
   92.9489027278635       1.649794857085559E-011
   93.0148037547033       1.709736738160691E-039
   93.1212539930314       1.349890240653409E-011
   93.2452406874999       1.360281888634023E-039
   93.3342406830221       4.138417706572471E-014
   93.3374402638361       1.950363918946947E-011
   93.6364912403276       1.382165179274892E-017
   94.0972737932315       7.505581417040204E-014
   92.3882301430779       4.714972014858431E-040
   92.3985024684266       1.069879070167150E-016
   92.4703096793750       8.350671653323524E-040
   92.5891411662225       1.145203826439002E-010
   92.5948915982620       2.635434364933173E-043
   92.6456973615879       1.471179821547623E-043
   92.6734468508280       2.787536478867531E-019
   92.7336765758157       4.399504744326919E-020
   92.9742880514959       1.882145320419114E-011
   93.0943786125626       1.482483812651503E-039
   93.1692491813992       1.697736285292858E-010
   93.3359766269246       1.129681095034443E-041
   93.3771795375068       4.690987665318089E-016
   93.3842494291256       1.991741636165381E-011
   93.6746880424524       3.861562874486578E-019
   94.1485559933284       2.123146868830872E-014
   92.4430521867926       1.431647490089902E-040
   92.4549328792844       5.042431912128325E-018
   92.5247480166080       4.369997446255586E-040
   92.6414904882676       8.782730511571483E-019
   92.6522152420208       4.190760273852343E-045
   92.7033440371658       1.138929976087695E-044
   92.7291223969737       2.892752363472303E-014
   92.7893118424429       6.951871746535114E-014
   93.0330292137337       4.967244606376412E-016
   93.1506529341144       9.218225148502518E-040
   93.2239545899371       6.755011708366550E-014
   93.3922876477126       2.083784170248310E-042
   93.4342768523034       5.742394032509841E-013
   93.4385935904305       3.639180647215693E-015
   93.7320429521383       2.188710629214197E-015
   94.2044478875965       6.818024684050989E-017
   139.316319287485       4.492472702109651E-027
   139.360323167246       3.941258156935573E-023
   139.440782643569       1.071910855869777E-023
   139.568527592678       8.602108848973502E-032
   139.613294289826       1.676001287455279E-025
   139.619323936741       8.509174221524897E-030
   139.690741265519       1.032425902036909E-031
   139.760650963086       1.832490609071210E-032
   140.004170891037       8.965056951973540E-029
   140.060291233598       3.220865375924332E-021
   140.178095862514       1.695720679535056E-022
   140.287994636486       7.397519366308402E-025
   140.387925254316       5.195674715824324E-023
   140.388209741734       4.439900515198122E-026
   140.686271442148       5.779516332079477E-029
   141.141391303585       2.717454496632877E-026
   140.571347919924       2.225935426414635E-039
   140.587131698442       7.222493035626126E-013
   140.652231377501       2.197958845562837E-039
   140.764390756119       9.070663381588031E-010
   140.798516046748       4.473653167231419E-051
   140.854206865504       2.521243677535374E-046
   140.870431819974       2.780999372965194E-017
   140.937109014074       4.186218121464660E-018
   141.201792278134       1.783936593572921E-011
   141.285084884210       3.379722898486926E-037
   141.354427712922       9.417529389377007E-007
   141.521689159168       1.917956135526621E-037
   141.565234931220       2.407904902745583E-008
   141.582164069086       8.854217281304252E-015
   141.879263838179       2.035495914157752E-016
   142.328939918499       3.398094224694000E-010
   141.569818645594       3.497076805804178E-017
   141.572828846328       3.693937084636225E-040
   141.659537361869       1.098125882474382E-042
   141.759483700308       2.807175908989536E-043
   141.796601909217       1.948726373318006E-015
   141.811336717755       5.704684331345964E-042
   141.851566128071       1.481918352526385E-013
   141.917114451148       8.448867478422301E-014
   142.135705822568       5.115375551888668E-015
   142.269739845611       4.689281041879438E-038
   142.358367321756       4.869081563223851E-011
   142.504964565744       5.998643751060437E-039
   142.546622357947       1.287338309672887E-010
   142.568850713993       6.815511735089790E-013
   142.840132362767       8.380362557847712E-012
   143.318736091327       1.810415151210817E-013
   143.624605854158       6.980208299821595E-012
   143.629715590365       8.990219606195360E-039
   143.712506304230       6.500020343803045E-041
   143.838295929090       8.246339874060489E-046
   143.848510328170       4.170326448822687E-014
   143.890964734870       1.077782086340707E-044
   143.928563725410       2.829073511267946E-019
   143.995632679762       2.966050462291625E-020
   144.239855021971       2.840067702912771E-010
   144.340816670889       9.399197315174104E-038
   144.427841716406       6.001923549990592E-008
   144.573955003296       2.594103083008434E-037
   144.636851303105       1.159599191012976E-007
   144.637649965234       2.029968404574177E-011
   144.934141466000       2.034931697575467E-015
   145.401553866277       7.472332223663330E-009
   293.529180618949       1.041126218541654E-012
   293.533764835091       2.473558367200983E-039
   293.621601096561       8.635714915456392E-042
   293.747339221992       2.241906226195128E-047
   293.762018763136       2.562191482609592E-014
   293.803360959833       1.055003858265302E-045
   293.841173866376       8.326615890905666E-022
   293.911563842686       8.305522487976624E-021
   294.159297230821       6.165335928393702E-011
   294.232173598950       1.544700217231726E-038
   294.322774685314       2.522235743032796E-008
   294.468627744865       5.278547614950159E-038
   294.533777511062       2.687640865299004E-008
   294.537658789633       1.279570971667246E-013
   294.837551860187       4.620786067348497E-016
   295.289513329086       1.532498089052804E-009
   362.979030712836       1.061615260498522E-027
   362.998738300845       2.492473014467750E-023
   363.088027073733       2.113237328388361E-025
   363.219050256334       1.102727129167128E-032
   363.245343298593       2.410277310075421E-026
   363.275144018805       2.375865411979286E-032
   363.326194533831       5.467647552587030E-030
   363.397641908498       1.114969843206659E-031
   363.651803212232       5.333129561219583E-028
   363.683066422026       2.356518628378990E-021
   363.786955037538       5.416157831439275E-023
   363.913978660423       3.457212872207897E-023
   363.989600897719       1.154710119575014E-023
   364.008828048486       1.813082490526791E-028
   364.307672658214       7.067050890891587E-030
   364.738016485588       5.644724980755032E-028
   363.959957650888       2.196207491031105E-039
   363.973654380279       2.822634387442521E-013
   364.049529916405       3.036270627138248E-041
   364.173113542876       2.659667971359156E-010
   364.193121761973       3.374678682361858E-047
   364.251417231474       7.008990159338951E-048
   364.269892084474       3.451413345563298E-017
   364.340036752387       3.842273800328297E-019
   364.608062306721       4.066012346970269E-012
   364.655385512424       8.064049854359382E-038
   364.729401280767       6.426673157023068E-007
   364.889694346804       1.957607188583783E-038
   364.932568185008       1.148460013534396E-008
   364.963720937793       2.062414208336090E-015
   365.262293150244       4.510476739693893E-017
   365.690532673881       5.490575780165366E-011
   364.698969756828       3.575677994694040E-040
   364.700862657102       1.750890031778847E-017
   364.791061247783       4.693601735396842E-044
   364.907903855480       6.889795205402932E-044
   364.928926210540       1.924812523998916E-015
   364.964731982773       4.703534587162890E-044
   364.997242017430       1.494610195316174E-013
   365.067289074640       5.244522113142259E-016
   365.308961177219       2.213579439668343E-015
   365.383023990537       4.300117482467898E-038
   365.469257866791       3.056473911593155E-011
   365.616658420909       9.289702328679498E-040
   365.672364531424       2.951472870384579E-013
   365.679755763139       9.081237566858251E-011
   365.976834603869       1.949012005791793E-012
   366.419754120315       3.261591465169202E-014
   365.918355565842       4.025349707889244E-029
   365.922885260467       5.119548029714811E-028
   366.011842479339       2.604508951020170E-027
   366.152092251977       3.549447436081279E-035
   366.153575364943       4.638433705669362E-027
   366.208950352485       6.559564388140767E-035
   366.244672335663       2.494432927659449E-032
   366.315932496358       9.723836433494756E-032
   366.579454038762       4.736015035665433E-031
   366.612550553867       2.147432852184634E-025
   366.702030314386       1.222513492533922E-026
   366.847471969364       1.004582000236864E-026
   366.908386317646       3.892384956761290E-028
   366.932653922371       7.564142704995623E-031
   367.234448923770       1.497498366194967E-031
   367.663889337106       1.397467608546235E-030
   365.928606622869       1.195855853118896E-028
   365.940574986109       1.146463591867268E-029
   366.031450366422       1.372138415070344E-029
   366.154886949695       5.744620775401488E-031
   366.182402733430       5.978214078672468E-028
   366.210370492353       1.337650167002047E-028
   366.255294428137       2.782417971212756E-032
   366.326412299964       3.906999956790258E-033
   366.573020465505       8.802494115921202E-028
   366.623061865525       3.639784454083472E-028
   366.720222448572       1.017981007331121E-028
   366.857626133461       7.033397163012358E-030
   366.926869531071       3.858135284006292E-028
   366.936076320839       2.037630080566214E-030
   367.236648952017       1.584282878660914E-031
   367.675369254143       5.860026567006783E-029
   365.925181863953       3.239374774116063E-013
   365.938534889061       1.708449924311265E-042
   366.027876867834       8.693304461883669E-042
   366.161517277439       9.247745245275501E-046
   366.178871981003       4.052478270919058E-012
   366.217451948569       1.246919656588620E-044
   366.262102837969       5.795112525823905E-019
   366.333655076180       8.800280122449305E-021
   366.590152533571       1.716498265768887E-012
   366.624189066755       2.995531436496691E-040
   366.721514356054       5.215026107264233E-010
   366.858206572108       9.240739535759478E-043
   366.927965570254       1.742072993658360E-013
   366.946022837244       2.388355671824353E-018
   367.247580116741       1.350565032265120E-018
   367.679703442394       2.620088854885897E-015
   365.988247076437       9.548630485722234E-042
   365.996830065707       2.674795652817966E-017
   366.079495259818       1.688248569005124E-042
   366.208715885637       4.538724205987374E-047
   366.209873760456       1.336979534196024E-011
   366.266105661960       5.584349922078916E-047
   366.291589390484       3.388798224992335E-019
   366.361399288440       9.276965386592343E-022
   366.615171872630       4.385332241005237E-012
   366.676603187206       2.767780170808725E-040
   366.756432997568       1.419408374656233E-010
   366.913769647721       8.928750355500891E-047
   366.963045947689       1.871435634994599E-012
   366.978270064334       1.618464581832714E-018
   367.278578586417       9.747076019083092E-020
   367.716833458977       1.262387542189785E-018
   366.042619551645       2.868868119969784E-043
   366.051483138817       3.181568091161989E-017
   366.133411582237       3.197384860364668E-043
   366.262993726427       6.651030404656858E-016
   366.263710966118       1.059007629395338E-043
   366.321206643177       3.755297964899198E-046
   366.346297812044       6.454990352620301E-017
   366.415859146854       6.664883583864559E-016
   366.670654859298       1.138891602203078E-016
   366.730777987735       6.638020458912100E-040
   366.810367353059       5.511654136326598E-013
   366.968147998932       8.726525782123747E-042
   367.016917617785       1.395583530431343E-014
   367.032767505965       1.171232508797637E-012
   367.333270573970       2.872231120520199E-015
   367.770675791378       9.836615965863691E-019
   591.595756890973       2.527402422814724E-038
   591.596560032655       1.644652601291840E-013
   591.688099180219       3.928893911039790E-043
   591.818032899185       1.293438282703900E-049
   591.827579577772       2.510982137144998E-013
   591.876136516828       5.540812664905150E-047
   591.908235310600       2.274353450115976E-020
   591.980211383142       5.212083541882075E-021
   592.235493060635       1.283120338802858E-011
   592.278525840550       1.445596275297906E-038
   592.365650171976       3.351788762283059E-009
   592.515012639979       1.001248404864034E-038
   592.572178977541       4.464636593347522E-009
   592.589376939455       9.491509642667290E-016
   592.891210255088       6.662652078983758E-017
   593.321971463715       2.302450134503049E-010
   1649.08787902291       4.119980001436365E-041
   1649.09698416649       1.430553659503039E-014
   1649.18491119386       3.147715587186680E-047
   1649.32035632758       2.996159484617000E-047
   1649.32056707157       5.409874517488406E-014
   1649.37956669165       6.096238933250697E-050
   1649.40217717344       3.482485669538198E-021
   1649.47514584631       1.153762697918994E-021
   1649.73849904362       1.942295736454053E-012
   1649.74549843496       5.885202195181910E-040
   1649.82444249909       3.422788500230540E-010
   1649.98070670123       7.637362289506530E-040
   1650.02374768037       3.159443762900733E-010
   1650.05858756382       1.509997956685883E-017
   1650.36230428267       4.530310989473484E-018
   1650.76347111820       1.544376610548794E-011
