                  1152
  -19.3012669910431       6.477071397883879E-033
  -19.2898376193723       4.415742060840690E-005
  -19.2503079323087       3.526896664489953E-035
  -19.2213169777766       1.002550105283803E-037
  -19.1860187691306       1.934658328091288E-038
  -19.1737658591376       2.739550518627572E-008
  -19.1538874876658       3.284334331260574E-013
  -19.1107782111176       1.420317734430946E-014
  -18.9941354849908       6.845372102581958E-011
  -18.5773981376426       4.531100085237414E-036
  -18.5136607793477       6.773544639535165E-009
  -18.4358185638116       9.155562206375038E-018
  -18.3502689262084       2.380210639514682E-037
  -18.2944482429484       2.823300697032368E-009
  -18.1783005310034       4.764852667668223E-017
  -17.5838172839077       2.483048928295630E-013
  -19.2288773855069       1.756598280272287E-036
  -19.2022850593006       7.955703219024083E-010
  -19.1677461169520       3.265507801998724E-037
  -19.1283777302448       5.434193466148205E-036
  -19.0907141789289       1.609164290435230E-011
  -19.0601268879859       1.094112337562556E-011
  -19.0513100440322       3.505747760405707E-037
  -18.9922164037767       7.078337713451413E-013
  -18.8848500056012       2.338939634148117E-015
  -18.5078464887287       2.629010984591265E-039
  -18.4556364899484       1.839430811923464E-014
  -18.3216592791482       7.452998625521236E-015
  -18.2664732110374       1.390402757133133E-038
  -18.2158463040489       6.312317242405185E-014
  -18.0781543743856       4.063447948358698E-014
  -17.4995462882826       6.673527941884385E-018
  -18.9625910781227       5.829626715590755E-035
  -18.9452328959768       6.888128502550464E-007
  -18.9004849332194       3.976656505988480E-035
  -18.8733433414448       7.972951506095152E-035
  -18.8405071531652       4.445585786719284E-010
  -18.7848575443224       1.374444729520908E-008
  -18.7581839860667       1.695997670356921E-035
  -18.7040071884970       1.720422957564684E-011
  -18.6602343283940       5.534388318099496E-014
  -18.2522348989726       1.733994366899130E-038
  -18.1569540897842       1.260345695004366E-012
  -18.0536359153320       2.113429865208629E-010
  -18.0271377662338       1.044502831121712E-036
  -17.9756466282382       5.675797815206560E-011
  -17.8534396126150       2.460409485953708E-012
  -17.2843768855852       2.347486240034987E-013
  -18.8808535779103       1.552198853550911E-004
  -18.8692528459026       4.915434618733172E-033
  -18.8451629858157       4.754185534581068E-035
  -18.8237069212790       1.742213048288591E-035
  -18.7796244044590       3.955394893820873E-008
  -18.7455734766969       1.283440804359527E-009
  -18.7341702579929       7.936957696151170E-043
  -18.6746080223873       9.199805224937310E-013
  -18.6231597208236       4.405752838010373E-011
  -18.1547925936141       7.640085589413653E-036
  -18.0942913822055       3.332215695148144E-008
  -17.9929867608561       2.715537157380834E-012
  -17.9604128660837       1.119714023035549E-036
  -17.9039473828469       1.230544934163554E-008
  -17.8148692207347       6.799707759127714E-014
  -17.2224980098368       1.002782114003140E-011
  -18.8056045394831       1.359256512593148E-033
  -18.7941998928973       3.407356057894394E-005
  -18.6852443605660       2.672521723889319E-034
  -18.6748540811838       6.807467138108716E-009
  -18.6618607412974       5.706637876183117E-041
  -18.6344428946388       3.538058815888349E-014
  -18.6311563076031       1.141846526980074E-036
  -18.4913314521229       1.003049823877605E-014
  -18.3876225250380       2.275552752949683E-009
  -18.0400949832369       1.169852631000157E-037
  -17.9523005258586       2.563362285107556E-010
  -17.8594520751118       1.790237808950502E-014
  -17.8308280665915       2.801705807821416E-036
  -17.7869204887153       6.960780665752851E-008
  -17.5851206729291       6.368818660530532E-018
  -17.0108422633455       1.893191206444150E-010
  -18.8250826984416       5.426466048716510E-019
  -18.7891012835269       2.643618119825244E-020
  -18.7180126003169       1.001111405389600E-024
  -18.6652479485833       2.557324208052670E-023
  -18.6249137835685       7.550332000154409E-028
  -18.5988754573537       1.199940864724987E-019
  -18.5753491405986       1.355961509337575E-025
  -18.4773283690204       5.141309418608140E-024
  -18.4132418346280       1.087651431583016E-025
  -18.0255452634919       5.130968840759565E-023
  -18.0042409773179       1.964216812558731E-022
  -17.9020780738955       2.862196836338902E-030
  -17.8185009398811       4.770924931808163E-022
  -17.8055900917655       6.689289296633703E-021
  -17.6376964348489       3.604114394041755E-031
  -17.0908484038873       5.370668038032672E-027
  -18.6095791540667       6.303564053795937E-007
  -18.5955433918779       2.803974452726427E-034
  -18.5399104855862       1.342294981085511E-039
  -18.5119079720559       2.657985961479668E-039
  -18.4895262443584       7.102644055743121E-039
  -18.4839993672225       2.084775526506551E-008
  -18.4236694676316       4.283984402326825E-013
  -18.3954557199459       1.469120330063395E-012
  -18.2982070851497       4.127710462860662E-009
  -17.8948389453492       7.647910094721458E-037
  -17.8044901667657       2.128684312998217E-008
  -17.7394217949221       1.576997318391279E-013
  -17.6868891762544       7.558956747155501E-038
  -17.6163071011682       4.674350960497102E-009
  -17.5122638170676       2.027142263422043E-014
  -16.9422794197928       2.244715353256854E-012
  -18.6333532498841       4.663011339721006E-038
  -18.6198427938887       1.260055765476455E-010
  -18.5770356168426       2.493193373493969E-036
  -18.5224381498454       2.141657301178188E-037
  -18.4899094907089       3.867017579737655E-010
  -18.4561698902567       1.915480962183084E-010
  -18.4018060728443       1.128784575729918E-035
  -18.3413588398037       7.368840214402468E-010
  -18.2504022368231       1.064530864262988E-012
  -17.9018270907406       2.277315711056478E-039
  -17.8513971993693       3.520053959962415E-012
  -17.6848744588190       4.732885671092916E-036
  -17.6697020594300       1.298744567613079E-010
  -17.6376650658085       7.856133845152775E-011
  -17.4585744403416       2.037123826518063E-016
  -16.9078618105804       8.583721176784648E-016
  -18.3284812990796       3.351954644468956E-020
  -18.3269613953080       2.523452320123603E-020
  -18.2740278161471       7.425381637995756E-022
  -18.2470295812419       1.235453972460323E-020
  -18.2224088104301       2.686764245099888E-023
  -18.2112317777050       5.674046433374471E-023
  -18.1842950532720       2.873398556646028E-022
  -18.1214145761941       2.007727994468735E-027
  -18.0656394288336       8.215686233067847E-028
  -17.6067595819614       1.285980471509368E-026
  -17.5900500414759       1.199518838247351E-026
  -17.4746999391275       1.385095781677286E-029
  -17.4167726764540       2.213716892418423E-026
  -17.3573649270593       3.853429246751640E-026
  -17.2647734259332       3.780100493094428E-030
  -16.6846397128802       7.917949827707120E-029
  -18.2896244117503       5.648558480816425E-005
  -18.2784612994694       3.648257063876044E-032
  -18.2247509078904       5.976233980677509E-034
  -18.1918179460644       2.060518922440478E-041
  -18.1842310586493       2.036397488625285E-040
  -18.1768096502983       7.680070240481737E-008
  -18.1335715613271       9.586740937366248E-014
  -18.0892568602517       1.501795417856425E-015
  -17.9950271669521       1.897656321684448E-012
  -17.5764119485487       1.860257200648059E-039
  -17.5021641043091       1.027615405842370E-010
  -17.4393741393119       1.005817742443293E-018
  -17.3711318565617       3.120316860324094E-039
  -17.3162622131046       9.628511144979512E-011
  -17.1970566736676       4.082332890245135E-018
  -16.6199894475895       9.163135575811368E-013
  -18.1889158653073       9.789890937732529E-019
  -18.1515945961459       5.759161044531813E-020
  -18.1293942333927       5.935667380139767E-023
  -18.0991757597483       1.293713586741315E-024
  -18.0721740172128       8.549291369607520E-022
  -18.0574527957280       6.503202133472521E-026
  -18.0318166822278       5.361904982607174E-027
  -17.9931462192241       2.576596154969494E-026
  -17.8945608233060       6.957350922869134E-027
  -17.4565545043685       2.533192610179099E-024
  -17.4058209504307       7.151542114615891E-026
  -17.3448448006441       3.221319710398278E-031
  -17.2703456168206       2.205475950747171E-024
  -17.2128539865523       1.792058481011462E-026
  -17.0990370668473       4.925165339935394E-031
  -16.5233874105327       2.501311652602248E-028
  -17.7798134359602       1.700551559454918E-037
  -17.7394644980600       2.619487530475879E-012
  -17.7208792869160       5.323721495900718E-036
  -17.7181714755355       7.671061909682333E-036
  -17.6721100009103       1.944355057012889E-010
  -17.6555208702468       1.611614678399369E-036
  -17.6521195712349       3.081169677346827E-013
  -17.6133820954978       6.095606539060465E-016
  -17.5245228238620       1.505205454749842E-012
  -17.0846640086886       3.271676101125773E-041
  -17.0382632031074       1.678633313861560E-014
  -16.9614174419782       1.747503772400777E-016
  -16.8323369741069       2.909613165954036E-040
  -16.7931515232534       2.600096537669478E-014
  -16.7088240577867       1.028453883330399E-014
  -16.1073028991093       2.386618722931810E-016
  -17.6581822627420       2.948967771713265E-004
  -17.6469530731278       1.290883905142627E-031
  -17.5749551707887       2.161873639764422E-034
  -17.5528344093726       2.115717767933534E-036
  -17.5277225609629       1.787776176202428E-008
  -17.4921183913172       4.697177360888442E-035
  -17.4889430773318       9.860747668712174E-011
  -17.4548041013925       7.714315157389408E-012
  -17.3377457186357       7.786099062210102E-010
  -16.9049110481488       1.259863079939823E-037
  -16.8877578912660       3.118381567900329E-013
  -16.7820806740001       3.054877752094761E-015
  -16.7327177663849       8.445207609316302E-039
  -16.6731595639667       3.125103738300944E-011
  -16.5483015906799       4.277538775758519E-015
  -15.9796162041524       1.690242515750487E-012
  -17.5363196500172       2.710603682708271E-034
  -17.5214336245898       8.666665933040427E-007
  -17.4723323231751       1.647285305784038E-036
  -17.4648147180106       1.488957889647634E-037
  -17.4230077539946       2.276405181051588E-012
  -17.3899847145157       1.496305758017751E-036
  -17.3649302185646       8.180255977634500E-009
  -17.3431477771294       3.577931232322033E-012
  -17.2478191480655       1.215902334377014E-013
  -16.8341563847989       1.435736927719343E-039
  -16.7573800897893       8.143091803042339E-015
  -16.6686526205489       6.521762288575351E-012
  -16.6080959580726       7.244855640704723E-039
  -16.5612738227164       4.161784613240019E-012
  -16.4481660166720       1.605883860895492E-012
  -15.8697245987374       2.482129957061809E-014
  -17.4020755036033       8.969471183689655E-019
  -17.3638871666214       4.577455638930027E-020
  -17.3428412608711       3.193014737456371E-020
  -17.2965562555300       3.945540581858208E-027
  -17.2716255437659       1.234407702062690E-021
  -17.2314471906661       1.303839109649745E-024
  -17.2285584646795       2.831225993578185E-026
  -17.1738830772564       8.446308879941794E-025
  -17.0421426008316       5.184928147268753E-026
  -16.6565061867296       4.210774686411343E-025
  -16.6118237279359       5.119713085463490E-027
  -16.5260870773550       5.964640821907624E-030
  -16.4679980356278       9.624455608607306E-026
  -16.4129432558925       5.946588499076061E-029
  -16.2584987879923       3.842245088649033E-030
  -15.6997182215746       1.591892409548210E-029
  -17.3936988313958       5.624612156150614E-022
  -17.3805334005935       3.050930882353969E-021
  -17.3185598770731       8.984901114312339E-021
  -17.2662743678273       1.357633126712898E-020
  -17.2509227503281       3.269944381942970E-023
  -17.2249010605687       9.217374929849876E-022
  -17.2102968774096       1.369229412650823E-022
  -17.1737630520690       2.086225309844605E-024
  -17.0385374166551       9.037501846022305E-025
  -16.6397354447190       3.391477945058482E-026
  -16.6150648538323       1.746738759348773E-026
  -16.4907841947633       1.432958820928184E-028
  -16.4562042082624       8.742446187064529E-026
  -16.4028796112532       1.818360286766414E-026
  -16.2455265772113       6.191988479055160E-029
  -15.6778067319234       5.290381162406888E-030
  -17.1121092480610       1.123883153422587E-034
  -17.0871665254204       4.067812788891465E-005
  -17.0383498677508       2.906285349273603E-033
  -17.0029271098672       7.311676906840281E-007
  -16.9971168854350       3.007513729711085E-037
  -16.9610436972672       4.353883981219425E-038
  -16.9404906648024       7.964798944219061E-014
  -16.8981815447215       4.610093346923955E-014
  -16.7678221631750       7.809024351919598E-011
  -16.3883289247482       2.948018628356591E-040
  -16.3224777723613       9.316197256892408E-014
  -16.2250853362125       1.590936634325922E-018
  -16.1656140258017       4.126581129705805E-039
  -16.1391838245415       5.269685339155762E-011
  -15.9760760968518       8.517356605334185E-019
  -15.4088556621853       5.215933928925566E-013
  -16.8254410460451       4.438909200237039E-006
  -16.8027353647165       8.679701433133874E-040
  -16.7746929408727       1.595714079128541E-035
  -16.7130073587609       1.619152760293733E-039
  -16.7001111745618       9.354936127603161E-039
  -16.6814980054239       3.478607281098803E-007
  -16.6426765673168       1.427147657629943E-012
  -16.6108355624288       1.179026777141432E-013
  -16.4956892400195       1.172568184603822E-008
  -16.0922432115328       4.051046336137021E-037
  -16.0291180455289       2.159161323977404E-009
  -15.9327886527477       6.402794341507715E-017
  -15.8940223996592       3.186267109446731E-037
  -15.8206288774697       4.698069498782528E-009
  -15.7048489573324       5.512359730032046E-016
  -15.1347013245162       9.957727793137999E-012
  -16.6212156748552       1.916300508851161E-032
  -16.6076117746235       1.202399745528604E-004
  -16.5584610471081       1.655324314222265E-035
  -16.5130243101307       6.065561705221384E-007
  -16.4820464694110       1.470228878552293E-039
  -16.4620259741378       9.101761114087198E-036
  -16.4522327759104       2.382174600673344E-012
  -16.3893696649827       1.398727449904529E-011
  -16.2352400136913       2.420728326729478E-010
  -15.8715865997737       1.869993550393694E-036
  -15.8161777328490       1.157701442603433E-009
  -15.6985362333891       7.598175962639695E-013
  -15.6607766633682       6.553619768272973E-038
  -15.6500783517514       7.530558788552509E-008
  -15.4336664865867       1.282198550920322E-015
  -14.8590949269852       3.502538620558428E-011
  -16.5844036796148       2.250015109230769E-035
  -16.5608181858946       8.148578898233989E-007
  -16.5285489734945       1.852903708532256E-038
  -16.4672786408040       1.033204180113960E-009
  -16.4650310075410       1.869631560065330E-039
  -16.3995394582119       3.009008220224747E-035
  -16.3945448714110       1.911669199418229E-009
  -16.3692644340072       9.304450006722713E-010
  -16.2198016562914       1.032035389566599E-012
  -15.8581629272338       2.036462959759728E-040
  -15.8082781946739       5.903096433917526E-012
  -15.6654935904051       6.992775254657002E-010
  -15.6361519736300       2.332977192740667E-037
  -15.6160439324650       8.958004371002362E-010
  -15.4293230980235       4.387714633272294E-017
  -14.8671089374333       4.148783019547804E-013
  -15.1148996122030       1.400505200353286E-019
  -15.0854445387438       2.049283892189635E-020
  -14.9521617099435       6.875243987795130E-024
  -14.9167365983053       2.052596202659882E-019
  -14.8865438495744       3.879365331099566E-021
  -14.8207111460027       1.139000312163657E-028
  -14.7744176703428       1.408640361944406E-027
  -14.7669279002487       9.564544386992118E-025
  -14.5838600523079       7.480587606221866E-025
  -14.3071637481730       8.087761939440583E-022
  -14.2720994572847       1.880235154185158E-023
  -14.1297061664917       2.051226906771971E-020
  -14.1199376181608       5.780046009439419E-027
  -14.0753100114857       1.243491666430573E-022
  -13.8523731170639       1.307362829191245E-028
  -13.3500805900162       2.726077852119014E-026
  -14.6799392331917       6.081287882764657E-004
  -14.6256746906849       5.424134421669435E-034
  -14.5573079079715       9.428359885566883E-035
  -14.5177623499813       1.781654386678028E-036
  -14.4813054188359       1.104592061128642E-007
  -14.4214983580823       3.543608494566694E-037
  -14.4079725268185       5.460057472600541E-015
  -14.3717355411269       7.054713874692163E-016
  -14.2039732335821       7.430037248349683E-009
  -13.8880167786986       2.470113120948042E-039
  -13.8359383344106       3.035732217593748E-010
  -13.7336900465714       1.138081310399927E-038
  -13.7107578190183       6.750856681377592E-017
  -13.6559167805496       8.468840075151351E-010
  -13.4600044162503       9.585321965085785E-020
  -12.9455154736970       2.391436754101702E-011
  -14.6405810399908       1.416322135411370E-019
  -14.5840142641892       1.967720547189609E-018
  -14.5472768307723       2.987510705909596E-020
  -14.4778368905083       8.139658346488864E-027
  -14.4774649602468       2.768912389074156E-021
  -14.3988243010189       1.099467721170283E-026
  -14.3812308883680       6.144689449732656E-028
  -14.3169401977695       4.698646012397013E-027
  -14.1459627422900       5.763238336849086E-025
  -13.8514123422079       2.290776445603395E-024
  -13.7954953711503       2.782431992824973E-027
  -13.6945597593123       5.052345859100149E-023
  -13.6715005975824       9.758476945575255E-032
  -13.6395482747328       1.222274765969986E-024
  -13.4053623741279       1.427850880447955E-031
  -12.8985017112055       7.503395470608163E-028
  -14.6092990736048       1.910599766828395E-022
  -14.5739857478908       2.189247892826502E-025
  -14.4883645385149       1.326544276648359E-022
  -14.4379979474855       9.679016437241854E-020
  -14.3984426047695       2.763487193770430E-023
  -14.3820410593348       1.296941287745816E-021
  -14.3606002510760       2.306558793728759E-024
  -14.3052437146990       5.085251537806703E-026
  -14.1695033019099       2.511360685570739E-024
  -13.8241413958615       2.683538496563469E-026
  -13.7851089115557       1.161801807798001E-025
  -13.6667210165765       5.783034831328126E-026
  -13.6318473755333       1.379860070226512E-030
  -13.5847179690819       3.757260756089591E-025
  -13.4072240502650       7.726237326128830E-031
  -12.8709805278899       1.057646542920288E-027
  -14.5111209084943       5.816919716555025E-034
  -14.5056525721566       3.268561400012407E-007
  -14.4514464043383       5.270867147628594E-037
  -14.4005314026687       3.445616698114471E-036
  -14.3859578081190       4.552520789673658E-011
  -14.3296297046124       7.640267711973812E-036
  -14.3053490051675       1.016433355583166E-009
  -14.2803087768062       6.044209216655792E-013
  -14.1453221911975       1.349552442931638E-011
  -13.8063691754367       2.690517051531056E-040
  -13.7289673552670       5.093807139697546E-015
  -13.5959739167933       2.760978597593031E-013
  -13.5944509657056       7.885973731748674E-037
  -13.5563382276653       1.298291324853553E-012
  -13.3814199479354       1.170386097385769E-013
  -12.8435174995801       8.164941347175957E-016
  -14.3944197135139       3.492154325715801E-034
  -14.3802429623333       3.952900159179685E-007
  -14.3290843300798       9.225789793391750E-034
  -14.2721931598011       5.831267178237461E-008
  -14.2697662980193       2.504097440204815E-035
  -14.2104119523774       3.563197361742305E-037
  -14.1817936633756       1.922309586269686E-012
  -14.1679049491791       3.866534378032633E-016
  -14.0136277555209       4.881745425794668E-009
  -13.6783419715334       6.648186711385073E-039
  -13.6052757256582       1.349424307649977E-013
  -13.4708216215888       3.623292007486488E-016
  -13.4667344835461       3.924779864473821E-037
  -13.4399838431149       2.288064380660826E-009
  -13.2499991890927       1.945765289393529E-019
  -12.7122113902514       2.066759053845103E-012
  -14.3337453308393       8.034120239105430E-005
  -14.3225395151601       2.119015362850132E-033
  -14.2492729164558       6.060429926678807E-034
  -14.2017704191585       1.109001242648594E-007
  -14.1800184615618       1.150013616210267E-039
  -14.1470942663056       9.580701817817662E-037
  -14.1260490872366       3.178610821466745E-013
  -14.0317989164415       1.617087304601870E-013
  -13.8860672645872       8.682092268482663E-010
  -13.6128370476111       1.479174123410790E-037
  -13.5255247824450       1.402289642040204E-008
  -13.4154417639781       2.598023250591520E-017
  -13.4116428831135       7.459143269523589E-037
  -13.3578197750701       3.413099299048626E-009
  -13.1502597155383       7.810355324328159E-016
  -12.6442474120585       6.143413848203827E-012
  -13.8005456161137       1.086620855568320E-010
  -13.7981598529140       4.462444597764788E-037
  -13.7506403119478       8.547791646768614E-037
  -13.6739267354404       7.589854283704952E-038
  -13.6566752336282       5.424891374086764E-015
  -13.6170661727413       1.116581118680658E-035
  -13.6021261691612       7.679208251192201E-011
  -13.5539680236740       3.108904313313139E-010
  -13.4121060694276       4.649504041843583E-016
  -13.0912200783018       2.277688007217500E-044
  -13.0337148211930       1.540165025353326E-012
  -12.8791948134886       1.690855653670645E-037
  -12.8781392357748       1.665066988265162E-011
  -12.8351686166489       3.085599655364113E-011
  -12.6435511822222       1.048719755251711E-012
  -12.1038503596365       2.860878553278233E-016
  -12.9284720616824       1.129982008512222E-004
  -12.9216165935251       1.211316488058444E-038
  -12.8818373223706       1.425916015288147E-034
  -12.7910194524672       7.901490869786113E-008
  -12.7795797553769       1.038705604207371E-038
  -12.7555579634458       8.160260824510660E-036
  -12.7229377403265       6.684768596460238E-016
  -12.6841292475433       2.696458908278686E-014
  -12.4986339193190       1.197625997953459E-008
  -12.1800430061920       2.637254715058014E-041
  -12.1233777329162       6.184093070042554E-010
  -11.9819502872622       1.188725762767202E-018
  -11.9765308731936       1.027931585634147E-035
  -11.9398634276705       7.060800582910267E-008
  -11.7199978286612       5.032554579142293E-016
  -11.1702160821905       5.964272558793791E-010
  -7.55176666406270       1.818220594662013E-018
  -7.48569725076192       1.270746510405071E-018
  -7.47225932046274       4.128506731761819E-019
  -7.36195559223322       6.805495903973457E-021
  -7.34709737007584       8.356980288915599E-025
  -7.27390970064249       3.441784689497815E-025
  -7.26054052006481       2.418528617724077E-027
  -7.19381455660201       1.111847976843782E-026
  -6.98125904231472       9.532987680809881E-024
  -6.78359211393531       2.432066500376372E-028
  -6.71521861499187       2.462555016637031E-028
  -6.59916811462970       5.697550743965100E-022
  -6.54953176548983       7.137382337481574E-031
  -6.53629217005846       4.172200714163801E-024
  -6.27008941477896       4.579328672566748E-032
  -5.78890943073044       9.833470488358875E-026
  -7.53022619114076       1.244535589999281E-017
  -7.47532698368971       4.536137962861735E-028
  -7.40402530407766       9.933553681898119E-026
  -7.32822689162995       3.251578289182344E-020
  -7.29289603793112       1.597442736187309E-020
  -7.27534157179506       1.242592750922255E-020
  -7.23315641388822       6.869457829141713E-026
  -7.18466683785908       1.088152775601952E-025
  -7.02527283791397       5.796583392401041E-022
  -6.76479489906275       6.264035906487644E-030
  -6.69261406135205       4.927002780232403E-026
  -6.58003959256079       4.931586006160483E-025
  -6.53707070898735       2.911978955364476E-032
  -6.48597170402089       2.008941686245830E-023
  -6.28374124747641       1.372130315555093E-028
  -5.76872172528424       9.582639696559094E-025
  -7.55689405006967       8.469053917984010E-004
  -7.48733052058651       1.917253298513794E-033
  -7.41239471598630       1.270806770048638E-033
  -7.34338806922564       1.481136869713305E-033
  -7.29177484383816       5.997424844158144E-007
  -7.25846403478920       1.415643476187716E-033
  -7.21756208317992       6.642697381088008E-015
  -7.17621578861885       5.869176868757442E-013
  -6.97803396813680       2.740929877425721E-008
  -6.76383743079570       2.290149425798476E-042
  -6.68747964979815       7.006520483244899E-013
  -6.58578327562265       1.537404808193459E-037
  -6.52599473995131       2.914020219577907E-017
  -6.49093141258303       2.478292631444111E-009
  -6.25577653578525       7.745772705805354E-016
  -5.76130150642387       6.933973910047324E-011
  -7.34688380000997       1.446999646391773E-036
  -7.32790100592610       2.334228229718320E-005
  -7.28108335208291       9.752089557377323E-034
  -7.21775922089824       2.182062852157717E-007
  -7.18948103480852       2.615951168032429E-037
  -7.14565238600933       1.158953916699081E-036
  -7.11508170613136       5.883615872140029E-015
  -7.09952180599523       3.340374569283204E-015
  -6.90747799968266       1.510107384611863E-008
  -6.64060783916424       9.624528371614281E-043
  -6.57655227532295       1.343711783394106E-013
  -6.41932421177837       4.132473785424428E-019
  -6.41867203167499       7.581696700684936E-037
  -6.39653693695632       4.721381830831418E-009
  -6.16834673212440       1.095166230505824E-016
  -5.65599850691333       7.539388102805360E-013
  -7.28366679101732       2.501084406833275E-036
  -7.26386150887966       9.429593474700607E-008
  -7.21831675390940       5.799407408363454E-036
  -7.15539259572975       2.365096963148475E-011
  -7.12704643513444       9.531731999810493E-037
  -7.08173881388117       4.338388644407958E-035
  -7.05163781031793       3.057458718424750E-010
  -7.03947077427521       4.722480324102586E-010
  -6.84682083739829       2.545205156914481E-014
  -6.57586926665905       2.045719277218494E-042
  -6.51336613108594       3.243416810612093E-017
  -6.35507153247113       7.704172180448337E-016
  -6.35457450320861       6.445988880338914E-040
  -6.33390413736537       1.036661683599430E-014
  -6.10594077682861       1.234491068933068E-013
  -5.59187291964614       1.141762118808083E-014
  -6.41879974726174       9.141294447924832E-005
  -6.40999691586641       1.548026869674196E-033
  -6.35990418161762       3.813056878161590E-034
  -6.26982855194265       9.410547607303668E-045
  -6.25566733653911       4.719744434841271E-007
  -6.23950829057324       1.439535411832574E-035
  -6.19972587814638       1.400174756122788E-017
  -6.15289387356343       2.285539328252208E-014
  -5.97469620227382       1.840261978825142E-008
  -5.69524903973260       3.200078317440496E-036
  -5.62879734375781       4.967859585156445E-012
  -5.48791586771194       1.528528762491812E-020
  -5.48165166383949       3.225216575292977E-034
  -5.42279735486338       2.957543761766434E-008
  -5.22005898844467       4.545949172864943E-016
  -4.69354231631674       3.347599669011137E-010
  -4.27790597024867       1.793931800567321E-029
  -4.25924539822433       1.094244030308720E-005
  -4.21508518432263       7.251367251150472E-030
  -4.15358439079447       1.075967900717758E-007
  -4.08687550405254       1.772558932521891E-033
  -4.04813336255653       3.260065638592584E-031
  -4.04092776455050       1.540229937998578E-011
  -3.97921581096174       3.694784423924543E-012
  -3.75836560938713       1.909187172831626E-010
  -3.55868409917079       8.328976522533411E-033
  -3.49933648111731       1.053516243630658E-009
  -3.33617034664524       6.137931170179002E-030
  -3.32539244376502       6.987604113475593E-009
  -3.31141006653784       1.240084978664594E-007
  -3.04450980921099       6.581022799811412E-011
  -2.55792904417728       1.908548732227934E-012
  -4.24811254949339       7.166384044532678E-007
  -4.24531004830835       1.735957254190239E-032
  -4.18541729888053       3.978320300025506E-034
  -4.10513246153557       8.842928525253456E-036
  -4.07994790379702       4.230484390571430E-008
  -4.06608347895793       1.049671299114043E-034
  -4.02102957398932       1.114105000306881E-008
  -3.98692263756252       3.628600260306710E-008
  -3.82255179892563       2.182684713469196E-010
  -3.55237510205860       4.195888825739103E-037
  -3.48113367673579       2.141305176792541E-010
  -3.33161743533402       1.227232403643832E-009
  -3.32998593292302       7.250965201167143E-033
  -3.27475863941470       3.461787381167754E-008
  -3.07423925942838       1.650502310350310E-009
  -2.55074534764017       1.004312934084627E-012
  -4.35666839195495       4.293976579922728E-018
  -4.28130916828618       3.686266389762699E-022
  -4.20524117703781       8.038699143025755E-018
  -4.12608100142531       1.760945008187789E-026
  -4.06014894378056       3.880894637080851E-019
  -4.04564855737003       1.175921645321333E-023
  -3.99474371778885       9.027571151332881E-027
  -3.93803871304687       9.784852921381463E-024
  -3.73103128428231       7.845384863784756E-022
  -3.56107322631853       5.891554932890895E-021
  -3.47041916483069       1.884345849332796E-022
  -3.37383720358016       1.703244677536326E-019
  -3.29991715033607       6.842931755039912E-026
  -3.26399548616415       1.172592838625145E-020
  -3.01678004075095       7.991571949389141E-025
  -2.53082661944651       6.403511317734871E-022
   5.03123188137145       8.995882502910914E-005
   5.04204484797308       4.431834116173757E-035
   5.09958627250938       7.673621033968069E-034
   5.20048345268159       5.233576008731185E-042
   5.21406686965036       2.775959213711855E-007
   5.23639667853803       3.770516042930494E-036
   5.27664588138792       3.616014738325165E-021
   5.32889195679059       3.097543128869549E-015
   5.52572391178572       1.797776004157223E-008
   5.75157156888865       2.866536740356352E-037
   5.82399141143124       2.132044782796020E-011
   5.96983815641728       1.175237110760543E-034
   5.98349857138116       1.057336552757671E-019
   6.03095419141351       1.111954049651396E-007
   6.26095853490556       1.468847898450875E-015
   6.76812447924463       1.906591322220131E-009
   11.5263902491133       3.924761312225008E-020
   11.5955423477231       6.966196500817151E-024
   11.6600960977772       9.247893374331979E-019
   11.7629200469664       7.332043772867707E-026
   11.8123029928824       3.768237004152236E-024
   11.8302159126949       2.151226368890745E-021
   11.8888057156114       2.749143563006007E-030
   11.9534545231804       6.106938759989420E-027
   12.1622979197091       2.625773706903782E-024
   12.2973179181586       5.006314509760026E-024
   12.4091149147269       8.545369442216028E-026
   12.5107520016643       2.961716881559836E-020
   12.5830161083969       7.779175619802897E-030
   12.6273335343906       3.673765354002852E-022
   12.8764827273164       1.492720041016415E-027
   13.3627988246607       2.255859136221698E-025
   12.4269549575123       1.650394329395595E-036
   12.4552874340485       1.392420266475471E-005
   12.4897774066042       7.390749034442594E-035
   12.5632033519663       1.121986997883375E-007
   12.6291456847647       1.983892106845309E-042
   12.6759511372339       5.324286855697526E-016
   12.6768045836351       2.117650347436628E-036
   12.7340021404566       3.447288615139420E-014
   12.9774869162148       5.527255991608578E-010
   13.1454278683142       1.365304125300806E-039
   13.1937116333207       2.073315813303029E-011
   13.3793227989096       2.730812240181604E-035
   13.3928477800897       2.528160933379661E-015
   13.4012370523724       1.844401916306966E-007
   13.6820684351314       2.670970345519937E-016
   14.1581091107846       2.263750374118482E-012
   13.0775187484440       1.656916508712589E-009
   13.0782995805734       1.730932217487619E-038
   13.1517216524661       1.449982122184317E-035
   13.2186338141381       5.622232065836394E-039
   13.2580141890715       1.254130515023666E-035
   13.2710657224919       1.890218506076036E-010
   13.3003768253936       8.503304107961091E-019
   13.3513712467225       2.937787246446939E-010
   13.5173655524950       8.757091908632227E-013
   13.7678758942894       2.633647192492509E-040
   13.8444453614823       2.300421310752581E-015
   13.9893441746358       8.878276494579735E-018
   13.9992581813935       4.549077359473537E-037
   14.0592260005484       9.440322704018732E-012
   14.2650213035891       1.288237437284513E-011
   14.7870030483943       3.059533131951722E-014
   14.5336888123489       3.811681898763760E-019
   14.5827274115320       1.112256950530313E-021
   14.6217036485463       2.755804587627776E-018
   14.7565392821389       2.512001933114784E-021
   14.7757639273106       1.453758726825640E-024
   14.8270145422594       1.111207565970129E-023
   14.8689347908354       5.066921253880325E-029
   14.9282850373689       7.378648135761388E-028
   15.1788112780406       1.203638918587488E-023
   15.2837197070439       4.187185860473375E-026
   15.3667426897211       8.814180487129184E-029
   15.5010997682997       8.492391154161920E-022
   15.5725880242907       3.187603095963856E-024
   15.5733669220500       8.660395724584659E-027
   15.8714573420548       2.632382190896713E-029
   16.3361234110567       1.244067154950969E-028
   14.5512571605609       4.660396007868986E-019
   14.6075760210234       4.804969696231948E-024
   14.6765093013954       1.075802711393289E-021
   14.7851644896007       9.169590465655132E-021
   14.8067617512528       7.125025459826991E-020
   14.8360215181229       1.657681442395230E-021
   14.8878180741406       1.900567070000025E-026
   14.9433427221835       1.518985719087544E-025
   15.1383350761572       2.828286872986425E-023
   15.3001842519657       7.205944883028722E-030
   15.3980734697920       6.370420004137498E-031
   15.5175444313541       1.374765769761119E-024
   15.5750467054421       5.938079243483635E-032
   15.6169052752035       5.743613315002375E-024
   15.8601667898588       5.997957969612120E-028
   16.3550491159545       4.129531823829385E-026
   14.5346155443164       4.832779312278822E-004
   14.6038278242854       8.862605936868044E-035
   14.6634018165918       1.383827009726166E-033
   14.7862778959927       2.757920257932844E-035
   14.8224438656853       5.620962789633226E-007
   14.8372540143449       9.648531544480651E-035
   14.9047189666941       2.467493636204023E-016
   14.9602219163397       3.898064033130781E-013
   15.1881632703146       1.862011478601253E-008
   15.3039722003193       1.832548250995863E-041
   15.4034804109430       3.150496743769403E-016
   15.5163823457559       2.189606981319284E-037
   15.5966566822392       6.880522474297695E-017
   15.6168327671715       5.801787644457207E-009
   15.8908355253496       4.058257453214839E-016
   16.3662558835624       1.780214824128817E-011
   14.7076793114153       4.160205237675118E-039
   14.7219930893734       3.794740855768596E-006
   14.7754995459060       1.222642647044490E-036
   14.8693458327678       2.526892059600902E-007
   14.8952363059360       2.254639012579624E-037
   14.9366408730786       1.035405118745975E-035
   14.9671436600611       2.702133922023958E-018
   15.0022499262671       5.587094278301694E-017
   15.2262389005416       2.366908766547730E-008
   15.4093655565338       1.040184810256658E-044
   15.4739126185847       8.622117847318580E-017
   15.6471368316903       3.793505705576987E-037
   15.6632219865342       3.367384552879356E-021
   15.6809564878549       6.827426829009708E-009
   15.9460895124296       2.149513583916158E-016
   16.4385242538837       5.669084010524131E-013
   14.7858258915775       1.210663004177767E-037
   14.8018610962655       4.307489027532954E-008
   14.8536748456684       6.813385807536318E-035
   14.9458885509133       3.201065487339723E-012
   14.9749584794665       2.651355493767709E-040
   15.0162779119961       1.145983121911926E-037
   15.0448263646684       2.340411436633271E-013
   15.0799288528608       1.347210796272596E-009
   15.3054704317966       1.909925498809025E-013
   15.4899736251465       8.028324982126868E-044
   15.5525440966533       3.413045740358830E-016
   15.7271002846732       2.782220515309588E-040
   15.7434221686023       5.063232698727672E-015
   15.7587959740438       5.834745594389059E-013
   16.0256850028821       1.287795563297766E-012
   16.5185230366040       2.624219640584898E-015
   26.2413313614232       5.406836778036780E-005
   26.2510115697156       1.344956349609301E-037
   26.3178706763823       3.873346628668198E-034
   26.4308120042156       7.437202517513019E-042
   26.4414244690033       1.123299083236017E-007
   26.4727210957869       2.008927019800894E-036
   26.5125670462425       8.227315338250415E-020
   26.5700219349015       9.934254821718255E-017
   26.7875737061198       1.426689379735143E-008
   26.9617832043743       4.618748406612543E-039
   27.0400328358564       1.006715856712625E-011
   27.1849989020735       8.894344479694799E-035
   27.2209691711887       2.072902067520782E-018
   27.2464458700153       2.227217107571576E-007
   27.5059630482264       2.718565261464499E-015
   27.9965433013378       6.002979036232049E-009
   49.8151778281233       3.276754663249912E-020
   49.8771248659982       1.458788524260406E-022
   49.9472921979768       5.099183181518053E-019
   50.0704450884494       2.739777722295193E-026
   50.1173024520252       1.928012581626767E-024
   50.1239033133384       3.722862303214062E-022
   50.1967031913452       1.309246962597435E-033
   50.2635524824236       1.684962412179029E-029
   50.4951468185333       3.267166295753481E-026
   50.5821641289690       2.263019245433488E-026
   50.7002121964892       5.727582131233818E-027
   50.8001597400357       4.718133833804200E-020
   50.8973766365190       9.364096857914804E-031
   50.9117483892204       1.436904461113195E-022
   51.1922217666226       3.194881349362584E-028
   51.6615914541777       1.780731447166492E-026
   51.2609964424900       1.646885379248699E-038
   51.2815879203766       6.930643667653508E-006
   51.3323646814083       7.614359523240903E-034
   51.4278428627475       7.685056855042146E-008
   51.4820022478789       1.406402700101305E-043
   51.5338467168025       3.519937763183713E-038
   51.5432316244771       6.416632523502930E-017
   51.6043536265577       2.335241419834279E-014
   51.8663582946978       7.311919608810926E-010
   51.9841083227232       4.347543469665458E-041
   52.0443424161814       7.208361260496789E-014
   52.2183082304849       5.629765641412683E-035
   52.2509100119469       2.471725798047224E-007
   52.2646230293310       1.369571882996146E-018
   52.5578392549861       2.103834568207293E-017
   53.0208258537640       1.868789028940400E-010
   52.3599075294190       7.070458230361505E-011
   52.3639515958736       2.055252385519045E-044
   52.4446757638693       2.704039095769976E-036
   52.5319304783559       4.008353856129226E-039
   52.5760958525290       2.473446544616537E-012
   52.5766620376933       2.314705003696336E-035
   52.6208938123170       3.673486879975563E-014
   52.6792058549504       4.215971569622098E-010
   52.8761000560788       4.415076741656417E-013
   53.0621791683384       1.668538495369580E-041
   53.1471948012824       2.218935296489050E-017
   53.2950224303835       2.410455000208810E-037
   53.3175131836513       3.539891765524196E-016
   53.3590857471994       2.196967375407463E-013
   53.6025942836284       2.751736504274266E-011
   54.1032013430537       1.902109674436090E-013
   66.6466602394917       2.216732107971602E-005
   66.6555640537254       7.222142317876274E-042
   66.7310504763347       1.368089914853274E-034
   66.8505961972488       3.211568924970903E-044
   66.8630278565415       2.336533690652540E-008
   66.8983772423620       6.722700143025852E-037
   66.9388986839922       5.700044753942798E-021
   67.0017508609691       1.777551960156705E-016
   67.2332553066250       8.001903795995491E-009
   67.3658783718414       2.691745312911830E-040
   67.4507980058564       3.767397438736678E-012
   67.5947600241400       2.731954982264169E-035
   67.6469916044813       1.096744869365109E-017
   67.6594896138711       2.081928623265094E-007
   67.9382950485290       2.517042862636804E-015
   68.4158870266949       7.757558998382859E-009
   92.2690166968558       1.678257190472293E-020
   92.2913354368079       1.489055080702778E-025
   92.3639863285873       3.252337028402458E-019
   92.5074576610705       1.181908139620681E-022
   92.5130796757233       4.387930322934337E-027
   92.5631970897230       4.303431226472379E-024
   92.6092359033086       1.288463808764349E-032
   92.6758582784619       4.408278374916743E-029
   92.9373733579207       9.994660219629400E-025
   92.9998857524190       9.010384901785002E-034
   93.0920029094435       2.663112616906746E-033
   93.2331455127637       9.724866792965179E-023
   93.3061524577919       2.074772587689806E-025
   93.3162371764262       7.996049337870207E-034
   93.6195639973522       5.069906351204172E-030
   94.0745002606647       1.644530510356411E-027
   92.2827265586845       4.177169911072485E-020
   92.3179593202891       3.079203988876086E-027
   92.3986618172770       1.677947692942819E-022
   92.5138847010816       1.052974553896626E-024
   92.5567232960203       1.252847931977055E-020
   92.5615396690561       7.218583370374760E-022
   92.6235632057982       8.212532881437172E-030
   92.6898329161809       3.631214417655251E-027
   92.9144930160370       1.510113220635903E-024
   93.0136547779165       1.596655295483526E-033
   93.1198203144343       2.403167984184167E-030
   93.2464662476376       1.574016844376726E-025
   93.3168124498282       3.414672962041070E-034
   93.3378427836850       5.812951343198366E-025
   93.6153478209901       9.554452434976169E-030
   94.0900710911316       3.841059476418319E-027
   92.2723869903122       4.556910842008086E-005
   92.3129935297953       2.968204777853495E-038
   92.3881985982648       1.363804758792694E-034
   92.5234904644661       3.226419213808022E-038
   92.5513070692348       6.264490351182475E-008
   92.5706477313627       2.155784376574722E-035
   92.6349751601343       4.564273601393363E-020
   92.7025220501223       2.066772439289596E-014
   92.9489027278635       1.354167282568728E-009
   93.0148037547033       2.683979620238663E-045
   93.1212539930314       1.025153540067686E-017
   93.2452406874999       2.441479610798979E-038
   93.3342406830221       4.791373724513875E-017
   93.3374402638361       5.778435026157643E-010
   93.6364912403276       3.171439898839484E-017
   94.0972737932315       8.916884471781786E-013
   92.3882301430779       2.335162467590370E-041
   92.3985024684266       1.133416841985352E-008
   92.4703096793750       1.658650467574624E-035
   92.5891411662225       1.140293448195514E-007
   92.5948915982620       1.188257851322367E-039
   92.6456973615879       1.686918824591660E-036
   92.6734468508280       4.862156232429349E-023
   92.7336765758157       3.121157394349783E-015
   92.9742880514959       3.483361249979600E-009
   93.0943786125626       4.009744922550677E-044
   93.1692491813992       2.001077100825003E-018
   93.3359766269246       1.328338467962052E-039
   93.3771795375068       1.844438591608684E-020
   93.3842494291256       5.628919468891846E-010
   93.6746880424524       3.859588707636698E-017
   94.1485559933284       2.788065847001897E-013
   92.4430521867926       1.209404880114176E-041
   92.4549328792844       2.286311401571571E-009
   92.5247480166080       6.756009743624775E-036
   92.6414904882676       1.094660697138055E-015
   92.6522152420208       3.036895126401529E-041
   92.7033440371658       4.008751445324207E-037
   92.7291223969737       5.298700682965325E-016
   92.7893118424429       1.870687705587181E-010
   93.0330292137337       1.312210435927619E-013
   93.1506529341144       2.085266935560044E-044
   93.2239545899371       1.123553326242699E-022
   93.3922876477126       1.560425454676022E-040
   93.4342768523034       1.156493717620633E-016
   93.4385935904305       6.019917305562958E-014
   93.7320429521383       1.445404179690598E-013
   94.2044478875965       1.561579462264566E-015
   139.316319287485       6.933077397463513E-021
   139.360323167246       6.478371338540532E-024
   139.440782643569       1.116512984488279E-019
   139.568527592678       4.496947614243681E-028
   139.613294289826       2.927241145652058E-023
   139.619323936741       4.880064667626952E-025
   139.690741265519       1.068746775845309E-034
   139.760650963086       1.560922752851922E-028
   140.004170891037       9.372107014531547E-028
   140.060291233598       6.723282889243048E-025
   140.178095862514       2.052778297224847E-027
   140.287994636486       1.252757104772303E-020
   140.387925254316       3.372318367525954E-023
   140.388209741734       7.358871723382940E-028
   140.686271442148       3.532465142222548E-029
   141.141391303585       3.275452163243615E-026
   140.571347919924       2.979285438178892E-039
   140.587131698442       8.314982429291439E-007
   140.652231377501       6.363825111574317E-035
   140.764390756119       8.142548472957052E-008
   140.798516046748       7.594141946628180E-049
   140.854206865504       6.361171574969851E-039
   140.870431819974       2.081101895410970E-018
   140.937109014074       2.761622098094406E-015
   141.201792278134       1.962962709091195E-010
   141.285084884210       7.269344480909872E-041
   141.354427712922       4.318661570941268E-012
   141.521689159168       3.400456152823803E-036
   141.565234931220       5.636727319767482E-008
   141.582164069086       1.340935927127224E-021
   141.879263838179       7.406456423122854E-017
   142.328939918499       1.632076235568689E-010
   141.569818645594       2.775701418359121E-011
   141.572828846328       2.790710224372894E-040
   141.659537361869       9.947170945504727E-037
   141.759483700308       1.775458728914021E-040
   141.796601909217       2.087070996396349E-013
   141.811336717755       2.010599323824176E-036
   141.851566128071       5.674020887188951E-015
   141.917114451148       1.070438032432592E-010
   142.135705822568       6.306939589779791E-014
   142.269739845611       1.602564104084806E-041
   142.358367321756       6.092121695287471E-016
   142.504964565744       2.115765863885308E-037
   142.546622357947       4.430551584080964E-015
   142.568850713993       5.620069282433611E-013
   142.840132362767       8.414720166282159E-012
   143.318736091327       7.586195739025813E-014
   143.624605854158       6.373687424667725E-006
   143.629715590365       6.041520945148467E-040
   143.712506304230       5.526216993373955E-035
   143.838295929090       7.378546474835467E-044
   143.848510328170       4.182300601052507E-012
   143.890964734870       6.242891316596493E-038
   143.928563725410       1.439152129321617E-021
   143.995632679762       5.403560716614148E-016
   144.239855021971       2.699782378624960E-009
   144.340816670889       2.939964523574272E-041
   144.427841716406       6.214193233196690E-013
   144.573955003296       1.359389472701927E-035
   144.636851303105       1.315948533565895E-007
   144.637649965234       7.299018258098609E-014
   144.934141466000       1.216423789240439E-015
   145.401553866277       4.585906485923646E-009
   293.529180618949       1.182068923762666E-006
   293.533764835091       2.691729258571881E-040
   293.621601096561       8.970635261263370E-036
   293.747339221992       9.119806913183022E-046
   293.762018763136       3.802948792404629E-012
   293.803360959833       1.614869767462525E-038
   293.841173866376       1.455351598592632E-024
   293.911563842686       1.657245554526051E-016
   294.159297230821       6.990972862063627E-010
   294.232173598950       3.821075465036055E-042
   294.322774685314       2.373537029323723E-013
   294.468627744865       2.840629746989551E-036
   294.533777511062       3.359123846706302E-008
   294.537658789633       1.089431527931287E-017
   294.837551860187       3.691151275032460E-016
   295.289513329086       1.201533468419311E-009
   362.979030712836       7.701988329675501E-022
   362.998738300845       3.465315808181242E-025
   363.088027073733       1.299117633554579E-020
   363.219050256334       1.138497950135093E-029
   363.245343298593       2.342472438184511E-024
   363.275144018805       5.031031048687077E-026
   363.326194533831       8.509591246289462E-033
   363.397641908498       5.254230387296070E-028
   363.651803212232       3.038429540517718E-027
   363.683066422026       1.093459857649627E-024
   363.786955037538       1.161532853712658E-027
   363.913978660423       1.778147856722940E-021
   363.989600897719       8.255938203014440E-024
   364.008828048486       7.572307557129694E-036
   364.307672658214       3.935976753455211E-030
   364.738016485588       3.456515415136151E-028
   363.959957650888       9.559902758059186E-040
   363.973654380279       1.350253792227402E-007
   364.049529916405       6.103266945473919E-036
   364.173113542876       1.447066461308448E-008
   364.193121761973       1.259409822494869E-045
   364.251417231474       1.326786107633800E-040
   364.269892084474       3.606132953841987E-019
   364.340036752387       3.800952710417245E-016
   364.608062306721       1.895721015739521E-011
   364.655385512424       3.906263824610758E-041
   364.729401280767       1.083528100064751E-011
   364.889694346804       6.179887991598092E-037
   364.932568185008       1.269099310888330E-008
   364.963720937793       1.905308717834604E-021
   365.262293150244       2.033943753829132E-017
   365.690532673881       1.677848541662650E-011
   364.698969756828       1.847364741266187E-039
   364.700862657102       8.969331828895034E-012
   364.791061247783       1.350437178231425E-037
   364.907903855480       9.484822735332330E-042
   364.928926210540       1.512201917823419E-013
   364.964731982773       2.417136945247514E-037
   364.997242017430       1.889372491871739E-017
   365.067289074640       1.333782707625505E-011
   365.308961177219       1.722772236884766E-014
   365.383023990537       2.261332052065571E-041
   365.469257866791       6.563857483019257E-016
   365.616658420909       3.281867631051323E-038
   365.672364531424       2.317695075218367E-013
   365.679755763139       4.853655680112474E-015
   365.976834603869       1.205745821069665E-012
   366.419754120315       1.150310177562718E-014
   365.918355565842       4.969566645060221E-023
   365.922885260467       2.624460942888624E-028
   366.011842479339       3.175548104414781E-021
   366.152092251977       3.527630116163892E-032
   366.153575364943       6.942657784021849E-025
   366.208950352485       4.195941219561246E-026
   366.244672335663       1.899686541250025E-034
   366.315932496358       6.697274601969481E-029
   366.579454038762       4.099418449580004E-030
   366.612550553867       5.018577276529678E-029
   366.702030314386       1.139666206694091E-031
   366.847471969364       7.905013739735324E-025
   366.908386317646       7.646264056584805E-028
   366.932653922371       5.100088025984312E-036
   367.234448923770       1.535069345171066E-031
   367.663889337106       1.344725825283129E-030
   365.928606622869       1.329574300225430E-022
   365.940574986109       4.742871173751780E-031
   366.031450366422       1.307355985975430E-024
   366.154886949695       5.704962102732444E-029
   366.182402733430       9.056565149060686E-026
   366.210370492353       1.859543825143064E-022
   366.255294428137       6.715753140173707E-035
   366.326412299964       2.724718971714496E-029
   366.573020465505       9.590445656989798E-027
   366.623061865525       9.751706495222338E-032
   366.720222448572       1.246483766404358E-033
   366.857626133461       7.291071207711456E-028
   366.926869531071       5.279920085731230E-028
   366.936076320839       1.566780086406707E-034
   367.236648952017       1.665190766188954E-031
   367.675369254143       5.230542528109940E-029
   365.925181863953       4.072492562782110E-007
   365.938534889061       1.972594535707297E-045
   366.027876867834       8.704185880166988E-037
   366.161517277439       3.334265121519543E-043
   366.178871981003       6.449818149635170E-010
   366.217451948569       1.101815599738193E-037
   366.262102837969       3.347687733042631E-022
   366.333655076180       2.451533945778985E-016
   366.590152533571       1.597755082294474E-011
   366.624189066755       7.142587829900540E-044
   366.721514356054       5.685898450437163E-015
   366.858206572108       1.199755994525852E-040
   366.927965570254       2.716116197535739E-013
   366.946022837244       7.258011781092574E-024
   367.247580116741       1.271853236475971E-018
   367.679703442394       2.697185066826258E-015
   365.988247076437       1.926003984086014E-042
   365.996830065707       2.489916690794947E-011
   366.079495259818       7.142828400987954E-037
   366.208715885637       1.282165658616387E-044
   366.209873760456       1.466273474009334E-009
   366.266105661960       4.406611378986915E-039
   366.291589390484       4.430223115508677E-022
   366.361399288440       1.643725315134623E-017
   366.615171872630       4.389741769452300E-011
   366.676603187206       7.768297116950338E-044
   366.756432997568       1.380007803216654E-015
   366.913769647721       4.712597359860620E-045
   366.963045947689       3.880937746089602E-012
   366.978270064334       2.589872904411048E-024
   367.278578586417       1.055395359512754E-019
   367.716833458977       7.477292739332699E-019
   366.042619551645       9.307656659080099E-044
   366.051483138817       2.853145641570372E-011
   366.133411582237       9.758092189272928E-038
   366.262993726427       6.163049184337818E-014
   366.263710966118       3.309477272789606E-041
   366.321206643177       2.201407319371060E-038
   366.346297812044       2.759772778056808E-019
   366.415859146854       3.343673430929677E-012
   366.670654859298       9.559324403386015E-016
   366.730777987735       1.955831705811200E-043
   366.810367353059       5.353790703348933E-018
   366.968147998932       4.230447780765781E-040
   367.016917617785       3.303919395321328E-014
   367.032767505965       2.315913035806805E-018
   367.333270573970       3.375876676824556E-015
   367.770675791378       5.169384715951563E-019
   591.595756890973       3.267697075977021E-037
   591.596560032655       1.576345753464386E-007
   591.688099180219       1.435071250183489E-036
   591.818032899185       5.373233753712269E-048
   591.827579577772       3.206045086841946E-011
   591.876136516828       2.527728693726657E-039
   591.908235310600       2.488384182831607E-023
   591.980211383142       4.440144889564780E-017
   592.235493060635       1.161113893698144E-010
   592.278525840550       4.152795602721514E-042
   592.365650171976       3.892508573884686E-014
   592.515012639979       6.685509559063951E-037
   592.572178977541       7.455496850385120E-009
   592.589376939455       1.427352029321905E-022
   592.891210255088       6.728643312270467E-017
   593.321971463715       1.612998327948306E-010
   1649.08787902291       6.600078433369850E-042
   1649.09698416649       1.247240700269221E-008
   1649.18491119386       4.040098275400059E-039
   1649.32035632758       4.426369800613035E-045
   1649.32056707157       5.921364910983688E-012
   1649.37956669165       2.288687784655728E-040
   1649.40217717344       1.913418658367026E-024
   1649.47514584631       3.752588613193428E-018
   1649.73849904362       1.370820475835525E-011
   1649.74549843496       1.703037601908529E-043
   1649.82444249909       4.403898214512598E-015
   1649.98070670123       1.210925033170466E-037
   1650.02374768037       9.847908288170100E-010
   1650.05858756382       1.163584808514867E-023
   1650.36230428267       7.334437707190172E-018
   1650.76347111820       1.018486381872336E-011
