                  1472
  -19.1417301953720       2.329450458264454E-041
  -19.0958081158825       6.200753554679350E-039
  -19.0915828090257       1.806820703189104E-042
  -19.0773610025062       8.974139044457902E-042
  -19.0469126422451       6.705541571720295E-039
  -19.0395075074072       1.879745028268026E-042
  -19.0170370954736       1.618946950266110E-037
  -18.9927747487963       9.882281737067605E-042
  -18.9055173073677       7.850249476155417E-038
  -18.4581284024084       5.817307601569321E-039
  -18.4152672143312       1.985313790801937E-038
  -18.3649190161033       9.411714872858238E-043
  -18.1915191010904       4.951303292720757E-039
  -18.1564024658615       4.425994535075738E-037
  -18.0738514540592       1.321240992415759E-040
  -17.4804457128657       1.291517036652373E-038
  -19.0800051225320       1.102777675907624E-042
  -19.0191571175323       3.208450691756830E-043
  -19.0040886085561       8.746185522157582E-040
  -19.0033808831363       8.749934665023797E-037
  -18.9580818085835       2.057395220892221E-036
  -18.9422758696220       6.994021533671422E-042
  -18.9203522767258       1.265790988244945E-040
  -18.8854149307869       5.319510892010419E-039
  -18.8092691055433       1.247951937835148E-041
  -18.4030709226062       1.970072770389025E-041
  -18.3678890361200       1.110578002292868E-042
  -18.2623179086832       1.670639164161591E-036
  -18.1183518373777       1.979159819881817E-035
  -18.0889234726826       1.996239013321606E-040
  -17.9850191242037       4.908932314960497E-040
  -17.4070907231586       1.824241448275033E-041
  -18.8677218997012       2.798978210076472E-041
  -18.8128468507202       5.874571887386699E-042
  -18.8074744309339       4.103156558809593E-039
  -18.7925914443174       2.153684790993378E-039
  -18.7462627664633       3.520730468996167E-036
  -18.7350020568680       4.897633832387884E-036
  -18.7298657233098       5.401720366417469E-037
  -18.7061194654250       5.358753057467671E-036
  -18.6196008852423       9.855519283135805E-040
  -18.2004023413653       1.460535001886166E-038
  -18.1520237504775       4.171740543064221E-036
  -18.0728782012202       2.866679636830988E-036
  -17.9168398969524       4.766583132646725E-035
  -17.8911604652228       2.628081415457878E-039
  -17.7945584676250       4.790970787112443E-038
  -17.2106355993256       3.813951365218061E-040
  -18.8345728440653       6.243208464947428E-040
  -18.8004826134069       1.122918215246578E-038
  -18.7882408560661       3.567191658222242E-038
  -18.7785950711402       3.454388648867567E-039
  -18.7427035951890       3.863907479249431E-039
  -18.7332825395190       3.721114566917261E-039
  -18.7199513209873       2.396723729084722E-039
  -18.7012374596589       2.268932565641282E-041
  -18.6206213209750       9.524711504138236E-039
  -18.1692163990041       1.086797430659581E-035
  -18.1216510283280       3.346643350058744E-035
  -18.0682390012160       8.308814370761298E-040
  -17.9055225830333       5.757482827311350E-036
  -17.8680335711100       1.067842990241334E-037
  -17.7939770415887       1.872816742872441E-042
  -17.2031580506961       2.179096697950670E-040
  -18.8264808545998       5.507584875526754E-041
  -18.7814991442234       3.457988221936459E-043
  -18.7635405756603       7.408335602469282E-040
  -18.7444869845327       8.993313373635725E-040
  -18.7196634254749       3.317007314350035E-037
  -18.7050560503246       1.757451257238790E-039
  -18.7019118907558       3.489678868240509E-037
  -18.6455693738047       3.707516660762106E-040
  -18.5562055841826       1.028719220882333E-038
  -18.1515494140966       3.717490984922474E-037
  -18.0909765270044       1.832920544477074E-035
  -18.0435426661275       2.881676829161494E-039
  -17.8713645095220       2.776501375857237E-036
  -17.8525301668534       1.699145909440813E-036
  -17.7290806450987       3.102202914720099E-041
  -17.1399449138168       1.794332192486244E-038
  -18.8594452174673       4.908490310982458E-011
  -18.8089946852013       6.967910887496678E-074
  -18.7944836671705       6.977616933713801E-015
  -18.7697323841189       3.841766252842487E-064
  -18.7337274324351       2.629804640017535E-011
  -18.7322042393019       9.850299617121578E-075
  -18.6978978466196       4.769337817288348E-070
  -18.6652685363977       4.884571381786887E-015
  -18.5897676161481       6.847447591257489E-072
  -18.1598879898067       1.820725650458280E-060
  -18.1249746067467       8.265471025117000E-005
  -18.0831688956489       1.969301379764119E-067
  -17.8936753702688       7.758846575818327E-005
  -17.8867222356761       6.573711884367907E-066
  -17.7704048750695       2.810053585117590E-071
  -17.1903224429661       1.320966308062382E-074
  -18.6855922022750       1.551637193915707E-044
  -18.6163198612468       4.993663102017767E-044
  -18.6013439362678       5.276793687552617E-038
  -18.5858391399888       1.214358406939679E-040
  -18.5563598307470       7.045612111894116E-036
  -18.5363563651000       9.890964611840457E-043
  -18.5059181139009       4.522656558225136E-043
  -18.4741510415072       3.668092279040643E-036
  -18.3826810471541       4.871887095086500E-044
  -17.9856814353698       3.932091809360350E-041
  -17.9631403599873       1.304051390036005E-038
  -17.8347677050249       6.998575819131543E-036
  -17.7059942472636       8.507033693328412E-036
  -17.6912997255133       5.988977408014961E-040
  -17.5560051845769       5.255172105261600E-039
  -16.9747565440623       2.225250936999178E-048
  -18.6574062709229       1.030661724984817E-046
  -18.5992830748311       3.676438597784051E-039
  -18.5900232028189       2.928044266999215E-044
  -18.5880379615857       3.695805418833613E-047
  -18.5526147259936       5.314969624725290E-041
  -18.5372668677860       6.603222737903988E-040
  -18.5331552279580       2.843824738557549E-044
  -18.5023290204132       1.791024694398383E-040
  -18.3979492789836       1.840604295334119E-037
  -17.9756200547311       1.260487037339121E-041
  -17.9408959266082       1.530792418000583E-038
  -17.8741401829113       1.072553920419564E-041
  -17.6978082873734       6.479291477559181E-040
  -17.6807412630692       1.249578444822366E-037
  -17.5738847394965       5.529158321238452E-042
  -16.9891238770883       1.249961629735732E-038
  -18.5934721597542       2.954938958503261E-015
  -18.5428111838415       4.283972242626420E-072
  -18.5235905109483       7.748009970481774E-010
  -18.5220331686997       1.962719326685049E-011
  -18.5074206790874       1.688912067835138E-064
  -18.4914805165331       2.988225181095219E-010
  -18.4646603063810       8.680027659943217E-069
  -18.4372857060556       6.913298364032462E-068
  -18.3622956679870       2.636777200159093E-071
  -17.9243456375467       5.050741470410932E-011
  -17.9066516702520       1.557641466824328E-069
  -17.8365218733354       1.663877202525204E-069
  -17.6509063532420       1.182990753050914E-009
  -17.6115119045142       1.826174208499861E-070
  -17.5391400762989       2.904147098033512E-073
  -16.9523260624990       3.812393288260282E-073
  -18.5588194075446       5.053236472601121E-048
  -18.5305311764685       1.072501620361413E-042
  -18.5014837635455       1.045914839739683E-043
  -18.5009894957667       6.706739602672862E-044
  -18.4580757383674       7.976909364574525E-041
  -18.4490956831307       5.164907725031157E-043
  -18.4245698235779       1.043574543749183E-037
  -18.3924740980590       1.651861607994707E-040
  -18.2941123160987       1.242108622458496E-037
  -17.8771473599421       1.182399511654988E-043
  -17.8386047643727       1.688298620966420E-039
  -17.7775057664380       9.833016618234613E-044
  -17.6164518149984       3.752350107166765E-039
  -17.5731308984465       4.563411184915493E-037
  -17.4699021936989       4.492276547659311E-045
  -16.8856024205324       1.288093492905675E-039
  -18.4748575229157       5.278509710725679E-012
  -18.4390429494765       6.152345374067286E-076
  -18.4245687215892       4.675091022302070E-012
  -18.4209351157632       2.878437595853966E-008
  -18.3903245995474       6.415491659890744E-065
  -18.3708867490141       2.219519671696529E-013
  -18.3563743984309       2.436065768516653E-070
  -18.3255489689066       3.616200669084389E-069
  -18.2304076682006       3.508427724882148E-072
  -17.8118251649634       5.619075446470610E-013
  -17.7811038145099       5.460841280109445E-070
  -17.7264988199251       1.219073537427232E-068
  -17.5387145107804       8.275866969138970E-007
  -17.5065652198758       1.814689105682339E-069
  -17.4088758611619       1.810243115520175E-072
  -16.8257645702223       3.665934175679017E-071
  -18.1927559119851       6.899598915841056E-044
  -18.1365966092514       4.475108637009418E-044
  -18.1146420289834       2.100835764202591E-044
  -18.1097529086896       2.721673066097379E-036
  -18.1071250703038       2.676313629277716E-036
  -18.0693498961789       1.164327196383002E-040
  -18.0569735055913       7.916687075532450E-042
  -18.0375679143769       2.227271155369177E-042
  -17.9509792100645       6.128925776304927E-043
  -17.5228342795479       3.142792882074742E-043
  -17.5001204012884       5.791295302734396E-041
  -17.4409436739386       4.569173316576817E-040
  -17.2225981458489       2.893992690664557E-038
  -17.2013481405099       5.752827063179745E-042
  -17.1201989026961       4.015210496464976E-042
  -16.5251281779843       9.036800628221432E-048
  -18.0930150939079       4.109976141371627E-044
  -18.0652256891578       2.245593799096103E-038
  -18.0492585807372       7.807674854888257E-040
  -18.0374016896598       1.483173833573752E-038
  -18.0065080181733       3.057514049164928E-036
  -18.0046086668316       8.731385486238711E-037
  -17.9832587835922       1.477638865906326E-036
  -17.9579164216216       2.115867965254390E-038
  -17.8676195803319       1.503777130760792E-039
  -17.4280581015158       1.012536465600112E-038
  -17.3966608019448       4.799558386484559E-037
  -17.3404223336595       4.687778742184875E-039
  -17.1678615378037       2.170975442704881E-037
  -17.1331068979389       1.821865544578199E-039
  -17.0455242386157       8.138605183275558E-041
  -16.4596076945053       2.309874673270732E-038
  -18.0670014687098       9.318599992118465E-040
  -18.0164273464693       1.249445828578282E-038
  -18.0112823721267       1.175421508072403E-036
  -17.9964293025059       7.299274110357822E-038
  -17.9523730958530       5.263759692498725E-035
  -17.9395062658907       2.697161132836805E-034
  -17.9379375445742       2.514014762689220E-034
  -17.9109136988346       7.673133426387702E-036
  -17.8281606944707       4.654564746721470E-041
  -17.4013236737560       1.703443673711037E-040
  -17.3538297922736       1.648856700105726E-036
  -17.2796616158021       1.804164642476198E-036
  -17.1216512540308       3.482454034215596E-035
  -17.0913675366207       7.922370658646090E-039
  -17.0039475623313       8.031592202205443E-039
  -16.4191662520726       6.439181651550948E-042
  -17.8550587388622       1.250020378833885E-065
  -17.8548904695276       8.497913972423796E-012
  -17.8345566377658       2.311799738708636E-008
  -17.8162099589668       3.521320598112256E-013
  -17.7815321259168       5.713186928227105E-064
  -17.7652634261680       1.390003969296231E-067
  -17.7480733936886       3.262844599426726E-013
  -17.7102182099453       1.238301107113929E-066
  -17.6047860589270       1.388126388343277E-069
  -17.1859764974661       1.693341866243895E-012
  -17.1598548310539       3.954842462632790E-064
  -17.1013919637515       3.373877164753488E-067
  -16.9454877348211       3.014214443929869E-006
  -16.9206519519534       4.792516333287031E-067
  -16.7905576333457       1.054027467425012E-070
  -16.2173997886913       5.196759760210001E-072
  -17.8753837728453       7.034423691775930E-013
  -17.8404688519290       2.373780365155268E-070
  -17.8032887509381       1.393811875440587E-009
  -17.7671518390733       1.670967588113708E-010
  -17.7660765172160       1.173772981519686E-060
  -17.7540342438279       1.540875176836073E-010
  -17.7427848565345       2.074186147521833E-065
  -17.7050894552339       1.024801108737674E-066
  -17.6044259947735       6.020166544132093E-069
  -17.1673726047563       2.244418849075870E-011
  -17.1657477018024       8.269444364899563E-062
  -17.0626234355051       1.940213341106679E-069
  -16.9295356766472       4.516851047640985E-008
  -16.9061547555328       2.082246153194570E-070
  -16.7807386520659       3.765052178257798E-071
  -16.1949917928550       6.697434990422518E-072
  -17.6896198587754       3.927898903694377E-042
  -17.6360564468945       3.929849751726754E-043
  -17.6347390592705       3.380180665496721E-041
  -17.6192714207909       2.111791595742176E-039
  -17.5813498756744       2.751696535293817E-040
  -17.5764040922237       4.215366308311186E-041
  -17.5688247355177       2.303122980176305E-037
  -17.5442006962585       4.431436832497845E-041
  -17.4574054787601       2.906196701811192E-039
  -17.0263738950122       1.004728845171115E-043
  -16.9820349617078       2.297007281495445E-040
  -16.9230716034248       2.194785651851906E-043
  -16.7438846764453       6.489404600263836E-041
  -16.7146116802013       4.524023220489161E-038
  -16.6343361629186       5.224407150839870E-045
  -16.0481340715814       2.011702181057018E-040
  -17.6321372670779       5.404801939398496E-041
  -17.5714174800730       2.841234934471513E-044
  -17.5631821419819       9.409850592508682E-041
  -17.5555370757432       1.545069896241034E-037
  -17.5192043667555       1.977622509456563E-036
  -17.5029219912066       8.804084685840561E-041
  -17.4956992779030       2.352940328926974E-039
  -17.4675710549847       1.665808579593188E-035
  -17.3740462853973       3.109484929833415E-040
  -16.9580079354899       6.391858191174654E-038
  -16.9218354725102       2.419395850293843E-039
  -16.8446272409995       2.356590672190628E-038
  -16.6729470849686       3.007982044406420E-035
  -16.6477953242037       5.084630988208636E-041
  -16.5484340953712       2.293027463405622E-041
  -15.9611557999909       1.779040399786861E-043
  -17.6782356309113       2.056111568647771E-045
  -17.6279099820500       3.416665938134239E-040
  -17.6133765059221       7.869046731849707E-041
  -17.6078601392841       4.259048917499438E-043
  -17.5597298741244       2.706115370978676E-038
  -17.5552100137640       3.665206442775187E-041
  -17.5525529688803       3.940598383796932E-038
  -17.5335057632658       3.634140101544088E-039
  -17.4324712236509       1.490369531433489E-037
  -17.0011590839681       3.112986618676431E-038
  -16.9544035550671       1.161089892799767E-036
  -16.8849638954092       8.156287507345155E-042
  -16.7299431894245       5.552531355665652E-037
  -16.7136439194027       2.528959249139926E-038
  -16.6070016619934       2.416953176820896E-043
  -16.0195967364162       5.898235864701374E-039
  -17.6530294928665       1.320296647879072E-040
  -17.6481714258962       4.854291227865212E-038
  -17.6319117544792       1.442070388828755E-039
  -17.5925927910017       1.984052259625278E-041
  -17.5762933162150       1.126086186831044E-041
  -17.5712614507527       3.735844415956736E-041
  -17.5312965283661       3.131084473717951E-040
  -17.4980826925739       2.989385706934913E-040
  -17.3791907585637       4.788867535724522E-040
  -16.9626084444190       1.782481952592432E-038
  -16.9424244130949       5.145926262235234E-037
  -16.8664115930081       1.615545699330097E-039
  -16.7292711196255       9.598939655225287E-037
  -16.7260140222975       8.096814230787516E-037
  -16.5587160168393       2.853052085745284E-045
  -15.9762054631959       1.010982898185677E-039
  -17.4005118650524       1.690896499571184E-041
  -17.3385015130537       3.940573952203693E-043
  -17.3271619259007       2.569757973510314E-038
  -17.3107717987034       2.427398045906861E-041
  -17.2724815625049       5.185044619814405E-037
  -17.2697302830557       2.864910259644202E-041
  -17.2428734653131       7.877470945819923E-040
  -17.2261314042973       1.444654053451168E-035
  -17.1193375537304       3.564806758892914E-041
  -16.7062649230414       3.408130088715893E-040
  -16.6801980496004       3.044249694588153E-043
  -16.5710065609955       8.459390734603841E-036
  -16.4315426251910       3.908205923716941E-036
  -16.4282590463248       5.827277845707080E-042
  -16.2915461041237       1.277411131463282E-039
  -15.7047741546027       3.833557199502936E-042
  -17.1206170414228       5.924254012707865E-041
  -17.1055449041051       1.475192475442981E-039
  -17.0783788027927       1.071611703520480E-038
  -17.0386157295857       3.935113120904016E-041
  -17.0065646883950       9.283977264552254E-037
  -17.0061885781844       1.340547620812329E-035
  -16.9967029430679       9.281895405855590E-036
  -16.9542627976061       8.834925509334343E-039
  -16.8338912079298       8.392250310914045E-037
  -16.4062535060016       1.258631150629723E-036
  -16.3583252837766       3.322282879144910E-036
  -16.2792555819739       1.532087889434027E-039
  -16.1706803040147       2.321330222969232E-037
  -16.1524868332733       4.215509098738824E-036
  -16.0015196937414       1.882292063626689E-039
  -15.4099480368188       8.370014044256529E-038
  -17.1922235726485       1.500665134958003E-008
  -17.1566715972250       5.405507187090401E-077
  -17.1128066287417       1.144273886508864E-015
  -17.0445096696982       1.273733335862103E-062
  -17.0356583144397       5.215251789148923E-071
  -17.0155750910880       9.690161998633150E-009
  -16.9871735009571       1.850891806137993E-069
  -16.9289286455623       2.182499566062518E-016
  -16.8641093966114       7.030286750180901E-075
  -16.4476361517409       3.151438472678063E-065
  -16.4241112466013       2.358797701266326E-004
  -16.3534113697353       2.271669281478897E-066
  -16.2086148921002       5.612123799400826E-004
  -16.1994052122050       2.701067273760901E-067
  -16.0588691528876       2.337720427618954E-071
  -15.4944390038079       5.804604762117842E-074
  -16.4049117443481       6.853187529567568E-040
  -16.3568896463631       2.547239938134380E-037
  -16.3548927973596       1.039336894397269E-036
  -16.3358002739644       5.304450046773481E-036
  -16.2993646171371       3.056399657643050E-035
  -16.2778543631221       2.151944760146119E-034
  -16.2731171960199       1.980870717794516E-034
  -16.2491712755125       6.715855989229698E-036
  -16.1749572096549       1.317446450421173E-038
  -15.7351600442267       1.301253461917532E-037
  -15.6887368770277       5.751629369856549E-036
  -15.6107552168060       3.825482027912174E-035
  -15.4639484260694       1.749871193225766E-034
  -15.4374964052066       1.671040045190863E-037
  -15.3500956818996       4.396460387304294E-037
  -14.7637672735945       5.425962772847931E-041
  -16.2728755174359       7.260823750782319E-013
  -16.2374693662396       3.224746211979828E-019
  -16.2196069680740       1.392776757981912E-069
  -16.2086302127432       2.318735484527926E-007
  -16.2075374679460       5.371125740369595E-058
  -16.1894787043423       2.357445857349697E-011
  -16.1601736689101       3.429163137671403E-075
  -16.1479531447132       3.274785532195640E-067
  -16.0768279234744       1.687822873885984E-071
  -15.6199263500144       2.976456344390313E-011
  -15.5934408590061       7.616057128649767E-068
  -15.5559127326137       2.110875496604232E-067
  -15.3372803936985       9.038034529351825E-009
  -15.3042347695774       2.394852948356231E-072
  -15.2494549333771       6.641414380363144E-074
  -14.6518646685481       3.897152977314302E-072
  -16.3415486319131       2.709559801991002E-040
  -16.3320414269236       5.124593433853080E-039
  -16.3136863461887       8.622094830292812E-037
  -16.2966103226650       3.723061339334552E-041
  -16.2702791361002       4.510378951595188E-036
  -16.2614493396662       1.189390228055952E-035
  -16.2459187181065       1.445769958399791E-036
  -16.2196537627932       2.798642791872496E-038
  -16.1340148952464       2.573362724291058E-039
  -15.6850824866361       1.863018210300530E-037
  -15.6477581972757       4.428121813920765E-035
  -15.6009478209422       2.402717275252306E-039
  -15.4369491679288       3.938883522874562E-035
  -15.3979395253202       2.516069590418253E-037
  -15.3147272640025       3.345743371540056E-040
  -14.7322037717575       4.020411330230262E-038
  -16.2830795672357       6.083903873110904E-041
  -16.2407197371594       4.460265209270053E-041
  -16.2308076968360       2.033585971994296E-037
  -16.2156866604891       9.401111185928907E-037
  -16.1982469593662       2.874262503346703E-037
  -16.1811782114883       1.490483872740122E-038
  -16.1762151087687       9.639671718662957E-038
  -16.1383464421346       9.842033017510468E-038
  -16.0574347720735       1.062537833147090E-038
  -15.6297128497803       3.908274242669801E-039
  -15.5841544307400       8.813950185498451E-037
  -15.5488601648799       4.790463747115899E-039
  -15.3448101506592       8.286203901498246E-037
  -15.3156157279696       3.342020769020775E-037
  -15.2409285833297       4.521395202543704E-042
  -14.6606952797898       4.168800731006599E-040
  -16.2421815133204       5.747714796045353E-018
  -16.1999650438283       2.881897542459789E-067
  -16.1904823429031       6.791624282419330E-009
  -16.1869497193054       1.629742965942037E-009
  -16.1656713806919       1.092277846940032E-058
  -16.1580625817478       3.101560889287327E-009
  -16.1412072764824       2.215035324972560E-065
  -16.1115044148195       2.127891306624668E-063
  -16.0414363981705       6.333253205622586E-068
  -15.5849046543105       1.261229671296343E-013
  -15.5648392638831       2.814865524578102E-067
  -15.5064922298817       7.365793186343532E-066
  -15.3192895631568       2.247695003778882E-009
  -15.2810199094838       3.333531969137480E-068
  -15.2253784782697       4.865397331482712E-070
  -14.6412092204802       6.680545566694653E-072
  -16.0322809223866       1.680388803886985E-042
  -15.9898241564382       9.984016380347178E-042
  -15.9652352152658       1.835212831781708E-036
  -15.9618450990256       1.223441651961370E-040
  -15.9578218572186       3.244877068788820E-036
  -15.9313762171825       2.953905752705864E-040
  -15.9151825223436       5.429193469375205E-042
  -15.8969499800258       1.313853279429751E-038
  -15.8239393034706       1.031863415828197E-042
  -15.3759125797153       2.744156202718512E-043
  -15.3553658460226       1.884725630744403E-044
  -15.3101654532754       8.398951381748835E-037
  -15.0806076917628       1.618519241129435E-036
  -15.0524589930897       4.221518579364203E-042
  -14.9985324793205       6.372295167639941E-039
  -14.4033727142205       5.356012029744248E-042
  -15.8838187244779       1.509952838505703E-043
  -15.8433200972490       1.997321310672661E-042
  -15.8120006791947       4.946912292085506E-041
  -15.8103739947595       1.571212761494274E-036
  -15.8067643028361       1.875770454604905E-036
  -15.7796687112626       1.276819671919281E-039
  -15.7669169279862       1.412545221589964E-037
  -15.7543462334029       5.307826067084813E-038
  -15.6832893097946       7.116443437393698E-039
  -15.2218926865689       1.417147898648961E-041
  -15.1969229235879       1.253291072744295E-039
  -15.1478605941308       1.625564510875009E-041
  -14.9310796948515       7.419168622259847E-040
  -14.9102032691288       1.025892997469493E-038
  -14.8518941078660       1.229310748293421E-043
  -14.2505990679477       1.284053120873501E-042
  -15.9465709492311       7.139935522644892E-011
  -15.9335342305831       2.953863993032852E-067
  -15.9185705327002       7.167221368045786E-007
  -15.9061011858267       3.103077235427756E-012
  -15.8712625505458       4.479286226408447E-063
  -15.8622860906807       4.618464585336536E-013
  -15.8574198116833       1.049776605224289E-066
  -15.8179417510751       2.131968665009370E-065
  -15.7271288302683       5.488846813717153E-070
  -15.2908844157681       1.927203883624290E-008
  -15.2605630857444       3.450740166234064E-064
  -15.2124102452724       5.804286625817391E-067
  -15.0403939236373       2.079459875749560E-008
  -15.0044710321464       1.819377019131565E-068
  -14.9141648922185       7.267626907334460E-070
  -14.3404653800607       2.208423365955692E-070
  -15.8206949457283       3.440016814107857E-017
  -15.7761061699777       1.131513561326291E-012
  -15.7639614195000       2.236752996918058E-069
  -15.7499590912271       9.787219933837464E-063
  -15.7458213754131       2.991516700459167E-009
  -15.7308640390730       3.376257246311198E-009
  -15.6933846793323       1.846852584757767E-068
  -15.6793965993523       9.160399730625813E-068
  -15.6165410969908       8.536327711590917E-071
  -15.1610783948574       6.310555036300377E-015
  -15.1360571099013       1.084453788467141E-065
  -15.0876570202682       1.864282291371517E-066
  -14.8800439250405       5.241201261752328E-010
  -14.8397960453101       1.546571215136502E-069
  -14.7891189013654       1.260655593689774E-071
  -14.1904597347236       9.887182822955655E-072
  -15.8670342444281       1.748816559751303E-038
  -15.8412095400792       1.803988291300894E-039
  -15.7982002095660       5.470967270335125E-036
  -15.7963908734180       8.330219064738532E-035
  -15.7932414453636       1.048503195098726E-034
  -15.7686049254975       1.009956510947349E-038
  -15.7647930487079       7.940249442965775E-040
  -15.7490208774038       1.820207680561163E-036
  -15.6890372840721       9.129573906708437E-041
  -15.2162792897445       1.231787641116948E-041
  -15.1849501976555       2.155374213061569E-040
  -15.1447811543698       1.172879217726313E-037
  -14.9269070546691       7.579660868888180E-037
  -14.9039600767012       3.484649133901078E-040
  -14.8653190882233       9.475956927445888E-039
  -14.2647498024464       1.453236941681142E-044
  -15.6110606522324       1.066329132091624E-041
  -15.5618927896538       6.291934738231458E-040
  -15.5517930517397       5.170887076518459E-039
  -15.5447942526119       2.007138727092908E-038
  -15.5260207919816       4.895046408807342E-039
  -15.5075031091699       7.898207536805638E-039
  -15.4991885366074       1.000074948737313E-037
  -15.4764162682082       7.916490720304164E-040
  -15.3925688120917       4.054287999634708E-038
  -14.9516010721873       2.655686339426571E-039
  -14.9213849965989       9.554634905119946E-037
  -14.8698583759389       6.916932488853353E-039
  -14.6665263686746       8.536291411374271E-037
  -14.6413722678008       1.778766361455503E-037
  -14.5696864122631       5.027455878618148E-041
  -13.9817515416228       9.117118818832544E-041
  -15.4921827498642       1.738665868081771E-012
  -15.4414224740519       1.572704967799542E-008
  -15.4406272486746       1.592238478676827E-063
  -15.4277452671144       2.588169753038354E-007
  -15.4241436515840       5.726672917732061E-062
  -15.3988316465068       5.932308700521585E-010
  -15.3756119181998       5.797171699857962E-064
  -15.3563768525006       6.617879665302856E-065
  -15.2815636165665       3.761528659105997E-068
  -14.8254816486821       1.438321780959014E-011
  -14.8098069082088       1.674103620978508E-066
  -14.7567084330181       1.318657844783276E-067
  -14.5535093919706       6.847339844831880E-008
  -14.5169500553663       1.834717478769469E-070
  -14.4592889385745       5.865573865017377E-072
  -13.8634965666389       6.424152868190587E-071
  -15.4922910617640       2.342701245044277E-011
  -15.4671097951379       1.996001309845062E-067
  -15.4603503077951       5.099177372951506E-012
  -15.4542469328096       8.847457753688884E-007
  -15.4285905131752       2.013353127646460E-064
  -15.4101974416364       1.477015080257291E-009
  -15.3969973084150       1.970623073302976E-066
  -15.3673270757250       1.684042473499287E-064
  -15.2856164026608       7.038936709324919E-071
  -14.8356694406666       3.212827629566979E-009
  -14.8085857162028       6.192069781678555E-067
  -14.7705302637985       1.103325941218805E-065
  -14.5751712246603       3.171383984681982E-006
  -14.5401567424017       2.955159347530738E-069
  -14.4649369902172       6.868315702450815E-071
  -13.8765966612580       4.844282444885007E-073
  -15.6275600117831       3.010009395840824E-040
  -15.6043388078729       4.607966770107849E-036
  -15.5652558655827       1.097807357121750E-038
  -15.5383981962393       7.731626433355989E-040
  -15.5323386863139       2.547486689900746E-036
  -15.5203420480088       6.069392801646261E-037
  -15.5027465517750       2.948644033007299E-038
  -15.4398561056417       2.409699143852426E-036
  -15.3388715139354       1.752786111457289E-037
  -14.9300455791185       1.660546190423423E-038
  -14.8832925363817       1.226058627076232E-033
  -14.8157763065912       1.567528500054178E-036
  -14.6939281788454       8.020485174665075E-034
  -14.6847947959717       1.075362823129465E-034
  -14.5304406747723       7.835397726058158E-041
  -13.9629010438043       2.410597376401234E-046
  -15.3953631294803       2.938896310522554E-041
  -15.3440983560065       1.910883010187945E-040
  -15.3336386836104       1.205982895146729E-038
  -15.3203651698311       3.868734699687377E-035
  -15.3096754418206       1.753814056906154E-035
  -15.2861233290104       3.842300941942222E-039
  -15.2673414629886       2.389135625972896E-038
  -15.2488430895598       3.518273337212538E-035
  -15.1784140558823       1.376953034097660E-041
  -14.7298527117896       1.193486091924967E-039
  -14.7015072637521       1.262633082775857E-037
  -14.6385803329297       2.793819651291387E-036
  -14.4467147706581       3.983813690640617E-035
  -14.4183536187488       4.441490087853065E-039
  -14.3478681700717       1.915361804879112E-038
  -13.7512144776859       1.764824357484430E-044
  -15.3393294942530       2.519251751743748E-011
  -15.3190939575984       1.721923446892909E-069
  -15.2868141234514       4.131085683668820E-010
  -15.2676484026432       6.771035530033282E-010
  -15.2511775015896       3.688591662514290E-008
  -15.2450785996290       1.126434382239739E-061
  -15.2190509516946       1.023455934013959E-064
  -15.1962966763233       2.156112718259826E-065
  -15.1097586837562       5.968940583182911E-070
  -14.6630463351459       2.282273341926593E-010
  -14.6413525818847       6.915435989451979E-067
  -14.5717987043805       3.137883692127433E-067
  -14.4189981159229       6.566585312192484E-009
  -14.3802519684614       5.468830924979776E-069
  -14.2880435977171       1.039325407412600E-068
  -13.7012497484438       3.279027453559659E-071
  -15.2247034443373       6.987688935028925E-040
  -15.1968205727904       1.478925573596448E-037
  -15.1686875019803       2.443245164018450E-036
  -15.1542430958958       1.156520745782148E-039
  -15.1478505849938       2.029893864915830E-039
  -15.1433624080695       1.560292022482540E-036
  -15.1120851083826       1.038394100299559E-036
  -15.0872945700157       4.385245444570625E-037
  -15.0189444442012       1.383956203966870E-037
  -14.5514799530199       2.979872332202057E-037
  -14.5356782462864       9.763228146199295E-035
  -14.4692503431461       2.421463141001723E-043
  -14.3072850053329       1.224154141315673E-034
  -14.2652490015444       4.081745376270639E-038
  -14.1964308502043       5.466867594099249E-045
  -13.6084228253324       8.841688133336276E-041
  -15.2005128228041       8.057770961950585E-010
  -15.1841659456954       1.609420719725571E-069
  -15.1570484319059       1.124990329728217E-007
  -15.1553069247424       1.886465588702186E-007
  -15.1184943155127       3.411395308840748E-012
  -15.1156797979609       2.776432830288455E-061
  -15.0877399251832       9.135963850696921E-066
  -15.0609897813420       6.651017421748737E-069
  -14.9804251165491       3.152422417376535E-070
  -14.5480861683102       6.999475642517212E-009
  -14.5137997001204       1.634211671839355E-064
  -14.4662707585539       1.408109035599755E-068
  -14.2909379777107       7.984934408535877E-007
  -14.2379334336251       6.085996820392521E-069
  -14.1683119334463       1.194383200665045E-070
  -13.5916427105509       4.128274107751613E-072
  -15.0756562437084       3.713713754052764E-041
  -15.0287919155435       2.678209151200580E-041
  -15.0137815347891       6.254479232846374E-042
  -15.0037528754880       5.836799844542898E-038
  -14.9816745302210       2.252373958135500E-036
  -14.9673392872091       1.914567446761985E-040
  -14.9604993288425       3.808062341678758E-039
  -14.9421318584479       5.444012413180113E-036
  -14.8600281161740       4.548240864191709E-040
  -14.4141023724392       6.516794110571056E-041
  -14.3771927567966       1.342787734193744E-037
  -14.3250047695155       3.850983850281088E-036
  -14.1289186981698       1.164815029553513E-035
  -14.1064826730435       1.096824366395048E-043
  -14.0341136022435       5.342882328428957E-039
  -13.4426803497294       5.615569252728057E-044
  -14.8446647866928       2.173006750283568E-044
  -14.8024019712068       8.878327975210322E-040
  -14.7862699651817       1.505074927018099E-038
  -14.7801164807208       1.118775680840537E-036
  -14.7757465573965       5.294594595002699E-036
  -14.7556790960536       5.153134753961188E-040
  -14.7278754248502       7.534566687598374E-037
  -14.7132035558222       1.746655831156160E-038
  -14.6430286083194       7.168509272694878E-039
  -14.1851125447291       7.942510141244082E-040
  -14.1652193216385       1.124001865236414E-035
  -14.1212420241165       8.714473534946027E-038
  -13.9030835442772       1.007748376464720E-035
  -13.8695189476739       4.409319539695739E-038
  -13.8156508924823       2.627734288619038E-041
  -13.2178898593444       3.089056860465255E-040
  -14.9045115705689       5.232882224344033E-040
  -14.8582007668355       2.679348596026564E-039
  -14.8465573039150       2.277025067969741E-041
  -14.8354818089899       1.950410965115345E-037
  -14.8107795482656       2.848820122357460E-036
  -14.7997625088914       2.286894756002144E-037
  -14.7920862825386       1.340369526004622E-038
  -14.7769043018908       4.562583633628207E-036
  -14.6938602846417       7.214396933762601E-041
  -14.2414816936917       8.641048816636619E-040
  -14.2052187101204       1.370024666470683E-039
  -14.1529956215260       1.964819491627874E-039
  -13.9605879792486       2.463508255856272E-037
  -13.9414087944016       3.086745396267953E-040
  -13.8647668695405       1.177627894968478E-042
  -13.2700856420398       9.804181256952173E-042
  -14.6466293404865       4.178731980916835E-039
  -14.6006294012644       3.582002609475260E-042
  -14.5812573241591       3.687917989884671E-040
  -14.5767715554460       1.919572971551670E-033
  -14.5688772236346       2.091919653588368E-033
  -14.5439243853397       7.587814991316145E-039
  -14.5330681043834       2.451492540784735E-041
  -14.5099930099173       1.947008234548344E-036
  -14.4347987900388       1.077752821131865E-040
  -13.9907108583097       1.189130474743623E-039
  -13.9645429472874       3.947398779015538E-041
  -13.9145818252550       4.845168300324826E-037
  -13.6994069719777       5.644806091892285E-037
  -13.6698771682302       2.768069388792544E-040
  -13.6129039797209       1.352582477095486E-038
  -13.0225259265603       3.646650424471502E-042
  -14.5952875988918       1.025645532791049E-045
  -14.5521797584460       3.609534568186324E-041
  -14.5375057368919       1.090210817804404E-041
  -14.5305147256411       7.257148172561242E-039
  -14.5174690982274       1.655920737067712E-039
  -14.4989872371937       3.268802150741284E-039
  -14.4876267960510       1.902149869894822E-038
  -14.4705565255546       3.006785729290716E-040
  -14.3887796112089       2.514495345949230E-038
  -13.9382814529504       5.773008764710129E-040
  -13.9087905602344       1.463632210249649E-036
  -13.8642672057710       6.859391684545768E-040
  -13.6554430602430       1.670986130686524E-036
  -13.6345608147628       1.139118972234727E-037
  -13.5638509030959       2.668108456967018E-042
  -12.9726609422400       1.443219088364236E-039
  -13.8138708463261       1.772467034916614E-041
  -13.7740584651540       1.105989405323981E-037
  -13.7702509636331       2.493322801621716E-037
  -13.7591790272219       1.086175029822856E-036
  -13.7262333468998       9.259919380255383E-036
  -13.7261820410137       3.395713700180988E-035
  -13.7056218995493       1.014330521245990E-034
  -13.6819915850367       9.687074991876930E-040
  -13.6050336115452       8.981849608878202E-037
  -13.1497185642971       4.337979376551890E-039
  -13.1107458414271       6.145897349011175E-038
  -13.0618493711382       1.409031277781918E-037
  -12.8860951616079       1.312782039136621E-036
  -12.8464502156514       2.416512043997361E-038
  -12.7859026004784       4.878429702001040E-038
  -12.1985939870050       9.520148357250113E-042
  -13.6251114232288       3.808611092960692E-041
  -13.5768554902261       6.392005435836407E-039
  -13.5711310710730       3.092765462162447E-036
  -13.5615594942952       2.242088515544087E-037
  -13.5371394663558       9.106141448792388E-036
  -13.5257509882775       1.310499887960347E-036
  -13.5068064780171       3.553108675269717E-036
  -13.4869784525778       1.304923519195871E-035
  -13.4076311688472       1.049052403692340E-039
  -12.9598075586316       7.808590724980892E-040
  -12.9318382946646       2.979980736935917E-036
  -12.8685400926017       1.393324194386705E-036
  -12.6896833160400       1.204694177504695E-034
  -12.6607938756495       1.581627344187166E-039
  -12.5833802034967       1.851572026520648E-037
  -11.9928961505456       2.897553063916856E-041
  -13.5681546432534       2.330881319036909E-042
  -13.5363679991766       2.902433797091583E-039
  -13.5161912583243       4.506405267620552E-040
  -13.4693919722669       1.603634716646339E-042
  -13.4560278058060       8.698885071207030E-041
  -13.4369185162097       3.331266605947867E-039
  -13.4360884595272       1.165591424587636E-040
  -13.4005668608729       2.742053025403158E-045
  -13.2683466074112       2.533214367465239E-037
  -12.8511293353079       2.433320307091762E-038
  -12.8135635234992       3.031041965316431E-037
  -12.7192365260272       5.625788952371760E-041
  -12.6090035642433       1.976972851388718E-035
  -12.6078375518104       4.094716436025330E-036
  -12.4410562945987       1.963306790517614E-041
  -11.8518269695793       1.385382317021289E-037
  -12.7066040721164       1.832172218590326E-077
  -12.6968319078084       1.190972096802207E-008
  -12.5973804802173       4.467073716152144E-016
  -12.5498670067124       1.088859516090295E-007
  -12.5046132308903       2.466658326993414E-073
  -12.4954236039423       8.560608421867348E-065
  -12.4405705713377       3.066730236629008E-016
  -12.4372480065539       6.912689340634046E-069
  -12.2928661604007       8.355119327728711E-072
  -11.9372832433805       9.540627870017266E-005
  -11.9147813650461       4.550230858637253E-069
  -11.7990722241664       2.493419976587483E-065
  -11.7283064756977       1.207274177627406E-003
  -11.6755797936521       1.063934288335299E-070
  -11.5026867539609       6.738897508327982E-070
  -10.9536415670539       5.328190907811916E-072
  -11.7279731268938       9.303352603504607E-039
  -11.7158581754286       4.305615400454831E-040
  -11.6889506090295       3.422187807465127E-040
  -11.6386754692444       2.074015392673949E-039
  -11.6249739564677       9.276118143696150E-037
  -11.5925341097120       7.510662763912490E-038
  -11.5912350549204       2.081146877100011E-037
  -11.5226645693779       7.329912551953198E-036
  -11.4061035831296       1.710394126317380E-040
  -11.0431192100298       4.962449926086829E-035
  -10.9885872253973       1.397026091203219E-035
  -10.9101159836921       1.245509080175598E-039
  -10.8121522272073       1.301012192430546E-034
  -10.7685087247270       4.994279262861455E-037
  -10.6207820846479       1.204688129052700E-038
  -10.0803944551155       2.258118736807215E-039
  -11.4489934047800       5.533147364919604E-040
  -11.4200735053243       2.649220557131496E-040
  -11.3935660576538       9.756177051434214E-039
  -11.3864186844061       2.240784430219884E-037
  -11.3272677109775       3.645143719044268E-036
  -11.3186239561502       2.207419921939729E-035
  -11.3141157367918       6.951404489715711E-037
  -11.2743917753038       1.755370813429968E-035
  -11.1992473494814       2.014608682654075E-039
  -10.7771109299631       1.455883379366188E-035
  -10.7242566311231       3.211564633035255E-037
  -10.6316968106809       1.226373671686900E-037
  -10.5207969685052       1.010126057898024E-035
  -10.4868464508373       1.013937080892879E-037
  -10.3815949999623       1.484178637480675E-037
  -9.80502287382918       5.803883557463577E-042
  -11.4338864037273       1.012496084647272E-068
  -11.4019341731021       1.192791061619365E-006
  -11.3793124145480       4.426596087143318E-009
  -11.3290583314034       3.899549177580214E-014
  -11.3126912461366       3.028157593324836E-066
  -11.2767450301530       2.767445808261950E-060
  -11.2359867325769       1.617457020751297E-013
  -11.1909263900823       6.005482482994888E-062
  -11.0533220513158       9.340669930256673E-069
  -10.7034030245652       9.948868719721749E-009
  -10.6651384336613       6.363572616950824E-064
  -10.5682233033720       9.781964214114074E-066
  -10.4968614951604       1.820120540930239E-005
  -10.4647024103603       2.847951155421153E-067
  -10.2712155265211       3.449093331540146E-072
  -9.73442932802732       8.899056837496588E-071
  -11.3899406498402       7.394815832191215E-070
  -11.3831699222414       8.941370550524018E-011
  -11.2934906620728       9.930093676809305E-009
  -11.2758517717589       3.164577735972970E-009
  -11.2356314226322       1.531219050788780E-010
  -11.2302230281253       3.029587550268321E-061
  -11.2103699403820       5.058418893398822E-066
  -11.1625007778575       1.420897128250216E-062
  -11.0755193123742       6.077340149082962E-068
  -10.6630661996577       1.366904990721075E-010
  -10.6355069443946       2.325711003556414E-062
  -10.5207714260876       1.322511872623046E-062
  -10.4558411553651       4.051430479881593E-008
  -10.3940468875497       3.024237465050330E-065
  -10.2643271620397       1.648651014349250E-067
  -9.69063198716430       1.280461990608004E-070
  -11.2051114500568       1.560896104356562E-042
  -11.1522876377501       3.877871474859347E-039
  -11.1163476167697       7.951337163565439E-045
  -11.0927559498891       8.721133310664581E-038
  -11.0867835335226       1.431923281758482E-040
  -11.0505952706402       5.667680029012987E-039
  -11.0347205592249       9.315110205200697E-042
  -11.0082693238559       9.330699640916502E-039
  -10.8844485480808       3.114376991686915E-037
  -10.4941427325567       7.491928948536827E-040
  -10.4477722749099       4.645659075700037E-035
  -10.3439199207818       1.420520173713873E-040
  -10.2504763220929       2.464274092228782E-034
  -10.2399013077952       7.554178504978043E-035
  -10.0800209222864       1.046857622589290E-040
  -9.51533141015101       9.186276545719572E-043
  -10.9337277607166       7.092816376364842E-039
  -10.9099991844373       6.772358743500136E-042
  -10.8738282858634       2.783441220991019E-040
  -10.8197896732789       3.016691421738312E-042
  -10.7847364335251       1.051786995515177E-037
  -10.7699748743913       1.383871053926733E-040
  -10.7550430348762       1.048227952521568E-036
  -10.7212024847641       1.492486106176183E-037
  -10.5827466513541       1.933120034514353E-037
  -10.2139315828415       6.320791786767949E-037
  -10.1735880423496       2.280743942586485E-035
  -10.0678024663571       2.127047579944223E-038
  -9.99645649454951       3.477714538005329E-035
  -9.95254912367596       1.808764011191733E-036
  -9.78561017118511       1.305941679752330E-041
  -9.22807479042813       1.774306918503151E-039
  -10.6323157649805       2.759604068341557E-037
  -10.5878098922577       3.282095795901543E-040
  -10.5667558618017       1.345244407917786E-035
  -10.5312031613782       2.862419968027994E-039
  -10.5064395710259       1.797523799479126E-045
  -10.4759884557817       3.482354056013814E-034
  -10.4640252795048       9.908228906099048E-037
  -10.4513109790164       4.924209833005667E-034
  -10.3264207485504       2.100162262351314E-041
  -9.92626205024815       1.986840216800613E-036
  -9.88833797428052       8.540827740683434E-041
  -9.76605322310304       4.341907891167414E-036
  -9.67441859452634       2.558162861865227E-039
  -9.66976390804079       3.895989887586476E-037
  -9.50374567736074       4.083075241175825E-038
  -8.92004483290228       1.602426636701186E-041
  -6.21810097997026       1.217134069312470E-043
  -6.20478224007810       2.079117020752704E-039
  -6.17361935480938       5.027369842471078E-039
  -6.10067372754697       8.323563466791857E-042
  -6.08802538363558       1.164124439960762E-036
  -6.07025353076401       2.348227840653551E-039
  -6.05707820602522       2.704629093217140E-036
  -6.01784503558987       2.107759919344621E-038
  -5.86456094176763       7.183237892901385E-037
  -5.48983664119327       1.201426812165398E-038
  -5.44682540099336       9.130379487220367E-037
  -5.32765383533535       1.840868748239736E-038
  -5.25957976580809       6.113020118338759E-036
  -5.23978192466459       2.883066352608698E-036
  -5.05199414930674       7.817712616229590E-039
  -4.48022202081557       2.280636811263450E-037
  -2.84832748914891       4.838783981861230E-072
  -2.81466941078726       1.589180730062817E-007
  -2.80278601795947       1.192493251702121E-006
  -2.70730905141395       5.765889815213892E-014
  -2.70647431016079       4.321243572061912E-068
  -2.64777034979329       1.202322616865893E-060
  -2.63134560109716       2.556248469295580E-013
  -2.57452355110472       2.814437440590327E-062
  -2.39869759198345       7.468397178405057E-070
  -2.11992757914632       1.183324349776258E-009
  -2.07225590605763       4.727602321251054E-067
  -1.93638921556585       2.242140228391126E-064
  -1.88909732833783       2.475734069361677E-005
  -1.84999054880301       4.287442397079635E-071
  -1.62770857445588       2.807385952702293E-072
  -1.09979471015448       1.106315774372178E-068
  -2.81402978623823       2.006168080752227E-075
  -2.78903220983129       9.737028862751800E-011
  -2.70968333512196       6.856481835622139E-009
  -2.67825681719323       8.078584949283232E-010
  -2.65522642143414       9.025267724530644E-010
  -2.61257720804861       1.421083929493647E-058
  -2.59135655413989       2.904977151561358E-063
  -2.55031075954608       1.343198141312646E-060
  -2.45012217608556       1.322397321178966E-068
  -2.08913025332378       1.575577769785925E-012
  -2.02949351157701       1.495789667104822E-064
  -1.91951831117902       1.550392765826376E-060
  -1.85811013879963       6.795828874763574E-008
  -1.77964002967125       2.784151830450047E-067
  -1.63943950725480       4.805555348657360E-066
  -1.06629969676064       1.672292531225644E-069
  -2.64991195910349       2.859811399929380E-038
  -2.64285953029358       2.652587634619864E-036
  -2.61738129191687       8.296216202564542E-039
  -2.55363772192535       8.381227012523585E-038
  -2.51479310014270       4.940207112339374E-043
  -2.48867279868299       2.654912870776578E-039
  -2.46370430143917       1.882782881290947E-044
  -2.41498584307228       8.774835967127917E-039
  -2.23779085786007       5.911866284570782E-038
  -1.94131387015392       1.132146300396392E-039
  -1.90641586215985       3.864397312430309E-035
  -1.76570851614407       1.260738494433946E-038
  -1.69961595273189       5.623827709817752E-032
  -1.68911498584546       5.833875021460094E-032
  -1.46165955015607       1.043449988351123E-042
 -0.928115039672313       2.302012365875608E-040
  -2.59650169108929       2.416303315454222E-038
  -2.58531245416418       4.343926240323078E-041
  -2.51915858437226       3.902452892911345E-039
  -2.47943145956905       1.217051883569114E-039
  -2.47030724923195       1.816527988287167E-042
  -2.43039329397478       2.673134730114534E-035
  -2.40740143681670       1.061887945060209E-034
  -2.36871162099886       4.452494132295239E-035
  -2.27785868254148       7.716143276949066E-037
  -1.89575269056235       8.701288633214886E-039
  -1.84073027451702       2.598475777793824E-036
  -1.73545819532855       3.395471417318235E-038
  -1.65641128651222       4.820860217916077E-036
  -1.59244072867944       4.052890481069170E-037
  -1.45956951087988       2.131101008019722E-039
 -0.879154691504951       9.366574747398092E-040
  -2.48160135491004       7.068211950780590E-042
  -2.42411346275815       3.509998841623966E-042
  -2.40682878040624       1.235866068209274E-036
  -2.36191386943200       1.751555302232134E-039
  -2.36011146368490       1.152712855737107E-041
  -2.31546665590916       4.037291087598540E-034
  -2.30333812772420       4.461742792949450E-034
  -2.30255813733195       6.913573135487159E-036
  -2.14958981046864       3.287661196485413E-040
  -1.76975867340276       1.577348430268234E-037
  -1.74070858673507       1.307939463958148E-041
  -1.61538628471202       1.693105976425257E-037
  -1.51971453101498       8.302993869177950E-043
  -1.50394740718416       3.237322068011672E-038
  -1.33756278076443       3.655527725412762E-039
 -0.765184195689375       8.133807120043432E-043
   1.92920977411567       4.856989008752831E-074
   1.97515839378663       8.389047536518539E-009
   2.07809074674461       4.157388634541840E-007
   2.10284940888084       6.575181068294384E-015
   2.19560010831853       1.282229946032982E-072
   2.21224221277301       2.829233366564114E-015
   2.22078688510234       5.241362466922019E-063
   2.28502480874970       2.864257818235577E-065
   2.45586549325067       9.482491267690341E-072
   2.73017672324011       7.763761823485791E-006
   2.79530955554191       3.602391575038497E-066
   2.93861014065079       2.371714056962748E-055
   2.94178715281677       2.602663781520262E-003
   3.03189807769744       5.270393079858427E-069
   3.24033776501438       3.282766857716871E-072
   3.78381552079662       1.027726469278204E-070
   2.86820083154244       2.263374255353843E-039
   2.91169910312761       1.903230883458813E-037
   2.95170440319157       5.613798066885233E-038
   2.99080832187608       1.003549820885440E-035
   3.03413420546992       7.497431813728792E-041
   3.06348755864803       7.802043495237630E-035
   3.08750894483634       6.197735150392438E-038
   3.14953319815038       9.635544482559116E-036
   3.32699641634192       5.965666410666940E-037
   3.60646631124198       9.365725660986889E-036
   3.66374121941388       3.701820800968316E-033
   3.80603529265341       1.877044543581314E-036
   3.86400322596376       5.160678613030441E-031
   3.87060323874437       5.881658729486887E-031
   4.10541012392233       3.271915315748025E-037
   4.63897335396695       2.777212920932773E-038
   3.22543688472713       8.409827315556331E-040
   3.24761008315397       6.482657308173940E-041
   3.29850532948982       1.118115558760339E-035
   3.32643054338088       2.389100888665252E-036
   3.39317984089640       2.271340307023261E-035
   3.39442845244187       2.896984288285949E-034
   3.40395953810788       1.903094309563599E-036
   3.46142831558016       3.524955734391631E-033
   3.56220043660670       5.929529996280207E-040
   3.93558568536138       1.601235685720554E-038
   3.99711090229227       2.948585080846008E-036
   4.12580082685462       2.027247660056316E-033
   4.19351495663237       2.507735478906390E-035
   4.23564192113132       3.221758355047837E-038
   4.38970499435627       7.825364505385772E-035
   4.97757203500888       6.115495027047984E-041
   10.5936665129616       3.276658625321609E-045
   10.6074751754529       1.448919796089569E-040
   10.6511060429389       7.804972893966061E-040
   10.7307918844181       1.217968212815927E-043
   10.7515441819461       1.602004527549869E-037
   10.7712337584429       5.562030811467304E-041
   10.7860596620111       3.604996893463430E-037
   10.8363910147855       7.750130380733515E-041
   11.0069720349682       4.927227694922776E-037
   11.3290484686766       2.329916595812537E-040
   11.3823187735553       1.987117427315672E-037
   11.5219055155696       9.477227559857104E-039
   11.5692091539358       1.697729153660415E-036
   11.6006970651883       8.912276874382465E-036
   11.8090141948867       3.927993326992442E-040
   12.3705312316273       1.190255700476877E-037
   18.9552915780981       2.034153369930158E-074
   18.9773961429906       1.669994810198361E-009
   19.0120987645973       2.478687088364237E-006
   19.1264574462645       1.733839522789394E-069
   19.1295258576137       2.829153752654419E-014
   19.1939223053403       4.729524080903349E-013
   19.1993683285214       3.058532463047391E-061
   19.2681506564927       2.622686815534664E-063
   19.4761399816124       5.870855391464161E-070
   19.6943214396301       2.082087170815624E-009
   19.7559239656103       5.108710209305151E-061
   19.9259182347820       1.958984850346832E-065
   19.9486337390839       1.677940979382686E-005
   19.9980038681530       1.077670717454206E-064
   20.2479083627012       1.176240030529441E-071
   20.7776072871323       1.166390709464118E-071
   18.9839555040221       9.440194289696646E-072
   19.0160619123222       4.848901240213882E-011
   19.0936246267631       7.165531808552331E-009
   19.1446622896016       6.403853252554905E-012
   19.1663263991863       2.019246248584790E-009
   19.2279074847787       2.934707515871002E-059
   19.2405022635396       5.290896640109736E-063
   19.2928432531298       9.255710744567510E-064
   19.4197847562973       5.512888754964472E-068
   19.7210130655843       6.355020767525069E-012
   19.8051689137530       6.991047992344215E-060
   19.9299826184335       3.445388170836333E-061
   19.9751483857405       4.742752365326761E-008
   20.0643849970120       5.677706045473906E-068
   20.2329040457378       4.870846410592930E-068
   20.8075254023993       1.226939061424799E-070
   19.1154923912293       4.245103340895091E-040
   19.1236727227918       7.140315723368437E-034
   19.1564830088001       6.956175447292702E-039
   19.2445689216092       7.854619402580347E-038
   19.2815321671006       1.276528958222397E-042
   19.3259127551684       1.148378907109887E-039
   19.3365069208205       4.037955084761004E-043
   19.3935737296515       4.028418762595136E-038
   19.6065015770652       1.200280656744021E-038
   19.8414218609192       9.169636719329483E-040
   19.8868872595012       1.293761414651793E-034
   20.0621421420378       6.281592129297141E-038
   20.1021606194643       4.190762038311340E-033
   20.1251939669640       6.341523274772943E-033
   20.3819026557151       3.261438374183429E-042
   20.9152487504516       8.918207153959966E-040
   19.1740612547892       1.290185691993854E-039
   19.1840734192101       2.143602640595495E-040
   19.2564493702936       1.684278752259498E-038
   19.3042990780529       4.666467036667093E-042
   19.3254700705431       4.036251532763728E-041
   19.3731275986297       3.702765817427105E-035
   19.3873560709568       7.517948854980953E-035
   19.4349400442129       9.577472795116574E-036
   19.5531184590205       1.395740745785520E-036
   19.8839771329394       9.847431810466160E-042
   19.9571314055935       1.757531366241335E-039
   20.0765932497572       8.368445359684446E-040
   20.1455113494269       1.250310554380338E-038
   20.2152965335314       1.386873378770614E-039
   20.3752814746646       1.083525608317208E-040
   20.9584302237672       2.970234243036408E-041
   19.2746572231124       8.895886877285620E-039
   19.3331342607644       4.226200051338637E-043
   19.3501637407149       1.215468428042046E-035
   19.4114233460490       2.765370507681775E-039
   19.4206887224345       2.408909368851424E-040
   19.4617392009913       5.976765728150772E-034
   19.4756345403427       1.093707309898104E-038
   19.4939743291127       4.910654475215805E-034
   19.6707949749101       3.214302743926819E-040
   20.0014057139504       2.014295792087341E-044
   20.0330409445579       4.323820090825750E-044
   20.1822463143100       1.685381412887709E-036
   20.2738638325879       3.814763644230132E-041
   20.2798109484711       2.355207254430704E-036
   20.4836031371083       9.456478410441078E-043
   21.0557922086773       4.824315089897977E-043
   54.6110124731908       8.413262575911113E-044
   54.6265767593125       1.087776403562270E-037
   54.6856670986304       9.305081174768454E-037
   54.7588295100255       1.243783625337239E-042
   54.8020761632834       9.728691830426077E-037
   54.8135679107140       3.195946709762907E-040
   54.8307074313092       3.837372194645906E-037
   54.8964459645338       2.338232883875878E-040
   55.0742309347379       8.164822951926611E-038
   55.3460835545508       6.664538398666048E-039
   55.4154040032130       6.587178199619913E-035
   55.5657754073726       1.734124874977425E-037
   55.6009027823106       4.659441378353417E-034
   55.6520384681875       1.313539636528613E-034
   55.8654440133690       3.343663648389798E-039
   56.4147711700014       1.181714237207936E-036
   58.9233872851251       5.437879401074620E-073
   58.9589692945282       7.324748960247904E-010
   59.0339136496630       6.046117691837212E-007
   59.1166025145453       7.312949995595624E-017
   59.1780863221342       3.512908411687824E-015
   59.1936818925901       7.287218495811554E-068
   59.2224975527474       8.499954425642990E-058
   59.2987039050707       3.117950208566455E-063
   59.4892698995942       4.190934880338877E-072
   59.7006944446131       6.799344229772752E-011
   59.7935284517864       2.334639272153658E-060
   59.9358793452483       1.713836279998242E-003
   59.9580501736340       7.974257001397805E-058
   60.0297046057303       2.947604845878668E-064
   60.2648847726327       3.232403659924287E-069
   60.7993165897263       1.006998725746908E-071
   59.5260714121571       4.642189251716096E-041
   59.5747868973748       7.722643565757929E-038
   59.6039731898614       3.575653785820995E-038
   59.6827944168982       3.092575113815450E-036
   59.7144509611101       2.742966361253779E-042
   59.7591019435847       1.227965945859800E-038
   59.7809698438446       6.706225933247482E-039
   59.8288657743992       1.774842014414345E-039
   60.0536715486446       1.091803861644958E-039
   60.2866786965366       1.031910748032675E-036
   60.3370776078404       9.118799948683981E-033
   60.5217968467598       9.067837454597689E-036
   60.5490483346241       2.453779094654213E-031
   60.5538042168959       1.656360632351426E-031
   60.8283911644302       7.894092046407840E-039
   61.3602732226912       7.663175640586321E-037
   59.7371349373105       7.687943264863823E-045
   59.7640961175881       3.968594184682814E-041
   59.8256149308818       1.369256022460681E-037
   59.8743183220222       1.360904105060848E-038
   59.9304545758624       2.036518567281411E-037
   59.9436428670179       3.523752715055498E-036
   59.9496080239364       6.981360879035088E-035
   60.0120177134141       1.441685029151377E-034
   60.1650544001590       3.618327767686656E-042
   60.4695189782336       1.077320161054421E-038
   60.5408127802748       1.437471570169883E-036
   60.6851028179167       5.915576433025179E-035
   60.7318984849417       5.467282451766250E-035
   60.7780005241265       1.581091092018802E-035
   60.9725630151998       7.692935521135342E-036
   61.5434825988491       1.051407416428685E-039
   94.1993159724320       1.210934558435175E-013
   94.2059037084940       2.214719657467664E-070
   94.2717033492052       5.886879110873226E-007
   94.3824578150933       5.228289516584706E-018
   94.3972224773660       2.539626095270707E-067
   94.4460142137957       1.175545443878098E-013
   94.4586033000875       8.519583948502625E-058
   94.5342030390234       5.141319109431992E-061
   94.7542332015742       7.152854703741617E-071
   94.9387384467501       6.271508416465337E-013
   95.0115613477314       2.292881955896112E-061
   95.1996233048238       3.383483659247278E-057
   95.2081808306719       2.510008855176706E-006
   95.2624824926067       2.649918812864987E-068
   95.5252967223699       7.381828285593105E-071
   96.0556567712640       1.285010315696408E-071
   94.2270693967799       1.975965852659861E-070
   94.2389002334367       1.010583019483713E-013
   94.3254792537899       1.339355322401782E-009
   94.3836364975082       1.302090576159512E-013
   94.4336670861196       8.381999511665391E-011
   94.4789632656086       2.863306094727170E-062
   94.4801989990480       8.213512478120194E-064
   94.5549164685022       2.608953959400397E-065
   94.7164311013812       3.176420398748705E-069
   94.9592868214175       2.074138840587972E-015
   95.0533595611923       6.363815264122262E-059
   95.1997539517599       5.140413918235741E-059
   95.2282343738101       7.614406498073973E-009
   95.3116070872988       5.075075891179621E-066
   95.5162066064572       1.281788065387803E-067
   96.0787556050681       5.778908254279930E-072
   94.2904752610221       2.353618868917279E-048
   94.3044647716630       3.303071534348865E-039
   94.3632177605328       4.717246837188745E-038
   94.4763090528540       1.882936941138987E-041
   94.4817487986222       7.422958582144075E-037
   94.5401471986178       7.274534441308679E-043
   94.5465011625338       2.998374938505977E-036
   94.6214780586468       9.484304227182581E-037
   94.8443631822665       8.791230229082098E-040
   95.0323698899195       3.480744393201883E-042
   95.0999076891468       8.848997208193821E-037
   95.2902189251006       4.025249930226450E-037
   95.3030952227599       1.368691064666813E-035
   95.3499904733887       3.908586709278733E-036
   95.6157301521180       5.825048547455927E-042
   96.1462890368638       2.849178354598411E-040
   94.3545186977044       1.227347839724676E-047
   94.3729568995139       7.355086253521666E-041
   94.4428682752429       2.895435489587773E-039
   94.4955048856583       1.538801568173129E-042
   94.5499768064229       5.234381466325170E-040
   94.5700567325599       6.938342834554320E-035
   94.5726953942806       7.503108812418338E-035
   94.6426085556152       1.769049096282044E-037
   94.8017242091716       3.213577509193282E-038
   95.0773562161852       9.013300126648628E-047
   95.1523340484683       1.375320526614955E-038
   95.2962955713323       9.568645912125773E-041
   95.3533636298403       2.486980841542530E-038
   95.4091944790240       1.444876323459296E-038
   95.6097530850073       3.452409330879767E-042
   96.1805282874832       1.463639001143354E-042
   94.4161400254035       8.546959252997771E-041
   94.4712727228096       2.918983973721186E-043
   94.5035409626830       3.771750182995271E-036
   94.5812027982870       1.332232033960565E-045
   94.5918387290966       9.831284162010594E-040
   94.6307788334825       1.993529113936717E-035
   94.6452256354698       4.073827747656011E-043
   94.6942634830678       6.016963729328388E-036
   94.8875401477711       9.130534662172818E-041
   95.1561686171948       3.868099996517263E-041
   95.2025282519393       6.744793005879063E-041
   95.3701056482749       1.285396640946279E-037
   95.4383490954100       2.365817568412360E-037
   95.4535737312133       7.051542812544382E-040
   95.6860629021238       3.441210349856344E-039
   96.2455593684451       1.777327124407516E-044
   132.877915759165       1.247188202037532E-046
   132.903651659258       1.002222987123066E-040
   132.965219392791       7.358482771199228E-041
   133.037623661353       5.596836840906441E-045
   133.084915101088       5.318595937534124E-039
   133.102570149187       2.469656417152433E-043
   133.110834216157       3.858422736156915E-039
   133.186356536194       2.011795178807688E-041
   133.374353512096       3.621391433513692E-038
   133.609847257937       2.280068383385986E-041
   133.680697572052       3.774488056284912E-037
   133.842984962922       3.355556313273021E-039
   133.876188898006       9.386831708369049E-036
   133.924359592251       1.913220340402910E-035
   134.153971523659       3.313565663838771E-040
   134.693815967014       2.988351547607006E-037
   270.078505968351       2.188280341464825E-011
   270.086203046820       3.899287560405857E-069
   270.172522636084       6.580237862450253E-008
   270.254697656505       1.676387246608680E-019
   270.318009161177       2.303071427024143E-066
   270.324299076610       5.263148002716593E-016
   270.346067476075       5.699083007281730E-057
   270.430041916956       4.042777210095794E-062
   270.632112483314       2.877464864027328E-072
   270.787925127408       6.265204059231689E-009
   270.876153711280       3.427518661848416E-059
   271.046124927757       9.747609112061047E-005
   271.055620762252       1.726684739997815E-053
   271.108440492884       2.362799038712394E-061
   271.367052710717       5.380734945200213E-067
   271.864810992841       1.970082599592769E-068
   270.416580997201       1.212792837842143E-041
   270.467012939009       2.700971218037678E-040
   270.511959533951       3.105463029379608E-037
   270.608659379595       2.867286607209140E-040
   270.614813746367       1.240121710910028E-038
   270.665174636783       2.585242381907186E-037
   270.683421571155       5.763698645559886E-042
   270.745404604680       9.199407938377343E-039
   270.966590551337       1.098265271287746E-042
   271.139376685698       1.935369268523804E-038
   271.195216003611       5.215188203025695E-034
   271.388980321756       1.883718592450039E-035
   271.405780796303       1.077931354490724E-032
   271.424205535030       1.455401201717997E-032
   271.700350507437       1.099565630411465E-039
   272.195540025598       1.586665560559146E-038
   270.570625754919       2.255383811059077E-039
   270.607135632866       9.861644622322527E-042
   270.670714926369       5.969153362000136E-034
   270.732334001604       1.848959672737949E-039
   270.792283892338       6.473916715386169E-039
   270.803009531364       6.021623042754385E-038
   270.805032093870       3.926391346597404E-036
   270.884266484590       4.861457041420560E-040
   271.068688329062       1.945867315789531E-041
   271.278496149483       2.552632978193204E-037
   271.348977294188       8.390343996941823E-036
   271.514133236938       1.894906865906035E-032
   271.544451291439       1.402094150850973E-032
   271.581595514081       6.269441302615644E-035
   271.820236320040       4.993164075761645E-036
   272.336557477215       6.594637742588706E-040
   322.624068462407       4.531172980997209E-044
   322.656716192969       1.586917677933411E-038
   322.720432571213       2.344420333959999E-038
   322.793332822360       2.995759370163314E-045
   322.842644230348       1.871883908642672E-038
   322.864966722826       2.727949432293229E-041
   322.866935176784       6.752984764779261E-038
   322.949227299606       5.038167682175100E-039
   323.144638303509       7.968290745735164E-038
   323.344136239666       4.547729514008121E-039
   323.415465090585       2.810651086979719E-034
   323.587419964242       3.972204901304640E-037
   323.617244545154       5.914187823840947E-033
   323.662247480630       4.034158154817507E-033
   323.905407789052       2.504846812138837E-039
   324.428612389604       4.995263218186548E-037
   365.022048130518       1.513146325032102E-015
   365.052667755006       1.494324895836340E-067
   365.118682113452       1.055032982288952E-008
   365.212235970668       3.435658690558070E-020
   365.244059880075       1.330004292296368E-064
   365.285456752688       1.035117179336747E-015
   365.286234250402       1.305144916970442E-055
   365.370821086580       9.008841465267844E-062
   365.587412026117       1.128876072390460E-067
   365.736001926318       2.272460900169493E-013
   365.807819068389       4.955148419067410E-058
   366.000742556418       5.513240413150589E-055
   366.008849829755       3.192428377956324E-008
   366.051861275466       3.312241403684301E-062
   366.322630431857       7.376842952261598E-070
   366.821429262770       7.290974298714951E-069
   365.049052083042       2.608729622360627E-018
   365.067900411039       2.611623748401178E-068
   365.149009233635       1.467264764326689E-011
   365.214749056788       3.632453657712398E-018
   365.285254397984       1.078520318297928E-015
   365.288891237908       5.791487140979646E-062
   365.301474361307       3.417852835597872E-059
   365.385963983141       4.586318343498498E-074
   365.574083916637       1.136452819196738E-068
   365.751117827511       3.312411595161952E-016
   365.835392688195       3.778953701975374E-058
   366.004070597323       1.703360430130525E-059
   366.023545611845       8.809150969584695E-011
   366.080520741452       9.437437701481988E-063
   366.323221906895       6.773444703189777E-072
   366.838013156718       3.151147151931799E-068
   365.080195945587       1.448129725064093E-045
   365.111538799028       5.197348925840379E-040
   365.176852902439       2.757959425831297E-039
   365.270720346335       1.517511801324490E-047
   365.301527141258       4.119063069806463E-039
   365.343999884817       1.072346154583403E-037
   365.344069328776       2.613647057965209E-039
   365.428609215848       1.707295407501732E-038
   365.645577806619       3.273616695193265E-042
   365.794463933089       5.478902535730263E-043
   365.865648265296       9.082174949705687E-038
   366.058898865247       2.176906393254619E-038
   366.067393724690       3.338760250984270E-036
   366.109654250140       2.248879436793082E-036
   366.380791603993       4.666375600894517E-043
   366.879554309615       2.544781061709861E-045
   365.124166622413       1.463671042851648E-046
   365.160338647613       3.677244066295380E-039
   365.225256022455       2.710202151313600E-038
   365.289646586247       1.562362381008733E-042
   365.348559808476       3.358402292631684E-037
   365.361582708514       1.047404040209372E-039
   365.362235224216       3.117905992099409E-038
   365.445004745314       1.163822080831861E-042
   365.633286880675       6.172069159482094E-039
   365.829478039711       6.039620382130715E-042
   365.899802546541       1.097896258710185E-036
   366.068254211543       1.844081047497333E-039
   366.104578929116       3.532149086621784E-036
   366.144730302066       8.217198861126311E-037
   366.386482527900       3.363908531921122E-042
   366.905339421443       2.447756994522002E-042
   365.165054155161       1.354446117021894E-042
   365.216402427576       2.461720503268595E-045
   365.265364086589       7.252763729096587E-037
   365.343341004613       5.609117367891308E-045
   365.372563775117       2.861090774919769E-040
   365.401682577763       4.739005448092020E-036
   365.417309405629       7.762060575057741E-041
   365.483458278641       1.931564497449060E-036
   365.686624824509       9.047614834155188E-042
   365.878527819273       6.884115518338488E-042
   365.934848637695       7.029950215285085E-040
   366.115795384585       9.537933475783015E-041
   366.155274776212       8.079194509899786E-039
   366.179054385420       3.572647613709578E-039
   366.434908726352       1.909088951834087E-041
   366.947781694892       1.627579584961216E-045
   604.990743658013       5.775740712708891E-046
   605.029777206350       9.219114211388719E-040
   605.093064036894       7.373735640333855E-038
   605.169493543326       1.289333481503835E-043
   605.214857965408       2.409222077454172E-038
   605.239548077599       2.255565182014050E-041
   605.244516174612       2.911652272634568E-044
   605.325419226337       1.011129611143049E-040
   605.527613719700       3.210368187627668E-038
   605.686343299733       8.022059676980663E-041
   605.754282051665       5.632260252110115E-035
   605.935865757797       5.990767023972748E-039
   605.960724758756       8.379610683969363E-033
   605.996900121595       7.198685451129377E-033
   606.256388856901       6.840315953580884E-042
   606.751092225001       6.749737539786607E-037
