                  1472
  -19.1417301953720       1.866240726474344E-069
  -19.0958081158825       1.298949176924213E-011
  -19.0915828090257       1.712152037923486E-069
  -19.0773610025062       2.337486899086731E-068
  -19.0469126422451       5.649025526288980E-013
  -19.0395075074072       2.979577651772147E-067
  -19.0170370954736       1.807121921426353E-007
  -18.9927747487963       3.423395961428300E-011
  -18.9055173073677       1.057627522179878E-004
  -18.4581284024084       3.872481330584295E-069
  -18.4152672143312       1.522434672797922E-007
  -18.3649190161033       1.205963206468734E-012
  -18.1915191010904       7.675196069185006E-073
  -18.1564024658615       1.740917405115190E-010
  -18.0738514540592       8.058660310894213E-014
  -17.4804457128657       3.532822930765724E-011
  -19.0800051225320       1.775618569259299E-068
  -19.0191571175323       1.775548686717693E-013
  -19.0040886085561       3.994241067919977E-066
  -19.0033808831363       5.641287766562912E-063
  -18.9580818085835       8.293084742169734E-010
  -18.9422758696220       1.252669752228614E-013
  -18.9203522767258       9.005878903780711E-066
  -18.8854149307869       2.436595319537928E-014
  -18.8092691055433       1.208500525587157E-008
  -18.4030709226062       1.909604797528339E-073
  -18.3678890361200       1.112212659822865E-014
  -18.2623179086832       1.505996068465896E-009
  -18.1183518373777       1.422911713936623E-070
  -18.0889234726826       4.115632045601840E-014
  -17.9850191242037       1.859743674826555E-011
  -17.4070907231586       4.065501260405399E-014
  -18.8677218997012       1.063135350369623E-067
  -18.8128468507202       4.217919433734680E-012
  -18.8074744309339       7.732776815757979E-067
  -18.7925914443174       2.219971438984149E-065
  -18.7462627664633       1.942682290143279E-008
  -18.7350020568680       2.837277214021159E-009
  -18.7298657233098       4.608180382905065E-063
  -18.7061194654250       7.666731876420211E-008
  -18.6196008852423       2.701649479571319E-007
  -18.2004023413653       1.112295554015521E-069
  -18.1520237504775       1.178351117568562E-011
  -18.0728782012202       3.485972004525019E-009
  -17.9168398969524       2.341352709730609E-069
  -17.8911604652228       4.113224416690567E-014
  -17.7945584676250       3.097667551313426E-010
  -17.2106355993256       1.244890879891306E-013
  -18.8345728440653       1.068621874653857E-067
  -18.8004826134069       1.258050752390374E-009
  -18.7882408560661       1.170593044560141E-064
  -18.7785950711402       8.683037948783121E-066
  -18.7427035951890       4.466956325732674E-065
  -18.7332825395190       2.076177803215086E-008
  -18.7199513209873       2.467488716746505E-007
  -18.7012374596589       2.791237772986495E-010
  -18.6206213209750       1.118606241047674E-005
  -18.1692163990041       1.317333960091614E-064
  -18.1216510283280       2.412323720196235E-007
  -18.0682390012160       2.349486438372216E-010
  -17.9055225830333       3.359674827014054E-069
  -17.8680335711100       8.872999784128468E-011
  -17.7939770415887       7.649601357275940E-012
  -17.2031580506961       1.381094074008401E-013
  -18.8264808545998       8.251724086068722E-068
  -18.7814991442234       8.374078250787905E-010
  -18.7635405756603       1.478428458238004E-065
  -18.7444869845327       1.736966690787947E-065
  -18.7196634254749       4.333630298167073E-012
  -18.7050560503246       3.531304586979130E-066
  -18.7019118907558       5.705448265830872E-008
  -18.6455693738047       6.934161309418329E-015
  -18.5562055841826       5.252753670545226E-006
  -18.1515494140966       4.884905087456008E-066
  -18.0909765270044       1.101766652779425E-007
  -18.0435426661275       7.372313572556002E-013
  -17.8713645095220       8.414240583154167E-069
  -17.8525301668534       1.978564987576647E-010
  -17.7290806450987       6.115900670335748E-015
  -17.1399449138168       2.610142386888442E-011
  -18.8594452174673       7.986152720701533E-035
  -18.8089946852013       5.970537338302859E-044
  -18.7944836671705       4.374041009523412E-039
  -18.7697323841189       2.609283792853092E-043
  -18.7337274324351       4.060132291226144E-035
  -18.7322042393019       1.034890784748942E-044
  -18.6978978466196       2.125643593460992E-042
  -18.6652685363977       3.909560189768488E-039
  -18.5897676161481       7.135065742987886E-039
  -18.1598879898067       1.329726071617127E-036
  -18.1249746067467       6.972965088205667E-037
  -18.0831688956489       7.846272133394070E-042
  -17.8936753702688       7.512897956709075E-038
  -17.8867222356761       5.898320256489866E-042
  -17.7704048750695       1.451945067323622E-044
  -17.1903224429661       6.832115290954230E-046
  -18.6855922022750       3.253076066409895E-073
  -18.6163198612468       4.130628974777973E-014
  -18.6013439362678       3.502033351955477E-064
  -18.5858391399888       2.452179595591099E-065
  -18.5563598307470       7.915988585104988E-010
  -18.5363563651000       1.580785125913156E-010
  -18.5059181139009       4.370480257582729E-067
  -18.4741510415072       2.788024559830146E-011
  -18.3826810471541       3.010983407680340E-011
  -17.9856814353698       5.027298001247742E-073
  -17.9631403599873       9.530314842834011E-014
  -17.8347677050249       9.243970559982110E-012
  -17.7059942472636       2.227307288055696E-068
  -17.6912997255133       9.462097846075533E-015
  -17.5560051845769       3.974920773560003E-013
  -16.9747565440623       1.389135192264341E-016
  -18.6574062709229       1.679861309876224E-073
  -18.5992830748311       4.737588794782153E-009
  -18.5900232028189       1.103401258766337E-069
  -18.5880379615857       3.565382957037129E-073
  -18.5526147259936       9.226445311858313E-017
  -18.5372668677860       2.713284621116946E-010
  -18.5331552279580       3.660317486480413E-068
  -18.5023290204132       2.870184856906962E-014
  -18.3979492789836       1.615695399347372E-004
  -17.9756200547311       1.750719535451219E-072
  -17.9408959266082       6.746751538103082E-010
  -17.8741401829113       2.311125135908381E-014
  -17.6978082873734       7.736948029366183E-075
  -17.6807412630692       1.670775365494239E-011
  -17.5738847394965       1.046939581384161E-015
  -16.9891238770883       2.026683118416125E-011
  -18.5934721597542       5.291896218544656E-041
  -18.5428111838415       2.057982694963371E-043
  -18.5235905109483       7.148171404362554E-037
  -18.5220331686997       2.743308024511000E-038
  -18.5074206790874       1.345288243359958E-037
  -18.4914805165331       2.502649948269034E-035
  -18.4646603063810       9.477771965021656E-038
  -18.4372857060556       1.158174434427959E-038
  -18.3622956679870       2.673588230713904E-038
  -17.9243456375467       5.340140246530398E-042
  -17.9066516702520       2.473576958504572E-039
  -17.8365218733354       1.209737661008397E-043
  -17.6509063532420       1.183426629262952E-042
  -17.6115119045142       1.945988283573729E-043
  -17.5391400762989       1.059065019657165E-044
  -16.9523260624990       8.550955078913008E-044
  -18.5588194075446       9.775776616693781E-075
  -18.5305311764685       1.228451304629871E-010
  -18.5014837635455       2.197997396336701E-069
  -18.5009894957667       1.826995155245265E-069
  -18.4580757383674       2.239249054121024E-015
  -18.4490956831307       5.990450366443080E-067
  -18.4245698235779       1.082923111070445E-009
  -18.3924740980590       6.106948965883488E-014
  -18.2941123160987       1.492020737211675E-004
  -17.8771473599421       2.001650070354586E-073
  -17.8386047643727       3.812756110932668E-012
  -17.7775057664380       2.826799490319621E-019
  -17.6164518149984       6.096349895856748E-073
  -17.5731308984465       2.007856653987404E-011
  -17.4699021936989       2.202340373458468E-015
  -16.8856024205324       4.405683510267718E-011
  -18.4748575229157       2.485559432106923E-044
  -18.4390429494765       9.743025236306535E-044
  -18.4245687215892       2.332587199431008E-038
  -18.4209351157632       2.583817679760292E-034
  -18.3903245995474       2.921450921712468E-040
  -18.3708867490141       2.365883580264156E-038
  -18.3563743984309       8.878873002901122E-042
  -18.3255489689066       2.024356585999173E-043
  -18.2304076682006       2.316691474788199E-039
  -17.8118251649634       5.591152163301209E-044
  -17.7811038145099       3.100208047236227E-041
  -17.7264988199251       9.121455784600816E-043
  -17.5387145107804       1.313709201198802E-041
  -17.5065652198758       4.265928248193643E-043
  -17.4088758611619       2.346221226223652E-045
  -16.8257645702223       3.280546113796632E-043
  -18.1927559119851       3.383243440336285E-071
  -18.1365966092514       1.042989600952917E-068
  -18.1146420289834       4.400955262083916E-013
  -18.1097529086896       1.659091356636957E-012
  -18.1071250703038       7.521661004563964E-063
  -18.0693498961789       1.066599169083936E-065
  -18.0569735055913       5.624469708770798E-011
  -18.0375679143769       5.495513351896551E-013
  -17.9509792100645       7.032598615614082E-010
  -17.5228342795479       1.235403870361414E-073
  -17.5001204012884       7.639269959417944E-014
  -17.4409436739386       1.253785263652941E-012
  -17.2225981458489       5.175551869499744E-072
  -17.2013481405099       3.042335889671082E-015
  -17.1201989026961       7.992787248845737E-014
  -16.5251281779843       4.350564102959281E-017
  -18.0930150939079       1.088878158411582E-073
  -18.0652256891578       1.545477119766577E-009
  -18.0492585807372       2.552139620325487E-066
  -18.0374016896598       5.876198052674527E-067
  -18.0065080181733       2.567623163955721E-009
  -18.0046086668316       1.186218862318293E-061
  -17.9832587835922       8.500141426023809E-009
  -17.9579164216216       2.910845765657367E-008
  -17.8676195803319       7.016355908867133E-007
  -17.4280581015158       3.351224131373010E-068
  -17.3966608019448       3.416689467002837E-008
  -17.3404223336595       1.948702276077242E-010
  -17.1678615378037       9.659108357702811E-074
  -17.1331068979389       1.288211020049880E-012
  -17.0455242386157       6.332320804099606E-011
  -16.4596076945053       2.173952881715947E-011
  -18.0670014687098       2.141606734020932E-066
  -18.0164273464693       2.598923102306725E-011
  -18.0112823721267       5.596394189435925E-064
  -17.9964293025059       2.385433888179755E-064
  -17.9523730958530       5.019093044212810E-008
  -17.9395062658907       1.842801258075673E-058
  -17.9379375445742       4.072964222945241E-008
  -17.9109136988346       3.464006547596574E-007
  -17.8281606944707       1.173503254125273E-008
  -17.4013236737560       1.799302918653159E-072
  -17.3538297922736       4.914829661240487E-012
  -17.2796616158021       5.536586286600971E-009
  -17.1216512540308       6.215137883041004E-069
  -17.0913675366207       2.019260582963970E-012
  -17.0039475623313       3.622711288725728E-009
  -16.4191662520726       2.409972638960218E-013
  -17.8550587388622       7.582505166489304E-038
  -17.8548904695276       6.458313194947511E-037
  -17.8345566377658       7.692087400542012E-034
  -17.8162099589668       1.195033891783434E-038
  -17.7815321259168       1.519564019997785E-036
  -17.7652634261680       4.848963600236807E-037
  -17.7480733936886       2.021026846426348E-038
  -17.7102182099453       1.273867420648308E-038
  -17.6047860589270       1.464491512245970E-036
  -17.1859764974661       3.921614226621045E-044
  -17.1598548310539       1.325579781870556E-039
  -17.1013919637515       1.939890636477657E-040
  -16.9454877348211       3.384136066205966E-039
  -16.9206519519534       1.507535438249540E-044
  -16.7905576333457       6.085079457305474E-043
  -16.2173997886913       4.546968673530012E-042
  -17.8753837728453       2.826701781334182E-038
  -17.8404688519290       1.098496668264598E-039
  -17.8032887509381       4.312473018940647E-036
  -17.7671518390733       3.913504017108900E-035
  -17.7660765172160       1.288139251658563E-035
  -17.7540342438279       1.222660211705606E-036
  -17.7427848565345       1.535899127741571E-036
  -17.7050894552339       3.694879629794651E-038
  -17.6044259947735       4.164639323002518E-036
  -17.1673726047563       1.776618901699780E-039
  -17.1657477018024       3.451792889567250E-037
  -17.0626234355051       1.401735603580080E-042
  -16.9295356766472       1.929762470051510E-040
  -16.9061547555328       1.054516558967902E-041
  -16.7807386520659       4.438809574135310E-043
  -16.1949917928550       5.006382357577224E-042
  -17.6896198587754       2.120511389451714E-069
  -17.6360564468945       4.707928945012380E-068
  -17.6347390592705       4.462606946686351E-011
  -17.6192714207909       4.020266610582563E-066
  -17.5813498756744       1.127287094671971E-018
  -17.5764040922237       3.147197168988480E-066
  -17.5688247355177       6.252397576115371E-007
  -17.5442006962585       2.990682484931551E-012
  -17.4574054787601       3.184157498861071E-006
  -17.0263738950122       2.966747462289316E-074
  -16.9820349617078       1.343574540231391E-010
  -16.9230716034248       8.350729029933313E-015
  -16.7438846764453       4.017400083621046E-074
  -16.7146116802013       3.905124399423732E-011
  -16.6343361629186       1.195422328438169E-017
  -16.0481340715814       6.435478959432018E-012
  -17.6321372670779       1.290201268989465E-067
  -17.5714174800730       5.449075141330601E-018
  -17.5631821419819       2.463981348908639E-067
  -17.5555370757432       4.494513158487603E-063
  -17.5192043667555       6.993040950673222E-014
  -17.5029219912066       3.662587901350752E-066
  -17.4956992779030       2.590121058637820E-010
  -17.4675710549847       1.212492304906782E-008
  -17.3740462853973       2.588514331087933E-007
  -16.9580079354899       7.383217990983358E-070
  -16.9218354725102       8.640413526834792E-013
  -16.8446272409995       6.107842121415229E-013
  -16.6729470849686       6.973613110492690E-069
  -16.6477953242037       4.186944753824425E-015
  -16.5484340953712       9.798704626722531E-013
  -15.9611557999909       5.879761507296180E-015
  -17.6782356309113       4.385763326158915E-070
  -17.6279099820500       3.424532111347881E-010
  -17.6133765059221       1.059225645776947E-066
  -17.6078601392841       3.741704802005029E-067
  -17.5597298741244       5.051302803550011E-009
  -17.5552100137640       1.643812268010727E-066
  -17.5525529688803       1.128534929139555E-014
  -17.5335057632658       4.210202766488149E-012
  -17.4324712236509       1.340780697413257E-004
  -17.0011590839681       3.205450613869767E-070
  -16.9544035550671       6.942012027046673E-010
  -16.8849638954092       7.093504447603209E-016
  -16.7299431894245       3.205005657218067E-070
  -16.7136439194027       5.600643396663093E-013
  -16.6070016619934       1.657037908811822E-015
  -16.0195967364162       2.174517362504427E-011
  -17.6530294928665       7.890466314770474E-068
  -17.6481714258962       8.325010422390146E-009
  -17.6319117544792       1.472740911809980E-066
  -17.5925927910017       2.201335962394235E-066
  -17.5762933162150       4.073526581772220E-015
  -17.5712614507527       1.323673700611815E-010
  -17.5312965283661       1.271887596885767E-064
  -17.4980826925739       1.987040440147474E-013
  -17.3791907585637       2.785772711339516E-007
  -16.9626084444190       1.623252175879490E-070
  -16.9424244130949       3.051087548556341E-008
  -16.8664115930081       1.672202406149781E-014
  -16.7292711196255       1.455505267938257E-010
  -16.7260140222975       7.765467628672988E-069
  -16.5587160168393       7.502193152135919E-016
  -15.9762054631959       5.446433931812985E-011
  -17.4005118650524       1.587017626774263E-068
  -17.3385015130537       7.352363930029839E-013
  -17.3271619259007       9.958276498616991E-065
  -17.3107717987034       9.003071133767536E-066
  -17.2724815625049       6.000543792506987E-012
  -17.2697302830557       8.999656313703282E-011
  -17.2428734653131       4.830465759409308E-064
  -17.2261314042973       8.323007850608310E-009
  -17.1193375537304       3.285199332912575E-008
  -16.7062649230414       1.576732922469513E-071
  -16.6801980496004       2.162637547745413E-014
  -16.5710065609955       2.712911927469721E-010
  -16.4315426251910       1.478372625322449E-068
  -16.4282590463248       1.724228788115442E-015
  -16.2915461041237       2.190094570347414E-012
  -15.7047741546027       2.728106754811865E-014
  -17.1206170414228       1.193501715387093E-068
  -17.1055449041051       2.367158845753395E-008
  -17.0783788027927       3.569398791805027E-065
  -17.0386157295857       2.236476186456473E-065
  -17.0065646883950       1.300784358235582E-006
  -17.0061885781844       2.121073391280751E-057
  -16.9967029430679       3.050783591844101E-010
  -16.9542627976061       3.591061906888717E-013
  -16.8338912079298       4.291446146091063E-004
  -16.4062535060016       2.184563334118871E-066
  -16.3583252837766       5.384944096431960E-008
  -16.2792555819739       2.974123672647172E-013
  -16.1706803040147       1.314843105066522E-069
  -16.1524868332733       1.457538138308585E-009
  -16.0015196937414       1.158088630114066E-013
  -15.4099480368188       8.924896515928551E-011
  -17.1922235726485       1.039240664592921E-034
  -17.1566715972250       2.013800736864281E-044
  -17.1128066287417       5.118031571485402E-039
  -17.0445096696982       6.996440320412942E-041
  -17.0356583144397       6.648438698205258E-040
  -17.0155750910880       1.029158519460202E-034
  -16.9871735009571       1.182661837472970E-040
  -16.9289286455623       3.355563011488863E-039
  -16.8641093966114       6.195439872926828E-042
  -16.4476361517409       6.721652938147708E-039
  -16.4241112466013       1.015272597566738E-039
  -16.3534113697353       2.900438075892155E-041
  -16.2086148921002       1.883852091351860E-036
  -16.1994052122050       4.059598228380781E-043
  -16.0588691528876       6.164665706978433E-045
  -15.4944390038079       3.018083748584673E-044
  -16.4049117443481       1.669639035722080E-066
  -16.3568896463631       3.887450498727573E-010
  -16.3548927973596       1.381328678454566E-066
  -16.3358002739644       5.233643859407630E-062
  -16.2993646171371       1.056735547518003E-007
  -16.2778543631221       3.238859276747635E-007
  -16.2731171960199       2.399094313570702E-058
  -16.2491712755125       9.474710988125620E-007
  -16.1749572096549       1.119171182225357E-006
  -15.7351600442267       9.482045034833330E-069
  -15.6887368770277       9.763033252146406E-012
  -15.6107552168060       8.786992784777067E-009
  -15.4639484260694       3.689695684903805E-069
  -15.4374964052066       3.973606601277272E-011
  -15.3500956818996       1.683239030913751E-008
  -14.7637672735945       1.424603626901503E-013
  -16.2728755174359       3.339262308319136E-041
  -16.2374693662396       7.328613352903365E-045
  -16.2196069680740       2.194757743643269E-039
  -16.2086302127432       2.168094768120266E-034
  -16.2075374679460       5.617118515165925E-038
  -16.1894787043423       4.626672805254649E-037
  -16.1601736689101       2.115579210355483E-043
  -16.1479531447132       3.205442929750288E-038
  -16.0768279234744       2.868514140201787E-038
  -15.6199263500144       1.207075597523030E-040
  -15.5934408590061       5.671135460283512E-040
  -15.5559127326137       3.186138852342154E-043
  -15.3372803936985       1.669509460572854E-041
  -15.3042347695774       4.122305102768723E-045
  -15.2494549333771       5.427554413768334E-048
  -14.6518646685481       5.838703707634439E-045
  -16.3415486319131       4.685266582941268E-068
  -16.3320414269236       5.558849206827328E-009
  -16.3136863461887       1.810006235991042E-063
  -16.2966103226650       5.164529579424125E-067
  -16.2702791361002       2.151684945740952E-060
  -16.2614493396662       4.544525464772213E-008
  -16.2459187181065       9.064353260556844E-012
  -16.2196537627932       7.544609005277813E-008
  -16.1340148952464       2.833596306900374E-006
  -15.6850824866361       1.571535945141348E-068
  -15.6477581972757       3.796907893665927E-008
  -15.6009478209422       5.107878279610434E-010
  -15.4369491679288       1.795300602957770E-068
  -15.3979395253202       5.135152696959671E-010
  -15.3147272640025       2.147106906200701E-010
  -14.7322037717575       9.299200141059707E-011
  -16.2830795672357       1.654052056171980E-068
  -16.2407197371594       1.235441947908376E-067
  -16.2308076968360       7.690324309819142E-009
  -16.2156866604891       2.316061777128739E-064
  -16.1982469593662       6.217067849320909E-013
  -16.1811782114883       2.723342730432867E-064
  -16.1762151087687       8.673221231663215E-009
  -16.1383464421346       2.320945901140261E-012
  -16.0574347720735       7.016295923541959E-006
  -15.6297128497803       3.801787739555622E-069
  -15.5841544307400       4.879297326537962E-008
  -15.5488601648799       9.517133395124294E-013
  -15.3448101506592       3.015999102747161E-069
  -15.3156157279696       1.216784813864748E-009
  -15.2409285833297       3.223455782766338E-013
  -14.6606952797898       1.671651887024876E-011
  -16.2421815133204       8.399895782537478E-045
  -16.1999650438283       1.513764811844920E-038
  -16.1904823429031       1.765666916403294E-036
  -16.1869497193054       4.351164099450442E-037
  -16.1656713806919       2.225681803367754E-035
  -16.1580625817478       9.329768608066274E-036
  -16.1412072764824       2.195535231682645E-035
  -16.1115044148195       1.524632800170978E-037
  -16.0414363981705       2.850003382142163E-035
  -15.5849046543105       1.174676759316123E-041
  -15.5648392638831       6.887997470879670E-037
  -15.5064922298817       9.617571792603613E-042
  -15.3192895631568       1.823147698326092E-041
  -15.2810199094838       1.169522312223060E-040
  -15.2253784782697       5.994654787830059E-043
  -14.6412092204802       7.105550395108747E-044
  -16.0322809223866       8.145143251567518E-071
  -15.9898241564382       1.060259292672778E-067
  -15.9652352152658       7.885220801775643E-013
  -15.9618450990256       1.076901896734073E-010
  -15.9578218572186       1.486506443313759E-063
  -15.9313762171825       4.447721395666016E-066
  -15.9151825223436       7.526947165620478E-011
  -15.8969499800258       4.382618934345860E-009
  -15.8239393034706       2.917086973326674E-009
  -15.3759125797153       1.389160040870223E-072
  -15.3553658460226       3.248860311554010E-016
  -15.3101654532754       3.297286044212196E-012
  -15.0806076917628       8.749814369599126E-069
  -15.0524589930897       1.395290934775212E-014
  -14.9985324793205       3.832437703643885E-012
  -14.4033727142205       3.782401015205684E-017
  -15.8838187244779       5.147972759676749E-071
  -15.8433200972490       1.693637930912921E-068
  -15.8120006791947       4.835435395430438E-013
  -15.8103739947595       4.906725474375475E-015
  -15.8067643028361       1.826542717363942E-063
  -15.7796687112626       1.896824410030586E-065
  -15.7669169279862       6.948568593679186E-006
  -15.7543462334029       2.045336139912915E-011
  -15.6832893097946       1.308779065602129E-005
  -15.2218926865689       3.075989245739695E-072
  -15.1969229235879       6.021151365861813E-011
  -15.1478605941308       3.318215686107026E-015
  -14.9310796948515       1.022463380551996E-072
  -14.9102032691288       1.743321054862915E-011
  -14.8518941078660       4.388450455774828E-015
  -14.2505990679477       7.580765288759691E-013
  -15.9465709492311       5.326387821141907E-040
  -15.9335342305831       5.578202093325663E-039
  -15.9185705327002       1.150523523216106E-033
  -15.9061011858267       5.663421662420273E-038
  -15.8712625505458       1.396370242289315E-038
  -15.8622860906807       6.389813773520719E-038
  -15.8574198116833       6.137474583018216E-040
  -15.8179417510751       4.597229119166701E-041
  -15.7271288302683       3.581129172381901E-036
  -15.2908844157681       6.177153502501747E-039
  -15.2605630857444       3.630396958085266E-037
  -15.2124102452724       3.450579776025890E-042
  -15.0403939236373       2.064111343143897E-041
  -15.0044710321464       1.074038208388917E-041
  -14.9141648922185       1.139378145691884E-043
  -14.3404653800607       8.812708466571770E-042
  -15.8206949457283       2.571898804617378E-042
  -15.7761061699777       6.792839973631669E-038
  -15.7639614195000       8.449424174147151E-039
  -15.7499590912271       1.946834825873920E-038
  -15.7458213754131       4.342345108267900E-036
  -15.7308640390730       3.622438437020278E-035
  -15.6933846793323       6.274255156772422E-037
  -15.6793965993523       1.167462730791300E-038
  -15.6165410969908       1.402474968881215E-037
  -15.1610783948574       3.265087487000411E-043
  -15.1360571099013       4.986838673674297E-039
  -15.0876570202682       3.584982576665619E-040
  -14.8800439250405       7.895695802545892E-043
  -14.8397960453101       3.634965681904339E-042
  -14.7891189013654       4.342712463477975E-042
  -14.1904597347236       1.066836330152869E-044
  -15.8670342444281       2.127044710471746E-066
  -15.8412095400792       4.673324789309618E-065
  -15.7982002095660       2.464126269379900E-010
  -15.7963908734180       6.020855036819760E-010
  -15.7932414453636       2.034867039907044E-061
  -15.7686049254975       4.195733050674562E-063
  -15.7647930487079       5.572905515011930E-009
  -15.7490208774038       4.126271995300880E-008
  -15.6890372840721       5.605929799710763E-008
  -15.2162792897445       7.286642041774296E-072
  -15.1849501976555       6.238542127584908E-012
  -15.1447811543698       2.782942356061651E-012
  -14.9269070546691       4.738735591372060E-069
  -14.9039600767012       1.993239303405642E-012
  -14.8653190882233       7.041792500045260E-012
  -14.2647498024464       2.583280025678565E-017
  -15.6110606522324       3.088015985598868E-069
  -15.5618927896538       2.613530077309823E-065
  -15.5517930517397       2.640275002758902E-009
  -15.5447942526119       1.662268291244231E-065
  -15.5260207919816       1.734238478135886E-017
  -15.5075031091699       1.503703356297492E-064
  -15.4991885366074       5.427480062017871E-007
  -15.4764162682082       1.243238723052799E-011
  -15.3925688120917       4.221667751567288E-005
  -14.9516010721873       1.480612730906099E-069
  -14.9213849965989       1.058783538587605E-008
  -14.8698583759389       8.865818866619528E-014
  -14.6665263686746       1.877396604477336E-069
  -14.6413722678008       4.490828548582609E-010
  -14.5696864122631       2.624940439837268E-014
  -13.9817515416228       2.762894012865515E-013
  -15.4921827498642       9.135841346871816E-039
  -15.4414224740519       1.304296819914553E-036
  -15.4406272486746       7.580393785434637E-036
  -15.4277452671144       4.297516779372568E-035
  -15.4241436515840       1.139825624246658E-034
  -15.3988316465068       2.718767286845396E-034
  -15.3756119181998       2.943869678913612E-035
  -15.3563768525006       8.540249559487616E-035
  -15.2815636165665       5.509721252046764E-036
  -14.8254816486821       9.109062747710783E-043
  -14.8098069082088       2.710207104976738E-039
  -14.7567084330181       1.089269878464832E-040
  -14.5535093919706       2.118992692772385E-040
  -14.5169500553663       1.018549189850956E-042
  -14.4592889385745       7.484725461608470E-041
  -13.8634965666389       5.126523092800254E-044
  -15.4922910617640       2.428136626902483E-039
  -15.4671097951379       7.518603469463255E-039
  -15.4603503077951       1.355185562437200E-037
  -15.4542469328096       6.029737098816323E-034
  -15.4285905131752       1.815956145509074E-035
  -15.4101974416364       9.969178237830128E-035
  -15.3969973084150       4.290364459739749E-038
  -15.3673270757250       3.118930494459224E-035
  -15.2856164026608       3.598501263623712E-037
  -14.8356694406666       1.554690245681767E-040
  -14.8085857162028       1.386331165036020E-039
  -14.7705302637985       1.023774677739488E-038
  -14.5751712246603       7.122280616006473E-039
  -14.5401567424017       4.412306796779660E-042
  -14.4649369902172       6.484926986380709E-042
  -13.8765966612580       2.072752138722653E-045
  -15.6275600117831       1.349001735666763E-066
  -15.6043388078729       6.178729512857384E-009
  -15.5652558655827       5.987620690627400E-065
  -15.5383981962393       4.050464826551440E-063
  -15.5323386863139       2.157671347128915E-006
  -15.5203420480088       7.450608623035094E-013
  -15.5027465517750       2.393373574389014E-065
  -15.4398561056417       5.993230655840195E-012
  -15.3388715139354       4.528209334207089E-005
  -14.9300455791185       5.343908130419795E-071
  -14.8832925363817       1.404227361425635E-010
  -14.8157763065912       4.324781187559854E-011
  -14.6939281788454       4.125877860380359E-066
  -14.6847947959717       7.238696283364442E-013
  -14.5304406747723       1.684350085496130E-012
  -13.9629010438043       5.738530236915941E-014
  -15.3953631294803       1.558509453469996E-068
  -15.3440983560065       5.123406987093174E-067
  -15.3336386836104       1.338746947237873E-009
  -15.3203651698311       4.635460351102623E-061
  -15.3096754418206       5.970234118108839E-011
  -15.2861233290104       3.971095635562545E-066
  -15.2673414629886       8.936591857912134E-008
  -15.2488430895598       2.111783366496670E-007
  -15.1784140558823       3.578840292582969E-007
  -14.7298527117896       9.970007568404126E-071
  -14.7015072637521       5.254831143938791E-012
  -14.6385803329297       3.083914478221840E-009
  -14.4467147706581       6.950211604352622E-069
  -14.4183536187488       1.214880893114445E-012
  -14.3478681700717       2.300887379758522E-009
  -13.7512144776859       1.592368884264547E-017
  -15.3393294942530       9.441958707740456E-038
  -15.3190939575984       8.085841003483898E-040
  -15.2868141234514       5.935566257127674E-035
  -15.2676484026432       9.589831684375304E-040
  -15.2511775015896       1.100311208424839E-034
  -15.2450785996290       7.842004009906903E-036
  -15.2190509516946       1.487111768565296E-036
  -15.1962966763233       4.388128706234663E-036
  -15.1097586837562       1.039244223034410E-036
  -14.6630463351459       3.662035161849319E-040
  -14.6413525818847       1.676379768360381E-039
  -14.5717987043805       2.017957255081195E-039
  -14.4189981159229       3.253555745833050E-042
  -14.3802519684614       6.009146003411937E-043
  -14.2880435977171       4.111093856294437E-040
  -13.7012497484438       1.693230343840289E-042
  -15.2247034443373       1.193911833797335E-066
  -15.1968205727904       2.680881171551256E-009
  -15.1686875019803       6.749022375959445E-064
  -15.1542430958958       4.662135924268219E-066
  -15.1478505849938       2.243709136814638E-064
  -15.1433624080695       3.406124287378395E-012
  -15.1120851083826       7.096922327766798E-007
  -15.0872945700157       1.860639879708504E-009
  -15.0189444442012       1.153528597753562E-004
  -14.5514799530199       2.627923965135000E-068
  -14.5356782462864       6.246922448786748E-013
  -14.4692503431461       7.057529360686998E-019
  -14.3072850053329       4.598782654865955E-068
  -14.2652490015444       2.437646529125839E-012
  -14.1964308502043       8.663760721195996E-017
  -13.6084228253324       2.994658730075369E-012
  -15.2005128228041       1.389857595320686E-036
  -15.1841659456954       1.179500949657069E-039
  -15.1570484319059       1.166448206760884E-034
  -15.1553069247424       2.622438027128890E-034
  -15.1184943155127       3.018267272139681E-039
  -15.1156797979609       7.161082722842566E-035
  -15.0877399251832       1.895839329553678E-036
  -15.0609897813420       3.246769479097314E-037
  -14.9804251165491       2.847682461587077E-037
  -14.5480861683102       9.607008002428205E-041
  -14.5137997001204       1.882096180452860E-039
  -14.4662707585539       2.363519119847103E-041
  -14.2909379777107       2.319741540107629E-039
  -14.2379334336251       1.336896710119021E-041
  -14.1683119334463       3.967562493642814E-041
  -13.5916427105509       7.876656250836805E-044
  -15.0756562437084       3.875233963351472E-068
  -15.0287919155435       1.619178388809282E-066
  -15.0137815347891       5.094839294040646E-012
  -15.0037528754880       8.643142413536248E-065
  -14.9816745302210       4.385602422971146E-012
  -14.9673392872091       8.168164984904514E-065
  -14.9604993288425       2.960057470062624E-008
  -14.9421318584479       1.531757006903733E-007
  -14.8600281161740       8.014714847162598E-007
  -14.4141023724392       4.237564982150067E-072
  -14.3771927567966       9.055128838935736E-014
  -14.3250047695155       1.044815871494798E-013
  -14.1289186981698       9.151750769978796E-069
  -14.1064826730435       1.200519889158182E-017
  -14.0341136022435       9.761328507198396E-013
  -13.4426803497294       3.175440677826122E-016
  -14.8446647866928       1.758658686712294E-069
  -14.8024019712068       6.456633438133577E-067
  -14.7862699651817       1.106382791896546E-007
  -14.7801164807208       7.037670789899487E-013
  -14.7757465573965       2.935967834620120E-063
  -14.7556790960536       2.163445350180799E-065
  -14.7278754248502       2.248225136136685E-006
  -14.7132035558222       1.152870794386496E-009
  -14.6430286083194       9.385956912333879E-006
  -14.1851125447291       4.373894184415011E-071
  -14.1652193216385       2.133080955742535E-010
  -14.1212420241165       1.053020761134994E-013
  -13.9030835442772       2.079797052580107E-068
  -13.8695189476739       6.460055949011009E-011
  -13.8156508924823       1.454018168400991E-013
  -13.2178898593444       1.189508894566762E-012
  -14.9045115705689       2.549434076928490E-066
  -14.8582007668355       2.776915310987295E-066
  -14.8465573039150       1.404656077495924E-011
  -14.8354818089899       4.260723210987388E-064
  -14.8107795482656       7.642689220471124E-012
  -14.7997625088914       5.048896045265359E-064
  -14.7920862825386       2.372798437558888E-008
  -14.7769043018908       6.467269697005654E-007
  -14.6938602846417       7.340254514751897E-008
  -14.2414816936917       9.795997858540179E-073
  -14.2052187101204       2.989189143763168E-014
  -14.1529956215260       5.507414730175180E-011
  -13.9605879792486       5.166339807270115E-071
  -13.9414087944016       1.210539951668097E-013
  -13.8647668695405       2.400332786143946E-013
  -13.2700856420398       7.490949134281266E-016
  -14.6466293404865       3.953213352202293E-067
  -14.6006294012644       3.209771744684527E-067
  -14.5812573241591       4.704969109569607E-012
  -14.5767715554460       9.991863790147897E-061
  -14.5688772236346       5.398246146931767E-012
  -14.5439243853397       1.714758194120348E-064
  -14.5330681043834       1.942304598981490E-009
  -14.5099930099173       8.177173426127016E-009
  -14.4347987900388       1.347005413774794E-007
  -13.9907108583097       1.652379934739200E-069
  -13.9645429472874       5.799962127616990E-012
  -13.9145818252550       8.158553319514807E-018
  -13.6994069719777       3.829278168701157E-069
  -13.6698771682302       1.012170313915161E-012
  -13.6129039797209       1.342448417630988E-010
  -13.0225259265603       4.396614409437347E-015
  -14.5952875988918       1.445918615516654E-072
  -14.5521797584460       3.519951373640898E-067
  -14.5375057368919       2.440886585412243E-008
  -14.5305147256411       1.021467237754970E-065
  -14.5174690982274       1.628142067663697E-015
  -14.4989872371937       7.569575293270127E-065
  -14.4876267960510       3.946954524643965E-007
  -14.4705565255546       2.688311325728074E-012
  -14.3887796112089       2.716017272988500E-005
  -13.9382814529504       9.893143115349785E-072
  -13.9087905602344       8.738131929867035E-013
  -13.8642672057710       2.292103189833987E-014
  -13.6554430602430       1.975003367112011E-069
  -13.6345608147628       2.246189275170060E-010
  -13.5638509030959       1.145552891210901E-013
  -12.9726609422400       1.047650147941514E-012
  -13.8138708463261       1.173453284872812E-069
  -13.7740584651540       5.109219962603375E-009
  -13.7702509636331       3.933473551501506E-065
  -13.7591790272219       3.222810547460909E-064
  -13.7262333468998       5.898619374177540E-056
  -13.7261820410137       1.044734688296439E-008
  -13.7056218995493       8.985156907457128E-007
  -13.6819915850367       5.136677382951942E-010
  -13.6050336115452       1.747870491039183E-004
  -13.1497185642971       1.824510272866651E-069
  -13.1107458414271       7.276602497730291E-009
  -13.0618493711382       1.297227276996411E-011
  -12.8860951616079       4.040886121680641E-069
  -12.8464502156514       1.049345689903292E-010
  -12.7859026004784       4.800203241549466E-010
  -12.1985939870050       5.083793148870101E-010
  -13.6251114232288       2.652308913766265E-068
  -13.5768554902261       1.205095384036127E-010
  -13.5711310710730       1.166034303078941E-062
  -13.5615594942952       1.357006991160136E-063
  -13.5371394663558       1.472762215100663E-010
  -13.5257509882775       8.309051251206123E-063
  -13.5068064780171       4.181190560142392E-008
  -13.4869784525778       2.436618135996800E-007
  -13.4076311688472       9.106315627856247E-007
  -12.9598075586316       8.774776124324363E-071
  -12.9318382946646       1.991373780090547E-012
  -12.8685400926017       7.857080410822902E-009
  -12.6896833160400       3.591678863308260E-068
  -12.6607938756495       8.733414959343159E-014
  -12.5833802034967       1.759076200459396E-008
  -11.9928961505456       3.404590090517101E-012
  -13.5681546432534       5.422990283794565E-070
  -13.5363679991766       5.293719660714758E-009
  -13.5161912583243       6.392139624282528E-067
  -13.4693919722669       3.940266951983162E-065
  -13.4560278058060       1.515482036155082E-006
  -13.4369185162097       6.326380979624291E-011
  -13.4360884595272       2.874426996202059E-064
  -13.4005668608729       3.526377222131986E-015
  -13.2683466074112       3.861366888894722E-004
  -12.8511293353079       1.109774972836208E-068
  -12.8135635234992       5.630288213842371E-008
  -12.7192365260272       3.731592288167077E-014
  -12.6090035642433       5.333743005909048E-009
  -12.6078375518104       3.443264939962210E-068
  -12.4410562945987       6.792250979600228E-014
  -11.8518269695793       1.569602760022403E-009
  -12.7066040721164       3.944434221997510E-044
  -12.6968319078084       2.014998656761949E-035
  -12.5973804802173       2.385078745284896E-039
  -12.5498670067124       1.758635143725172E-034
  -12.5046132308903       9.771625341673227E-041
  -12.4954236039423       5.291678267126502E-040
  -12.4405705713377       5.918368690792647E-039
  -12.4372480065539       3.947003205651588E-040
  -12.2928661604007       6.514678177274915E-039
  -11.9372832433805       4.222659976941962E-038
  -11.9147813650461       7.616406883956485E-040
  -11.7990722241664       2.193789026226159E-041
  -11.7283064756977       8.971090061478004E-036
  -11.6755797936521       2.319934815522706E-045
  -11.5026867539609       1.244822937126300E-042
  -10.9536415670539       3.037287018927753E-041
  -11.7279731268938       5.899454478777044E-007
  -11.7158581754286       1.430807188191776E-066
  -11.6889506090295       2.106904071967290E-065
  -11.6386754692444       7.111525546096350E-067
  -11.6249739564677       4.583782643974349E-007
  -11.5925341097120       5.864705246875671E-012
  -11.5912350549204       4.952267425859368E-063
  -11.5226645693779       2.100209306845901E-013
  -11.4061035831296       1.276097062583327E-005
  -11.0431192100298       1.984306233701554E-063
  -10.9885872253973       6.502381874347830E-008
  -10.9101159836921       1.850765600118703E-011
  -10.8121522272073       6.831160419065870E-071
  -10.7685087247270       2.640678637576563E-009
  -10.6207820846479       4.039303431189231E-011
  -10.0803944551155       4.910368104935931E-009
  -11.4489934047800       8.394800970363943E-066
  -11.4200735053243       9.131409311110721E-010
  -11.3935660576538       1.322274993400597E-063
  -11.3864186844061       2.901445646595963E-063
  -11.3272677109775       6.314705830309007E-010
  -11.3186239561502       6.134091540026619E-008
  -11.3141157367918       3.140415618740453E-065
  -11.2743917753038       3.398917169502825E-007
  -11.1992473494814       2.144601147146222E-007
  -10.7771109299631       2.560408822047463E-066
  -10.7242566311231       1.002727067618358E-011
  -10.6316968106809       1.256511147711870E-009
  -10.5207969685052       6.132595726914079E-069
  -10.4868464508373       2.629389169916686E-012
  -10.3815949999623       1.907073639586076E-008
  -9.80502287382918       1.052383219734650E-012
  -11.4338864037273       2.160918217776587E-037
  -11.4019341731021       3.254889812330811E-033
  -11.3793124145480       1.207442202516563E-035
  -11.3290583314034       5.256274471123104E-038
  -11.3126912461366       3.425294026591142E-035
  -11.2767450301530       2.061856808059113E-035
  -11.2359867325769       1.867048629505155E-038
  -11.1909263900823       2.598462208019589E-035
  -11.0533220513158       1.139579710776992E-035
  -10.7034030245652       7.691499534837026E-042
  -10.6651384336613       4.475206630426852E-039
  -10.5682233033720       5.369303393206705E-040
  -10.4968614951604       8.010714859377700E-038
  -10.4647024103603       6.020615651378062E-043
  -10.2712155265211       1.514181377720132E-044
  -9.73442932802732       1.171463927640373E-040
  -11.3899406498402       4.612570279922945E-038
  -11.3831699222414       2.341504604144366E-037
  -11.2934906620728       1.430941701215475E-035
  -11.2758517717589       2.199300457298859E-034
  -11.2356314226322       7.141346178946606E-036
  -11.2302230281253       1.060999373995958E-035
  -11.2103699403820       1.762073548825391E-037
  -11.1625007778575       1.447910849743189E-035
  -11.0755193123742       5.667348602896403E-035
  -10.6630661996577       5.229310674450835E-042
  -10.6355069443946       2.723365479787840E-036
  -10.5207714260876       5.501898125492352E-039
  -10.4558411553651       2.052789446214543E-040
  -10.3940468875497       8.244896096634249E-040
  -10.2643271620397       1.552005061551846E-043
  -9.69063198716430       9.729913824997927E-041
  -11.2051114500568       3.180508383321273E-069
  -11.1522876377501       2.692793325382003E-007
  -11.1163476167697       2.371729516491388E-071
  -11.0927559498891       5.441053018749323E-006
  -11.0867835335226       1.794422332175005E-064
  -11.0505952706402       2.274873886802379E-012
  -11.0347205592249       1.284810419149787E-065
  -11.0082693238559       6.310468163552523E-013
  -10.8844485480808       2.869965641475013E-004
  -10.4941427325567       5.771357005877276E-075
  -10.4477722749099       2.897380577373669E-011
  -10.3439199207818       7.857699906457428E-014
  -10.2504763220929       1.807709551273897E-012
  -10.2399013077952       4.441799613858918E-067
  -10.0800209222864       1.083707578020135E-013
  -9.51533141015101       2.063203487401011E-012
  -10.9337277607166       2.378988511121243E-006
  -10.9099991844373       1.390935324186987E-068
  -10.8738282858634       4.380614283256827E-067
  -10.8197896732789       5.995966026352561E-065
  -10.7847364335251       1.800806275235429E-007
  -10.7699748743913       1.217245352413083E-067
  -10.7550430348762       3.197115034901854E-012
  -10.7212024847641       1.608603785487564E-011
  -10.5827466513541       2.406591266436413E-004
  -10.2139315828415       5.178765864514405E-070
  -10.1735880423496       5.373163458527306E-009
  -10.0678024663571       1.080543391117034E-015
  -9.99645649454951       1.988444239774983E-067
  -9.95254912367596       9.805593708334458E-011
  -9.78561017118511       1.164465718169451E-016
  -9.22807479042813       1.121521837169551E-009
  -10.6323157649805       9.506278280971172E-065
  -10.5878098922577       1.251784822073214E-011
  -10.5667558618017       1.105637734885873E-062
  -10.5312031613782       3.407181833931492E-064
  -10.5064395710259       2.885491243038771E-015
  -10.4759884557817       1.235528557715522E-008
  -10.4640252795048       7.101353702836301E-060
  -10.4513109790164       2.225333234447742E-007
  -10.3264207485504       1.167677763251571E-008
  -9.92626205024815       1.930644432412384E-067
  -9.88833797428052       1.083689215531837E-011
  -9.76605322310304       4.009935273398364E-011
  -9.67441859452634       1.366894797212185E-012
  -9.66976390804079       4.385317792949795E-069
  -9.50374567736074       8.291838677787267E-011
  -8.92004483290228       6.390895346011963E-013
  -6.21810097997026       8.836929956333254E-072
  -6.20478224007810       3.043721937210757E-007
  -6.17361935480938       4.886878880413727E-066
  -6.10067372754697       4.496216433971394E-063
  -6.08802538363558       4.155108554065776E-006
  -6.07025353076401       1.046065157357338E-062
  -6.05707820602522       6.125509063108308E-013
  -6.01784503558987       7.837831350429765E-013
  -5.86456094176763       4.450604251833298E-004
  -5.48983664119327       3.142829197810549E-069
  -5.44682540099336       2.199237656930333E-009
  -5.32765383533535       3.468932362131543E-016
  -5.25957976580809       6.201495269184470E-068
  -5.23978192466459       2.890388982972227E-009
  -5.05199414930674       8.500219912556245E-014
  -4.48022202081557       2.692725126943089E-008
  -2.84832748914891       4.623072711949644E-038
  -2.81466941078726       2.068835161473120E-034
  -2.80278601795947       1.973885209917003E-033
  -2.70730905141395       2.184194601744514E-036
  -2.70647431016079       7.215252246043229E-037
  -2.64777034979329       3.379161807628501E-037
  -2.63134560109716       1.750879714634229E-038
  -2.57452355110472       6.503630991656962E-036
  -2.39869759198345       6.940515715610516E-037
  -2.11992757914632       3.680274389800903E-042
  -2.07225590605763       9.485693027578662E-042
  -1.93638921556585       2.734695581479110E-040
  -1.88909732833783       1.619991237586800E-037
  -1.84999054880301       1.364776078064954E-043
  -1.62770857445588       9.720224381804398E-044
  -1.09979471015448       1.382261740215574E-039
  -2.81402978623823       1.562056532093251E-040
  -2.78903220983129       1.262921167046970E-037
  -2.70968333512196       6.999901882432055E-036
  -2.67825681719323       9.075185279456064E-035
  -2.65522642143414       2.464483248887577E-037
  -2.61257720804861       2.208447569215251E-034
  -2.59135655413989       1.045887425820549E-035
  -2.55031075954608       1.169193780304464E-034
  -2.45012217608556       2.989704006711221E-036
  -2.08913025332378       1.995155552965617E-047
  -2.02949351157701       3.818150801533637E-038
  -1.91951831117902       1.426789947992324E-038
  -1.85811013879963       4.309734330269355E-040
  -1.77964002967125       5.638950291403451E-041
  -1.63943950725480       1.234606126555909E-041
  -1.06629969676064       1.686321622964273E-041
  -2.64991195910349       4.717061030821556E-065
  -2.64285953029358       6.454461571513027E-007
  -2.61738129191687       9.920621166611416E-066
  -2.55363772192535       8.075517916747441E-006
  -2.51479310014270       1.138211596220415E-067
  -2.48867279868299       2.275620199032929E-011
  -2.46370430143917       3.042115943910593E-067
  -2.41498584307228       2.028228982005512E-011
  -2.23779085786007       4.848098327392270E-005
  -1.94131387015392       2.227299809715078E-070
  -1.90641586215985       1.385566834233566E-014
  -1.76570851614407       6.804258400446265E-017
  -1.69961595273189       5.542157249150254E-065
  -1.68911498584546       1.288210403823225E-010
  -1.46165955015607       1.638480104425055E-015
 -0.928115039672313       5.462609515416709E-010
  -2.59650169108929       1.725204387596339E-006
  -2.58531245416418       7.347944568972325E-068
  -2.51915858437226       4.207564848949545E-066
  -2.47943145956905       3.178290106503591E-065
  -2.47030724923195       2.141905412553866E-065
  -2.43039329397478       3.313867774210856E-012
  -2.40740143681670       3.125299286853964E-008
  -2.36871162099886       2.793201926751271E-010
  -2.27785868254148       3.756021448170077E-004
  -1.89575269056235       1.876604552346455E-070
  -1.84073027451702       5.375033987430172E-011
  -1.73545819532855       3.279437075336489E-016
  -1.65641128651222       2.544073226824973E-068
  -1.59244072867944       6.547383500673314E-011
  -1.45956951087988       8.621824851712742E-015
 -0.879154691504951       3.910161846775331E-011
  -2.48160135491004       8.636970466368832E-069
  -2.42411346275815       8.711811915945362E-012
  -2.40682878040624       1.362469586735266E-063
  -2.36191386943200       9.611615510802800E-009
  -2.36011146368490       6.969775550812581E-064
  -2.31546665590916       5.514936984735761E-009
  -2.30333812772420       1.998489254265335E-007
  -2.30255813733195       1.100399140906744E-057
  -2.14958981046864       3.251414867424519E-007
  -1.76975867340276       6.283507972654029E-069
  -1.74070858673507       1.316298110886186E-016
  -1.61538628471202       2.453046614711395E-013
  -1.51971453101498       4.255852923538256E-016
  -1.50394740718416       2.587107499342705E-070
  -1.33756278076443       3.791126881803038E-011
 -0.765184195689375       1.944419847122370E-013
   1.92920977411567       4.003285069578482E-041
   1.97515839378663       6.966040187297749E-036
   2.07809074674461       2.809984235107773E-034
   2.10284940888084       9.849990561030326E-040
   2.19560010831853       1.246635760552546E-039
   2.21224221277301       1.386690024884469E-040
   2.22078688510234       7.793199645957471E-040
   2.28502480874970       5.264378882108066E-038
   2.45586549325067       7.708603398686588E-039
   2.73017672324011       5.236724759211589E-040
   2.79530955554191       5.772905720052161E-039
   2.93861014065079       3.571484684528775E-036
   2.94178715281677       1.446555290864548E-035
   3.03189807769744       1.930380846935122E-043
   3.24033776501438       3.098918738144587E-043
   3.78381552079662       1.430223262812215E-041
   2.86820083154244       5.339788338694305E-066
   2.91169910312761       1.692292018537180E-008
   2.95170440319157       9.809085670251056E-065
   2.99080832187608       4.575922164548234E-006
   3.03413420546992       2.481451562320452E-064
   3.06348755864803       3.150515482660140E-012
   3.08750894483634       1.840182690309476E-063
   3.14953319815038       3.078704950094622E-012
   3.32699641634192       1.108825004127472E-005
   3.60646631124198       1.000306177744032E-065
   3.66374121941388       1.611501721026372E-010
   3.80603529265341       1.663620284547516E-014
   3.86400322596376       5.676636301421472E-063
   3.87060323874437       3.018498337780625E-009
   4.10541012392233       9.916964881497009E-012
   4.63897335396695       1.853923174935822E-008
   3.22543688472713       1.275480328175399E-068
   3.24761008315397       1.942210379598779E-010
   3.29850532948982       1.207294081628729E-062
   3.32643054338088       9.248327425047370E-063
   3.39317984089640       1.157228158527156E-056
   3.39442845244187       1.212888991843559E-008
   3.40395953810788       1.306959680158401E-009
   3.46142831558016       5.540579595810519E-007
   3.56220043660670       7.537201601146022E-008
   3.93558568536138       4.451561223479521E-069
   3.99711090229227       2.378296258071659E-011
   4.12580082685462       1.895056545514874E-010
   4.19351495663237       2.366328089827481E-067
   4.23564192113132       9.111543680375901E-011
   4.38970499435627       4.097763067744094E-009
   4.97757203500888       4.466712690644940E-012
   10.5936665129616       5.327078094785379E-074
   10.6074751754529       5.324741702761599E-007
   10.6511060429389       5.436850313871560E-067
   10.7307918844181       3.133782323590809E-066
   10.7515441819461       3.282444737520275E-006
   10.7712337584429       1.748472941307191E-064
   10.7860596620111       3.314530847127534E-014
   10.8363910147855       1.328402056894312E-014
   11.0069720349682       3.360193510843816E-004
   11.3290484686766       4.339383176203728E-071
   11.3823187735553       4.363508140084151E-010
   11.5219055155696       3.905599980812025E-017
   11.5692091539358       2.033543822132653E-068
   11.6006970651883       2.131659593866055E-009
   11.8090141948867       1.165210857274234E-013
   12.3705312316273       8.484461420451238E-008
   18.9552915780981       4.432851342609322E-040
   18.9773961429906       6.390773266661071E-037
   19.0120987645973       2.236026476274324E-033
   19.1264574462645       3.352696846875854E-036
   19.1295258576137       5.860668818680062E-037
   19.1939223053403       9.163858196777159E-039
   19.1993683285214       2.889334076181852E-037
   19.2681506564927       1.457386387630054E-036
   19.4761399816124       4.704343379604863E-037
   19.6943214396301       4.609777404866573E-041
   19.7559239656103       8.849941266283527E-040
   19.9259182347820       9.847790648251250E-042
   19.9486337390839       1.732010584726261E-037
   19.9980038681530       5.661980400376100E-041
   20.2479083627012       9.646283993088300E-043
   20.7776072871323       3.040802333701289E-042
   18.9839555040221       1.113627909090307E-039
   19.0160619123222       3.067942596319605E-038
   19.0936246267631       4.536530230555038E-036
   19.1446622896016       9.693383475294240E-037
   19.1663263991863       8.477856781940717E-035
   19.2279074847787       2.442952403277321E-035
   19.2405022635396       1.370932441331969E-035
   19.2928432531298       9.498006301325605E-038
   19.4197847562973       6.434321440926855E-036
   19.7210130655843       1.398675560805160E-042
   19.8051689137530       9.000147555446389E-037
   19.9299826184335       1.042711681900677E-038
   19.9751483857405       7.034766849072114E-040
   20.0643849970120       2.334891327179755E-040
   20.2329040457378       5.648533438363701E-043
   20.8075254023993       1.890993712693806E-041
   19.1154923912293       1.020496032239928E-066
   19.1236727227918       1.511869545589737E-006
   19.1564830088001       7.153988249832926E-066
   19.2445689216092       8.236716216835917E-006
   19.2815321671006       8.228205538565776E-068
   19.3259127551684       5.729805109074729E-012
   19.3365069208205       3.497179906229542E-067
   19.3935737296515       3.708724767988520E-011
   19.6065015770652       2.070460576766064E-005
   19.8414218609192       6.377988862688835E-074
   19.8868872595012       2.735478463304382E-013
   20.0621421420378       2.506655002771592E-017
   20.1021606194643       8.132130589603612E-065
   20.1251939669640       8.315238444157726E-011
   20.3819026557151       1.088616342737704E-015
   20.9152487504516       1.652953493129891E-010
   19.1740612547892       1.498562211138031E-006
   19.1840734192101       1.640055912001530E-067
   19.2564493702936       1.431870057502088E-065
   19.3042990780529       2.764250338832606E-067
   19.3254700705431       5.662580589254601E-066
   19.3731275986297       3.265474585322877E-012
   19.3873560709568       6.501055178919012E-007
   19.4349400442129       1.228946743272370E-011
   19.5531184590205       2.972601992955934E-004
   19.8839771329394       3.936310876780409E-073
   19.9571314055935       1.914154516476853E-015
   20.0765932497572       2.823662336408894E-018
   20.1455113494269       1.600158360527385E-070
   20.2152965335314       1.823607821951359E-012
   20.3752814746646       8.867142749702703E-015
   20.9584302237672       1.077160508727085E-012
   19.2746572231124       9.123917507880882E-066
   19.3331342607644       3.498918841826930E-014
   19.3501637407149       1.007122899535133E-062
   19.4114233460490       1.110585465611283E-008
   19.4206887224345       1.217083221418992E-063
   19.4617392009913       9.499471246768617E-011
   19.4756345403427       3.613482086590937E-062
   19.4939743291127       2.243891048223840E-007
   19.6707949749101       3.067725262474161E-007
   20.0014057139504       2.309958262837148E-076
   20.0330409445579       3.992708247941158E-017
   20.1822463143100       5.207729257613224E-014
   20.2738638325879       2.963157329222442E-015
   20.2798109484711       2.611886198393488E-068
   20.4836031371083       1.532268305035644E-011
   21.0557922086773       3.873550996038512E-014
   54.6110124731908       3.311394734354883E-074
   54.6265767593125       3.135386496259042E-007
   54.6856670986304       1.429838319061690E-063
   54.7588295100255       1.200365563038984E-064
   54.8020761632834       1.352102572431399E-006
   54.8135679107140       5.448765822515308E-063
   54.8307074313092       9.133400670924953E-016
   54.8964459645338       2.166644430882082E-014
   55.0742309347379       1.419656400929855E-004
   55.3460835545508       1.206790341864543E-069
   55.4154040032130       4.553942740234049E-011
   55.5657754073726       2.044439549147690E-017
   55.6009027823106       5.677181001062129E-066
   55.6520384681875       2.305307090174290E-010
   55.8654440133690       5.974785679729010E-014
   56.4147711700014       1.316557491583944E-007
   58.9233872851251       4.104572820863494E-040
   58.9589692945282       8.688880603711806E-037
   59.0339136496630       2.734670788400745E-034
   59.1166025145453       2.297303836506284E-039
   59.1780863221342       1.265736851136668E-037
   59.1936818925901       1.187121282791206E-036
   59.2224975527474       4.742146340535953E-036
   59.2987039050707       1.128035916608303E-036
   59.4892698995942       5.631194872685808E-039
   59.7006944446131       2.311942130882271E-039
   59.7935284517864       3.346385584508378E-036
   59.9358793452483       5.206030547871669E-035
   59.9580501736340       2.792484758405515E-037
   60.0297046057303       1.404401788176896E-039
   60.2648847726327       1.401284658032581E-042
   60.7993165897263       3.518768937181363E-041
   59.5260714121571       1.290103392581674E-068
   59.5747868973748       6.515987919658128E-008
   59.6039731898614       1.952607453133011E-065
   59.6827944168982       4.569745874343486E-006
   59.7144509611101       5.613576152636393E-066
   59.7591019435847       1.803049204832630E-014
   59.7809698438446       4.492555053613617E-063
   59.8288657743992       1.044916556645790E-012
   60.0536715486446       4.656919886146531E-008
   60.2866786965366       5.536068566009501E-067
   60.3370776078404       1.107838520875098E-010
   60.5217968467598       1.450852625251576E-013
   60.5490483346241       1.514007357630353E-063
   60.5538042168959       1.623490698744301E-008
   60.8283911644302       4.277543235729351E-012
   61.3602732226912       1.212991107371570E-008
   59.7371349373105       7.010564958889491E-074
   59.7640961175881       2.114015347491790E-010
   59.8256149308818       4.144334957075284E-065
   59.8743183220222       3.305393776999330E-063
   59.9304545758624       2.310685368880670E-060
   59.9436428670179       1.507671729916199E-008
   59.9496080239364       1.348511909344650E-009
   60.0120177134141       1.400354393972793E-007
   60.1650544001590       3.525095683047303E-010
   60.4695189782336       6.181389755009741E-071
   60.5408127802748       1.009785798443665E-012
   60.6851028179167       6.982786355560567E-014
   60.7318984849417       4.233436926277605E-067
   60.7780005241265       3.430408181050184E-011
   60.9725630151998       2.889136311963551E-011
   61.5434825988491       1.655526298615342E-011
   94.1993159724320       8.302328465233704E-041
   94.2059037084940       1.231447609433612E-038
   94.2717033492052       3.056229716868646E-034
   94.3824578150933       7.301923200654136E-040
   94.3972224773660       1.263474626390789E-035
   94.4460142137957       6.770488398486746E-038
   94.4586033000875       1.296976236635324E-036
   94.5342030390234       7.727833613972218E-036
   94.7542332015742       1.648460955082420E-036
   94.9387384467501       8.495932264851081E-046
   95.0115613477314       1.187270908724042E-038
   95.1996233048238       1.036437872491770E-038
   95.2081808306719       8.453313465233933E-039
   95.2624824926067       3.340397227251688E-043
   95.5252967223699       6.737988878140570E-044
   96.0556567712640       4.429186968171070E-041
   94.2270693967799       4.732171145009241E-039
   94.2389002334367       6.426900647556226E-041
   94.3254792537899       5.999277737597534E-037
   94.3836364975082       4.679583566499864E-038
   94.4336670861196       1.755337392139818E-038
   94.4789632656086       9.891128656653631E-036
   94.4801989990480       9.921899566262150E-038
   94.5549164685022       6.253411616528710E-039
   94.7164311013812       2.554145905732991E-036
   94.9592868214175       5.543981323976735E-047
   95.0533595611923       1.059920684332026E-036
   95.1997539517599       4.824963262166338E-040
   95.2282343738101       1.239101166879824E-040
   95.3116070872988       2.859065463829586E-040
   95.5162066064572       2.669265912616297E-043
   96.0787556050681       2.390400559299177E-041
   94.2904752610221       1.568143859063173E-075
   94.3044647716630       4.852484428766665E-007
   94.3632177605328       2.642145326899512E-065
   94.4763090528540       2.053758373794062E-063
   94.4817487986222       1.170228853556592E-006
   94.5401471986178       6.843216821098830E-063
   94.5465011625338       2.944714736833648E-014
   94.6214780586468       7.842968318052625E-012
   94.8443631822665       2.271204607923840E-007
   95.0323698899195       5.247723225048436E-073
   95.0999076891468       5.821491370722511E-015
   95.2902189251006       5.114398209352340E-021
   95.3030952227599       2.240809007255128E-067
   95.3499904733887       1.962063337177471E-011
   95.6157301521180       3.049824077455394E-016
   96.1462890368638       2.349220055784676E-011
   94.3545186977044       1.974362029608436E-073
   94.3729568995139       1.437745907062149E-007
   94.4428682752429       1.391444375184257E-066
   94.4955048856583       2.274573107799302E-068
   94.5499768064229       8.381233177704934E-066
   94.5700567325599       4.136745064943498E-007
   94.5726953942806       7.563629814267125E-010
   94.6426085556152       2.599451061712132E-011
   94.8017242091716       4.793659288806125E-005
   95.0773562161852       5.282796577542628E-075
   95.1523340484683       2.720939433145353E-015
   95.2962955713323       1.360045999823538E-019
   95.3533636298403       3.204420077722889E-070
   95.4091944790240       1.949309401204604E-012
   95.6097530850073       3.731402233380495E-015
   96.1805282874832       2.171399834265651E-013
   94.4161400254035       3.626720432512325E-068
   94.4712727228096       2.882628142312294E-012
   94.5035409626830       1.976931404244101E-063
   94.5812027982870       1.157650878893085E-070
   94.5918387290966       2.612544229670085E-009
   94.6307788334825       3.427346642153653E-013
   94.6452256354698       2.455288428905777E-065
   94.6942634830678       3.446355861004979E-008
   94.8875401477711       7.290067754134608E-008
   95.1561686171948       1.128453243760795E-072
   95.2025282519393       1.877990762485179E-018
   95.3701056482749       6.293308633531843E-017
   95.4383490954100       3.251677659719432E-069
   95.4535737312133       5.284109560863322E-016
   95.6860629021238       2.001923824885110E-012
   96.2455593684451       4.751343314871283E-015
   132.877915759165       5.983549431806954E-076
   132.903651659258       6.767761869693479E-008
   132.965219392791       3.487176149872176E-068
   133.037623661353       4.777459642835940E-069
   133.084915101088       1.548698698709697E-007
   133.102570149187       5.122184802976339E-067
   133.110834216157       3.727698848219951E-017
   133.186356536194       1.519651809783715E-013
   133.374353512096       2.948819507146621E-005
   133.609847257937       1.920220482423037E-072
   133.680697572052       1.065516488883119E-011
   133.842984962922       2.225871161283312E-018
   133.876188898006       1.201008545332682E-067
   133.924359592251       1.920640455458037E-010
   134.153971523659       3.165984641942173E-014
   134.693815967014       7.495639071478271E-008
   270.078505968351       1.122030493465420E-039
   270.086203046820       1.167811527467367E-038
   270.172522636084       1.038009935329178E-035
   270.254697656505       9.881098395993250E-040
   270.318009161177       8.015636850727880E-037
   270.324299076610       3.621798319776438E-038
   270.346067476075       1.225475356725320E-036
   270.430041916956       5.515770358285283E-037
   270.632112483314       3.919043717616341E-038
   270.787925127408       6.795807093052933E-039
   270.876153711280       2.706143781720460E-036
   271.046124927757       3.949321046476705E-035
   271.055620762252       1.558526598541016E-035
   271.108440492884       7.273165677834443E-037
   271.367052710717       1.414384445298499E-041
   271.864810992841       1.300060324324059E-039
   270.416580997201       6.277572328483816E-070
   270.467012939009       5.261302191480291E-009
   270.511959533951       9.370718027653550E-065
   270.608659379595       8.494873882263993E-062
   270.614813746367       3.223100958897142E-007
   270.665174636783       1.838375263134974E-016
   270.683421571155       2.360295556409689E-070
   270.745404604680       2.786082175580472E-013
   270.966590551337       1.246781341017900E-008
   271.139376685698       3.531313343084799E-069
   271.195216003611       8.498911824312996E-011
   271.388980321756       1.542899704078485E-015
   271.405780796303       6.684457058842677E-065
   271.424205535030       1.291822547686753E-008
   271.700350507437       2.236384723824329E-013
   272.195540025598       5.102724499396067E-009
   270.570625754919       2.358143080773102E-068
   270.607135632866       7.447486978991728E-012
   270.670714926369       6.875935578092904E-062
   270.732334001604       2.400504259614433E-061
   270.792283892338       3.479768836196177E-010
   270.803009531364       5.670308887076661E-058
   270.805032093870       4.404912488482487E-012
   270.884266484590       4.023035015637813E-009
   271.068688329062       8.644661293948354E-010
   271.278496149483       2.367635181308267E-069
   271.348977294188       1.316256921242432E-013
   271.514133236938       1.760178966359677E-013
   271.544451291439       1.684822463605557E-064
   271.581595514081       5.611649297327111E-012
   271.820236320040       7.165248906559840E-011
   272.336557477215       1.101566259502863E-011
   322.624068462407       2.973806914392263E-073
   322.656716192969       1.578483508596413E-008
   322.720432571213       2.668956280250657E-066
   322.793332822360       5.709975425106382E-066
   322.842644230348       2.214408642696602E-008
   322.864966722826       5.469968418690748E-063
   322.866935176784       2.725616140933108E-018
   322.949227299606       7.186535232982679E-014
   323.144638303509       6.773255150420737E-006
   323.344136239666       4.777978500312810E-070
   323.415465090585       2.726395372587549E-012
   323.587419964242       4.822134329244230E-019
   323.617244545154       9.646261815120797E-065
   323.662247480630       1.261858814024728E-009
   323.905407789052       1.448902433454688E-014
   324.428612389604       4.495830082637996E-008
   365.022048130518       6.843844505698126E-045
   365.052667755006       3.808874588595861E-038
   365.118682113452       7.345486400993204E-040
   365.212235970668       2.026495484438749E-040
   365.244059880075       2.520469921111394E-036
   365.285456752688       1.100736827369245E-037
   365.286234250402       2.877025341957013E-037
   365.370821086580       7.724110395485204E-038
   365.587412026117       7.348119820699570E-037
   365.736001926318       5.140934626942442E-043
   365.807819068389       4.782418262738074E-037
   366.000742556418       2.121002299839492E-038
   366.008849829755       2.600975992909580E-038
   366.051861275466       1.049239247205951E-038
   366.322630431857       1.123808385725185E-043
   366.821429262770       1.352579940297672E-040
   365.049052083042       9.546191610619470E-047
   365.067900411039       1.301052201207781E-039
   365.149009233635       2.909632066370116E-038
   365.214749056788       7.650224813964461E-039
   365.285254397984       5.937505770897956E-034
   365.288891237908       5.715504276373537E-034
   365.301474361307       3.961916869747272E-038
   365.385963983141       1.642232867527334E-039
   365.574083916637       4.632378529560383E-037
   365.751117827511       2.270003938656880E-045
   365.835392688195       2.510932842684984E-037
   366.004070597323       6.054450720959625E-041
   366.023545611845       2.087385450613764E-042
   366.080520741452       5.630879056028075E-040
   366.323221906895       9.606987084294018E-043
   366.838013156718       8.505400465918781E-041
   365.080195945587       8.312353465796646E-075
   365.111538799028       5.803497028539867E-009
   365.176852902439       3.379229764330944E-067
   365.270720346335       2.480090022123618E-065
   365.301527141258       1.058729302749546E-008
   365.343999884817       2.100658340119339E-055
   365.344069328776       9.917844867145689E-018
   365.428609215848       6.598991762246637E-014
   365.645577806619       7.382792538632804E-010
   365.794463933089       2.631589057811112E-074
   365.865648265296       8.840341878682588E-016
   366.058898865247       2.369024997058673E-021
   366.067393724690       4.272211907384055E-067
   366.109654250140       6.119746591221910E-012
   366.380791603993       1.130885673912569E-017
   366.879554309615       1.297305275661271E-016
   365.124166622413       1.133149116172825E-075
   365.160338647613       1.152049586197011E-009
   365.225256022455       1.665089011127839E-065
   365.289646586247       2.882290493227694E-064
   365.348559808476       8.107139594604970E-009
   365.361582708514       4.638119118212766E-061
   365.362235224216       1.885940538775569E-018
   365.445004745314       5.448890827805530E-013
   365.633286880675       5.201567756495013E-007
   365.829478039711       5.567614396261039E-072
   365.899802546541       3.958977471749630E-015
   366.068254211543       5.217230621787663E-021
   366.104578929116       8.402958795008431E-068
   366.144730302066       1.971274536785851E-013
   366.386482527900       7.216749597000338E-017
   366.905339421443       1.536642286266242E-013
   365.165054155161       6.162782258915347E-071
   365.216402427576       1.166561376848045E-013
   365.265364086589       2.143565974453138E-064
   365.343341004613       7.205075032351511E-066
   365.372563775117       3.166104240184681E-011
   365.401682577763       1.119236539769201E-015
   365.417309405629       1.046047973129940E-063
   365.483458278641       3.340566286954368E-010
   365.686624824509       8.667105215285582E-010
   365.878527819273       1.412612048418045E-072
   365.934848637695       1.738716991793468E-018
   366.115795384585       1.251341355945585E-019
   366.155274776212       8.464973117641594E-071
   366.179054385420       3.319964757928118E-016
   366.434908726352       7.165275747143975E-014
   366.947781694892       5.484490547659801E-017
   604.990743658013       5.689142912047732E-075
   605.029777206350       8.556799799676954E-010
   605.093064036894       5.378494960376410E-065
   605.169493543326       5.515187540638911E-064
   605.214857965408       7.830839515838851E-010
   605.239548077599       3.612833029352189E-021
   605.244516174612       2.684025641135143E-067
   605.325419226337       7.173915686834244E-015
   605.527613719700       4.135821269864662E-007
   605.686343299733       1.851118629410190E-070
   605.754282051665       3.582354448391847E-014
   605.935865757797       1.576983111225156E-020
   605.960724758756       6.619265306989376E-065
   605.996900121595       6.410445742018233E-010
   606.256388856901       1.379039089567854E-015
   606.751092225001       5.823079955816532E-009
