                  1552
  -19.2887984762752       1.010223431247142E-024
  -19.2751123038029       3.169387160526888E-026
  -19.2340431881750       3.482360502436447E-025
  -19.1988361138503       5.462349230257989E-031
  -19.1581951995138       9.831225487972767E-029
  -19.1530672219830       1.799194237663300E-026
  -19.1356567493244       5.096478783247582E-029
  -19.0821176664135       1.655034022742100E-029
  -18.9578515323326       6.421889660840863E-027
  -18.5604765515083       7.704537219144269E-024
  -18.5007030189562       1.124666936091944E-023
  -18.4133908747290       4.079962838883493E-027
  -18.3271993976075       1.078739204837379E-021
  -18.2703688263514       1.945098659485708E-023
  -18.1411303377352       2.910535799335455E-027
  -17.5485463501808       2.212321916572115E-025
  -19.2004758628423       1.609562805312700E-026
  -19.1723462774450       2.186990896994745E-030
  -19.1344119315906       3.786763261479818E-025
  -19.0886179158866       2.300360013199336E-029
  -19.0541791046736       6.986836161430638E-030
  -19.0331100152307       6.349455463398321E-028
  -19.0272327733105       5.089536792827532E-026
  -18.9669142358616       2.420777357138469E-028
  -18.8429418358320       1.576366903401819E-033
  -18.4738033819684       4.192329910730513E-023
  -18.4226424715680       1.638143817453963E-028
  -18.2974937475057       1.078533489730274E-020
  -18.2269055720695       9.965959319009844E-022
  -18.1740860060231       1.310528043332515E-029
  -18.0320546973379       9.104263944909586E-025
  -17.4480849179956       5.011506646348832E-032
  -19.0856934345431       3.214104806255033E-027
  -19.0740286785548       1.326186483954399E-028
  -19.0185609885636       7.314523664929307E-025
  -18.9953297611388       1.676782794979193E-027
  -18.9586042706940       8.600172218893503E-029
  -18.9118558428403       3.416569968997597E-027
  -18.8903933812020       3.058828200221391E-025
  -18.8624363589209       1.153874815313832E-028
  -18.7521004732341       3.084129949279818E-030
  -18.3730508545193       3.549728781821526E-023
  -18.2931442453052       5.032856949573680E-025
  -18.1830560105140       2.561833486856173E-020
  -18.1383944051549       1.904750982310880E-020
  -18.0878716711823       4.757019078887472E-027
  -17.9447451790625       4.687820964721659E-026
  -17.3686129370662       5.342043016266719E-028
  -19.0135212141535       1.875592677543172E-023
  -19.0122018117347       3.651391490658587E-023
  -18.9759647944320       3.687626953338148E-024
  -18.9294660254014       5.663163118123940E-025
  -18.8991429884553       3.456052925397507E-025
  -18.8726478982788       1.886001386289570E-026
  -18.8715363282988       3.380374188533850E-026
  -18.8069520127766       1.642801043143182E-030
  -18.7183070838166       1.755600699304594E-027
  -18.2902480359487       4.053961639203384E-024
  -18.2452773752472       7.906843420876118E-025
  -18.1290207889811       2.638635869402892E-023
  -18.0785524380296       6.402961764076210E-022
  -18.0214108420338       2.566102785968657E-023
  -17.9060765673159       2.270518370895099E-028
  -17.3171755994930       1.333867005258235E-024
  -19.0110557340626       1.667786871577400E-026
  -18.9991270318194       1.451463050402492E-025
  -18.8940219581329       8.121173325998644E-027
  -18.8906449391060       1.515582173998943E-025
  -18.8649068576195       5.518881580860877E-026
  -18.8507070041898       1.477157174407567E-028
  -18.8368153935693       5.486277317861082E-028
  -18.7149533717474       5.510897556704470E-029
  -18.6211392873114       2.040891935223153E-027
  -18.2739438192540       1.474302139727665E-025
  -18.1693250922210       1.724576223483598E-022
  -18.1013052472427       5.956268878162671E-028
  -18.0471690988066       2.629477420073848E-023
  -17.9903464176289       3.566423784189651E-023
  -17.8197533216358       6.309348172424498E-027
  -17.2470031414166       7.905486730159702E-025
  -19.0050191804861       3.065878424702524E-009
  -18.9821603939039       8.378435903078006E-042
  -18.9014369530679       2.497307973405161E-015
  -18.8622680542698       2.203453878026742E-040
  -18.8526719933335       2.719053877139364E-009
  -18.8351972369529       2.229452760150593E-037
  -18.7758493482429       6.147760442750643E-044
  -18.7396866753164       1.807724414304662E-015
  -18.6240134129724       2.481372160937369E-041
  -18.2239457752202       2.662606305201640E-038
  -18.2062689417507       1.061249564440988E-004
  -18.1091339814220       6.496432948794172E-035
  -18.0209471167273       2.830453815807348E-005
  -17.9998037021161       1.014845342431906E-038
  -17.8312011542422       1.536116376430539E-040
  -17.2665647927077       3.209497959775796E-039
  -18.8389451563579       8.504810912592190E-023
  -18.8362430055024       4.034831656077476E-023
  -18.7933186313083       1.453432375185831E-024
  -18.7439201885160       6.909333484470177E-030
  -18.7217725047843       2.655355502675316E-026
  -18.7137018146419       4.687257010631105E-027
  -18.6751387501950       1.685283746763877E-030
  -18.6393297462474       6.221430927929151E-029
  -18.5107254728240       5.086375834355131E-026
  -18.1166062609530       6.895127520909575E-023
  -18.0496732554971       1.761023712030152E-023
  -17.9622032305451       3.282625395857975E-027
  -17.8943908589508       7.618280040924886E-022
  -17.8404091012067       8.824333200793754E-023
  -17.7054905599376       2.654010959643151E-028
  -17.1241150680592       7.911804072205591E-024
  -18.8673983441440       1.184637055773484E-025
  -18.8471026913715       1.470078384473844E-028
  -18.8069376153728       5.543704230776695E-025
  -18.7458311256515       6.549952921143301E-029
  -18.7233444739688       3.179958138417238E-029
  -18.6825763505326       3.845901441705294E-025
  -18.6477590881107       1.088651162322053E-029
  -18.5897190845523       5.532095196660436E-025
  -18.4787793416923       5.763243958826938E-031
  -18.1293545738117       2.181771072118919E-022
  -18.0806291216716       1.189863224255577E-028
  -17.9092364454504       4.735407025846144E-018
  -17.9022483306933       4.339990467240841E-018
  -17.8567104273155       5.826575284879912E-026
  -17.6789050647650       9.765589909186605E-024
  -17.1166359461269       5.033587025494703E-029
  -18.7853842661238       6.605322490122217E-026
  -18.7592615487486       5.638835027420857E-027
  -18.7347500636591       1.556839969878252E-025
  -18.6815666039983       3.046953252361025E-030
  -18.6467858997049       1.238066938760714E-029
  -18.6417340586983       3.531308382351612E-025
  -18.6141348671670       6.915426940266129E-030
  -18.5634411905916       2.435854569226573E-028
  -18.4366535377790       4.331078737228886E-026
  -18.0542865394041       7.853109375977160E-024
  -17.9935870886529       2.232598983986209E-025
  -17.9111977757755       6.597226951448958E-028
  -17.8369395322050       3.071225644851278E-022
  -17.7705542008075       6.968940590525788E-023
  -17.6326859827262       3.822954753427115E-027
  -17.0534692973082       3.691309154728561E-024
  -18.7473445611733       3.356166098849475E-014
  -18.7426131954900       2.873968069013012E-040
  -18.6957857425174       1.879851744607436E-010
  -18.6425989734781       3.830259036348630E-011
  -18.6277626443952       3.123318783764309E-013
  -18.6226615832310       4.961146649216448E-042
  -18.6089397462358       4.365768341773048E-043
  -18.5454220645094       1.707463462630046E-041
  -18.4483988118354       1.236017817385698E-041
  -18.0324830284146       7.534808958399904E-011
  -18.0000799151427       1.203246545310038E-040
  -17.8950725161924       1.031277194898595E-039
  -17.8108626568235       7.552115170715477E-011
  -17.7489766809483       7.975509614045386E-041
  -17.6393899765314       2.715535960406878E-040
  -17.0526539871027       8.223824907174396E-041
  -18.6522143135991       3.932222695058704E-041
  -18.6306324754635       6.436382586980364E-011
  -18.6102914128274       2.895574073000177E-008
  -18.5581932555391       1.641252677323483E-014
  -18.5265902083417       3.746608853222177E-032
  -18.5265876135696       8.222273187512023E-014
  -18.4987930492863       1.268793391087896E-043
  -18.4519680378620       1.169714368719841E-040
  -18.3306683687876       6.231900154245178E-048
  -17.9353252340278       1.752806106225642E-008
  -17.8834999377468       1.606556639418240E-043
  -17.8052329627786       4.386098177903582E-040
  -17.7135839988485       1.609235615597483E-007
  -17.6542232324481       3.924747185195180E-044
  -17.5255882651336       7.405012258909067E-043
  -16.9437456042433       4.151793852202951E-047
  -18.3766043883551       5.757470783578765E-026
  -18.3400133509768       3.023096269172513E-031
  -18.3127605642800       6.118424540718643E-028
  -18.2893777398712       2.081948522548389E-029
  -18.2464293564624       1.695453046003672E-029
  -18.2405734594979       8.243741522772149E-028
  -18.2355287609637       6.756744205727743E-026
  -18.1817315888898       4.390819036935458E-027
  -18.0686125884291       3.631370844908434E-031
  -17.6651466131764       8.116226976129440E-026
  -17.6196384613876       2.568224907371409E-028
  -17.5297302266970       3.909413746749220E-023
  -17.4099062915895       1.273767941792549E-023
  -17.3649403135116       7.977321516733385E-031
  -17.2491613967321       6.860520722027846E-025
  -16.6517655242740       2.249916507401602E-030
  -18.2720824470588       1.618547627833951E-023
  -18.2628759146764       6.420584511643432E-029
  -18.2325728174398       7.593371751230616E-024
  -18.1726064664594       1.051922158105213E-027
  -18.1567476189103       1.006729190277984E-024
  -18.1518409170446       8.064272121623319E-027
  -18.1199020603683       4.846250590484693E-029
  -18.0805517039520       2.464940274112830E-027
  -17.9586541144739       3.621080334866401E-028
  -17.5550763727322       3.766136612977257E-025
  -17.5069596728900       5.818959664741668E-025
  -17.4180789717129       5.230987030345909E-026
  -17.3376887748759       3.232083971936483E-023
  -17.2795387457392       1.142969008043221E-024
  -17.1541287056952       7.992627775704875E-027
  -16.5718817944742       8.556218258688049E-025
  -18.2376235838121       1.155152318748007E-028
  -18.2287141326837       5.903422552902766E-027
  -18.1834598068687       5.094590132498088E-024
  -18.1520707875115       1.511711156588688E-028
  -18.1136440823478       6.267289955242282E-029
  -18.0879389891089       2.906990119739337E-027
  -18.0587000923406       1.002288679811825E-024
  -18.0341676203962       8.305921532089072E-026
  -17.9205474154370       3.535375649561450E-033
  -17.5299537553518       5.934294237445071E-023
  -17.4590795289972       4.958166875468958E-026
  -17.3565148386799       7.789820043840005E-021
  -17.2965390129111       6.732688876629361E-021
  -17.2431170750838       1.200823300882011E-026
  -17.1142521151693       8.363998126562430E-026
  -16.5337404037945       5.709335297929492E-029
  -18.0255133671980       5.323398940108515E-041
  -17.9837238367827       1.211213791024778E-008
  -17.9677582652139       2.575065204717974E-009
  -17.9117232279835       2.874745993042697E-014
  -17.8901838028072       9.171593963516952E-042
  -17.8467847157856       4.612578743494255E-041
  -17.8410086631414       5.290315740922476E-014
  -17.7812716169355       1.675812677432645E-040
  -17.6405611008302       3.884459180852670E-044
  -17.2699221541529       6.434291313232213E-010
  -17.2236794863516       1.601348828453363E-040
  -17.1322836859400       8.274801336285665E-040
  -17.0786641388155       1.784273374051235E-006
  -17.0268572232862       1.907446511295011E-040
  -16.8525187637003       3.231781476740655E-041
  -16.2932530483232       2.510757214430109E-042
  -18.0052209342456       2.354478749071963E-039
  -17.9976393735234       7.460341712278864E-012
  -17.9330571061245       5.560988257104748E-010
  -17.8660554362770       1.047941566137377E-010
  -17.8618537258531       3.134358225296646E-039
  -17.8334987628643       1.021086087014279E-011
  -17.8222456240966       1.354318973592032E-045
  -17.7755970166479       6.686668636752334E-043
  -17.6341776177664       1.275525414403926E-042
  -17.2470409333297       3.064880999076804E-011
  -17.2247465166993       3.286445495987934E-044
  -17.0894325233779       4.314841579945142E-042
  -17.0572194125429       2.458457905924537E-008
  -17.0067843132803       1.820462090353649E-040
  -16.8362024602379       1.999645717956677E-040
  -16.2660245287390       4.079317643126542E-041
  -17.8267827186730       1.521961559178915E-024
  -17.8092577256164       1.501754443904118E-023
  -17.7789454524853       3.269479813161989E-023
  -17.7378685982929       2.262335364125524E-024
  -17.7127589899195       6.629287137996215E-024
  -17.6893851669831       1.327105083480821E-023
  -17.6597502253700       2.528319377487904E-026
  -17.6317189739872       1.876813213146713E-024
  -17.5223339009108       2.439217941129867E-027
  -17.1174762557650       2.068409127333400E-024
  -17.0589046552109       2.439423194687425E-024
  -16.9641349876137       1.174104410264401E-022
  -16.8798590481028       6.254460456725399E-024
  -16.8260615869950       1.402551774312749E-022
  -16.7142565498621       1.041173197832525E-024
  -16.1216433626723       6.998266069635555E-025
  -17.8119291318907       5.170782586156921E-025
  -17.7920483024377       1.282496909182981E-023
  -17.7609859604819       5.584670723554171E-024
  -17.7153311016991       1.728009793621718E-025
  -17.6935517636347       2.459288233427691E-025
  -17.6710758355442       2.953790557284489E-024
  -17.6410023096017       7.954336652484791E-027
  -17.6109158425486       6.774589789573887E-029
  -17.4916525836813       4.874625037939442E-028
  -17.0990574394358       2.799866632103042E-025
  -17.0408869839587       1.983567266612985E-024
  -16.9437640497503       2.495520771161626E-022
  -16.8580916666123       7.372898450334619E-024
  -16.8066416528457       5.208514617720640E-023
  -16.6843867242210       1.064355695376113E-023
  -16.0916118904684       1.873075522062419E-024
  -17.8099630481464       3.098432359093705E-023
  -17.8037938079099       3.444544008357245E-023
  -17.7529009233689       2.179476882021095E-024
  -17.7102071874418       2.687513024459033E-027
  -17.6807179712111       4.502358977273058E-030
  -17.6579313554221       7.719422337096804E-027
  -17.6464456240670       2.582117657123570E-028
  -17.5801071092907       9.112373605711924E-029
  -17.4357787872666       1.185333697367999E-026
  -17.0725430442360       9.132831523025319E-026
  -17.0158797426435       3.197575143553415E-025
  -16.9104108345768       9.636454712703991E-030
  -16.8633396045375       1.152431522834232E-022
  -16.8368129614904       5.710606108867010E-025
  -16.6432192192641       6.029779838588401E-027
  -16.0791200983860       4.258722641298024E-025
  -17.8022351329717       2.283070043845615E-024
  -17.7673545796717       8.021418738345675E-029
  -17.7533306699136       8.724762930053067E-025
  -17.6653134308762       1.384457120312080E-027
  -17.6614743268247       1.396745140516868E-027
  -17.6541857202575       5.196837359370535E-027
  -17.6025355679693       1.637410300597096E-032
  -17.5800748903071       2.157551516946751E-028
  -17.4346310693611       6.093071556438917E-027
  -17.0587697534397       3.840962470944301E-025
  -17.0028251497530       2.002042474691792E-023
  -16.8969020529653       1.276974268466305E-025
  -16.8626419880293       1.880813896831218E-022
  -16.8095482892488       1.802794361952825E-023
  -16.6426793203208       1.203561557546069E-026
  -16.0776852046762       2.287097942057835E-025
  -17.5188677904765       5.039994242976297E-026
  -17.4983639897092       5.600096841981101E-029
  -17.4638944625680       2.419543686573237E-025
  -17.3975565533307       1.543375800588846E-029
  -17.3917000472563       2.189440998225591E-030
  -17.3319247191535       4.388851118819422E-029
  -17.3312065507008       3.561707549993659E-027
  -17.2904223580087       2.826283952546429E-025
  -17.1478386598838       2.786804484735290E-030
  -16.7885327191945       7.203356488692577E-024
  -16.7394017186866       8.219443657205291E-028
  -16.5931232642017       1.198733362841496E-020
  -16.5624179403307       5.586490228785546E-021
  -16.5332965698962       8.686809488109675E-032
  -16.3491215290087       6.176400241791908E-024
  -15.7813628908419       2.102475322971030E-028
  -17.3934532823450       2.268570089335768E-022
  -17.3779998337336       1.382267835548368E-022
  -17.3362483130785       5.077525065505718E-024
  -17.2615970448869       4.957714644996732E-024
  -17.2432606923698       8.145293380657696E-029
  -17.2197075477380       2.718091777105377E-026
  -17.1926728082767       4.827477814286973E-029
  -17.1347580876312       4.500515676691137E-030
  -16.9696433544486       1.070800110142785E-024
  -16.6214186486700       4.250775391397196E-023
  -16.5521913740399       4.447571892387401E-022
  -16.4321224970600       2.611748049796258E-025
  -16.4232229389640       1.767478499539605E-020
  -16.3911102908468       3.911234898360923E-021
  -16.1686005968829       8.731652462227402E-025
  -15.5978403310329       1.805845092461216E-022
  -17.4206434379538       2.092583330992366E-039
  -17.4114410617821       2.039406570590498E-008
  -17.2952572833714       8.303664544906859E-017
  -17.2669550440278       2.253341429849057E-008
  -17.2432141758045       1.602467431166971E-043
  -17.1991000313088       7.055692057033567E-040
  -17.1464130722367       4.261471312597810E-041
  -17.1402481328462       5.698576801137859E-017
  -16.9807920148200       7.851735571741278E-041
  -16.6294793621851       1.088726765552565E-004
  -16.6160680765785       3.510970436799601E-038
  -16.4871662443261       2.216787250779576E-036
  -16.4502983466694       1.094968451314228E-004
  -16.4029306729670       4.046724383748081E-038
  -16.2132502935508       3.972459673075649E-038
  -15.6749432178999       5.979181893799503E-040
  -16.7648071074970       3.214526187879206E-023
  -16.7601029448548       3.870901351742323E-023
  -16.7080277840548       1.300132103186873E-027
  -16.6584217592436       1.186482960954709E-028
  -16.6498004194339       1.370907276905568E-026
  -16.6277427079492       5.508648639263015E-025
  -16.5967757455735       3.482288282592415E-028
  -16.5353715308897       2.477804577819911E-027
  -16.4106532468674       1.095279649455090E-027
  -16.0567848525254       6.695193902548343E-026
  -15.9811861269056       7.524526741832413E-023
  -15.9008241976864       2.265771650706522E-024
  -15.8398698659122       3.975523481574124E-027
  -15.7833465098217       1.155185540832187E-024
  -15.6348555253994       3.243611132638629E-025
  -15.0841866177095       1.714742003521884E-025
  -16.5779070028082       6.521506601342113E-029
  -16.5769976825667       2.370808495333557E-029
  -16.5338598444493       6.668232663314607E-025
  -16.4916355263365       2.203624249963605E-029
  -16.4524157728108       1.428540230761555E-028
  -16.4349361519610       3.904353680925996E-027
  -16.4137147473352       2.708296921527202E-026
  -16.3714394397316       6.552631353315760E-026
  -16.2652159478263       2.668090546267015E-030
  -15.8774196357885       1.391679554827001E-023
  -15.8160214335634       2.310328818641488E-029
  -15.7061569737441       3.369262054971666E-021
  -15.6526045996925       4.897917529716313E-021
  -15.5960714844327       1.173982144060884E-025
  -15.4666834813560       2.722901936611545E-023
  -14.8942472352982       1.349064952151705E-028
  -16.3620471796439       2.891603238264666E-015
  -16.3493210946449       1.772072189691794E-039
  -16.3180397416357       1.146066914680457E-007
  -16.2988188815639       5.571143877241303E-013
  -16.2699775597506       4.144220670406610E-013
  -16.2485925496621       1.508205981168832E-041
  -16.2458369914327       3.685608090640249E-041
  -16.1990441607569       1.070625794914376E-039
  -16.1104994836225       2.883605968389981E-043
  -15.6721217448064       1.331915898342990E-012
  -15.6254673892842       4.725433453550636E-042
  -15.5608655309706       5.713893960031155E-039
  -15.4340529998455       1.242368310886121E-007
  -15.3782945624766       9.491833545938578E-044
  -15.2944302931928       2.902708548629037E-041
  -14.6943461859477       2.415992161070153E-043
  -16.3070870135764       5.445665113257370E-027
  -16.2907515810381       7.978272054930260E-024
  -16.2604091386987       1.253227472619590E-023
  -16.2437515658914       2.835062688591739E-026
  -16.2110409374231       5.330360018531043E-025
  -16.1919475356708       2.903938842319392E-026
  -16.1892091438920       6.395268425172010E-027
  -16.1393027571002       2.919455203718358E-028
  -16.0504096962615       3.573695861429261E-026
  -15.6155207378575       2.047286764409266E-028
  -15.5672276824880       2.315714714426169E-026
  -15.5029819398863       1.713391030850402E-025
  -15.3738825372708       3.128741254592350E-024
  -15.3172222234458       1.456768827023938E-026
  -15.2353816724437       1.021750385793036E-025
  -14.6346802683226       9.372057894395917E-025
  -16.3007898195936       7.278638026369573E-015
  -16.3000734038051       6.881749771724476E-039
  -16.2698139992074       4.490141147508577E-010
  -16.2250710799693       2.325802613071548E-010
  -16.2033453286875       3.446053016826776E-010
  -16.1999401077186       2.454560018973283E-043
  -16.1742404257218       3.065012298262490E-041
  -16.1290178202150       5.536555721351767E-042
  -16.0381914863109       1.909532271217425E-040
  -15.6110285021945       1.059005475533888E-014
  -15.5675863967553       1.913659515874150E-044
  -15.4856865395374       7.070301143516718E-043
  -15.3879923749696       5.795795161914353E-010
  -15.3277962151018       1.773877590810797E-041
  -15.2410086116753       3.153152189091647E-042
  -14.6560310512958       1.112332634989816E-040
  -16.1872570335113       1.067033646243041E-025
  -16.1580269194949       5.735538694732670E-027
  -16.1362280073190       3.291179562806805E-023
  -16.1199028830612       2.972488622692360E-028
  -16.0794887868897       4.258289644398030E-027
  -16.0776057695909       2.822782138280593E-028
  -16.0678033079583       3.069888724631883E-027
  -16.0186792820387       5.808568147254392E-024
  -15.9247196135257       1.080596658558666E-028
  -15.4920553233044       8.002673742675517E-026
  -15.4481995944960       2.001637784259303E-029
  -15.3794748875299       7.152287372108451E-024
  -15.2436824260564       2.382223796622269E-022
  -15.1961608345168       1.471127860190713E-028
  -15.1104810310711       2.446723543450443E-023
  -14.5097222180077       2.541437702128847E-029
  -15.9933419387238       3.638485260931486E-027
  -15.9635513863677       1.823530040673781E-024
  -15.9376536324847       1.457779627170513E-023
  -15.9244131410240       7.726974820958756E-025
  -15.8757062278074       5.822763374656280E-025
  -15.8738561038822       1.573757923462765E-024
  -15.8733868059342       1.454345017958031E-024
  -15.8185967561455       1.519984570378559E-027
  -15.7325207399268       1.034398371281176E-025
  -15.2896988409615       6.017015375243813E-026
  -15.2493357819771       4.975966802379108E-026
  -15.1676939012132       4.100625035355876E-029
  -15.0493964477385       1.630182374805502E-023
  -15.0035817069289       2.584199521360998E-026
  -14.9110538818506       9.424503259417079E-028
  -14.3090757846689       1.616967674443034E-025
  -16.0355437982554       4.094407054281008E-039
  -16.0132800973834       6.198311971321859E-010
  -15.9975109508625       3.690115664043943E-007
  -15.9362832543145       2.063733316021568E-014
  -15.9183236556458       1.022159593590014E-041
  -15.9147517351708       1.981373532041393E-013
  -15.8775512327819       2.482412221506178E-042
  -15.8380961371864       2.874023017342111E-040
  -15.7188895137454       1.399164474924074E-043
  -15.3237852716618       6.249626803145281E-010
  -15.2708529926614       2.883311524169383E-042
  -15.1916899943646       4.197800599018942E-040
  -15.1123469630850       4.841305218606922E-007
  -15.0512788241165       2.859386488539098E-042
  -14.9297546902297       2.319002614325295E-043
  -14.3614239240799       5.574510270143365E-042
  -15.9632064215564       1.788169187613778E-024
  -15.9319081344038       6.382921061054903E-027
  -15.9103873210300       4.747306047428842E-028
  -15.9051495592692       1.092280515293103E-023
  -15.8505508274223       1.200302088377873E-028
  -15.8422104614411       1.165602447219594E-029
  -15.8377763388673       4.266108775292503E-027
  -15.7939241466469       8.573598083212134E-025
  -15.7182188090096       1.896971896691087E-028
  -15.2733215279181       2.352574727680613E-024
  -15.2193625420744       1.051172129081674E-028
  -15.1476415493998       1.364353517806911E-022
  -15.0305639181192       7.305539383076646E-023
  -14.9848768801438       9.733895885684374E-028
  -14.9059859715756       2.729797728342656E-025
  -14.3091464077376       1.882294753548748E-028
  -15.9082572937996       4.287474407773381E-019
  -15.8953646799072       9.669367483488978E-039
  -15.8538461404472       1.011894072796664E-009
  -15.8378062619361       1.936738905418591E-010
  -15.8060776600134       2.375686152764994E-010
  -15.7864016156129       5.540249793752588E-042
  -15.7755364726914       1.804077540679210E-041
  -15.7244872163010       7.767576933878851E-041
  -15.6440754511351       1.599306394915158E-040
  -15.2126276166687       1.909659023648634E-014
  -15.1655756545429       1.743291263920658E-045
  -15.0902748453949       8.039081488611263E-044
  -14.9766363498091       1.961233295591371E-010
  -14.9120485718347       7.496562035042353E-041
  -14.8287594021949       7.678570856404835E-042
  -14.2309641673710       2.796346045870051E-041
  -15.7619678471826       2.247063189470902E-026
  -15.7434469603256       4.615446370263153E-023
  -15.7206954154179       8.475692386273380E-023
  -15.6832611163807       4.341257298144923E-027
  -15.6576378385600       1.347369938615280E-026
  -15.6553841647237       2.948676133782144E-025
  -15.6404177430198       2.474155954576467E-029
  -15.5910875160006       2.144658033934941E-029
  -15.4839566472479       1.340068338338545E-026
  -15.0626911705737       6.484052198598878E-028
  -15.0243488724285       1.121816260906418E-025
  -14.9472284117941       5.245448468298121E-027
  -14.8248425001355       7.497472925591219E-023
  -14.7773616722829       9.403983304086997E-028
  -14.6754628537088       1.808195665455997E-027
  -14.0837992510587       1.053439714004986E-025
  -15.5728385270174       1.495486619675184E-013
  -15.5578406703242       2.618634369494758E-036
  -15.5291781475816       9.732059892132635E-008
  -15.4930491028647       8.426974985570394E-012
  -15.4709003248379       7.422885781580189E-009
  -15.4650624151916       1.894450284308727E-039
  -15.4460158839683       4.553984173007799E-040
  -15.3972486195420       5.109492958880575E-038
  -15.3029115314591       4.014156508905126E-044
  -14.8705280115312       5.241360030911406E-012
  -14.8331151350697       9.760068182033133E-038
  -14.7567810670676       5.309163794326255E-036
  -14.6377299864731       4.093155144268154E-008
  -14.5813349849232       1.232960984029167E-038
  -14.4917250192090       7.295731578524083E-040
  -13.8930698981923       8.005084827906498E-040
  -15.5842005660822       1.718189647544950E-025
  -15.5523855431303       8.002136135165897E-026
  -15.5280983962070       1.211269711385774E-021
  -15.5146925008783       8.030697892365899E-024
  -15.4683970027210       2.542231310339258E-025
  -15.4666839407392       6.291321052846641E-025
  -15.4607132502956       1.528044662782767E-027
  -15.4118385438783       5.419427062347778E-025
  -15.3187708942205       9.352994007755954E-028
  -14.8857208606851       5.520771434056420E-025
  -14.8423430923203       5.449145750431807E-025
  -14.7663076435043       1.311327232298086E-022
  -14.6390985134642       9.254546414184131E-022
  -14.5937421256991       9.267295308834952E-026
  -14.5009095865092       3.984288001619014E-025
  -13.9011981541732       7.414914570639299E-028
  -15.5799664531496       7.755824500212921E-039
  -15.5714156616721       2.465635425839041E-011
  -15.5451143860281       3.929887127501656E-007
  -15.5032830668067       1.870098173134809E-012
  -15.4748294349983       3.531079748633506E-010
  -15.4692329361819       1.354508642010607E-040
  -15.4495085803874       1.890769906603421E-040
  -15.4012211528547       6.907665435137314E-039
  -15.2928207365993       6.291583534178444E-043
  -14.8773315323682       1.894335272153918E-009
  -14.8303145049457       3.516341425148511E-041
  -14.7609823231793       1.930394733101994E-038
  -14.6558792268266       1.240001497669538E-006
  -14.5977417454925       6.700311605782360E-039
  -14.4896926793955       1.381366463100192E-040
  -13.9034867244829       1.810083336678565E-041
  -15.6968487629409       1.707915768518296E-022
  -15.6965119524944       2.168876051042658E-022
  -15.6441395418132       1.565068452437473E-026
  -15.5923518625241       1.184138917365627E-025
  -15.5782485438999       6.777795444636972E-030
  -15.5592252590487       1.097684711457313E-025
  -15.5258965426981       8.179666011577712E-029
  -15.4780009508871       1.621148842254546E-029
  -15.3425947973399       1.115816144566122E-025
  -14.9826815615251       9.726525101208416E-029
  -14.9148689353098       2.983461525842644E-025
  -14.8189410656310       6.315540653487534E-027
  -14.7746632499201       8.352132483993587E-025
  -14.7333807296155       8.975715711752534E-024
  -14.5663982565291       1.452942872071428E-026
  -14.0172405817962       1.304067166381446E-026
  -15.4141397869015       4.831545672951507E-040
  -15.3915654083531       2.173173314831432E-011
  -15.3550785850942       3.336855931347276E-012
  -15.2925850660294       1.403803618099089E-008
  -15.2813373417335       7.387824517772653E-009
  -15.2678158862822       1.128768946066020E-043
  -15.2355931852347       1.306779854907026E-044
  -15.2004935647398       1.240646384813723E-046
  -15.0802890670567       1.402667549610121E-040
  -14.6860389022093       1.090073759080732E-012
  -14.6390756882631       7.407225301406075E-042
  -14.5411577578185       3.770306298014927E-040
  -14.4843895482085       3.106484456370412E-008
  -14.4191946233597       1.670052870764102E-041
  -14.2863196592380       3.699446126502970E-040
  -13.7151184337518       5.048941507353877E-041
  -15.3057986633177       2.195111596608602E-035
  -15.2814141864512       9.840793572193294E-010
  -15.2541747010940       2.257498876884905E-007
  -15.2018752023502       9.618164728997715E-012
  -15.1833291728851       3.166929848913454E-013
  -15.1675638693283       2.727703877770032E-040
  -15.1381917980306       2.695578778552210E-043
  -15.0978613853559       3.143012387004543E-040
  -14.9870020930763       2.184965414646710E-037
  -14.5936660008222       6.867543814138661E-010
  -14.5398804566456       2.988716023709583E-036
  -14.4599130554590       2.063103420032089E-040
  -14.3819087422535       3.165582001846574E-010
  -14.3084351977578       1.365206911186691E-036
  -14.1991316468148       9.570126788874960E-039
  -13.6298989094941       1.350461810637152E-036
  -15.2988749186598       1.932442133841657E-021
  -15.2834812507880       8.150841194594809E-023
  -15.2451878497809       6.946534584690987E-022
  -15.1909369435715       2.238968612617811E-026
  -15.1819272084225       8.509954784317964E-029
  -15.1631837241345       1.070862390450476E-026
  -15.1416900628803       1.551951583503599E-029
  -15.0970342841962       6.777174648021942E-027
  -14.9966064200114       1.316633164797314E-023
  -14.5818424409519       1.213789313245676E-023
  -14.5382870966409       5.142536268005242E-022
  -14.4446969072095       1.378340416051997E-028
  -14.3785830792332       1.954295536681639E-022
  -14.3102675916811       1.226667579161455E-023
  -14.2010620809406       5.422977737547515E-030
  -13.6267006669896       8.781625223609976E-023
  -15.1465629881256       4.559568511707026E-025
  -15.1167476732846       1.150496061440740E-026
  -15.0901045352441       6.349069808450942E-023
  -15.0734320951974       3.261568498869459E-028
  -15.0317748685727       1.251701615728711E-028
  -15.0249648409192       2.482999487169207E-031
  -15.0091810148395       6.044451437441204E-026
  -14.9718225326371       6.741998706033026E-024
  -14.8683785802930       1.177489839046407E-027
  -14.4488789218247       1.735504065309563E-024
  -14.3971547182659       2.491903683409444E-027
  -14.3203994890121       2.399430260365018E-023
  -14.2043474569530       1.148112557974987E-021
  -14.1601643065429       1.223069631959374E-028
  -14.0592098400460       4.813084613223274E-023
  -13.4683264890023       1.581485335032678E-027
  -14.9438611850735       3.435465275249472E-031
  -14.9234479468215       5.021174710525336E-023
  -14.8923111384415       8.029575927448435E-023
  -14.8749094539194       3.045619761392541E-025
  -14.8439478201093       4.443072422912745E-026
  -14.8286907025890       9.470609581925636E-027
  -14.8225169617764       5.184671596329558E-027
  -14.7707209874735       2.148897997027903E-027
  -14.6829046542677       1.311978924717880E-025
  -14.2479486424547       3.955069579037736E-028
  -14.2059587426074       7.546783052195407E-028
  -14.1364005723739       5.846616758708279E-026
  -14.0073991554755       4.538603002718165E-025
  -13.9510697549201       1.680670116253837E-026
  -13.8674899472825       8.017005222764526E-026
  -13.2674786429299       1.591092674168073E-025
  -14.9561973464764       1.129363271732700E-026
  -14.9326312490410       1.386148802381690E-031
  -14.9023456021349       5.076088461752578E-024
  -14.8781629134632       1.170620851068869E-028
  -14.8400251598274       2.808436691662965E-030
  -14.8333057211346       1.922489110063096E-027
  -14.8124436587904       2.256675410924777E-027
  -14.7810735055878       1.500772837623731E-024
  -14.6703598929542       8.445978019507497E-031
  -14.2562459970034       1.374407458315006E-024
  -14.2035406258378       1.632876800690224E-027
  -14.1214960453675       1.005771391531957E-022
  -14.0169273418215       3.516330879719843E-022
  -13.9742228890977       3.825029080948651E-027
  -13.8603145045124       2.619541808867661E-024
  -13.2720606202929       4.004335281076604E-028
  -14.8052695417480       5.813085187799844E-025
  -14.7727136760317       2.326820996652495E-027
  -14.7530767463451       6.921975656711287E-023
  -14.7436512143537       4.436650020885936E-030
  -14.6995454887268       5.274795227538964E-028
  -14.6991264962318       7.580824441185019E-027
  -14.6887369459900       7.975802719858683E-026
  -14.6396001088253       1.672055236743856E-023
  -14.5516324272755       9.960054116798032E-028
  -14.1138108578843       1.765213047594798E-025
  -14.0682231434284       8.841760846245669E-028
  -14.0053581902586       6.873284749840220E-024
  -13.8637684248822       9.226354424913305E-022
  -13.8169462130918       1.154819720756009E-030
  -13.7409518140431       9.486031595775857E-023
  -13.1387303793177       1.751034390592603E-027
  -14.6835559732138       5.278165735950283E-029
  -14.6581102984056       9.155619474912077E-025
  -14.6330533159625       9.756415411478836E-024
  -14.6070943728237       1.055563890266470E-026
  -14.5763726114909       7.680714096300922E-026
  -14.5683245094466       2.882469029097939E-028
  -14.5506970201905       1.798260666311413E-029
  -14.5160169084172       2.334283112429262E-027
  -14.4060656833496       1.504510865637623E-026
  -13.9886209207005       4.988101879804141E-026
  -13.9413798817613       9.420430150872867E-025
  -13.8655658080346       1.210369224186108E-029
  -13.7492200419249       4.515691478319957E-027
  -13.7096656299276       5.156349328242625E-026
  -13.5999389226549       2.003053602124405E-027
  -13.0139176067617       2.051126547039106E-025
  -14.2353002877995       1.314794556430647E-022
  -14.2214537351247       1.503192406279466E-023
  -14.1875840982976       7.897727780880024E-026
  -14.0982662911777       6.604538652916126E-024
  -14.0858623435981       6.965572642649643E-028
  -14.0636056628934       1.371977526851947E-024
  -14.0292864788979       8.418851724353248E-031
  -13.9909829527597       6.865488655071793E-030
  -13.8137966802273       1.835597358751977E-024
  -13.4776297170746       3.096000298166269E-023
  -13.4193073737191       1.100795611024082E-023
  -13.2869468446284       4.782075558349557E-024
  -13.2795905892495       1.032939860186233E-020
  -13.2417221560627       1.654487640025836E-020
  -13.0273670447361       6.674831054825058E-024
  -12.4712697644735       4.357369393539347E-023
  -13.8859348323591       4.628689792270551E-025
  -13.8512430125535       1.423137771405094E-027
  -13.8345304896221       1.955205057632929E-025
  -13.7952756150428       1.319003633615965E-027
  -13.7626582736102       1.447281907517934E-025
  -13.7265055361781       4.469118032062972E-023
  -13.7182446122922       5.021290135084121E-023
  -13.6763563095487       5.277792100177902E-026
  -13.5417676414336       2.284158511814845E-025
  -13.1682196881008       7.274653799184495E-023
  -13.1225018691580       6.483395966495366E-022
  -13.0228083128191       9.773426695677381E-022
  -12.9369677154977       6.201932433367061E-020
  -12.9069401862594       2.372839398357629E-020
  -12.7653979505267       7.234272862609986E-024
  -12.1861735053909       8.165030239587505E-026
  -13.8516565310869       7.437910290633166E-025
  -13.8168189344442       7.551925283325438E-025
  -13.7990752053105       1.188213294037490E-024
  -13.7607219128859       2.176352960523710E-025
  -13.7317927361925       4.542044600749818E-026
  -13.6957027000238       4.971949635954811E-024
  -13.6862749283555       1.992285891656152E-023
  -13.6438599901750       4.070842998834698E-025
  -13.5133424755068       7.830478233680893E-025
  -13.1367415047710       2.794109424776340E-023
  -13.0890701770104       2.972530148248123E-022
  -12.9938842701645       1.395771483920994E-022
  -12.9046504015333       2.149130187133641E-020
  -12.8726673246958       1.662730977508053E-020
  -12.7369592214629       4.178321854929947E-023
  -12.1580152616151       7.669656797584408E-025
  -13.7423787825509       5.740296758337435E-041
  -13.6980080414529       1.903140629044666E-008
  -13.5950655460199       7.431509364730256E-008
  -13.5671893044248       1.866815872641558E-017
  -13.5074074686563       2.545142658022021E-041
  -13.4563171021495       1.325913235171643E-042
  -13.4554391649259       5.302492126082666E-017
  -13.4003240274506       3.509556672907456E-041
  -13.2201664134693       9.192150916776373E-043
  -12.9507999172809       3.195788211058364E-005
  -12.8992674674810       5.743468673957542E-043
  -12.7679349507977       2.344886884091289E-004
  -12.7556476613015       3.008485366773442E-034
  -12.6856917405779       7.007939753845839E-044
  -12.4741987251265       3.133336871296812E-037
  -11.9576043248864       1.696923702973663E-039
  -12.7894685043671       2.239938305837786E-023
  -12.7844741127736       1.106329552213120E-023
  -12.7380242610514       7.534334950528361E-027
  -12.6723348654465       2.488421249338896E-025
  -12.6632531043592       4.547416414975401E-029
  -12.6271136467425       4.549547858620170E-026
  -12.6012779904930       1.816072991497386E-028
  -12.5386717871342       4.584589853162338E-029
  -12.3876397601981       9.006369946740680E-030
  -12.0929977901245       2.524916232250591E-024
  -12.0212725239103       6.156892162060736E-023
  -11.9146872994469       1.421449189129711E-025
  -11.8710428744248       2.699263110694805E-021
  -11.8144858299713       1.073205520231866E-021
  -11.6407324317768       6.009730147218322E-025
  -11.1197370757948       8.414334804382380E-026
  -12.3265793954689       7.018434548140900E-029
  -12.3117286557284       3.292811523382360E-028
  -12.2617632354392       3.653248671791101E-029
  -12.2134165361036       6.674339137656010E-029
  -12.1804530514350       3.521698677938967E-027
  -12.1568171456970       1.693431484204238E-029
  -12.1390128441264       9.146145139051295E-028
  -12.0872421257923       1.542027623181151E-026
  -11.9778131740352       6.241781436207856E-031
  -11.6246598905537       1.014733209943217E-025
  -11.5574115408902       1.255922307128885E-026
  -11.4475741313966       3.853592085494338E-023
  -11.4045471889641       5.081528523355367E-022
  -11.3298999200105       5.534677986956724E-025
  -11.1957616015417       1.876977152765957E-021
  -10.6396607235731       4.460968309983801E-028
  -11.3479470715872       1.082118055579170E-043
  -11.2874607612116       5.883978452693865E-007
  -11.2747749507559       7.893738476525279E-008
  -11.1754148124445       1.853122843806810E-040
  -11.1656490132828       2.917917981090246E-014
  -11.0940608495293       1.456636673673979E-013
  -11.0865217545234       1.239708561679070E-040
  -11.0189582657034       1.825027039057443E-039
  -10.8277108634876       1.100187060170470E-044
  -10.5787488614736       1.571441048479751E-010
  -10.5163887381811       3.332158697196431E-041
  -10.3990078172469       1.192301651786158E-005
  -10.3733077929226       4.984588473907257E-038
  -10.3386036759387       4.333604910299023E-041
  -10.0964079589181       4.940871465674719E-039
  -9.59717864071439       4.152450026041998E-041
  -11.3063675389235       1.090518488167561E-040
  -11.2600460875352       9.319498343750631E-011
  -11.1911908468163       2.196761903656866E-009
  -11.1232861292187       2.706223528582226E-010
  -11.0909423229818       1.183577461981640E-010
  -11.0755617817984       5.974725490078098E-040
  -11.0404694421213       3.063261612013157E-043
  -10.9907594450137       1.715944519738299E-043
  -10.8469175829629       2.078899603134914E-040
  -10.5387822715557       6.470596137247941E-012
  -10.4776851844879       6.645607252573468E-043
  -10.3588175789842       3.682086949097776E-008
  -10.3357380293483       3.090189656771654E-041
  -10.2703285144522       2.182406817670888E-038
  -10.0869575571973       3.153016818285299E-040
  -9.55438660759348       2.865397407919542E-040
  -11.0902097137431       2.656031081596609E-027
  -11.0754773783570       5.949832366422217E-026
  -11.0289894841587       2.685539540567814E-024
  -10.9806060258835       7.969607895514382E-024
  -10.9262259254797       1.905141658778565E-031
  -10.9003145045214       4.498983364435133E-028
  -10.8835658076796       1.800501831264579E-028
  -10.8336506678926       1.037657007023527E-027
  -10.6518331023930       3.133692958049366E-025
  -10.3683360035328       4.417882894426014E-029
  -10.3098285727833       1.176578145439961E-025
  -10.1663650255104       4.601000078924174E-026
  -10.1562850517522       1.176319936314117E-023
  -10.1360793512101       4.377889322003162E-023
  -9.90619321931172       3.889368699024523E-026
  -9.38956706107275       5.937621975747805E-026
  -10.9941419124919       7.264148853559192E-024
  -10.9434196957538       8.104498292355316E-025
  -10.8753183885741       5.482609745343256E-025
  -10.8088482831010       2.667121299569616E-027
  -10.7657438060353       1.698712264896969E-028
  -10.7590730706120       8.979927699443288E-028
  -10.7158529952047       4.944159104367409E-031
  -10.6719832799630       6.895743028847328E-028
  -10.5156579562037       7.024378395248114E-025
  -10.2213016488794       2.775579257687456E-030
  -10.1574415305123       3.939838595534835E-024
  -10.0405197230845       8.312785493425006E-023
  -10.0164573667041       5.400733536712810E-026
  -9.95096532921857       4.743553381776355E-024
  -9.75969456809384       1.692271201891161E-025
  -9.23135303973394       8.958615617443054E-026
  -10.7047888546625       7.305613447366967E-027
  -10.6844811446798       7.647548413390195E-032
  -10.6439379904825       5.013368401668863E-027
  -10.5825826424149       2.126480188282500E-027
  -10.5590454043659       5.706213369560314E-032
  -10.5150641431115       1.585768422909427E-030
  -10.4887020056728       7.161715331679194E-025
  -10.4772068925460       1.223078798079205E-023
  -10.2951621268190       2.370436166566964E-029
  -9.98775462930720       5.642159880082567E-025
  -9.93092195692535       1.326628428298172E-029
  -9.78484255556732       1.109387906709084E-022
  -9.76787357322250       2.222511057500236E-021
  -9.74906764449655       1.839846012159416E-027
  -9.53413511068512       2.245923703663887E-022
  -9.00104195700417       4.830457191760646E-028
  -8.14956753123249       1.271113277000321E-022
  -8.13937387881229       5.344585354990707E-024
  -8.09594221832874       2.298236843383713E-024
  -7.99739096999993       1.443488852245637E-023
  -7.98508516657107       6.042362256496873E-031
  -7.95707272828600       1.047482434116395E-027
  -7.92460427142843       2.102093827083008E-029
  -7.88225287832102       3.176113689561804E-028
  -7.68710748343816       4.764538969353653E-024
  -7.40401568800821       1.124444714242253E-023
  -7.34523414558556       3.393716923104187E-024
  -7.19961738405764       3.259377053329422E-020
  -7.19227363239413       2.048500059863662E-026
  -7.15901860631332       3.888438823878700E-020
  -6.92370567761148       2.981409058464724E-024
  -6.39018297348645       1.715582077214630E-023
  -6.24275891176690       8.367165470860631E-040
  -6.17942139205343       2.441011602154356E-009
  -6.11380960585481       1.088860190245620E-007
  -6.03712434706757       1.790922441600556E-019
  -5.97403065195488       2.213756519074541E-016
  -5.97269223843289       8.266458005370579E-044
  -5.92320528813129       1.922059057964405E-042
  -5.86203677066292       2.916332403610750E-041
  -5.67620303676386       1.173141384645597E-043
  -5.46649153265667       2.155499051884348E-006
  -5.37981171813397       9.836788924031984E-040
  -5.26630027502061       3.916040520791980E-004
  -5.22925512491701       4.002112574640579E-037
  -5.16074851556016       6.391568001158660E-041
  -4.94042423905303       6.750839901791573E-037
  -4.43378787315599       1.078524548729743E-040
  -5.36597879934614       1.897088529595625E-028
  -5.34723495778350       4.893938266090862E-025
  -5.31220836643968       5.401065026884926E-026
  -5.24689914097842       1.127734312881154E-024
  -5.20664078715437       1.417376787446576E-030
  -5.16374423775670       1.327999065806349E-027
  -5.15606295371852       3.668060870691607E-029
  -5.09962131267226       2.278265067578075E-028
  -4.90415472342101       7.567570351642742E-031
  -4.66115566701117       2.149614397189902E-023
  -4.60711232285271       1.098862311688029E-022
  -4.45600080862397       1.536821355722384E-026
  -4.42934739101391       5.665183897891736E-020
  -4.39442262257487       2.624600837929498E-020
  -4.17308484396166       1.333549066254280E-024
  -3.67053038715908       1.506396763161685E-023
  -4.75023801287103       1.935755074386339E-029
  -4.74271840728540       5.994389229055156E-031
  -4.68371017238101       4.928782106720146E-025
  -4.63414060548006       2.547192380495865E-028
  -4.59255113706938       8.391768530028176E-028
  -4.58216122575278       2.727466840750127E-029
  -4.56375009436007       9.631867435943195E-027
  -4.51310773686272       4.404206854979911E-025
  -4.37701738688970       8.002422260902465E-032
  -4.05310669322246       2.039037491873190E-025
  -3.98948684444124       1.639014931866805E-027
  -3.86651517033064       2.339029858876407E-025
  -3.82203078311003       2.423110922307058E-022
  -3.76795793189801       2.049778074458043E-024
  -3.59847531375405       1.132739764694452E-020
  -3.04687870029640       1.138713286706159E-026
  -2.54134259283025       4.713243327420526E-041
  -2.48875489430750       3.635498594118503E-009
  -2.46699276073755       1.578773176095442E-006
  -2.34864271686741       8.092529532854789E-041
  -2.32835473083792       2.696057069526047E-014
  -2.27295858287778       2.609652344204451E-013
  -2.24529912983715       5.286067838572473E-041
  -2.18551737403120       1.990782776131351E-039
  -1.96287277396668       3.673713738040844E-046
  -1.78925568374518       1.380913528755790E-010
  -1.71815045988069       2.218222702761520E-045
  -1.58697748866809       1.167972455603005E-005
  -1.54170116374796       5.829786872038890E-040
  -1.52200180690969       5.363172544729365E-039
  -1.25296377567294       3.439498504481012E-039
 -0.773092858194019       1.690760822290699E-040
  -2.50856321028185       9.921487831514725E-041
  -2.45188969218077       4.940788933356625E-011
  -2.38884999406824       3.654481328435141E-009
  -2.30525004774744       1.145754367396656E-010
  -2.28615770382639       7.060618677937147E-010
  -2.24527348249061       2.011850161274547E-039
  -2.21100381370691       5.032964185979933E-042
  -2.15980364319793       5.780633200612052E-041
  -2.00097902578634       7.672703049664248E-041
  -1.75820366240339       1.604168678933593E-012
  -1.67222982645979       4.560650193031830E-046
  -1.55613445539777       3.076786615220969E-008
  -1.52739554234908       6.702881392615143E-040
  -1.45801212072934       1.728456862167761E-038
  -1.25686951986452       2.174297280460390E-038
 -0.740252321624673       5.284459137244224E-040
  -2.30496699948690       1.541349490870224E-025
  -2.28524491170101       8.557770033406476E-025
  -2.24784946708217       2.577785610942113E-027
  -2.18443608323429       2.625032523958874E-023
  -2.12798029771129       4.027671123468607E-030
  -2.09393452452098       2.914569252386287E-028
  -2.08029783802678       6.783478296060108E-029
  -2.03952413877763       2.035941576134010E-027
  -1.83006548291311       4.314711634175366E-025
  -1.59605395510299       1.855404275309119E-029
  -1.54575161138059       4.839601267632815E-027
  -1.37745032246763       3.275903332315700E-026
  -1.37067300604566       3.289405378273202E-023
  -1.35164024938711       2.410030796736397E-022
  -1.10194391386094       6.137077833785655E-026
 -0.602395201061949       1.007465715126077E-025
  -2.21087627554651       9.854534436756452E-024
  -2.14611714475085       2.839746387687042E-026
  -2.08330078355421       2.210399473844233E-026
  -2.00022793123425       7.196479318828798E-028
  -1.96541200736344       3.381905249910241E-028
  -1.93698303560238       2.907517134483601E-025
  -1.89302098691543       1.798160053390450E-032
  -1.84308285534210       3.957647789874898E-027
  -1.67211752311498       8.880340085718246E-025
  -1.44985408966835       2.210324286395898E-027
  -1.35996891971290       7.354368072625626E-026
  -1.24971100520493       4.469597103448389E-023
  -1.21132498425611       9.806693525383965E-028
  -1.14607064274587       2.514296919461929E-024
 -0.935655172147097       7.596884193250229E-026
 -0.426921447322606       2.142622159342300E-025
  -1.90556565168648       5.984615342875622E-026
  -1.88728120699995       1.054984376570645E-028
  -1.84571534679107       3.890472533368929E-024
  -1.77315632609715       8.502851984929347E-028
  -1.75880889786400       1.170016955747985E-029
  -1.71738910603410       7.577251081656855E-028
  -1.69081049993674       3.206784615784201E-027
  -1.66540733340248       2.761167286322741E-023
  -1.48405993305498       3.481887241883865E-029
  -1.21474428953420       1.670056823701144E-025
  -1.15648287801119       2.048216598997787E-032
  -1.01024684369787       2.996740423246826E-023
 -0.983684594404110       1.580422007508551E-021
 -0.952523298452672       1.417585390698669E-026
 -0.742785680086069       1.526176859856277E-022
 -0.229336290494818       9.137277959501426E-029
   2.89095633760279       2.293173499436320E-024
   2.90391501221757       2.456738713120501E-026
   2.95745227059063       2.608771605817310E-025
   3.06603681241448       7.547896293865648E-031
   3.06931066380741       7.656055705257070E-024
   3.10065111397037       2.999548958111286E-028
   3.13832656488210       2.120694435074377E-030
   3.18846650071248       1.193463897816953E-028
   3.38815542588112       1.205282063539491E-024
   3.62053878033806       4.590507287750361E-025
   3.68965668581929       2.660475418817318E-025
   3.83370609288491       2.645778946300829E-021
   3.85091775693989       1.355954066505990E-027
   3.88884309291317       1.416679044259416E-020
   4.12791456296647       5.133130386482313E-024
   4.63827834057127       1.830442919835021E-022
   6.80126473772816       1.590264295093605E-040
   6.88010902913131       1.466614232868358E-010
   6.94381801871170       4.326664216662777E-007
   7.04927239631646       3.393689735299094E-018
   7.10723878499788       1.152204275220006E-018
   7.10947734705638       2.610240301778190E-040
   7.17751974468885       5.032495898621086E-043
   7.23875425774604       5.811241879559277E-040
   7.45117380219404       3.017188415812410E-041
   7.58682405282253       3.798379430008172E-007
   7.69224626793913       1.205978475276682E-039
   7.78522495706209       7.929174632122896E-004
   7.86952743829841       1.877828035191461E-041
   7.90021352097467       2.902506970967197E-038
   8.15905858080960       2.152830666898960E-037
   8.63792038214375       2.537544137045901E-039
   7.07061293093219       2.553503137865939E-026
   7.08900669320568       1.293045483471234E-024
   7.13021853517698       9.581234586147568E-023
   7.20289304497247       1.109847024474510E-022
   7.27074525218782       4.536453086753674E-031
   7.31630835614592       1.033456840970352E-028
   7.32098086980420       1.540458882001358E-029
   7.37968578528406       7.721619840333567E-028
   7.61726294717393       6.256317970262842E-028
   7.78563607144044       3.586816273361141E-023
   7.84141253737108       1.424077384565671E-022
   8.01267889704064       5.745057580206238E-019
   8.03345644528788       3.879468191378395E-024
   8.03715480439966       3.298144859644567E-019
   8.31993533030064       6.423279309662345E-024
   8.79252201184839       8.287828414050960E-023
   7.21859094516273       2.370868325154602E-030
   7.22430134160744       1.641339380186247E-026
   7.29377708238483       1.800876352411685E-024
   7.36371908491573       7.940443643497448E-029
   7.40309560844803       6.703949029650782E-032
   7.41290271065547       5.733421382050858E-027
   7.44547414531883       2.738044360101325E-027
   7.49589145670358       3.342580325854019E-023
   7.65452634297244       5.425833037826421E-031
   7.91327980126545       5.246304151198879E-024
   7.98928656484890       1.477969521308750E-027
   8.13445999183187       3.029020996474629E-020
   8.13932893202248       1.062615843597899E-019
   8.20065353952995       4.436788875627621E-024
   8.40317179610946       5.266759563550063E-020
   8.92490809775279       5.716867109107897E-026
   19.8504973160529       5.281102893402487E-042
   19.8911541957409       1.263773361792701E-010
   19.9363872316369       1.744776801735887E-006
   20.0685345746864       7.320011999389896E-043
   20.0882068765587       2.771518392619626E-015
   20.1360618277122       2.456743270839079E-013
   20.1774044602979       2.220799122382974E-042
   20.2377487721158       5.837334238966573E-040
   20.4838587591915       1.201112750673206E-042
   20.5931131192194       1.626199853485387E-010
   20.6750421979088       8.820841168456450E-045
   20.8148275840460       7.621738556086471E-006
   20.8788510436263       3.094853422002176E-042
   20.8854544983863       1.824799018771257E-039
   21.1796423233403       9.093843017050495E-040
   21.6464069085659       1.043300325358037E-040
   19.8788606564135       8.706009221904265E-043
   19.9334392117047       9.169029103110722E-012
   20.0012169459688       4.439202011759156E-009
   20.1019528743714       2.290275533393841E-014
   20.1266521546127       8.248027387095558E-010
   20.1614430751636       6.260017838674141E-039
   20.2059690992692       2.073269351887524E-044
   20.2640960310412       7.023880929549056E-041
   20.4505124671809       5.038472050398009E-042
   20.6208203944528       7.458287756058936E-013
   20.7217866071443       2.312962763834437E-049
   20.8421377012875       2.372096909826077E-008
   20.8873711965626       9.081344660875712E-048
   20.9420626783090       1.918454759351125E-038
   21.1772801044165       1.106728908931627E-039
   21.6763999733851       1.509281863407097E-039
   20.0506983869431       8.638999902846762E-026
   20.0654471561951       6.333272725824874E-028
   20.1121849341133       4.671177052262348E-024
   20.1990760087943       4.832496227555670E-023
   20.2509954189007       3.388145328631949E-031
   20.2927209753238       1.287411694689220E-027
   20.3083639766174       3.708614666187473E-030
   20.3571078418761       1.514504562391346E-027
   20.5947457190801       3.821090089638151E-025
   20.7584972381027       5.242581073058136E-032
   20.8142927085282       2.299610407284173E-027
   20.9942607647884       1.168261121880433E-022
   21.0116541887530       2.758957989264949E-027
   21.0232318492814       3.839261874997757E-022
   21.3050593087403       7.597208947750394E-026
   21.7867314863163       2.621660249845542E-025
   20.1007723651298       2.685227327147988E-024
   20.1617991304441       4.852058779805953E-027
   20.2285595707396       2.670085099807700E-026
   20.3325324294111       6.683249380439702E-031
   20.3625796032453       8.375453046318505E-033
   20.3923926656811       2.792761889486525E-027
   20.4427170525093       1.237865121891170E-031
   20.5013102210474       2.641266369712991E-027
   20.6948525827588       8.030486582802124E-025
   20.8508368314474       1.503816410266086E-028
   20.9548602516668       3.143070343372159E-029
   21.0703690675626       3.160206772834302E-024
   21.1244494505739       1.632330436056119E-030
   21.1747939359296       8.252286821488989E-023
   21.4164835333313       1.027891864104113E-025
   21.9104093483333       1.576094628528491E-025
   20.3363854573093       2.742769080492957E-026
   20.3544388043496       1.637874061733647E-032
   20.4036011597333       3.963957814404545E-023
   20.4936065772729       2.771095837428829E-028
   20.5175519298933       1.016883092379042E-030
   20.5607499784932       3.591562212621468E-028
   20.5817564502664       9.947647947766466E-030
   20.6240450488491       8.879420543017308E-023
   20.8388438833333       1.152949497769871E-029
   21.0355242561278       1.578212031901321E-027
   21.0940605895522       6.745465345531115E-031
   21.2744631667742       3.203286407392537E-018
   21.2744873546031       3.243520589376892E-018
   21.3066172998005       6.779774209955420E-026
   21.5625964466779       1.319951268063997E-021
   22.0579978633399       8.257225712559549E-028
   23.4832272201984       1.004032642505043E-025
   23.4965936683540       8.564464530947521E-031
   23.5598453632351       2.085280826038243E-025
   23.6741666924229       3.051866384733962E-035
   23.6823592622582       5.060040493287642E-024
   23.7154060557671       7.672657551235887E-030
   23.7547182344781       3.583858487999790E-031
   23.8117382057262       2.452780214792686E-029
   24.0250809798660       5.373519438803417E-025
   24.2074109360644       7.813281417741402E-028
   24.2846764535710       4.678259385268442E-026
   24.4272323788425       2.044000660330984E-023
   24.4614462155665       4.777785200745124E-028
   24.4885612848173       1.171251225632700E-020
   24.7462365416339       5.692582357094460E-024
   25.2383845209284       5.809401614874087E-022
   62.3934262148215       3.017840989468916E-023
   62.3995766628763       1.425091929498222E-023
   62.4648709564024       2.631562659287565E-021
   62.5737617660225       1.188917250931800E-022
   62.6084494588796       2.223068240830225E-028
   62.6613053869876       1.164131584937176E-026
   62.6826915050198       1.741770939258806E-026
   62.7442980958427       1.092979440563429E-024
   62.9979013342858       1.467435435093378E-025
   63.1067865953166       6.020976457244537E-024
   63.1808406421087       4.092595652209152E-025
   63.3345867001264       2.964802189523923E-018
   63.3769728741901       1.850924214727616E-019
   63.3929321508807       1.295270280531416E-025
   63.6836322479117       1.476524766544225E-021
   64.1400168386688       1.470283407098883E-025
   62.4049261612677       2.108940255596081E-023
   62.4128571415085       7.743586788939310E-024
   62.4920422371517       1.368666983810361E-018
   62.5970446360602       2.491618927912768E-027
   62.6251360898205       6.665753434546747E-022
   62.6432415836747       3.900423844674177E-025
   62.6879015846806       4.023671215490154E-024
   62.7457192937713       1.682505909326310E-021
   62.9572358369100       5.570678077244989E-028
   63.1130210685153       8.106229563126834E-021
   63.2001571807716       7.866275310125901E-024
   63.3400567012058       1.279694513743221E-015
   63.3846704194281       1.509054748953215E-021
   63.4030076797819       1.782307307293162E-019
   63.6672278920934       4.054831621220040E-018
   64.1502703935481       1.319978941071877E-022
   62.3365363897324       5.896136273482939E-038
   62.3907781544318       8.068530039542902E-011
   62.4597279769276       6.189272856285234E-007
   62.5898129911393       1.839263756246770E-018
   62.6272543649277       5.668866725938561E-035
   62.6371078625191       9.901376968591474E-017
   62.7056007722237       2.532903245844477E-036
   62.7724553089691       2.810755676605756E-033
   63.0075970446273       2.827952071261830E-037
   63.0950038899267       3.672469222716576E-013
   63.2032354815254       2.023849872897161E-035
   63.3066560801675       6.192955903900991E-004
   63.4039335205531       1.708522395121728E-031
   63.4054655121793       1.391383035083198E-032
   63.6963322183044       6.781023895642300E-030
   64.1563678839019       4.725668847872556E-035
   63.0101945607633       3.399924610052602E-027
   63.0198509454255       9.219878552633819E-029
   63.0924141555193       4.594798034653994E-025
   63.2116903842357       2.788316243183699E-034
   63.2210983597130       8.019199177781340E-025
   63.2591507104115       1.190727469611251E-029
   63.2967177129555       3.721230058751587E-033
   63.3591027460760       2.767574838287148E-028
   63.5853593287250       2.816857068462929E-025
   63.7302308173967       2.377711317902930E-027
   63.8121854622536       2.276363897805333E-026
   63.9567266903974       1.338845439223469E-021
   64.0031593660523       7.498379748008863E-029
   64.0185103457581       1.310710045314545E-020
   64.2947113225696       4.836310248700260E-024
   64.7756800306277       5.881749337823877E-022
   96.2719684310584       2.776063879667225E-044
   96.2932326505375       3.819406545085770E-015
   96.3646206255707       2.933432310228505E-007
   96.5045264610992       8.742942439847184E-043
   96.5103682100029       3.333491551844369E-018
   96.5610580235653       1.169690447070553E-014
   96.6034363118712       3.086594184024142E-045
   96.6707619273388       2.281862730691598E-041
   96.9247087167714       4.290307038237483E-044
   96.9991085682935       1.147461417071544E-015
   97.0885140435008       2.664375964739850E-047
   97.2319494747744       8.606129618517656E-007
   97.3029942646082       8.787223589887321E-040
   97.3058691739599       1.130836650071301E-044
   97.6103198797460       8.728213255639371E-039
   98.0677524161895       1.179124921172570E-045
   96.2936372658525       8.556078009884315E-043
   96.3287440424833       7.846083550710244E-015
   96.4075584206027       6.582919387655259E-010
   96.5179389695700       3.233524688735412E-015
   96.5619806490965       4.272668509854612E-011
   96.5673251494318       9.881103863020685E-039
   96.6254474006062       3.660988213128347E-046
   96.6924493289822       2.238144748414662E-040
   96.9083731610037       2.141920329179518E-043
   97.0209025493481       2.440910121962172E-017
   97.1251777754565       6.301251186947899E-049
   97.2532589451914       2.827325635277259E-009
   97.3134179981245       1.564366260549180E-047
   97.3430533227803       1.807789459202408E-039
   97.6133306308849       5.842339656584518E-040
   98.0913051599613       4.583900424992044E-041
   96.4089300107147       1.216945688390032E-027
   96.4190284843094       1.974095448716510E-026
   96.4851107951078       4.105573407240479E-024
   96.5971282310320       1.004636736184602E-023
   96.6246143982392       3.799571332462263E-034
   96.6768792852297       2.483728141631472E-028
   96.6963203110317       2.502809631715557E-032
   96.7593786509973       1.212348474877079E-028
   97.0101980788025       5.213515855495890E-026
   97.1184543453405       1.165854071372021E-033
   97.1874365774017       7.731009833949655E-033
   97.3576120260363       1.813066781259889E-023
   97.4013574487980       5.551951119716942E-023
   97.4019339863748       1.489985032555626E-027
   97.7036837273806       8.780443795451454E-027
   98.1691634566242       1.941891350561659E-026
   96.4478670980282       6.537102137724086E-026
   96.4870630286135       1.083432731845903E-029
   96.5650318061912       6.899157506082992E-027
   96.6786607254394       5.789292839854427E-035
   96.7229921431338       6.060323810195884E-030
   96.7278986435715       2.570778812401345E-026
   96.7888567284938       5.907219433215393E-035
   96.8564092283571       2.610675458203640E-028
   97.0756261616881       1.136655615595812E-025
   97.1798017758305       6.449603745704831E-031
   97.2864742231417       3.100719178625322E-030
   97.4112134167617       3.368270371127063E-025
   97.4772378409703       6.135164549017193E-035
   97.5042229458404       5.182535241927398E-024
   97.7779129686234       7.410593649837476E-027
   98.2531238582625       9.421155974042176E-027
   96.6135479837495       1.346705736425788E-028
   96.6257792142104       1.129556147951184E-030
   96.6931256303373       7.521771185834513E-024
   96.8061850926852       3.205999544790714E-030
   96.8164919545271       8.939649246346369E-034
   96.8682290913835       3.862528740469981E-029
   96.8896879121914       1.067210114367836E-029
   96.9510622932094       2.363084330784875E-023
   97.1861625273973       1.297220107296666E-030
   97.3180585507132       1.175557272289395E-028
   97.3879071943830       1.245652079916586E-033
   97.5586639841056       5.233202512903699E-024
   97.5899806111179       6.920529810471391E-027
   97.6030330752797       1.032660443852744E-026
   97.8892524348793       1.900077067440318E-022
   98.3647977200615       1.331818067158624E-028
   139.669431164547       9.160302043261373E-029
   139.678383796248       2.162788703546914E-029
   139.757980662652       1.650020576958671E-025
   139.878050544193       2.022126419666439E-034
   139.893153973077       1.179406473058458E-025
   139.930627969064       8.476212025346900E-030
   139.968691104327       2.189413316434489E-034
   140.036133167746       7.125707269357893E-029
   140.268695344192       1.058616321369379E-025
   140.382096028379       6.973150500483980E-028
   140.469659291089       7.826385442717163E-027
   140.613855471619       5.242016386500923E-022
   140.668515492660       2.000992368768154E-032
   140.679879851840       5.377393382833150E-021
   140.965159439577       1.751555867266091E-024
   141.433640983066       3.234275605109071E-022
   274.071025390537       3.720567670770215E-044
   274.091337278111       1.541579006787943E-011
   274.175501800650       4.980476916738188E-008
   274.305721610663       4.871992286656371E-020
   274.327071373071       3.218738679881040E-041
   274.360649980741       3.303516115356730E-018
   274.407114237115       1.045369724357037E-043
   274.477679496994       9.008646499531500E-040
   274.724452225150       2.041377130414184E-043
   274.774748333468       2.382041089324156E-009
   274.873012285941       1.526366086074137E-042
   274.998957252854       3.145331257466789E-005
   275.070047115670       1.312113868768660E-038
   275.087014529280       1.483199323579170E-042
   275.382722556914       1.247496213488849E-039
   275.814161771901       1.438024915912993E-041
   274.150618408876       4.032294354486581E-028
   274.159000451435       2.646879695641760E-027
   274.235633323882       8.084594180254235E-025
   274.358506404674       5.380476868582376E-024
   274.374809713804       1.363017366546284E-032
   274.432798459292       1.397535948509971E-032
   274.452820209559       6.593345962286556E-030
   274.521559658941       5.917736114072368E-027
   274.779658510761       9.492362585285786E-028
   274.842184328896       5.004577000694935E-026
   274.918137504543       2.113774437950263E-025
   275.071024220874       4.474997183171904E-022
   275.114248111938       1.358197606740489E-021
   275.141181973117       1.157136222458265E-028
   275.436594715669       4.420249911513625E-024
   275.866222861437       6.907138510965606E-024
   274.216710127446       1.039948777094059E-029
   274.217750915865       2.498891139257866E-027
   274.305479225687       9.603008757660882E-025
   274.422578233790       1.204565475520701E-032
   274.440659862055       8.895262010377599E-027
   274.478397625867       7.003175832247100E-030
   274.510825800187       2.137036465912854E-027
   274.578829310481       9.162427472068862E-024
   274.814350598866       2.087201609172288E-030
   274.900059129407       1.242711296968165E-024
   274.985535885661       3.763422313392890E-028
   275.128494958159       1.650708641890609E-021
   275.182904127141       1.924828423881517E-024
   275.189924399182       2.486642254192280E-027
   275.482986489879       3.070545330750022E-021
   275.925458952170       2.371832562982077E-026
   287.626844092940       1.135996678302092E-027
   287.631917867570       2.112276414588903E-029
   287.716972043593       5.705843064585643E-026
   287.839884529947       1.697141264427428E-035
   287.853883871795       2.815274697919319E-027
   287.895933630321       1.961788277515130E-030
   287.930509616319       1.903368091987367E-034
   288.001077286236       3.886640646974723E-029
   288.240888738944       2.752071630337529E-026
   288.327663062047       1.031154666275203E-028
   288.415288017000       1.269753223329665E-027
   288.562441193662       1.629976149041517E-022
   288.622527823837       2.398544882198672E-029
   288.625545546367       1.469310281329143E-021
   288.923040586968       4.261623968551868E-025
   289.378047183232       9.175758844778223E-023
   368.558099527903       2.902691904221632E-044
   368.562889893131       2.906127128639759E-015
   368.649289329501       4.832155726487466E-009
   368.786214012892       2.211681716091890E-021
   368.787518911532       3.099989924497664E-042
   368.843294907249       1.495003883716497E-017
   368.875674153851       3.757939429373605E-046
   368.947387949765       3.186539126757747E-041
   369.202514276955       1.213240983672296E-045
   369.249040709143       6.068892528556408E-014
   369.335608426506       6.974497051307242E-047
   369.482769062847       1.253851093498367E-008
   369.541922787988       2.175911878592952E-041
   369.558297132151       4.964880086336938E-046
   369.860973397900       3.483888929210878E-040
   370.293097091958       2.066905091630023E-044
   368.573733598831       3.706519969217233E-044
   368.586123637779       4.020426354226906E-019
   368.674349485790       7.590218714866914E-012
   368.794143951818       4.018655263014064E-020
   368.821861199882       7.403753751567318E-043
   368.849878387486       1.098322816360713E-013
   368.891579642862       1.163029394036145E-048
   368.963130743802       5.116639651468618E-042
   369.201028432541       6.940844795985294E-043
   369.264908283451       1.103150327374866E-016
   369.359314210674       1.816207215148638E-046
   369.498304638500       3.556500367941053E-011
   369.565874962909       2.420909538921665E-041
   369.566824973851       1.452524289341630E-047
   369.868296677037       1.009211238631914E-041
   370.309903875182       2.734579456728909E-043
   368.638616190327       5.847461553860059E-030
   368.646719225143       8.244827901569375E-028
   368.725990389980       7.250864820017748E-026
   368.851923809578       1.676268629507268E-025
   368.861268475155       5.169184828998048E-036
   368.919150915043       1.437670767474702E-032
   368.940072450854       2.928115994055758E-034
   369.010795476214       1.481925885530055E-030
   369.265210991964       6.302194433733062E-028
   369.326758955380       1.473477449839904E-030
   369.402818840702       2.508833054736674E-030
   369.562244288010       2.892638762420209E-025
   369.609221825272       8.185947914413010E-025
   369.624698041465       1.953423624473460E-035
   369.926738654003       1.246493584411727E-028
   370.361972591197       8.108966105714202E-028
   368.675630949374       5.420519920931929E-028
   368.689166052533       1.476108491625048E-031
   368.777217602813       4.721814176869644E-026
   368.897950023314       1.056574495445959E-035
   368.925733254997       2.164360223173396E-027
   368.953653942670       1.395665295134075E-030
   368.996260079136       2.268214868988105E-035
   369.067929474876       3.127626451880868E-030
   369.306671732731       1.603154182775271E-027
   369.368060202505       1.759733826370293E-033
   369.463328455241       7.736379522284560E-031
   369.601277488289       7.533098034001490E-032
   369.669876454012       5.917348073184641E-026
   369.671600079800       3.957767920655195E-034
   369.973202633495       1.063980367439631E-028
   370.414042679593       5.022285337474430E-029
   368.773940889621       6.318496732509751E-031
   368.782958823530       3.376216378788353E-032
   368.862376172385       1.391293623908462E-025
   368.988305721142       1.601206894452046E-032
   368.989670350982       6.512538509585169E-039
   369.047336561666       1.596882397883608E-031
   369.068526575841       2.117986936614168E-030
   369.138826713687       5.109935744929599E-025
   369.385553436509       1.564399189431672E-032
   369.459513121517       4.832614677841429E-032
   369.535548433355       2.471629533320988E-034
   369.695432041729       3.307183914424887E-026
   369.742104130633       1.425959963257667E-028
   369.750580954644       3.053520187034108E-031
   370.051890846235       2.737930463763928E-024
   370.492235709611       3.210174806124174E-030
   585.749390933162       6.428015914122539E-027
   585.749526298849       2.611691027624519E-027
   585.838866404780       1.246739430749790E-026
   585.965485357183       3.907649618532415E-038
   585.974957720050       2.588058122937861E-027
   586.023660246064       1.605256446135985E-031
   586.052733381793       1.088938642731243E-036
   586.125033003923       1.179285831049078E-029
   586.371732409368       4.325467535151092E-027
   586.428974270502       1.631377433998692E-029
   586.513350668991       2.210436726095398E-028
   586.664072637938       3.315753726601010E-023
   586.719704099807       2.598049522705595E-022
   586.728841541920       1.182932023773515E-030
   587.031414196665       6.843152159818406E-026
   587.465352849314       1.727460895822082E-023
   1554.29118601918       8.946775623157640E-032
   1554.29913485871       1.584958788055268E-028
   1554.38458697035       8.661242165951408E-028
   1554.51491605026       2.523998394241810E-037
   1554.51655849247       6.182735178180025E-028
   1554.57400276617       2.803567640962916E-034
   1554.59421690446       5.850030047150774E-035
   1554.66742151730       2.462090870701773E-030
   1554.91977984480       3.217501538223701E-028
   1554.94639112228       3.483764959038015E-031
   1555.02296846045       9.332699617194931E-030
   1555.18068743596       3.001919471622714E-024
   1555.22358541755       1.945912947102851E-023
   1555.24626369552       8.497640912234758E-033
   1555.55062024675       4.368164412764591E-027
   1555.95789882745       1.277389451435468E-024
