                  1552
  -19.2887984762752       1.537479375054216E-040
  -19.2751123038029       1.300475142375107E-009
  -19.2340431881750       1.058480584995281E-041
  -19.1988361138503       3.871252665378819E-042
  -19.1581951995138       1.828073444097806E-039
  -19.1530672219830       1.066442647244548E-008
  -19.1356567493244       1.547856370381080E-014
  -19.0821176664135       8.345434864100492E-017
  -18.9578515323326       8.683653414319711E-011
  -18.5604765515083       3.317787667360890E-040
  -18.5007030189562       5.195621917210285E-008
  -18.4133908747290       7.835737228668100E-015
  -18.3271993976075       9.165357620502053E-040
  -18.2703688263514       2.217927555646249E-005
  -18.1411303377352       1.107711586641824E-013
  -17.5485463501808       8.382128834037316E-009
  -19.2004758628423       3.302911601479311E-044
  -19.1723462774450       5.626416013349704E-015
  -19.1344119315906       7.990087844124669E-042
  -19.0886179158866       1.865997897628554E-042
  -19.0541791046736       6.666885503373330E-012
  -19.0331100152307       8.189268929509295E-042
  -19.0272327733105       1.312975106293393E-011
  -18.9669142358616       6.929729288759973E-014
  -18.8429418358320       6.521686782286783E-017
  -18.4738033819684       8.354526079112673E-040
  -18.4226424715680       4.677469619234223E-012
  -18.2974937475057       1.491539766088322E-009
  -18.2269055720695       3.909625418971870E-040
  -18.1740860060231       3.530952684548935E-011
  -18.0320546973379       1.091589889283117E-013
  -17.4480849179956       1.860842826855352E-015
  -19.0856934345431       9.090261505394926E-043
  -19.0740286785548       6.786327126166120E-013
  -19.0185609885636       2.194190282535948E-040
  -18.9953297611388       2.230992446319810E-042
  -18.9586042706940       1.178521239042319E-011
  -18.9118558428403       1.428219849609065E-043
  -18.8903933812020       6.156757838805297E-010
  -18.8624363589209       6.558958967588257E-013
  -18.7521004732341       8.573096118459591E-015
  -18.3730508545193       4.480813315715277E-039
  -18.2931442453052       2.155703162093682E-009
  -18.1830560105140       9.475766852748009E-008
  -18.1383944051549       2.809911476189382E-038
  -18.0878716711823       8.073742506074799E-009
  -17.9447451790625       5.490750672072532E-012
  -17.3686129370662       3.083281934048138E-012
  -19.0135212141535       4.269015725277936E-039
  -19.0122018117347       1.147381440879059E-008
  -18.9759647944320       2.811541402446632E-041
  -18.9294660254014       3.464454674709236E-038
  -18.8991429884553       8.809819769071937E-008
  -18.8726478982788       1.278761884347080E-039
  -18.8715363282988       2.135691125434981E-013
  -18.8069520127766       2.294167218929415E-014
  -18.7183070838166       7.867519748965089E-011
  -18.2902480359487       2.830338666877900E-044
  -18.2452773752472       1.922320174940198E-007
  -18.1290207889811       2.899759126309737E-011
  -18.0785524380296       8.405352993256970E-040
  -18.0214108420338       1.682505609529951E-005
  -17.9060765673159       2.428621717055747E-015
  -17.3171755994930       4.958331780154259E-008
  -19.0110557340626       1.415078277988808E-044
  -18.9991270318194       5.933831909274369E-010
  -18.8940219581329       3.228061834990713E-043
  -18.8906449391060       3.612493696025101E-042
  -18.8649068576195       1.704222714242932E-008
  -18.8507070041898       1.302126767579159E-039
  -18.8368153935693       1.763817255323886E-013
  -18.7149533717474       3.201903923943390E-016
  -18.6211392873114       1.371231292911191E-013
  -18.2739438192540       2.777046541143663E-043
  -18.1693250922210       4.659454310351547E-005
  -18.1013052472427       7.901762885869484E-011
  -18.0471690988066       7.252757622050039E-041
  -17.9903464176289       1.394936877468319E-005
  -17.8197533216358       1.185538534394087E-014
  -17.2470031414166       2.843242549432611E-008
  -19.0050191804861       2.386713601148447E-023
  -18.9821603939039       3.404004487600207E-028
  -18.9014369530679       1.542510501633649E-027
  -18.8622680542698       7.395731837320949E-025
  -18.8526719933335       6.375833001646250E-026
  -18.8351972369529       4.926448638372581E-027
  -18.7758493482429       1.087202174949372E-027
  -18.7396866753164       3.248405794318008E-028
  -18.6240134129724       2.525449761378626E-027
  -18.2239457752202       3.698963664060872E-023
  -18.2062689417507       1.725403684236575E-024
  -18.1091339814220       6.890782765911614E-027
  -18.0209471167273       2.294588383966651E-021
  -17.9998037021161       1.668489466790163E-022
  -17.8312011542422       2.298171160006205E-028
  -17.2665647927077       1.275951483215736E-024
  -18.8389451563579       1.341161649132544E-037
  -18.8362430055024       2.914149169941302E-009
  -18.7933186313083       5.033767698970930E-040
  -18.7439201885160       4.828110217352749E-042
  -18.7217725047843       3.226296558472533E-009
  -18.7137018146419       1.418030555599618E-039
  -18.6751387501950       2.107033859919415E-017
  -18.6393297462474       3.350503813966817E-015
  -18.5107254728240       1.040183227051995E-010
  -18.1166062609530       4.853346744235258E-039
  -18.0496732554971       1.648877078315854E-009
  -17.9622032305451       6.938450061954642E-015
  -17.8943908589508       4.596541087103163E-039
  -17.8404091012067       1.469455072267076E-005
  -17.7054905599376       6.854474324968753E-014
  -17.1241150680592       3.969007601379339E-008
  -18.8673983441440       2.176045953667798E-042
  -18.8471026913715       2.260666295438971E-013
  -18.8069376153728       2.340778353170833E-041
  -18.7458311256515       1.509538261979040E-041
  -18.7233444739688       1.345156739458126E-011
  -18.6825763505326       1.047274431116899E-011
  -18.6477590881107       6.536344393209274E-043
  -18.5897190845523       7.059347068205726E-012
  -18.4787793416923       1.120054396927746E-015
  -18.1293545738117       1.119807247283734E-039
  -18.0806291216716       4.906607807198973E-011
  -17.9092364454504       5.229639084859462E-008
  -17.9022483306933       2.218305123796015E-035
  -17.8567104273155       3.688352938686077E-008
  -17.6789050647650       2.141176639435009E-011
  -17.1166359461269       6.086776206368602E-013
  -18.7853842661238       6.802176171135084E-012
  -18.7592615487486       1.528099721481747E-041
  -18.7347500636591       8.477439164929685E-041
  -18.6815666039983       2.118084442842418E-043
  -18.6467858997049       8.339517542365299E-040
  -18.6417340586983       2.162278456422342E-008
  -18.6141348671670       3.289370453804800E-015
  -18.5634411905916       3.640188185456263E-016
  -18.4366535377790       8.834042867902875E-012
  -18.0542865394041       3.587174252085789E-040
  -17.9935870886529       6.336665492447824E-009
  -17.9111977757755       1.933819022836500E-014
  -17.8369395322050       3.238270665002453E-039
  -17.7705542008075       6.621823977851355E-006
  -17.6326859827262       1.213573606695721E-014
  -17.0534692973082       4.220633563294687E-009
  -18.7473445611733       4.351251236284343E-029
  -18.7426131954900       6.177809661384597E-024
  -18.6957857425174       4.626210630233692E-027
  -18.6425989734781       4.806194402775363E-024
  -18.6277626443952       1.417831963796897E-024
  -18.6226615832310       2.021149891040198E-023
  -18.6089397462358       5.120762109021990E-027
  -18.5454220645094       1.518381706475225E-029
  -18.4483988118354       3.222694215964170E-025
  -18.0324830284146       3.498056231080095E-027
  -18.0000799151427       2.120052837158619E-025
  -17.8950725161924       1.186875342263018E-026
  -17.8108626568235       7.432475145008085E-029
  -17.7489766809483       9.044737962687361E-023
  -17.6393899765314       1.100044297994927E-026
  -17.0526539871027       2.266418490173238E-024
  -18.6522143135991       1.748898267962689E-025
  -18.6306324754635       1.818307752613956E-027
  -18.6102914128274       2.049554925987577E-025
  -18.5581932555391       6.692733485622664E-028
  -18.5265902083417       1.664147317891232E-020
  -18.5265876135696       1.635453139235354E-020
  -18.4987930492863       1.201745904684023E-028
  -18.4519680378620       3.124569818344013E-026
  -18.3306683687876       3.745758080280884E-030
  -17.9353252340278       8.002151784349709E-026
  -17.8834999377468       9.159501100118589E-026
  -17.8052329627786       2.436726514588556E-027
  -17.7135839988485       4.742872399927373E-025
  -17.6542232324481       1.341529367708569E-026
  -17.5255882651336       5.984822065978702E-030
  -16.9437456042433       1.627911263069096E-030
  -18.3766043883551       3.223097406124822E-042
  -18.3400133509768       3.633834833058432E-016
  -18.3127605642800       5.434594826486683E-044
  -18.2893777398712       3.091981280630447E-042
  -18.2464293564624       1.408580803989535E-011
  -18.2405734594979       9.938466741857650E-041
  -18.2355287609637       5.129486635814406E-012
  -18.1817315888898       3.318583368840926E-013
  -18.0686125884291       5.215904646138732E-015
  -17.6651466131764       1.443085775711704E-041
  -17.6196384613876       7.258713617947984E-013
  -17.5297302266970       5.023146359937764E-012
  -17.4099062915895       9.168240321685427E-042
  -17.3649403135116       9.996712050774323E-013
  -17.2491613967321       1.939741439568879E-012
  -16.6517655242740       6.297495847800732E-014
  -18.2720824470588       5.363162593208011E-009
  -18.2628759146764       7.865150405326030E-045
  -18.2325728174398       8.105035616036488E-040
  -18.1726064664594       5.600734943782819E-042
  -18.1567476189103       2.092696456246545E-038
  -18.1518409170446       9.363651506641039E-009
  -18.1199020603683       2.928195956528544E-012
  -18.0805517039520       6.289778719822043E-012
  -17.9586541144739       4.677405870918684E-012
  -17.5550763727322       3.706194985257330E-042
  -17.5069596728900       9.224783163799208E-011
  -17.4180789717129       5.011062929573031E-011
  -17.3376887748759       6.674648020341717E-042
  -17.2795387457392       6.386232272975808E-006
  -17.1541287056952       1.235105812538874E-011
  -16.5718817944742       7.452875947826196E-009
  -18.2376235838121       1.446213042067575E-044
  -18.2287141326837       1.169003871209791E-011
  -18.1834598068687       2.021702475839464E-041
  -18.1520707875115       1.383485879871207E-042
  -18.1136440823478       1.285263698131071E-011
  -18.0879389891089       7.939737703554368E-043
  -18.0587000923406       3.081903011403399E-010
  -18.0341676203962       3.312522857422513E-010
  -17.9205474154370       2.422361489590616E-014
  -17.5299537553518       1.837027886053298E-039
  -17.4590795289972       3.152956520641910E-010
  -17.3565148386799       3.732789940839914E-008
  -17.2965390129111       1.882802041880257E-038
  -17.2431170750838       3.851390468810907E-009
  -17.1142521151693       1.032279798586636E-010
  -16.5337404037945       1.817592574425861E-011
  -18.0255133671980       8.769337384783947E-026
  -17.9837238367827       7.355178731304239E-025
  -17.9677582652139       9.208150533057034E-027
  -17.9117232279835       4.919787696087490E-027
  -17.8901838028072       2.274047289388756E-024
  -17.8467847157856       2.678333811511192E-027
  -17.8410086631414       2.859271800426654E-028
  -17.7812716169355       1.753672962485788E-026
  -17.6405611008302       7.300565588285447E-029
  -17.2699221541529       9.561546335090992E-027
  -17.2236794863516       3.315426465693520E-024
  -17.1322836859400       3.938113260105681E-027
  -17.0786641388155       2.622040905696385E-024
  -17.0268572232862       1.011985828573781E-022
  -16.8525187637003       3.430976721815640E-029
  -16.2932530483232       3.700813829360555E-026
  -18.0052209342456       1.832084288914234E-024
  -17.9976393735234       5.452363768296254E-027
  -17.9330571061245       6.769276574889223E-027
  -17.8660554362770       3.313978329323495E-022
  -17.8618537258531       2.540833961091769E-022
  -17.8334987628643       3.244457209173431E-026
  -17.8222456240966       1.404689433389307E-028
  -17.7755970166479       3.089758003473161E-028
  -17.6341776177664       1.129347218518319E-026
  -17.2470409333297       5.947669622226372E-028
  -17.2247465166993       1.751332308014766E-028
  -17.0894325233779       4.862487459053238E-029
  -17.0572194125429       2.985403721387999E-026
  -17.0067843132803       2.097448796384337E-022
  -16.8362024602379       2.540653536274923E-027
  -16.2660245287390       4.785822035733302E-025
  -17.8267827186730       1.623097584745779E-040
  -17.8092577256164       2.648223544156570E-009
  -17.7789454524853       2.510488776724379E-038
  -17.7378685982929       1.122587944011327E-040
  -17.7127589899195       7.796714835739856E-008
  -17.6893851669831       3.868920695870035E-039
  -17.6597502253700       2.907538222610488E-010
  -17.6317189739872       1.816004617606805E-008
  -17.5223339009108       2.607388239782914E-012
  -17.1174762557650       2.893127717746618E-041
  -17.0589046552109       1.159874013887049E-010
  -16.9641349876137       2.557457589814704E-008
  -16.8798590481028       3.627340947690746E-040
  -16.8260615869950       2.002215988471144E-006
  -16.7142565498621       2.215159455972276E-008
  -16.1216433626723       1.553516709836311E-008
  -17.8119291318907       2.121500138654646E-040
  -17.7920483024377       5.198677063989816E-010
  -17.7609859604819       9.147734986492390E-039
  -17.7153311016991       1.754907953085883E-040
  -17.6935517636347       8.828965642035161E-009
  -17.6710758355442       2.203550117972970E-040
  -17.6410023096017       1.233064020432616E-011
  -17.6109158425486       4.466906105243243E-008
  -17.4916525836813       2.100153471589199E-012
  -17.0990574394358       7.828608233548142E-041
  -17.0408869839587       3.240434150412365E-010
  -16.9437640497503       6.618078222231344E-008
  -16.8580916666123       2.278927875735810E-040
  -16.8066416528457       1.280721338400886E-006
  -16.6843867242210       4.534933035453664E-008
  -16.0916118904684       2.107382807712544E-009
  -17.8099630481464       7.064008643758500E-039
  -17.8037938079099       2.614493646021739E-008
  -17.7529009233689       3.501867734154762E-040
  -17.7102071874418       3.926517777687435E-008
  -17.6807179712111       8.452630437158878E-043
  -17.6579313554221       8.918557588964233E-042
  -17.6464456240670       1.084830266109555E-014
  -17.5801071092907       2.442174475582326E-015
  -17.4357787872666       2.221363645229697E-011
  -17.0725430442360       3.005198057064706E-041
  -17.0158797426435       6.018448721353817E-009
  -16.9104108345768       2.248905792983602E-016
  -16.8633396045375       2.551492272824397E-040
  -16.8368129614904       2.005214623421206E-007
  -16.6432192192641       1.809194027165047E-014
  -16.0791200983860       9.840109955730373E-009
  -17.8022351329717       2.099423422493039E-009
  -17.7673545796717       6.034010656369995E-044
  -17.7533306699136       3.547390945051180E-041
  -17.6653134308762       6.139819858025874E-039
  -17.6614743268247       1.591467581352143E-010
  -17.6541857202575       8.393200448191491E-040
  -17.6025355679693       4.300215844616143E-016
  -17.5800748903071       2.156280277348440E-014
  -17.4346310693611       1.903411363169210E-011
  -17.0587697534397       6.729766965133867E-041
  -17.0028251497530       1.263095490800658E-007
  -16.8969020529653       4.707227889218569E-014
  -16.8626419880293       6.225020785051569E-040
  -16.8095482892488       5.542805349421721E-006
  -16.6426793203208       1.304898496717732E-014
  -16.0776852046762       1.970451781142641E-009
  -17.5188677904765       2.077244567592747E-042
  -17.4983639897092       1.841738803155252E-012
  -17.4638944625680       3.536147284412603E-042
  -17.3975565533307       7.964332156070701E-041
  -17.3917000472563       1.927350617186102E-012
  -17.3319247191535       1.863137493813427E-042
  -17.3312065507008       4.588593050710640E-013
  -17.2904223580087       3.667965073858281E-012
  -17.1478386598838       1.186414131140882E-015
  -16.7885327191945       2.100835426817528E-040
  -16.7394017186866       7.095079731209283E-020
  -16.5931232642017       1.617285960921889E-009
  -16.5624179403307       1.022252067208019E-040
  -16.5332965698962       5.931790500939920E-012
  -16.3491215290087       2.516407141552150E-011
  -15.7813628908419       5.918305129231138E-012
  -17.3934532823450       1.931809052922666E-008
  -17.3779998337336       8.621335131692870E-039
  -17.3362483130785       5.212245280774852E-039
  -17.2615970448869       6.248010727720922E-007
  -17.2432606923698       1.012480651227588E-039
  -17.2197075477380       1.759860511401323E-039
  -17.1926728082767       1.722523764256671E-014
  -17.1347580876312       3.871772056412999E-016
  -16.9696433544486       2.527169166336967E-010
  -16.6214186486700       1.683933944130211E-038
  -16.5521913740399       5.749908211888524E-007
  -16.4321224970600       1.088454052697022E-012
  -16.4232229389640       7.582902937751769E-037
  -16.3911102908468       7.932228228288746E-005
  -16.1686005968829       1.903095385454677E-012
  -15.5978403310329       8.201564257085623E-007
  -17.4206434379538       5.942504925660240E-025
  -17.4114410617821       1.663633853495769E-023
  -17.2952572833714       7.972292210698272E-028
  -17.2669550440278       4.271280882820054E-025
  -17.2432141758045       4.259371851487669E-026
  -17.1991000313088       3.184941442536392E-028
  -17.1464130722367       1.143144454028153E-031
  -17.1402481328462       2.175932664796278E-028
  -16.9807920148200       2.270978163476088E-027
  -16.6294793621851       6.154064809059577E-021
  -16.6160680765785       2.684969689152266E-023
  -16.4871662443261       3.843737342818523E-027
  -16.4502983466694       6.153227293935671E-021
  -16.4029306729670       7.313467339217552E-022
  -16.2132502935508       4.768583614117166E-026
  -15.6749432178999       4.985566891187204E-024
  -16.7648071074970       4.993687990290276E-009
  -16.7601029448548       1.296557074119112E-039
  -16.7080277840548       2.108989149313404E-045
  -16.6584217592436       3.622209117083040E-041
  -16.6498004194339       6.451258690130697E-009
  -16.6277427079492       4.435691737405013E-040
  -16.5967757455735       3.071967234076022E-013
  -16.5353715308897       4.552129347065594E-012
  -16.4106532468674       8.186427210993567E-012
  -16.0567848525254       1.065789329423820E-042
  -15.9811861269056       3.046362672395295E-006
  -15.9008241976864       1.214571134397296E-010
  -15.8398698659122       2.992798412800390E-045
  -15.7833465098217       1.444314819860592E-006
  -15.6348555253994       1.397542612273937E-011
  -15.0841866177095       3.206585703168809E-008
  -16.5779070028082       2.707995312214557E-043
  -16.5769976825667       3.047640269885087E-012
  -16.5338598444493       9.268569423783510E-043
  -16.4916355263365       5.264449512349098E-044
  -16.4524157728108       3.025757702854567E-011
  -16.4349361519610       3.888257144822079E-043
  -16.4137147473352       1.635772128306474E-010
  -16.3714394397316       1.029464755403552E-010
  -16.2652159478263       2.148473469011597E-014
  -15.8774196357885       1.604878515795212E-040
  -15.8160214335634       1.698691850974795E-010
  -15.7061569737441       3.455923878055773E-008
  -15.6526045996925       2.841255730384534E-038
  -15.5960714844327       1.980192399829665E-008
  -15.4666834813560       1.462507158511049E-009
  -14.8942472352982       2.244161057740030E-011
  -16.3620471796439       6.384677503531974E-032
  -16.3493210946449       1.780561761477555E-024
  -16.3180397416357       5.886785128778007E-024
  -16.2988188815639       2.227870147215960E-026
  -16.2699775597506       1.722766640493354E-026
  -16.2485925496621       8.335008046150157E-024
  -16.2458369914327       1.647648411642188E-025
  -16.1990441607569       1.479187543673164E-026
  -16.1104994836225       5.538968079026028E-027
  -15.6721217448064       2.511947013936367E-028
  -15.6254673892842       3.577759234580615E-026
  -15.5608655309706       2.641219917450493E-027
  -15.4340529998455       4.920311800840310E-027
  -15.3782945624766       6.598181701546594E-025
  -15.2944302931928       5.378871084437146E-028
  -14.6943461859477       1.191369819589159E-026
  -16.3070870135764       4.129026889096834E-043
  -16.2907515810381       7.930408387200024E-009
  -16.2604091386987       7.502185707754317E-040
  -16.2437515658914       4.030246890439506E-039
  -16.2110409374231       8.430406867164894E-039
  -16.1919475356708       1.153544096914829E-007
  -16.1892091438920       2.637109808697580E-012
  -16.1393027571002       1.147642619993515E-014
  -16.0504096962615       9.731454406454282E-010
  -15.6155207378575       1.131415822529497E-044
  -15.5672276824880       4.592835918952749E-011
  -15.5029819398863       2.395742566345215E-014
  -15.3738825372708       2.622230070605690E-042
  -15.3172222234458       2.371882347443908E-008
  -15.2353816724437       1.295004696499623E-013
  -14.6346802683226       1.931121945344018E-008
  -16.3007898195936       2.271736743978945E-028
  -16.3000734038051       6.463384495839434E-023
  -16.2698139992074       1.404422631993709E-026
  -16.2250710799693       1.671179159920368E-023
  -16.2033453286875       3.166292189396561E-022
  -16.1999401077186       6.860875229178253E-022
  -16.1742404257218       2.551868753590565E-027
  -16.1290178202150       3.349209410367469E-028
  -16.0381914863109       6.263088528554049E-024
  -15.6110285021945       8.496459043842937E-030
  -15.5675863967553       1.831794977051504E-028
  -15.4856865395374       1.853227377838527E-031
  -15.3879923749696       3.339082513216675E-028
  -15.3277962151018       4.795149032717425E-023
  -15.2410086116753       1.172145529377800E-029
  -14.6560310512958       4.139264732070131E-024
  -16.1872570335113       3.155982442871952E-042
  -16.1580269194949       3.501559356041390E-012
  -16.1362280073190       6.230785620426473E-039
  -16.1199028830612       4.433914228898941E-041
  -16.0794887868897       9.344891693697060E-040
  -16.0776057695909       1.569758518340179E-010
  -16.0678033079583       2.793347283030940E-013
  -16.0186792820387       1.216977841513886E-010
  -15.9247196135257       2.677063171672347E-012
  -15.4920553233044       5.492374213466990E-042
  -15.4481995944960       8.279264473494208E-014
  -15.3794748875299       9.631457207707238E-013
  -15.2436824260564       2.075503785315740E-040
  -15.1961608345168       1.016274554678017E-010
  -15.1104810310711       1.398941775034242E-010
  -14.5097222180077       5.778702887118430E-013
  -15.9933419387238       2.314995866325886E-044
  -15.9635513863677       4.958875961450316E-009
  -15.9376536324847       3.882656410732725E-040
  -15.9244131410240       3.862596330859539E-038
  -15.8757062278074       2.538303117879882E-038
  -15.8738561038822       2.584194051441954E-008
  -15.8733868059342       2.330213878679702E-008
  -15.8185967561455       1.615098109163849E-013
  -15.7325207399268       1.295419482144742E-009
  -15.2896988409615       4.854627409816393E-043
  -15.2493357819771       1.133757994295417E-009
  -15.1676939012132       4.382287853782490E-018
  -15.0493964477385       8.936867544660171E-042
  -15.0035817069289       5.366416540437471E-008
  -14.9110538818506       3.774964851361366E-016
  -14.3090757846689       7.176976489632110E-009
  -16.0355437982554       3.346689250156952E-024
  -16.0132800973834       4.795385272989681E-028
  -15.9975109508625       1.523466061631046E-023
  -15.9362832543145       3.699815795228751E-027
  -15.9183236556458       2.468448221890706E-023
  -15.9147517351708       1.119937445370471E-026
  -15.8775512327819       1.065559577304979E-027
  -15.8380961371864       6.487136113705562E-026
  -15.7188895137454       4.824357482786130E-027
  -15.3237852716618       1.093470418527056E-025
  -15.2708529926614       7.595969024828165E-027
  -15.1916899943646       1.165095333060263E-027
  -15.1123469630850       4.473819654279375E-025
  -15.0512788241165       3.471588487398552E-024
  -14.9297546902297       1.929348734854598E-028
  -14.3614239240799       1.330075755437328E-025
  -15.9632064215564       6.693889319481423E-041
  -15.9319081344038       7.907683716178810E-012
  -15.9103873210300       2.172153124321666E-041
  -15.9051495592692       3.970037927775370E-040
  -15.8505508274223       3.797983605152157E-011
  -15.8422104614411       2.635407325582388E-040
  -15.8377763388673       3.141306578844381E-013
  -15.7939241466469       1.053532800436290E-013
  -15.7182188090096       4.855271795871585E-012
  -15.2733215279181       6.051675906991313E-041
  -15.2193625420744       5.760699142485481E-015
  -15.1476415493998       2.860074067781037E-011
  -15.0305639181192       6.204063705467500E-041
  -14.9848768801438       7.375816887376833E-010
  -14.9059859715756       3.242638456791358E-012
  -14.3091464077376       4.749340304618432E-012
  -15.9082572937996       9.615630577545101E-032
  -15.8953646799072       1.305718257060930E-023
  -15.8538461404472       2.497518870830175E-026
  -15.8378062619361       1.563066057070659E-024
  -15.8060776600134       1.264300254047149E-024
  -15.7864016156129       2.837502677993357E-027
  -15.7755364726914       1.495334474735145E-023
  -15.7244872163010       3.473878559302753E-027
  -15.6440754511351       3.824738254229348E-024
  -15.2126276166687       9.945700321542256E-031
  -15.1655756545429       1.512550744189407E-028
  -15.0902748453949       1.732470386788820E-031
  -14.9766363498091       3.987722274054692E-028
  -14.9120485718347       4.199957491332150E-023
  -14.8287594021949       8.902640638086787E-029
  -14.2309641673710       7.533861303023095E-025
  -15.7619678471826       1.323647595480301E-042
  -15.7434469603256       3.346970164213831E-008
  -15.7206954154179       9.854422146386373E-039
  -15.6832611163807       6.755661701333552E-040
  -15.6576378385600       3.569452556797893E-009
  -15.6553841647237       5.958984093042367E-037
  -15.6404177430198       1.823423676120610E-014
  -15.5910875160006       7.690986800980487E-016
  -15.4839566472479       2.734445057524812E-010
  -15.0626911705737       2.667417170374351E-043
  -15.0243488724285       2.707357711775767E-009
  -14.9472284117941       1.608586224814987E-014
  -14.8248425001355       4.170118801816414E-041
  -14.7773616722829       1.166062472630059E-009
  -14.6754628537088       1.862580128510092E-014
  -14.0837992510587       3.051677327997688E-009
  -15.5728385270174       9.807624689390121E-026
  -15.5578406703242       1.008909135213095E-022
  -15.5291781475816       8.660428928455090E-023
  -15.4930491028647       9.454112484855717E-026
  -15.4709003248379       8.610436310630621E-024
  -15.4650624151916       5.729741581739130E-022
  -15.4460158839683       3.451709638639219E-024
  -15.3972486195420       5.036718327946476E-023
  -15.3029115314591       1.050017216193803E-027
  -14.8705280115312       5.226970599753619E-025
  -14.8331151350697       3.189374298064326E-024
  -14.7567810670676       6.905895684281144E-022
  -14.6377299864731       8.181998259436395E-025
  -14.5813349849232       1.836803492124035E-021
  -14.4917250192090       4.434450027563354E-025
  -13.8930698981923       9.724399691685092E-025
  -15.5842005660822       1.515362822554344E-039
  -15.5523855431303       1.063983075373095E-010
  -15.5280983962070       2.323702836888162E-037
  -15.5146925008783       7.821431042126956E-038
  -15.4683970027210       2.048033158880880E-036
  -15.4666839407392       2.261129128882726E-009
  -15.4607132502956       5.052865721218366E-011
  -15.4118385438783       2.926711431253394E-013
  -15.3187708942205       2.219949556801260E-011
  -14.8857208606851       5.086165042701456E-039
  -14.8423430923203       6.102423221024534E-014
  -14.7663076435043       7.629484679813160E-010
  -14.6390985134642       2.557750415497762E-037
  -14.5937421256991       3.334074744717050E-010
  -14.5009095865092       4.615106383864928E-011
  -13.9011981541732       2.739898018087920E-012
  -15.5799664531496       1.083731472602423E-024
  -15.5714156616721       1.369116747437694E-026
  -15.5451143860281       1.022910533273603E-022
  -15.5032830668067       2.765743016580109E-027
  -15.4748294349983       2.232899290300775E-025
  -15.4692329361819       2.889944341567395E-024
  -15.4495085803874       1.082262310604446E-024
  -15.4012211528547       2.248597361635534E-023
  -15.2928207365993       8.826083770753541E-028
  -14.8773315323682       4.592357852985709E-025
  -14.8303145049457       3.792803019181353E-025
  -14.7609823231793       3.390698874174713E-024
  -14.6558792268266       6.077411545376724E-023
  -14.5977417454925       1.230199701015302E-022
  -14.4896926793955       1.040096850771203E-024
  -13.9034867244829       2.080914268832621E-024
  -15.6968487629409       4.169029629303606E-037
  -15.6965119524944       8.896432848615355E-011
  -15.6441395418132       3.557683723013852E-041
  -15.5923518625241       5.129727758727774E-009
  -15.5782485438999       2.301622090178111E-046
  -15.5592252590487       5.852309455253658E-041
  -15.5258965426981       3.228647904043950E-013
  -15.4780009508871       1.814057742912190E-014
  -15.3425947973399       1.279783117288560E-010
  -14.9826815615251       3.318324490106957E-045
  -14.9148689353098       4.259762776527828E-009
  -14.8189410656310       2.356147874153066E-012
  -14.7746632499201       3.201378158276560E-042
  -14.7333807296155       2.481665125725972E-006
  -14.5663982565291       2.843275913043796E-013
  -14.0172405817962       1.114852552158319E-012
  -15.4141397869015       9.426604602910805E-028
  -15.3915654083531       8.433178794140669E-028
  -15.3550785850942       4.272091864703837E-026
  -15.2925850660294       7.604322713173097E-026
  -15.2813373417335       8.728701926980534E-026
  -15.2678158862822       1.076500283682353E-026
  -15.2355931852347       1.152920956640805E-028
  -15.2004935647398       3.708937648095579E-025
  -15.0802890670567       1.416474093685016E-027
  -14.6860389022093       7.038124384379242E-030
  -14.6390756882631       1.346297681776440E-025
  -14.5411577578185       1.175012660046826E-025
  -14.4843895482085       1.526006446745382E-028
  -14.4191946233597       2.135791644981336E-021
  -14.2863196592380       2.446922200988362E-025
  -13.7151184337518       3.009067803132666E-026
  -15.3057986633177       2.428969251314716E-022
  -15.2814141864512       2.799056346371206E-023
  -15.2541747010940       5.004761152472015E-022
  -15.2018752023502       1.381495915446909E-026
  -15.1833291728851       3.018570900784537E-027
  -15.1675638693283       5.519022837172513E-024
  -15.1381917980306       6.240886448976516E-026
  -15.0978613853559       2.308124645321500E-024
  -14.9870020930763       8.650771211749819E-024
  -14.5936660008222       1.804522349395716E-024
  -14.5398804566456       1.291695890618800E-023
  -14.4599130554590       2.238031696554937E-026
  -14.3819087422535       2.398501255181711E-026
  -14.3084351977578       2.076939747661808E-020
  -14.1991316468148       1.894106280025198E-023
  -13.6298989094941       2.912758578396083E-022
  -15.2988749186598       9.830976182404731E-009
  -15.2834812507880       3.330297545465851E-036
  -15.2451878497809       3.754209076386726E-036
  -15.1909369435715       2.490720605480768E-039
  -15.1819272084225       9.265658058561353E-043
  -15.1631837241345       4.427264105994115E-010
  -15.1416900628803       3.922691228331616E-013
  -15.0970342841962       4.909085130367199E-014
  -14.9966064200114       1.408779071556523E-009
  -14.5818424409519       2.549424078989982E-037
  -14.5382870966409       5.720059670757090E-008
  -14.4446969072095       5.764978772894212E-014
  -14.3785830792332       1.989214518999755E-039
  -14.3102675916811       1.316187067880439E-006
  -14.2010620809406       2.492390748230435E-014
  -13.6267006669896       8.811909529211753E-009
  -15.1465629881256       8.565311308954156E-042
  -15.1167476732846       1.058415686702367E-011
  -15.0901045352441       8.596819909969103E-039
  -15.0734320951974       2.716061831339186E-040
  -15.0317748685727       1.219554781967265E-009
  -15.0249648409192       3.363618229936843E-043
  -15.0091810148395       1.095744074435894E-013
  -14.9718225326371       2.500865032552719E-013
  -14.8683785802930       2.174507270654778E-011
  -14.4488789218247       3.762553886710263E-041
  -14.3971547182659       4.105286251965607E-012
  -14.3203994890121       1.348692462395526E-014
  -14.2043474569530       8.952938852840091E-041
  -14.1601643065429       7.117467826886628E-010
  -14.0592098400460       8.194186764831845E-010
  -13.4683264890023       2.938924776160353E-011
  -14.9438611850735       1.368185427208506E-046
  -14.9234479468215       2.219549882764715E-008
  -14.8923111384415       8.555477019546920E-039
  -14.8749094539194       3.840694860363013E-039
  -14.8439478201093       1.696573257581066E-038
  -14.8286907025890       3.970561468841160E-011
  -14.8225169617764       5.215459156782287E-008
  -14.7707209874735       1.006286657276110E-015
  -14.6829046542677       2.945111879172611E-009
  -14.2479486424547       1.933698602655797E-044
  -14.2059587426074       2.869923547016952E-010
  -14.1364005723739       2.223568176243727E-013
  -14.0073991554755       6.571947446667885E-044
  -13.9510697549201       3.882304919705962E-008
  -13.8674899472825       3.707661372047126E-012
  -13.2674786429299       3.867610570285041E-009
  -14.9561973464764       1.750166582530291E-043
  -14.9326312490410       3.457195360512264E-013
  -14.9023456021349       1.663979328827907E-041
  -14.8781629134632       1.962746358926914E-042
  -14.8400251598274       6.379768114197486E-011
  -14.8333057211346       1.041108286171921E-041
  -14.8124436587904       1.323484031266679E-016
  -14.7810735055878       2.367128433577916E-009
  -14.6703598929542       2.824542354484597E-014
  -14.2562459970034       3.873018848703737E-041
  -14.2035406258378       1.070369384090282E-011
  -14.1214960453675       1.561282832457717E-010
  -14.0169273418215       9.094434977659258E-040
  -13.9742228890977       1.417817316718071E-009
  -13.8603145045124       2.320751782939238E-010
  -13.2720606202929       1.597925649452151E-011
  -14.8052695417480       2.569927076818137E-041
  -14.7727136760317       1.676637184620143E-012
  -14.7530767463451       1.715347928272550E-038
  -14.7436512143537       8.313787411732688E-043
  -14.6995454887268       2.652365284893727E-039
  -14.6991264962318       3.601147274603501E-010
  -14.6887369459900       1.279133519702888E-012
  -14.6396001088253       2.321569974564796E-010
  -14.5516324272755       2.748666028152936E-011
  -14.1138108578843       1.319225210716725E-041
  -14.0682231434284       1.039632953501503E-012
  -14.0053581902586       1.701091856883382E-014
  -13.8637684248822       2.533524439066310E-039
  -13.8169462130918       2.662250067053696E-013
  -13.7409518140431       4.624253533269013E-010
  -13.1387303793177       5.236343022621781E-011
  -14.6835559732138       1.116660542056916E-045
  -14.6581102984056       2.557453725793641E-009
  -14.6330533159625       6.531430949729591E-040
  -14.6070943728237       2.067368993929658E-039
  -14.5763726114909       4.644672157987818E-008
  -14.5683245094466       1.805123874025724E-041
  -14.5506970201905       8.955253040966871E-017
  -14.5160169084172       3.874784373988426E-013
  -14.4060656833496       2.922690002277438E-010
  -13.9886209207005       3.393431543176416E-042
  -13.9413798817613       3.685965617553344E-009
  -13.8655658080346       1.957582794147705E-018
  -13.7492200419249       1.536531830025328E-045
  -13.7096656299276       1.370555642512607E-007
  -13.5999389226549       4.749939957246955E-017
  -13.0139176067617       6.032552442231778E-009
  -14.2353002877995       3.497048766390482E-008
  -14.2214537351247       1.117087375821755E-039
  -14.1875840982976       2.751472925120837E-041
  -14.0982662911777       5.155189756877091E-007
  -14.0858623435981       8.713001876744458E-040
  -14.0636056628934       1.674612538436009E-039
  -14.0292864788979       4.288041354938377E-016
  -13.9909829527597       1.170968890169918E-014
  -13.8137966802273       7.780360498022621E-012
  -13.4776297170746       5.898366865100038E-041
  -13.4193073737191       2.307311482661538E-008
  -13.2869468446284       8.928532094729954E-012
  -13.2795905892495       1.172613587752448E-036
  -13.2417221560627       1.464272133985401E-004
  -13.0273670447361       1.537441019126770E-011
  -12.4712697644735       1.516536601473942E-006
  -13.8859348323591       1.041798532728529E-042
  -13.8512430125535       1.459866110652525E-013
  -13.8345304896221       1.417681673441848E-039
  -13.7952756150428       2.413013599324125E-012
  -13.7626582736102       1.209158391316235E-041
  -13.7265055361781       3.220763738013961E-038
  -13.7182446122922       4.986345878022691E-009
  -13.6763563095487       4.661871553799981E-009
  -13.5417676414336       2.720918166763012E-009
  -13.1682196881008       4.290996672777264E-038
  -13.1225018691580       1.459372455437794E-007
  -13.0228083128191       8.770419281194709E-007
  -12.9369677154977       3.471896046202364E-035
  -12.9069401862594       2.891325834702981E-005
  -12.7653979505267       5.880414648258631E-007
  -12.1861735053909       1.281397565047294E-011
  -13.8516565310869       3.207057641454239E-041
  -13.8168189344442       1.412866786853364E-010
  -13.7990752053105       5.657677604143600E-039
  -13.7607219128859       5.385359433581089E-010
  -13.7317927361925       1.594876798126800E-043
  -13.6957027000238       2.610875395381155E-039
  -13.6862749283555       4.359152901639229E-009
  -13.6438599901750       4.951450985170265E-009
  -13.5133424755068       2.034280858972703E-009
  -13.1367415047710       2.361494374575234E-039
  -13.0890701770104       1.694380325024766E-007
  -12.9938842701645       5.367138438268600E-007
  -12.9046504015333       1.032080393651749E-035
  -12.8726673246958       2.655477333346115E-005
  -12.7369592214629       6.358435471107461E-007
  -12.1580152616151       2.471239439500332E-010
  -13.7423787825509       3.682199346448188E-027
  -13.6980080414529       4.683772933216463E-024
  -13.5950655460199       5.796065255592191E-024
  -13.5671893044248       3.040356321349291E-030
  -13.5074074686563       2.518480237930834E-024
  -13.4563171021495       2.324117729091078E-029
  -13.4554391649259       4.068541475477781E-029
  -13.4003240274506       3.085009442401248E-030
  -13.2201664134693       5.131286694588747E-029
  -12.9507999172809       9.848338407944205E-023
  -12.8992674674810       8.804271429723258E-026
  -12.7679349507977       2.173017342315681E-022
  -12.7556476613015       2.466181933208516E-025
  -12.6856917405779       9.864615565315025E-026
  -12.4741987251265       3.477453001198577E-025
  -11.9576043248864       6.641142293743078E-024
  -12.7894685043671       1.746675204223950E-009
  -12.7844741127736       2.429287379842561E-039
  -12.7380242610514       1.393570188023619E-042
  -12.6723348654465       1.634547130478609E-008
  -12.6632531043592       5.762517121378226E-041
  -12.6271136467425       6.256649934631499E-041
  -12.6012779904930       1.114571134292292E-014
  -12.5386717871342       4.356436505821490E-013
  -12.3876397601981       5.011328958807693E-011
  -12.0929977901245       1.585874476984130E-040
  -12.0212725239103       1.789674657047762E-006
  -11.9146872994469       5.132475297057606E-014
  -11.8710428744248       4.313371338885253E-038
  -11.8144858299713       6.462649213275217E-005
  -11.6407324317768       4.546872625697068E-013
  -11.1197370757948       3.568698877997939E-008
  -12.3265793954689       1.821471885300273E-014
  -12.3117286557284       1.495637207712110E-043
  -12.2617632354392       2.808810081797517E-045
  -12.2134165361036       7.729587298775524E-045
  -12.1804530514350       1.236093591501887E-043
  -12.1568171456970       4.472809857297381E-013
  -12.1390128441264       1.371848722646460E-010
  -12.0872421257923       5.832751746052577E-012
  -11.9778131740352       1.053217302269925E-016
  -11.6246598905537       1.489692570073774E-044
  -11.5574115408902       1.923353125201515E-010
  -11.4475741313966       1.497986094520290E-009
  -11.4045471889641       9.500561143773166E-039
  -11.3298999200105       3.033625325181663E-008
  -11.1957616015417       7.578411088614726E-009
  -10.6396607235731       2.015604353677495E-012
  -11.3479470715872       1.867824223054531E-027
  -11.2874607612116       4.569888124106594E-024
  -11.2747749507559       4.515625364696942E-025
  -11.1754148124445       7.847028120712272E-024
  -11.1656490132828       4.746780224115100E-026
  -11.0940608495293       5.475515218692251E-028
  -11.0865217545234       9.892792362440360E-030
  -11.0189582657034       1.282710891983641E-026
  -10.8277108634876       1.971728875694658E-030
  -10.5787488614736       9.204378190612702E-027
  -10.5163887381811       1.241590514294028E-024
  -10.3990078172469       2.862716116921515E-022
  -10.3733077929226       2.767158587378577E-025
  -10.3386036759387       1.892808477695626E-024
  -10.0964079589181       1.272694386101565E-027
  -9.59717864071439       8.137968386972566E-025
  -11.3063675389235       9.760087404646571E-025
  -11.2600460875352       7.993790495206709E-028
  -11.1911908468163       1.986398374582977E-026
  -11.1232861292187       1.356466872326788E-023
  -11.0909423229818       1.372833852135917E-025
  -11.0755617817984       2.522047319512704E-023
  -11.0404694421213       2.096500874154284E-028
  -10.9907594450137       8.064490086407742E-031
  -10.8469175829629       1.057983041943995E-029
  -10.5387822715557       2.623772781749776E-028
  -10.4776851844879       9.717352362817236E-027
  -10.3588175789842       9.063302606026762E-025
  -10.3357380293483       1.942714657486294E-028
  -10.2703285144522       9.137508044258152E-022
  -10.0869575571973       1.228134886802677E-027
  -9.55438660759348       5.986595507903127E-024
  -11.0902097137431       2.284517501068105E-044
  -11.0754773783570       7.174641693445515E-008
  -11.0289894841587       7.729298108169785E-042
  -10.9806060258835       5.207941709223649E-007
  -10.9262259254797       1.526876480222691E-043
  -10.9003145045214       2.062748515413899E-040
  -10.8835658076796       1.024944024044363E-016
  -10.8336506678926       1.369429904321436E-015
  -10.6518331023930       1.074684121369736E-010
  -10.3683360035328       1.031486651183484E-045
  -10.3098285727833       4.248018899977586E-009
  -10.1663650255104       7.986230942887803E-015
  -10.1562850517522       7.891763945839361E-041
  -10.1360793512101       7.646088319140075E-006
  -9.90619321931172       5.231944543639589E-014
  -9.38956706107275       9.920268934683416E-010
  -10.9941419124919       3.152281370493373E-008
  -10.9434196957538       3.842808449900700E-042
  -10.8753183885741       3.761482936756352E-042
  -10.8088482831010       1.141774164182629E-039
  -10.7657438060353       8.174657841319647E-042
  -10.7590730706120       3.658810007146764E-011
  -10.7158529952047       4.421239316521107E-018
  -10.6719832799630       1.234080269403406E-017
  -10.5156579562037       3.419171165929488E-012
  -10.2213016488794       1.046814963538059E-046
  -10.1574415305123       4.382090663283241E-008
  -10.0405197230845       1.976008201339681E-039
  -10.0164573667041       9.002545794018940E-017
  -9.95096532921857       2.080029004376975E-007
  -9.75969456809384       1.852161368925589E-013
  -9.23135303973394       1.757583418740612E-009
  -10.7047888546625       8.212611073303052E-044
  -10.6844811446798       3.311308740094985E-014
  -10.6439379904825       1.636854151048328E-045
  -10.5825826424149       1.394390447432925E-010
  -10.5590454043659       7.536060115453126E-042
  -10.5150641431115       3.437836796976464E-043
  -10.4887020056728       1.580090172256334E-013
  -10.4772068925460       2.185245869537721E-011
  -10.2951621268190       4.828827706972809E-015
  -9.98775462930720       1.340420992133344E-041
  -9.93092195692535       3.620678578202742E-013
  -9.78484255556732       1.724467626268782E-010
  -9.76787357322250       1.236109335851907E-038
  -9.74906764449655       3.622079639825747E-010
  -9.53413511068512       3.625825545629661E-010
  -9.00104195700417       9.462329893412403E-012
  -8.14956753123249       4.867211481386078E-008
  -8.13937387881229       7.997225053740430E-040
  -8.09594221832874       6.240664339264337E-040
  -7.99739096999993       5.113129114154621E-007
  -7.98508516657107       5.183778755532961E-040
  -7.95707272828600       1.372439149205544E-039
  -7.92460427142843       5.341298150470794E-019
  -7.88225287832102       9.827663482610212E-017
  -7.68710748343816       3.374365149015656E-010
  -7.40401568800821       1.240220840257247E-040
  -7.34523414558556       1.205419580741312E-008
  -7.19961738405764       4.764856450082339E-036
  -7.19227363239413       2.378065830637387E-015
  -7.15901860631332       2.600866468398124E-004
  -6.92370567761148       4.509089839869461E-012
  -6.39018297348645       4.375091679991485E-006
  -6.24275891176690       4.854442226133292E-026
  -6.17942139205343       4.814808053969516E-025
  -6.11380960585481       8.329442778311155E-024
  -6.03712434706757       2.713025081531741E-032
  -5.97403065195488       3.251985375732741E-026
  -5.97269223843289       2.078349139469585E-026
  -5.92320528813129       1.392222837710519E-031
  -5.86203677066292       1.875550221333020E-030
  -5.67620303676386       4.918554333499513E-029
  -5.46649153265667       5.180194268605372E-024
  -5.37981171813397       1.210543459841145E-024
  -5.26630027502061       5.823010599935713E-023
  -5.22925512491701       1.588042836342976E-026
  -5.16074851556016       2.046070807618643E-021
  -4.94042423905303       7.462717882569988E-025
  -4.43378787315599       7.419575821773689E-025
  -5.36597879934614       1.248863000865419E-040
  -5.34723495778350       1.345439885326711E-010
  -5.31220836643968       1.702450857797318E-041
  -5.24689914097842       2.287303212680799E-009
  -5.20664078715437       3.523373394955940E-045
  -5.16374423775670       2.654032842252799E-041
  -5.15606295371852       2.288008575969944E-016
  -5.09962131267226       1.346693736229288E-014
  -4.90415472342101       3.017037792126427E-011
  -4.66115566701117       3.474120751202694E-039
  -4.60711232285271       3.139281190145108E-007
  -4.45600080862397       1.620135815195283E-014
  -4.42934739101391       6.493689364649292E-036
  -4.39442262257487       2.289999831660537E-004
  -4.17308484396166       3.456639934681365E-013
  -3.67053038715908       1.080866804580873E-008
  -4.75023801287103       1.377223069132394E-046
  -4.74271840728540       7.415925594976864E-013
  -4.68371017238101       8.420468450701488E-042
  -4.63414060548006       1.134884265680628E-042
  -4.59255113706938       5.000262330410695E-040
  -4.58216122575278       1.210663258974174E-012
  -4.56375009436007       5.596758968856953E-011
  -4.51310773686272       1.492871813485226E-011
  -4.37701738688970       1.767408727008693E-018
  -4.05310669322246       6.085805997828916E-042
  -3.98948684444124       4.731744200121380E-011
  -3.86651517033064       8.849789637810654E-010
  -3.82203078311003       7.115577425312933E-039
  -3.76795793189801       7.214329682790971E-008
  -3.59847531375405       3.397119097048913E-008
  -3.04687870029640       2.995161272519897E-010
  -2.54134259283025       3.872354027952680E-025
  -2.48875489430750       4.084334253522748E-026
  -2.46699276073755       1.620866314874653E-023
  -2.34864271686741       2.259224480394729E-024
  -2.32835473083792       5.217013037239586E-027
  -2.27295858287778       2.445494683824882E-028
  -2.24529912983715       2.628316880203962E-032
  -2.18551737403120       7.614688899457694E-027
  -1.96287277396668       2.067066244066281E-032
  -1.78925568374518       9.326182801007767E-027
  -1.71815045988069       1.716178713498262E-027
  -1.58697748866809       3.968668359600756E-022
  -1.54170116374796       7.635955615155739E-026
  -1.52200180690969       1.632107361147052E-022
  -1.25296377567294       1.311206556398355E-027
 -0.773092858194019       2.312863231247507E-024
  -2.50856321028185       1.815491639282505E-025
  -2.45188969218077       1.424168725266510E-028
  -2.38884999406824       1.100264711974612E-026
  -2.30525004774744       3.150593888967576E-024
  -2.28615770382639       4.502113075474440E-024
  -2.24527348249061       8.194162135737452E-023
  -2.21100381370691       3.589508889994207E-027
  -2.15980364319793       6.516366592697407E-028
  -2.00097902578634       1.781151368008032E-026
  -1.75820366240339       3.679457757508880E-029
  -1.67222982645979       2.515054276156197E-029
  -1.55613445539777       7.080099464109362E-025
  -1.52739554234908       2.308793316112861E-026
  -1.45801212072934       8.156416624177210E-022
  -1.25686951986452       7.186610830627334E-026
 -0.740252321624673       7.697504850612458E-024
  -2.30496699948690       5.403505042181955E-044
  -2.28524491170101       7.550048937692246E-008
  -2.24784946708217       1.766684835530296E-044
  -2.18443608323429       8.005255120865352E-007
  -2.12798029771129       3.633936818036344E-043
  -2.09393452452098       1.710407642029080E-040
  -2.08029783802678       4.642730727870090E-017
  -2.03952413877763       5.002074528462536E-015
  -1.83006548291311       3.095692287366951E-013
  -1.59605395510299       8.463805780300793E-047
  -1.54575161138059       4.272124361390231E-010
  -1.37745032246763       6.894495802627180E-016
  -1.37067300604566       1.099803506923637E-039
  -1.35164024938711       7.734141357172645E-006
  -1.10194391386094       6.900894091845842E-014
 -0.602395201061949       1.532168370718045E-009
  -2.21087627554651       3.034784472208059E-008
  -2.14611714475085       2.574069372920028E-043
  -2.08330078355421       2.151534597442185E-043
  -2.00022793123425       1.356569328488561E-040
  -1.96541200736344       4.274360817826405E-041
  -1.93698303560238       9.732105133443176E-009
  -1.89302098691543       4.061451486373177E-019
  -1.84308285534210       9.561008740748694E-018
  -1.67211752311498       3.051004350851558E-010
  -1.44985408966835       6.950720100618270E-044
  -1.35996891971290       1.733226120257160E-009
  -1.24971100520493       1.263458626861433E-039
  -1.21132498425611       9.345473019864136E-017
  -1.14607064274587       9.347367339424837E-008
 -0.935655172147097       6.935641007631041E-014
 -0.426921447322606       3.773854144342425E-009
  -1.90556565168648       1.609531265409860E-043
  -1.88728120699995       2.431568176107146E-012
  -1.84571534679107       2.828464002293959E-041
  -1.77315632609715       2.108271716696736E-011
  -1.75880889786400       3.208889642848675E-043
  -1.71738910603410       4.767757405721718E-042
  -1.69081049993674       7.728333015897699E-014
  -1.66540733340248       3.158733889194656E-010
  -1.48405993305498       2.978882678493976E-015
  -1.21474428953420       1.209090732456841E-042
  -1.15648287801119       6.249872926309015E-013
  -1.01024684369787       2.116493031439540E-011
 -0.983684594404110       5.980717436142194E-038
 -0.952523298452672       3.879719631666743E-010
 -0.742785680086069       2.052647756936546E-010
 -0.229336290494818       1.120431665924536E-012
   2.89095633760279       2.631112781573796E-008
   2.90391501221757       8.111841871008111E-043
   2.95745227059063       1.096833380633640E-041
   3.06603681241448       1.799115584827296E-039
   3.06931066380741       2.575257744053621E-007
   3.10065111397037       8.809985530606989E-040
   3.13832656488210       5.905623705530542E-019
   3.18846650071248       5.527274921175194E-017
   3.38815542588112       3.293003165531312E-010
   3.62053878033806       1.274133035102273E-041
   3.68965668581929       4.230896458678940E-009
   3.83370609288491       1.185714811451376E-037
   3.85091775693989       5.249485525049113E-016
   3.88884309291317       3.229168573602427E-004
   4.12791456296647       6.532929618711553E-012
   4.63827834057127       6.786593458355772E-006
   6.80126473772816       8.025113969854840E-026
   6.88010902913131       2.194056137031667E-027
   6.94381801871170       8.763608084002133E-025
   7.04927239631646       9.340852763372186E-030
   7.10723878499788       6.141799458827213E-026
   7.10947734705638       4.573552849194612E-023
   7.17751974468885       2.052653549307588E-031
   7.23875425774604       2.664282401469559E-028
   7.45117380219404       1.684786991211728E-026
   7.58682405282253       3.601646501148019E-024
   7.69224626793913       6.320450613926990E-025
   7.78522495706209       2.384747744647817E-021
   7.86952743829841       1.528629243308008E-027
   7.90021352097467       1.250296648233919E-020
   8.15905858080960       2.545123746124716E-025
   8.63792038214375       6.541575342828554E-023
   7.07061293093219       2.599153686876855E-041
   7.08900669320568       3.453280532725991E-009
   7.13021853517698       4.857239659319217E-038
   7.20289304497247       3.827722013341856E-007
   7.27074525218782       5.422412601622973E-047
   7.31630835614592       2.542947588323195E-042
   7.32098086980420       2.120637511506279E-018
   7.37968578528406       1.933595813926089E-016
   7.61726294717393       7.382874650326285E-013
   7.78563607144044       1.200174269033608E-038
   7.84141253737108       1.298495054114244E-007
   8.01267889704064       3.829945941561475E-034
   8.03345644528788       5.599028377336291E-010
   8.03715480439966       4.933291368101574E-004
   8.31993533030064       4.847936056956999E-012
   8.79252201184839       5.208592664811458E-007
   7.21859094516273       2.053600412910463E-013
   7.22430134160744       3.557445168837692E-043
   7.29377708238483       3.078214466904559E-041
   7.36371908491573       1.112522100908673E-043
   7.40309560844803       6.660542612104176E-044
   7.41290271065547       1.760128577921864E-010
   7.44547414531883       3.889325175262575E-013
   7.49589145670358       2.950770974690565E-010
   7.65452634297244       4.041183350911928E-016
   7.91327980126545       2.222839047776045E-040
   7.98928656484890       3.888810006404203E-011
   8.13445999183187       7.372194365202287E-010
   8.13932893202248       4.167864517160423E-036
   8.20065353952995       1.244225256053783E-007
   8.40317179610946       8.568238931212365E-008
   8.92490809775279       9.443509460894156E-010
   19.8504973160529       2.435988185639812E-025
   19.8911541957409       3.917510798165073E-027
   19.9363872316369       4.413665761259694E-023
   20.0685345746864       1.751084246604424E-026
   20.0882068765587       1.813455581751461E-027
   20.1360618277122       1.008402284158387E-028
   20.1774044602979       5.213144021516642E-030
   20.2377487721158       4.666261291549381E-028
   20.4838587591915       1.730260585252468E-027
   20.5931131192194       9.802989583794157E-027
   20.6750421979088       4.726505493259821E-028
   20.8148275840460       3.494465540349605E-022
   20.8788510436263       1.702330803925139E-026
   20.8854544983863       4.129254173643959E-023
   21.1796423233403       4.844145497283863E-028
   21.6464069085659       1.626451229957036E-024
   19.8788606564135       7.843040018381691E-027
   19.9334392117047       1.959948698335378E-028
   20.0012169459688       8.193553779167993E-026
   20.1019528743714       5.074401110646586E-026
   20.1266521546127       2.286510375464095E-023
   20.1614430751636       1.813464430279617E-022
   20.2059690992692       9.155751799944062E-030
   20.2640960310412       6.618363232315728E-028
   20.4505124671809       6.738178601492886E-027
   20.6208203944528       2.603177335370215E-029
   20.7217866071443       1.048923368614065E-030
   20.8421377012875       8.899039756270099E-025
   20.8873711965626       1.560893229947086E-031
   20.9420626783090       5.521760688658206E-022
   21.1772801044165       2.731158301453127E-027
   21.6763999733851       2.380837250548139E-023
   20.0506983869431       1.734306372641328E-043
   20.0654471561951       4.921109532964350E-008
   20.1121849341133       1.547417589686841E-040
   20.1990760087943       1.056013321115779E-006
   20.2509954189007       2.031494979343144E-043
   20.2927209753238       4.697627244183856E-042
   20.3083639766174       2.256794340973741E-018
   20.3571078418761       2.637445238767714E-015
   20.5947457190801       5.314323882589611E-010
   20.7584972381027       3.439829944175513E-045
   20.8142927085282       1.752977171081116E-010
   20.9942607647884       7.628899103433723E-039
   21.0116541887530       3.245878595626263E-016
   21.0232318492814       6.021346404975804E-006
   21.3050593087403       7.572020382220387E-014
   21.7867314863163       4.029755165999180E-009
   20.1007723651298       3.022370715453057E-008
   20.1617991304441       1.128149659112179E-043
   20.2285595707396       6.145287343371094E-043
   20.3325324294111       1.945810423387065E-042
   20.3625796032453       3.663205055737471E-043
   20.3923926656811       7.182204609707631E-011
   20.4427170525093       1.522249047096406E-019
   20.5013102210474       9.914655520019538E-016
   20.6948525827588       1.732414335010547E-009
   20.8508368314474       6.322847585251583E-045
   20.9548602516668       1.076901771795441E-012
   21.0703690675626       1.285408531685000E-040
   21.1244494505739       4.600796710195092E-019
   21.1747939359296       2.140909200857997E-006
   21.4164835333313       1.013699519663683E-013
   21.9104093483333       2.620834842437843E-009
   20.3363854573093       5.089680701957722E-045
   20.3544388043496       2.643980775117275E-012
   20.4036011597333       1.187325057292791E-039
   20.4936065772729       6.286770280948817E-012
   20.5175519298933       1.134531072086897E-044
   20.5607499784932       2.653123137816736E-042
   20.5817564502664       1.871037837784638E-014
   20.6240450488491       2.654479269443636E-010
   20.8388438833333       2.502362947530544E-014
   21.0355242561278       1.604205408138120E-044
   21.0940605895522       9.268777034037708E-014
   21.2744631667742       8.258121511476800E-013
   21.2744873546031       6.880725878957216E-034
   21.3066172998005       1.174047146010625E-009
   21.5625964466779       1.526837786412394E-009
   22.0579978633399       1.284674973342001E-011
   23.4832272201984       1.793048167987229E-008
   23.4965936683540       2.008689546303937E-047
   23.5598453632351       4.063166047601674E-042
   23.6741666924229       5.602581659601134E-045
   23.6823592622582       1.516977647376986E-007
   23.7154060557671       4.517316319543675E-040
   23.7547182344781       1.873992117272152E-019
   23.8117382057262       2.075525608923435E-017
   24.0250809798660       8.708066250961459E-010
   24.2074109360644       3.204666153708714E-044
   24.2846764535710       1.244798483588347E-009
   24.4272323788425       7.691282404203054E-040
   24.4614462155665       1.526677873258678E-015
   24.4885612848173       3.265848057097190E-004
   24.7462365416339       6.654812533780252E-012
   25.2383845209284       1.081332036884112E-005
   62.3934262148215       1.723937461366119E-036
   62.3995766628763       3.226424138464227E-009
   62.4648709564024       1.692686844640538E-036
   62.5737617660225       1.073546339884028E-006
   62.6084494588796       7.641383652664949E-044
   62.6613053869876       1.938341528810724E-044
   62.6826915050198       1.238399020644845E-013
   62.7442980958427       4.104409045589106E-011
   62.9979013342858       1.529117106294445E-010
   63.1067865953166       4.594423132197862E-039
   63.1808406421087       1.097412494596739E-011
   63.3345867001264       1.491173790199711E-033
   63.3769728741901       3.524011966906761E-004
   63.3929321508807       1.578599827211255E-008
   63.6836322479117       4.973751954154343E-012
   64.1400168386688       1.309985243423131E-006
   62.4049261612677       7.345329134691582E-011
   62.4128571415085       1.288628730610802E-035
   62.4920422371517       2.598032036929916E-032
   62.5970446360602       1.272267789903984E-037
   62.6251360898205       7.583367067858819E-008
   62.6432415836747       3.028428247116156E-037
   62.6879015846806       6.058406528028278E-012
   62.7457192937713       7.364650321243842E-009
   62.9572358369100       1.822175205168910E-014
   63.1130210685153       6.854568119178011E-035
   63.2001571807716       4.456700487157403E-011
   63.3400567012058       2.222939802195525E-029
   63.3846704194281       1.153916176725457E-010
   63.4030076797819       1.444424581109333E-005
   63.6672278920934       2.760767751545049E-007
   64.1502703935481       6.493317859866269E-008
   62.3365363897324       2.013186944942717E-024
   62.3907781544318       8.748107517416835E-025
   62.4597279769276       1.977454230275425E-021
   62.5898129911393       4.150560296039845E-026
   62.6272543649277       3.844213617337364E-020
   62.6371078625191       1.984934613862974E-024
   62.7056007722237       1.482521795493363E-026
   62.7724553089691       1.568153696962118E-022
   63.0075970446273       1.880968992659008E-023
   63.0950038899267       2.534781185790635E-025
   63.2032354815254       2.078695731504485E-022
   63.3066560801675       1.421258526888073E-018
   63.4039335205531       5.429704154396395E-021
   63.4054655121793       6.264135462252712E-018
   63.6963322183044       8.760479857845091E-020
   64.1563678839019       9.035275635763556E-020
   63.0101945607633       8.638997145791616E-009
   63.0198509454255       3.060835920651228E-045
   63.0924141555193       1.461816510832427E-041
   63.2116903842357       8.757342197148306E-045
   63.2210983597130       1.946073496216348E-008
   63.2591507104115       1.012517021514588E-040
   63.2967177129555       2.510396643302427E-021
   63.3591027460760       2.550422862884257E-016
   63.5853593287250       1.230876507748210E-009
   63.7302308173967       1.170640122250823E-043
   63.8121854622536       4.449727594812941E-010
   63.9567266903974       6.788994062066081E-038
   64.0031593660523       5.961552250168481E-015
   64.0185103457581       2.700961001723664E-004
   64.2947113225696       5.571735670018401E-012
   64.7756800306277       1.034097061404283E-005
   96.2719684310584       3.344445787767619E-026
   96.2932326505375       3.275598199244984E-031
   96.3646206255707       9.868972719551297E-024
   96.5045264610992       1.951044530393368E-026
   96.5103682100029       8.482773845776404E-029
   96.5610580235653       3.292099882490587E-028
   96.6034363118712       2.680351425726483E-032
   96.6707619273388       2.345781761587933E-031
   96.9247087167714       2.270162688081643E-028
   96.9991085682935       4.852010345177809E-032
   97.0885140435008       2.232804531615070E-031
   97.2319494747744       4.562935910605047E-023
   97.3029942646082       1.726863054497602E-023
   97.3058691739599       1.568885585348885E-028
   97.6103198797460       6.600950335468987E-027
   98.0677524161895       1.912280896869385E-029
   96.2936372658525       7.079186785124889E-026
   96.3287440424833       2.730108840382796E-031
   96.4075584206027       1.940009309641888E-026
   96.5179389695700       2.380798833143218E-029
   96.5619806490965       1.471905973921639E-022
   96.5673251494318       2.528010058085136E-022
   96.6254474006062       4.093252700928833E-031
   96.6924493289822       1.033691633999351E-027
   96.9083731610037       9.571272100154508E-028
   97.0209025493481       7.749961957568351E-034
   97.1251777754565       3.133866032990991E-032
   97.2532589451914       1.335409450636266E-025
   97.3134179981245       6.604689281486344E-032
   97.3430533227803       4.090293329482356E-023
   97.6133306308849       9.719565063974995E-028
   98.0913051599613       7.371456645327208E-025
   96.4089300107147       8.057950929882024E-045
   96.4190284843094       5.068162601870876E-009
   96.4851107951078       1.687161078933728E-040
   96.5971282310320       2.083008176191608E-007
   96.6246143982392       2.881861421001728E-044
   96.6768792852297       5.298281478941175E-042
   96.6963203110317       2.295963412981690E-020
   96.7593786509973       1.725259496724300E-016
   97.0101980788025       3.184058906290106E-010
   97.1184543453405       5.407575506001330E-051
   97.1874365774017       3.283232821743304E-014
   97.3576120260363       1.229662602659980E-039
   97.4013574487980       8.575149061836326E-007
   97.4019339863748       4.097158100345166E-013
   97.7036837273806       8.873919871067085E-015
   98.1691634566242       3.065162479581759E-010
   96.4478670980282       6.475249369259553E-009
   96.4870630286135       4.080741310385605E-046
   96.5650318061912       2.211364072488279E-043
   96.6786607254394       1.848323067381666E-045
   96.7229921431338       1.121461068707234E-039
   96.7278986435715       5.913445248764099E-010
   96.7888567284938       1.436206425181017E-022
   96.8564092283571       2.154774862849076E-016
   97.0756261616881       6.840790821939893E-010
   97.1798017758305       2.975913457172426E-047
   97.2864742231417       8.499100897966189E-014
   97.4112134167617       1.663701008597625E-041
   97.4772378409703       8.597983122883299E-024
   97.5042229458404       1.107611311276863E-007
   97.7779129686234       7.616065853822099E-015
   98.2531238582625       1.531196711304134E-010
   96.6135479837495       1.392657278014135E-046
   96.6257792142104       3.057071884338961E-013
   96.6931256303373       2.929641186485976E-040
   96.8061850926852       6.830174611114209E-014
   96.8164919545271       1.182690480419861E-045
   96.8682290913835       2.026961311270067E-042
   96.8896879121914       3.472758305159818E-017
   96.9510622932094       4.329371632806156E-011
   97.1861625273973       1.063510115070684E-014
   97.3180585507132       2.020850519556698E-045
   97.3879071943830       1.936839687007122E-017
   97.5586639841056       3.409382869041023E-040
   97.5899806111179       2.096940253819183E-014
   97.6030330752797       1.647019587898552E-010
   97.8892524348793       2.074519511179439E-010
   98.3647977200615       2.138027246842965E-012
   139.669431164547       2.390561566760414E-009
   139.678383796248       8.088349475011307E-046
   139.757980662652       5.357972505116229E-042
   139.878050544193       7.227476019314341E-046
   139.893153973077       2.700377875544386E-009
   139.930627969064       8.480147960471414E-042
   139.968691104327       1.969562558366054E-022
   140.036133167746       8.210728691049042E-017
   140.268695344192       6.563600621760319E-010
   140.382096028379       3.559324303293413E-044
   140.469659291089       1.463846886573381E-010
   140.613855471619       2.751941156225222E-038
   140.668515492660       2.040719878593352E-015
   140.679879851840       1.075343005242791E-004
   140.965159439577       1.930169333401928E-012
   141.433640983066       5.276594297240837E-006
   274.071025390537       2.626149847911755E-026
   274.091337278111       5.515885771340232E-028
   274.175501800650       1.795000946469365E-024
   274.305721610663       9.853358749324137E-033
   274.327071373071       7.225094240865861E-025
   274.360649980741       1.929494185162395E-029
   274.407114237115       1.024752527217109E-031
   274.477679496994       7.712151837813856E-028
   274.724452225150       3.223652937854441E-027
   274.774748333468       1.381603646855341E-025
   274.873012285941       3.643900368172009E-026
   274.998957252854       1.723035379982737E-021
   275.070047115670       2.514255107385133E-022
   275.087014529280       3.192210161044517E-030
   275.382722556914       1.465806831283109E-027
   275.814161771901       2.512837633533527E-025
   274.150618408876       5.683026200098164E-049
   274.159000451435       2.912894356761229E-010
   274.235633323882       3.688883670558340E-041
   274.358506404674       1.073835616366836E-007
   274.374809713804       1.439361974965331E-046
   274.432798459292       1.494033636410602E-046
   274.452820209559       1.624351058893866E-017
   274.521559658941       1.444827567639466E-015
   274.779658510761       2.650037940445256E-011
   274.842184328896       2.558234858901808E-042
   274.918137504543       2.513769723614508E-009
   275.071024220874       3.389719985394078E-038
   275.114248111938       1.841657010201988E-005
   275.141181973117       2.147376716179051E-015
   275.436594715669       4.252380153232111E-012
   275.866222861437       1.181237124827224E-007
   274.216710127446       3.765480340649668E-013
   274.217750915865       1.259369447201675E-042
   274.305479225687       3.601771362253402E-041
   274.422578233790       1.654732465199813E-046
   274.440659862055       1.971775441965931E-010
   274.478397625867       8.554144637848514E-043
   274.510825800187       1.948819424020678E-015
   274.578829310481       2.187172693862723E-011
   274.814350598866       4.622730156498238E-014
   274.900059129407       6.542834805201854E-041
   274.985535885661       6.491716863424609E-012
   275.128494958159       1.000711029136880E-037
   275.182904127141       3.334987975425813E-008
   275.189924399182       1.369081677148058E-010
   275.482986489879       4.075934276157362E-009
   275.925458952170       4.078581134715036E-010
   287.626844092940       6.308007025994883E-010
   287.631917867570       1.334198678104263E-045
   287.716972043593       2.060916991874199E-042
   287.839884529947       1.350100881610729E-047
   287.853883871795       6.226177062519464E-011
   287.895933630321       1.674316140227510E-042
   287.930509616319       1.842958167496097E-022
   288.001077286236       4.218961825106168E-017
   288.240888738944       3.024572796709373E-010
   288.327663062047       5.409394679224422E-045
   288.415288017000       2.219553942929103E-011
   288.562441193662       9.231947982822053E-039
   288.622527823837       3.500786345128236E-014
   288.625545546367       2.718894754502940E-005
   288.923040586968       4.740588639793589E-013
   289.378047183232       1.530594846345460E-006
   368.558099527903       4.798872772701136E-027
   368.562889893131       2.274866833789242E-031
   368.649289329501       1.883322567799761E-025
   368.786214012892       3.040535175361596E-032
   368.787518911532       6.655965863465858E-026
   368.843294907249       5.241224218099244E-030
   368.875674153851       1.045668202327946E-033
   368.947387949765       1.246725082071015E-029
   369.202514276955       2.421730781562218E-029
   369.249040709143       3.287031169987335E-030
   369.335608426506       1.167859796718617E-030
   369.482769062847       7.604080863446633E-025
   369.541922787988       3.733484617017250E-025
   369.558297132151       2.132932408452796E-032
   369.860973397900       3.531758401078100E-028
   370.293097091958       3.552430422995375E-028
   368.573733598831       1.566264576101185E-026
   368.586123637779       8.860462571688265E-036
   368.674349485790       2.798733866435855E-028
   368.794143951818       4.579737578386774E-033
   368.821861199882       1.642368979209824E-026
   368.849878387486       5.681174652666040E-026
   368.891579642862       7.909754257755378E-037
   368.963130743802       9.317094239811431E-030
   369.201028432541       1.221748990540201E-026
   369.264908283451       6.597650450072722E-033
   369.359314210674       4.171284490773488E-030
   369.498304638500       2.011722475582513E-027
   369.565874962909       4.479542259728817E-025
   369.566824973851       4.440646267274823E-030
   369.868296677037       1.329193867598320E-029
   370.309903875182       4.683775033742409E-027
   368.638616190327       1.180719964453867E-048
   368.646719225143       8.473761389633415E-011
   368.725990389980       3.048999530303376E-042
   368.851923809578       3.508009847275190E-009
   368.861268475155       1.266723372095725E-047
   368.919150915043       2.097878198994286E-045
   368.940072450854       3.087519415846725E-022
   369.010795476214       1.525342521086903E-018
   369.265210991964       1.397798276284244E-011
   369.326758955380       7.332540632775739E-047
   369.402818840702       2.982069066024582E-014
   369.562244288010       1.984905488889417E-041
   369.609221825272       1.236455596585532E-008
   369.624698041465       4.472529157995764E-021
   369.926738654003       1.387930193729653E-016
   370.361972591197       1.382720529003603E-011
   368.675630949374       1.709730991302467E-010
   368.689166052533       3.145891753733318E-048
   368.777217602813       1.809067247789613E-042
   368.897950023314       3.861496500196123E-048
   368.925733254997       4.689563744073224E-011
   368.953653942670       1.010993397154219E-041
   368.996260079136       2.508587818269869E-023
   369.067929474876       2.693187577978884E-018
   369.306671732731       3.219628562771196E-011
   369.368060202505       1.078153636539673E-049
   369.463328455241       1.775634310883183E-014
   369.601277488289       4.358174598904500E-048
   369.669876454012       1.071173069905327E-009
   369.671600079800       2.009353482474112E-018
   369.973202633495       1.190238853310377E-016
   370.414042679593       8.631857653296153E-013
   368.773940889621       5.860267662569063E-049
   368.782958823530       3.661301519208550E-015
   368.862376172385       5.711693022739273E-042
   368.988305721142       3.388730304584344E-016
   368.989670350982       4.566025012133799E-049
   369.047336561666       3.098589723504383E-044
   369.068526575841       1.486791564030346E-018
   369.138826713687       5.842507601092993E-013
   369.385553436509       3.991126004528139E-016
   369.459513121517       2.403013131401549E-048
   369.535548433355       3.061650492680984E-018
   369.695432041729       2.238608689906771E-042
   369.742104130633       2.185289482742423E-012
   369.750580954644       1.890331229027528E-016
   370.051890846235       3.114064352120277E-012
   370.492235709611       5.500092082442388E-014
   585.749390933162       1.316652720207337E-040
   585.749526298849       1.173525412649108E-010
   585.838866404780       4.869067087522024E-043
   585.965485357183       4.420209623725233E-050
   585.974957720050       5.603893983368784E-011
   586.023660246064       1.828235918125287E-043
   586.052733381793       1.003334559245616E-024
   586.125033003923       1.106649391718867E-017
   586.371732409368       1.034594892454009E-010
   586.428974270502       8.749474174707473E-046
   586.513350668991       3.720122926420151E-012
   586.664072637938       2.048106325416892E-039
   586.719704099807       4.383215006882095E-006
   586.728841541920       2.204388545759851E-017
   587.031414196665       7.878650980941858E-014
   587.465352849314       3.001259839519022E-007
   1554.29118601918       3.923926282054022E-049
   1554.29913485871       1.064966398714332E-011
   1554.38458697035       3.503063836165808E-044
   1554.51491605026       8.997485338225421E-048
   1554.51655849247       1.341685797582623E-011
   1554.57400276617       9.406885964856223E-045
   1554.59421690446       4.762169763580516E-023
   1554.66742151730       1.853874872949017E-018
   1554.91977984480       2.150874842213862E-011
   1554.94639112228       1.878056472225645E-047
   1555.02296846045       1.523759946363198E-013
   1555.18068743596       2.084917918271852E-040
   1555.22358541755       2.880330606945619E-007
   1555.24626369552       4.384061438984012E-021
   1555.55062024675       5.375149749945314E-015
   1555.95789882745       2.351206811826718E-008
