                  1264
  -19.2886996469466       2.913366007675275E-037
  -19.2741815398483       1.327347780130479E-009
  -19.2336905659303       3.819485964127828E-038
  -19.1991868367313       1.577022453114115E-043
  -19.1582076983601       9.839087668105487E-041
  -19.1533867927352       1.060054646008071E-008
  -19.1362299990631       1.520179020833028E-014
  -19.0825597265364       1.208578633364142E-016
  -18.9585747206241       8.804312637564157E-011
  -18.5606052812323       4.396978837388964E-036
  -18.5010425895302       4.583879958190406E-008
  -18.4142031785519       5.925760045877771E-015
  -18.3265655601113       2.059867430369218E-035
  -18.2704141346486       2.186462854707528E-005
  -18.1415921422923       1.112797787503447E-013
  -17.5486048888491       8.358993855616966E-009
  -19.2018122067953       8.016382140015936E-042
  -19.1730467191592       4.162505347568744E-015
  -19.1356797694926       8.916131475869700E-041
  -19.0899919657054       3.009217882663252E-040
  -19.0559613673253       6.470493272991811E-012
  -19.0343515080648       9.003004097881779E-040
  -19.0290222164843       1.264488813408000E-011
  -18.9686427809121       7.414546698011458E-014
  -18.8447452816907       5.216198126518544E-017
  -18.4748811503952       1.213698569203026E-038
  -18.4241760309041       4.919755105139267E-012
  -18.2989118145402       1.536189605120723E-009
  -18.2277469027947       1.025163334964650E-038
  -18.1756427526457       2.147833520980118E-011
  -18.0336345186868       1.324557124490098E-013
  -17.4493887254846       3.801327491604327E-017
  -19.0883062118030       1.404261895167933E-039
  -19.0761609436300       8.593188409902333E-013
  -19.0209007615235       1.055899680409755E-043
  -18.9982743656566       3.421114516977823E-039
  -18.9617631089216       1.252242106928784E-011
  -18.9135970348782       2.280939674125705E-040
  -18.8935167012658       6.705405838051427E-010
  -18.8644135904785       4.175604643409147E-013
  -18.7552721519668       9.572797411580265E-015
  -18.3754280557828       4.482765205000745E-039
  -18.2955841619318       2.225264995682541E-009
  -18.1852449003930       1.074145629168961E-007
  -18.1407658156159       2.316944256410556E-038
  -18.0908003614588       1.003774540487998E-008
  -17.9478108845858       6.166468441416130E-012
  -17.3716825848079       3.920630954767985E-012
  -19.0157659660941       9.769709503906511E-038
  -19.0134638823010       1.137906963712738E-008
  -18.9779256437222       4.597603559431163E-037
  -18.9310512185890       3.998606909620304E-040
  -18.9017171145246       8.842761596043129E-008
  -18.8744305853501       3.760427471568363E-037
  -18.8738634551689       2.926485322739305E-013
  -18.8094582951807       1.865510511824420E-014
  -18.7200414329404       9.519733079699014E-011
  -18.2906906537399       1.690590123444451E-038
  -18.2464666586296       2.072609610052816E-007
  -18.1294964080763       3.900686994150312E-011
  -18.0794157204429       1.235181488223893E-035
  -18.0233450611372       1.754072818664047E-005
  -17.9073996390494       3.817878229921504E-015
  -17.3179350835660       5.027323143198162E-008
  -19.0123091292803       1.439920976911828E-036
  -18.9982754920111       1.066074268741429E-009
  -18.8944543035935       2.319730745057959E-037
  -18.8904599415892       2.809786742187369E-038
  -18.8680254219942       2.665104618855649E-008
  -18.8489758119825       5.032856412761109E-047
  -18.8381999982567       2.120004803428921E-013
  -18.7162851669350       1.664765999700843E-016
  -18.6186815507371       1.450755890885662E-013
  -18.2721520431146       5.064844079184282E-036
  -18.1710000525085       4.529376347400958E-005
  -18.0987444119524       7.218014761627719E-011
  -18.0445408785279       6.557495463250190E-035
  -17.9915661502092       1.758765725287365E-005
  -17.8157755629306       3.124889817801488E-014
  -17.2414254337313       4.978189794830227E-008
  -19.0044890721120       8.225862308931654E-026
  -18.9804515356834       8.263808656841756E-024
  -18.9005848491583       3.121877350544706E-028
  -18.8610423077201       3.575726360127075E-022
  -18.8472304242611       3.342882317460715E-022
  -18.8329235328249       2.240591818943019E-027
  -18.7742059422273       3.031407869950143E-028
  -18.7335923352552       1.285303962452449E-029
  -18.6217821117609       3.504436641596312E-027
  -18.2223264733635       2.174986158042443E-020
  -18.2036509116054       1.511215861386371E-019
  -18.1069628295578       7.735252129002383E-028
  -18.0180275082960       1.730587437671758E-019
  -17.9992593287929       3.889460993973849E-019
  -17.8298238212159       7.601328913499348E-029
  -17.2660834644472       1.348648598461660E-024
  -18.8516832305541       2.476464698487453E-009
  -18.8450950675230       1.658251896244085E-038
  -18.8084612804117       1.151829325616287E-037
  -18.7516158590780       5.579338555507326E-045
  -18.7267015911956       3.298494385884674E-037
  -18.7258277655507       9.729671052834861E-009
  -18.6862908430415       2.958992288305581E-019
  -18.6457707543528       4.989221247958671E-015
  -18.5176672877100       1.944142409486434E-010
  -18.1225080669068       3.257131247036615E-036
  -18.0597552146741       4.529670792991369E-008
  -17.9700232681855       1.499512511053072E-014
  -17.9062975077489       3.493341557013982E-035
  -17.8450286590633       2.137750966290254E-005
  -17.7129666198991       1.200394551682702E-013
  -17.1323212211089       5.179316506709960E-008
  -18.8646535999661       2.688254904562610E-040
  -18.8432366710311       1.924396777781239E-013
  -18.8038837624397       1.984947796710314E-040
  -18.7423151204659       4.346656484010370E-039
  -18.7210199990703       1.418267820399339E-011
  -18.6799796551971       3.643577540266288E-012
  -18.6448517655381       1.597386155068619E-042
  -18.5876737891764       6.944396692991069E-012
  -18.4756238540671       3.809803008792267E-016
  -18.1258788555630       4.670308640520887E-038
  -18.0780212196874       6.364353006339019E-011
  -17.9062682564025       5.448116013199527E-008
  -17.8984194075812       2.623890626653938E-035
  -17.8541882617426       3.392472217788529E-008
  -17.6755521502579       2.168338446413134E-011
  -17.1129152965525       1.598225758396869E-013
  -18.7848319421395       1.651853901216311E-010
  -18.7671934720315       6.138518319229424E-040
  -18.7375143668580       9.359465596341833E-039
  -18.6889600362303       5.615508392260133E-044
  -18.6592749002813       1.755722046963621E-039
  -18.6538814534878       3.406669956642038E-008
  -18.6233653479189       4.839562854339549E-015
  -18.5745540639273       2.745365100522359E-015
  -18.4533177321514       5.232704117085355E-012
  -18.0693394115761       4.679739057221614E-038
  -18.0044311561946       4.299246614738604E-008
  -17.9279428688786       2.298732525631089E-014
  -17.8429790760628       3.487942477801310E-036
  -17.7810016722040       3.013150450003822E-006
  -17.6488060472638       1.288690959550506E-014
  -17.0679813234761       3.601685098359369E-009
  -18.7481438391911       8.218001534543130E-028
  -18.7427386850679       7.913456765083917E-025
  -18.6965500284061       8.832477933284854E-026
  -18.6435174768619       1.482976275332446E-024
  -18.6286510814872       2.712314162677828E-023
  -18.6238698598921       1.244848341810342E-023
  -18.6102480584468       5.714515667949826E-026
  -18.5466887819255       2.507184627301733E-027
  -18.4496960405998       7.889709854926954E-026
  -18.0331159154109       9.305268104523967E-025
  -18.0010850110913       7.115486224149274E-026
  -17.8961401613160       4.000282608195275E-026
  -17.8110767432929       7.970634105529131E-027
  -17.7498464768890       9.116935219549450E-025
  -17.6404095679925       9.098769081715680E-028
  -17.0532952863441       1.131449557052033E-026
  -18.6508943932937       1.669230197947992E-023
  -18.6303800978921       5.338974817852929E-025
  -18.6094774174375       1.325305634863299E-023
  -18.5577022829945       9.646691931041202E-029
  -18.5262770111647       4.456694488224434E-023
  -18.5262295807846       3.907962852163639E-022
  -18.4987636630379       1.886716545044988E-028
  -18.4518547810427       7.411618976354606E-027
  -18.3306360011245       2.233468359424703E-027
  -17.9346940595551       5.336089979313335E-024
  -17.8832113640694       2.893110868825478E-023
  -17.8049114342487       3.553073231061819E-028
  -17.7122968110680       5.135083331041904E-023
  -17.6535071755536       3.530597265873572E-022
  -17.5251565453612       1.669008134060621E-031
  -16.9428153339007       9.820414103950215E-026
  -18.3774945599854       8.027460002815805E-042
  -18.3402042860079       7.879528801652544E-016
  -18.3135577270376       4.861247127167091E-042
  -18.2903450657286       1.874623214187535E-040
  -18.2477766953344       1.371393872111039E-011
  -18.2415102208758       2.828241738599121E-038
  -18.2370159041262       5.148923290532126E-012
  -18.1830941928322       3.726742684801945E-013
  -18.0700549629146       6.601343636659928E-015
  -17.6658133484338       9.581757345614881E-041
  -17.6208125353548       6.879084972390239E-013
  -17.5309532491263       4.853384847185415E-012
  -17.4102215484667       1.231149548951146E-041
  -17.3659460602902       3.865907864013682E-013
  -17.2503748871250       1.814771758662683E-012
  -16.6526290968265       4.117635141167961E-014
  -18.2735888853846       4.731033020082415E-009
  -18.2614417926587       6.625772017463409E-040
  -18.2342613465650       1.223187096106761E-037
  -18.1727506349684       5.530571680253620E-042
  -18.1568424977038       8.546978223739683E-040
  -18.1532513525349       6.922969648505950E-009
  -18.1176377755098       2.378165192890088E-012
  -18.0807048799596       9.079908743513424E-012
  -17.9574925292929       5.298838531105849E-012
  -17.5561096148105       3.498175492605727E-038
  -17.5055540970351       2.134385172623127E-008
  -17.4179316356193       8.641535418460114E-011
  -17.3393007011136       5.427339836527812E-036
  -17.2815778728938       5.306571309441526E-006
  -17.1542794871895       1.290215887717678E-011
  -16.5734851632534       5.547726233311588E-009
  -18.2379916256176       8.114610024691043E-039
  -18.2292373693948       1.307635642164974E-011
  -18.1841884252033       3.267080893620066E-039
  -18.1529878019343       1.380659830900474E-039
  -18.1144494381211       3.154934908024012E-011
  -18.0865654502775       6.794739572496893E-041
  -18.0596554447785       4.105467109680958E-010
  -18.0328437009999       2.857095686766092E-010
  -17.9212552395326       3.978127519546597E-014
  -17.5303938668207       1.261235993907849E-037
  -17.4595864960044       3.713904415271193E-010
  -17.3556135410216       5.576741532636465E-008
  -17.2974008950426       5.879066629739674E-037
  -17.2442519274193       1.085445225782740E-008
  -17.1152509388171       1.512060932815971E-010
  -16.5352758705196       1.629215436071865E-011
  -18.0015278154675       1.720308078116332E-023
  -17.9588946449965       2.386356675884563E-024
  -17.9395218595968       1.689882130590327E-025
  -17.8873888757307       4.502972313169987E-027
  -17.8664011114086       1.165170687191396E-022
  -17.8217104571740       1.702703774733422E-029
  -17.8122859208731       4.685177535405901E-030
  -17.7537536288193       2.956275685292194E-027
  -17.6144733703274       1.704859859015625E-027
  -17.2424661266513       4.085343580895761E-025
  -17.1963848796134       1.080808692697743E-025
  -17.1061342073051       1.198314659377634E-026
  -17.0551300882257       5.677070329750167E-022
  -17.0039933450679       2.123764088939573E-021
  -16.8279963202718       8.773666698076846E-030
  -16.2706242463319       1.696715091958509E-024
  -17.8195197051349       4.737566705429887E-038
  -17.8041113735758       6.815301888424911E-009
  -17.7698609602234       1.330795382044030E-037
  -17.7437959342282       1.535500933061681E-038
  -17.6985657305592       1.910946381333473E-007
  -17.6886793445639       1.369034883311181E-038
  -17.6723867966383       2.471625275205113E-011
  -17.6264357635231       1.615109440134519E-011
  -17.5317466028276       1.200489599193578E-011
  -17.1133977993369       2.549664249941381E-038
  -17.0570462066188       3.452024309718557E-010
  -16.9637894830958       1.423088886459226E-011
  -16.8776773623007       1.733079480383974E-036
  -16.8220920556421       2.854121171065601E-006
  -16.7190098999625       2.013309430073398E-011
  -16.1264981424338       6.505085314303509E-008
  -17.9804276776436       4.760059521835980E-028
  -17.9725342375984       6.006640610776859E-025
  -17.9049181587424       1.385210987010485E-025
  -17.8403662915483       1.634095356865265E-024
  -17.8364101567641       9.262165726110096E-023
  -17.8036097227989       1.143719820019331E-023
  -17.7955624109756       4.048175207399797E-024
  -17.7483198491673       4.339561681433470E-025
  -17.6081521144155       5.853152106090541E-028
  -17.2189492683557       6.271183762300947E-025
  -17.1984566040636       2.089208849479288E-023
  -17.0609389842038       1.202536992103172E-023
  -17.0328134628063       2.068291385187990E-023
  -16.9825681698528       1.297391862729417E-020
  -16.8113760673659       1.104144576325458E-024
  -16.2424492966188       3.114431762599388E-023
  -17.7978258877298       3.833472937066289E-039
  -17.7794452882350       7.487714487655973E-012
  -17.7417592703226       1.041108127503886E-043
  -17.7044706319540       1.433748752255336E-038
  -17.6663926527624       2.088745984379472E-012
  -17.6580318880605       9.804029856412891E-038
  -17.6337862152415       2.456999037303095E-014
  -17.5940377847527       2.115507694095611E-009
  -17.4740278603369       5.162373162935389E-013
  -17.0872691539700       3.565932291877755E-038
  -17.0286166882184       3.562826406538555E-012
  -16.9289348215065       3.263274622554847E-009
  -16.8449592006871       7.172490316577265E-041
  -16.7922735906113       6.229445266719273E-008
  -16.6649116701758       2.069165204556100E-009
  -16.0790514256035       4.564597594974819E-011
  -17.8102507631182       1.441136502759019E-035
  -17.7977005694179       3.537020605355719E-008
  -17.7420837001061       9.084318055360647E-036
  -17.7079650412651       5.613964609781536E-008
  -17.6710561518964       3.717009824265112E-044
  -17.6505568930388       6.313709331108712E-042
  -17.6393086741074       9.086241590182312E-015
  -17.5695430749597       6.906565760108063E-016
  -17.4260629592384       3.125906654033266E-011
  -17.0663888986482       2.932518723517483E-038
  -17.0064306189278       8.947061273478062E-009
  -16.8978739189461       1.190385870147921E-015
  -16.8576138452603       2.723678744190328E-036
  -16.8344685988817       7.886231364936968E-008
  -16.6357441970290       3.753611228295307E-014
  -16.0740290414519       1.525752009666061E-008
  -17.7723089217869       2.539105404845111E-009
  -17.7350675350297       1.145644136320651E-039
  -17.7175079077424       1.262104767385115E-038
  -17.6335700338617       2.849777807009373E-040
  -17.6259678839997       3.288008158645576E-011
  -17.6120308575440       1.076123573344933E-042
  -17.5668608107322       3.035387277074732E-017
  -17.5448495949642       1.245412392883509E-014
  -17.3968360294014       2.941256705672512E-011
  -17.0199430492373       3.179794414920887E-036
  -16.9698233613905       3.514779736865969E-010
  -16.8592208952234       5.052525816619620E-014
  -16.8308786924369       1.560867002216287E-035
  -16.7752522258802       8.997394978059986E-006
  -16.6070883647419       2.909275616010167E-014
  -16.0443780051305       3.071693648223528E-009
  -17.4836485329454       1.208874058054637E-008
  -17.4708079192323       6.580949529601287E-038
  -17.4300645576196       1.470896833856130E-038
  -17.3528082672753       4.151387700741572E-007
  -17.3464268730989       6.659520153514879E-041
  -17.3221181791421       1.003834936644958E-040
  -17.2916146874192       2.402309734054123E-016
  -17.2399034409637       8.123720152045608E-015
  -17.0814746078131       1.377836180158042E-011
  -16.7230553351107       1.782324019870762E-036
  -16.6544560596417       2.710295966629361E-007
  -16.5422532113015       7.487180023839281E-015
  -16.5189544485824       1.716359192313988E-036
  -16.4827970665166       6.109248110034435E-005
  -16.2774534394399       8.493326221105904E-013
  -15.7031809604456       4.952985111503310E-007
  -17.4695273402588       2.448717141431723E-041
  -17.4497906144933       4.341917439793034E-014
  -17.4152266585781       5.257697851587852E-042
  -17.3487101822081       7.033551376656090E-040
  -17.3449278497899       1.006651848933207E-010
  -17.2846414271281       9.720618852506020E-042
  -17.2804477958681       2.582618503113623E-014
  -17.2450788353237       3.374265663869104E-011
  -17.1001349865772       3.358255397851087E-015
  -16.7394314737523       1.529665999683094E-038
  -16.6892211496590       3.056906427054592E-012
  -16.5450418029662       2.505514143576496E-008
  -16.5143873982467       4.635151949098295E-036
  -16.4867293186828       5.395353474521840E-008
  -16.3019289090189       8.679449641677821E-011
  -15.7341826034639       5.128354634596224E-011
  -17.2847258380927       8.676800220228022E-023
  -17.2736848308306       2.108388433302578E-023
  -17.1563375175067       1.267307587860548E-028
  -17.1244574455780       6.448256378640646E-022
  -17.1026584664641       9.477960365272672E-022
  -17.0555844496581       8.711449460064297E-029
  -17.0049269680493       7.854957111229642E-032
  -16.9963578900927       1.787143042605489E-030
  -16.8379853779568       1.213136604991710E-029
  -16.4904357087427       7.887094339441687E-019
  -16.4756345799931       4.626445534730740E-020
  -16.3452011782538       6.729597128229089E-029
  -16.3132306188793       5.077212224844461E-020
  -16.2656176302968       2.276088066805415E-019
  -16.0738439144271       1.533217099429239E-026
  -15.5390840186714       3.275011859282827E-026
  -16.6693998651115       2.024623400490874E-009
  -16.6663026109409       8.919915123477663E-035
  -16.6073668473498       1.608816076042143E-038
  -16.5568490671163       9.492309393621024E-039
  -16.5553228494770       2.332884021534339E-009
  -16.5278578925803       6.679315256640375E-041
  -16.4984199685656       1.052605693641792E-012
  -16.4316207663485       3.788853653000708E-011
  -16.3067007150165       1.573625428871234E-012
  -15.9595378559057       7.896781506448701E-036
  -15.8817041879090       5.391216440313870E-006
  -15.7988312238117       2.037514453179956E-009
  -15.7447944346951       1.102589297303556E-035
  -15.6908143591132       5.266780830817354E-006
  -15.5341224936834       8.214577498231889E-011
  -14.9874044574474       9.452739316212785E-009
  -16.5187426623644       1.608226759637494E-039
  -16.5132948617736       7.436324215482335E-012
  -16.4722759840350       5.696444224980682E-041
  -16.4331885406522       3.253658542741502E-039
  -16.3942003864829       3.315648886936504E-010
  -16.3708477691573       1.204189268968013E-040
  -16.3547398686932       2.810289097206182E-010
  -16.3111359567033       1.820578341919915E-010
  -16.2066836048518       2.198097983452785E-014
  -15.8169515858340       1.565416459110280E-037
  -15.7561729744131       7.353136696156683E-010
  -15.6450408487447       2.136626327561624E-007
  -15.5905102341611       3.712841158594360E-036
  -15.5370378920970       2.158564149649764E-007
  -15.4074443806210       7.811629434677036E-009
  -14.8344439249304       3.113339451961447E-011
  -16.3539167185008       4.964277874329512E-027
  -16.3380437515145       9.104775522881392E-023
  -16.3079864430803       1.941209298375103E-022
  -16.2916403667310       9.755362731885064E-027
  -16.2607425463900       4.150674917871740E-026
  -16.2402080418117       3.054847289117540E-022
  -16.2388286257317       9.349184969874078E-023
  -16.1906466407100       7.804122094637276E-027
  -16.1034372837069       3.022843778555967E-026
  -15.6636077865508       2.458368354367612E-025
  -15.6176023799245       8.366894680512803E-026
  -15.5536982249288       4.072912611386955E-028
  -15.4231127405591       1.543241960356458E-023
  -15.3682808292259       4.534561889899709E-023
  -15.2863471564089       7.252944783770889E-026
  -14.6846382023742       4.124641767300508E-024
  -16.3025728957609       1.106922935814535E-038
  -16.2838766363204       6.124037224362965E-009
  -16.2549237844315       2.835981628589828E-037
  -16.2402744660086       5.448697432645106E-041
  -16.2059135700781       5.232453075270817E-040
  -16.1881825509508       9.255658121431494E-008
  -16.1856377819488       1.459519269811143E-011
  -16.1353958832768       8.704376584010570E-014
  -16.0462402917739       7.692583531830869E-010
  -15.6112450126197       2.625632266237575E-040
  -15.5629672615089       1.143806599506512E-011
  -15.5001864224743       8.931328509359866E-014
  -15.3672795681112       3.168910634113262E-038
  -15.3120462415687       2.596452832555161E-008
  -15.2307747850243       1.613852118302611E-013
  -14.6291567301611       1.528975345740682E-008
  -16.2526300598472       6.120940366166857E-028
  -16.2426790321059       7.990580423654688E-024
  -16.2184884816818       1.157318566091847E-024
  -16.1817300135810       2.509519540727823E-024
  -16.1554373326802       1.694881295192414E-021
  -16.1545708918498       1.420208435057918E-021
  -16.1303512366288       6.002544899491448E-027
  -16.0861196311898       4.875664749330333E-025
  -15.9955948018382       1.141989461119002E-024
  -15.5639737069017       8.505616865806452E-028
  -15.5206034993798       9.031777784812611E-030
  -15.4453916625855       2.991963956775481E-031
  -15.3316135954841       6.793168277303154E-026
  -15.2767420639358       6.467993731214966E-025
  -15.1945890373060       1.379997474510899E-029
  -14.6031356292545       5.720856108050921E-025
  -16.1605490932293       1.838542629308391E-041
  -16.1295391066110       5.943371393521640E-012
  -16.1092399031315       6.624150135252492E-042
  -16.0942967450690       6.317082326059086E-041
  -16.0547822300566       4.742206570648392E-037
  -16.0511359460003       4.199560178259255E-011
  -16.0459323014146       7.976316883504331E-013
  -15.9931197176488       6.993466627003629E-011
  -15.9016136049738       2.142537457814760E-012
  -15.4656656853180       3.113415323742187E-040
  -15.4246555745580       3.304975367744533E-013
  -15.3572732438966       2.898956876479475E-012
  -15.2158151295077       7.366310509050588E-042
  -15.1687543250435       3.140026146546652E-011
  -15.0863199317157       7.135517325185778E-011
  -14.4834229450916       3.479036583984402E-012
  -15.9124529792318       1.060125362918440E-039
  -15.8759030250525       7.131154403797153E-009
  -15.8548273320262       1.401475245156606E-036
  -15.8506413914813       6.699297017740564E-039
  -15.8014016472921       1.359724600585492E-014
  -15.8004752127568       3.256424516704213E-039
  -15.7970783542224       1.012612721963574E-007
  -15.7469374560215       2.431287345244686E-013
  -15.6649196455539       8.930604620299972E-010
  -15.2108222118153       1.528898443269330E-038
  -15.1723627329435       1.873124368099573E-010
  -15.1000933828208       2.220843357194734E-017
  -14.9640666386504       1.106207530892001E-038
  -14.9214123182983       5.709205989231305E-008
  -14.8389307961584       2.711133852330090E-017
  -14.2296251639865       1.771639852674514E-008
  -15.9515937833496       9.303844178817193E-040
  -15.9179829625597       9.584920101627588E-012
  -15.9015232660099       7.915356632124435E-041
  -15.8931713963719       1.701033355289509E-038
  -15.8433942522051       6.807564504284067E-011
  -15.8312677841334       3.870818027353971E-038
  -15.8278197404991       7.975535291303491E-012
  -15.7861583861597       4.522914726857101E-012
  -15.7126214889961       7.205745323692346E-012
  -15.2626269580909       7.771333051464812E-040
  -15.2090519249485       3.342879994833788E-014
  -15.1400969366143       5.446180469557165E-011
  -15.0187360214843       3.960291462574773E-042
  -14.9751945207411       7.620685053308168E-010
  -14.9004330832209       1.726519474499271E-011
  -14.3017865980806       2.326412174151578E-011
  -15.8909690093445       1.137896166544905E-021
  -15.8898448416834       1.255446521246043E-022
  -15.8598636221578       8.139547061111447E-022
  -15.8167138853458       1.960376256925480E-027
  -15.7978778280460       2.180807538484722E-026
  -15.7893482434488       3.423154416625919E-021
  -15.7627208959966       3.051073209174995E-025
  -15.7233290050983       1.298580817970812E-025
  -15.6197891947574       4.260164828474621E-025
  -15.2005716102457       4.098987257040836E-024
  -15.1511144421180       7.393051151350073E-024
  -15.0801389681093       6.880632663578857E-027
  -14.9726176213834       1.370705219060114E-023
  -14.9151528085131       8.936986618880373E-023
  -14.8178137928840       2.143100520939729E-026
  -14.2315298619360       1.261708797274436E-025
  -15.8577782519168       3.283182876275723E-028
  -15.8422437247677       3.718038283538913E-026
  -15.8059026604186       4.433264218966663E-024
  -15.7939597986247       1.690458943638507E-024
  -15.7589040877274       3.417494615287914E-023
  -15.7434924431054       2.109292270467565E-025
  -15.7261005724519       1.755227928434471E-023
  -15.6807788340685       4.913825997585886E-025
  -15.6058626392547       2.762113036408968E-025
  -15.1651682514554       1.009248406745217E-026
  -15.1166383557450       1.313605016954879E-026
  -15.0479794144353       5.839023811151032E-029
  -14.9256733301231       1.355950623477486E-024
  -14.8626556685070       5.198406462297240E-023
  -14.7871115565433       1.680104627913536E-026
  -14.1836397784152       2.807181533828376E-024
  -15.7057656695506       1.020459288075364E-038
  -15.6787064030809       1.666283960489723E-008
  -15.6579181618242       1.003050497964128E-035
  -15.6309268025546       2.861304310814811E-040
  -15.5982370764701       3.573965680997097E-008
  -15.5960900455694       1.246906912378813E-036
  -15.5848976667446       2.536230642346431E-014
  -15.5360014434740       5.845682041897841E-014
  -15.4350798523334       5.911128514260482E-010
  -15.0065068797994       2.257419487806086E-037
  -14.9671739948107       2.478849016949744E-009
  -14.8916328948401       3.224583258907512E-014
  -14.7628819947459       4.227382327813626E-040
  -14.7176961312800       2.102437446574698E-007
  -14.6226104433075       4.641925501762729E-015
  -14.0259595970888       1.002729502526272E-008
  -15.5589747658081       4.751847935738915E-027
  -15.5454739434604       3.538513712702601E-026
  -15.5110964564631       1.334424117578760E-023
  -15.4795829165584       9.745150105211457E-026
  -15.4578073294641       1.988149982961086E-022
  -15.4422627770716       2.091140684272162E-023
  -15.4333707972593       9.419212229800893E-026
  -15.3792921752938       1.422070356445595E-024
  -15.2867517204084       1.421894554829197E-025
  -14.8580269860318       1.488632294128204E-026
  -14.8181823606022       6.432400505653348E-025
  -14.7407422853566       1.773640198482434E-027
  -14.6255020081046       3.131294615982688E-024
  -14.5658564203046       1.866656086312905E-021
  -14.4763729579955       1.510944017923417E-025
  -13.8813754812257       9.537766630384805E-023
  -15.5131171815269       4.870469101444585E-041
  -15.4835537875595       1.531523567641905E-011
  -15.4565746052114       4.185107610032401E-037
  -15.4443601544064       3.236982827203394E-040
  -15.3998985829180       6.079205608824670E-038
  -15.3924409810645       4.450778440962853E-011
  -15.3905712263694       7.645083016461816E-010
  -15.3394175637012       2.238089643435713E-011
  -15.2486499545681       4.899440259876020E-012
  -14.8150447415378       1.056216074272925E-038
  -14.7712737150229       5.695653454448961E-013
  -14.6958250827348       3.354977386573942E-010
  -14.5695888624314       1.275053874810354E-038
  -14.5218535057465       6.759985217161425E-010
  -14.4300850651580       3.407218093532326E-011
  -13.8299977236581       3.171869619497369E-012
  -15.5741233646988       1.070395130856496E-022
  -15.5527181398886       3.135905790512983E-024
  -15.5295169685721       3.724489450079598E-024
  -15.4831320301237       3.237347662407220E-027
  -15.4530190537815       3.130374633775609E-027
  -15.4455220900057       1.093452153381804E-021
  -15.4219096235588       1.055199615667746E-027
  -15.3753780728036       1.297670824402802E-025
  -15.2613720309215       4.756640182880406E-026
  -14.8601185617639       9.096486337020517E-024
  -14.8085958346020       3.518624906902786E-026
  -14.7347652005682       2.042666688712448E-024
  -14.6478958387263       1.243036943100206E-021
  -14.5828191887958       1.076416854556736E-022
  -14.4661777349191       2.961646762501926E-025
  -13.8920224183423       5.492193394425128E-023
  -15.5809505605010       2.820578328582573E-032
  -15.5802382004394       1.285620763266449E-009
  -15.5268970029772       1.631263331646002E-037
  -15.4762277210827       2.942716765183845E-010
  -15.4536375759411       1.758065034885641E-043
  -15.4361525911271       3.048348042815355E-041
  -15.4015844995187       6.967829794169440E-014
  -15.3559528069299       6.735670868193510E-014
  -15.2142948737330       2.167061573519513E-010
  -14.8641115151705       1.858611354661427E-037
  -14.7958891926718       2.018576110352086E-008
  -14.6919791748707       6.782085399481143E-013
  -14.6590630024291       2.124944867910579E-038
  -14.6204155673145       1.413837902916147E-006
  -14.4440568046844       2.518449715585413E-015
  -13.9014803418800       7.263829408143027E-011
  -15.3565351117778       1.470430875016170E-026
  -15.3282931632402       5.188132806300597E-024
  -15.2878185232319       1.817576253523148E-024
  -15.2222161069684       2.093955119276290E-022
  -15.2054027990773       1.252588916094243E-025
  -15.1960532099003       1.224449758512671E-023
  -15.1543048551774       2.636606001697624E-024
  -15.1253634899991       7.490100602028945E-023
  -14.9945002215839       2.117061782299758E-024
  -14.6108712614289       4.448668263268105E-025
  -14.5671001693449       5.821983084104108E-025
  -14.4587257756389       1.063798234523138E-025
  -14.4226963953284       3.200684568740700E-023
  -14.3560992963286       8.410747026620783E-021
  -14.2103196879455       1.047522453131542E-023
  -13.6456066417097       5.749980311024892E-024
  -15.2866785080141       5.575705104671535E-022
  -15.2504827271757       1.189542430273541E-021
  -15.2332745670170       1.997986361856477E-021
  -15.1712611540088       5.539535534494388E-024
  -15.1478760719917       3.538136205670031E-021
  -15.1344946142358       1.543372217995152E-025
  -15.1005440983164       1.177282800595058E-023
  -15.0599741757708       3.476392109997792E-023
  -14.9333752810457       4.745457731538564E-023
  -14.5570301798721       2.106149318084426E-026
  -14.5040637540000       1.817995547011088E-024
  -14.4168857269669       4.908193126517486E-025
  -14.3585856378467       2.308641516645180E-022
  -14.2894410568552       2.737427943249412E-019
  -14.1554385808976       1.236731839181824E-021
  -13.5973727080016       7.455942146693925E-022
  -15.1003694006443       2.499619421960106E-038
  -15.0687785860331       7.059545397604754E-010
  -15.0449714309975       1.592549230208205E-035
  -15.0363389398079       1.728626209816833E-037
  -14.9876276757795       2.341520174262747E-034
  -14.9875028043718       2.210384256603018E-009
  -14.9750077122378       1.596611351132401E-010
  -14.9314536795428       3.079010438243416E-009
  -14.8403390366732       1.983536123107409E-010
  -14.4067218576608       1.383188603807259E-039
  -14.3574557788969       4.566842929670058E-012
  -14.2886115131476       6.264864618161342E-013
  -14.1587414333160       2.132673250791428E-038
  -14.1120638911478       2.990811268517941E-008
  -14.0274216038304       6.994980197746953E-009
  -13.4285146177257       1.097569531806365E-009
  -15.1826410489259       1.405372857838337E-008
  -15.1744359187307       4.049949479829781E-036
  -15.1405914985881       1.479964195741108E-034
  -15.0875734222095       3.300680290057975E-037
  -15.0806290496362       5.379668617548294E-037
  -15.0621941524429       1.478751561527339E-008
  -15.0401529889714       1.900495696087030E-011
  -14.9981021575028       1.912334186633578E-012
  -14.8975662097563       1.632218787739861E-009
  -14.4768564233426       1.812374045806983E-036
  -14.4326234804698       8.713830955687523E-009
  -14.3478342966443       7.270328104878172E-012
  -14.2636092458469       1.606773438679412E-035
  -14.2004161030366       3.397447040074180E-006
  -14.0977759573159       2.969838984821648E-009
  -13.5157961743840       5.193975373492554E-008
  -14.9744422324258       1.540387167256777E-008
  -14.9721315780927       7.218140229562085E-034
  -14.9220153331628       3.569396022564366E-039
  -14.8785636881193       7.068283231626126E-045
  -14.8705230417899       2.003225506134028E-040
  -14.8395133994106       1.080229262678438E-008
  -14.8353433987859       1.956323523314436E-012
  -14.7782421770109       2.355284547457647E-013
  -14.6803734144624       2.572152978940878E-009
  -14.2690134994763       6.353395716765684E-038
  -14.2258308363399       1.333182060216111E-009
  -14.1384476655296       1.217979156459415E-014
  -14.0508446752491       2.890055037569101E-036
  -13.9806138725779       1.574501046908644E-006
  -13.8795329357113       5.001576336426248E-015
  -13.2982463029725       3.127845994928394E-009
  -14.9135381903067       1.900249927942571E-043
  -14.8935118852853       5.099816327792082E-014
  -14.8602615636459       2.195530516407835E-041
  -14.8245646833889       5.208773374867706E-042
  -14.7972660048789       6.713288627565123E-012
  -14.7810902791296       1.562568770304710E-039
  -14.7552910739917       1.985012830088165E-017
  -14.7312670579617       1.591191303484655E-010
  -14.6075295107421       4.207671301918441E-013
  -14.2092538563373       1.633091382585498E-039
  -14.1538154303954       1.069094962254157E-011
  -14.0615915962930       2.059955827503875E-010
  -13.9756026604017       7.372683105353930E-040
  -13.9359205558014       4.251031735611821E-009
  -13.8045146393063       3.368259041908294E-011
  -13.2253305814452       7.488086380375412E-012
  -14.7825118415212       1.636630048799588E-043
  -14.7524437266960       1.112495446394861E-011
  -14.7316422216115       1.429870676378605E-037
  -14.7203357505681       5.400494326039237E-039
  -14.6773127377114       2.319406088356274E-010
  -14.6769454428115       3.427813229351417E-035
  -14.6630598461875       2.938692822345350E-013
  -14.6177023807411       2.233152313813713E-010
  -14.5285872243929       5.194744687474830E-011
  -14.0918145074527       5.802765900759992E-040
  -14.0447215275718       1.537623364798205E-012
  -13.9806935022466       4.180537018411430E-012
  -13.8442303266729       2.476670812347083E-039
  -13.7972656135194       1.405950688111471E-009
  -13.7193770934569       6.119688147535532E-010
  -13.1195969800524       4.277938585852080E-010
  -14.6601577267238       7.738810756848145E-039
  -14.6378423081148       5.173385679431012E-009
  -14.6125360337174       2.565353530506966E-036
  -14.5785204537329       5.395351246253527E-041
  -14.5548111158836       2.740335031887462E-008
  -14.5428403805120       1.770293684678077E-042
  -14.5227556507008       1.570781246824979E-017
  -14.4897488297793       7.083625127504263E-013
  -14.3749276908207       6.200844974238787E-010
  -13.9629423256978       1.311858578621231E-037
  -13.9157951937348       1.823841913513612E-009
  -13.8349822134422       7.144726224581543E-017
  -13.7279505190620       1.197720317794402E-037
  -13.6884705139386       9.905656589075878E-007
  -13.5730077451703       1.961654979254227E-016
  -12.9916258095279       5.089906488156406E-008
  -14.7092269238562       4.756867243796274E-008
  -14.7016005652834       1.479610308373517E-040
  -14.6652903102564       2.471955396326308E-038
  -14.5815282874462       6.056918305598533E-007
  -14.5734494988133       4.792439202012996E-041
  -14.5484186600555       4.729058568741110E-041
  -14.5212651065851       1.149593752439837E-016
  -14.4796671297895       4.522101707196686E-017
  -14.3092820384034       7.937233313688722E-012
  -13.9600428637850       4.218789020387657E-037
  -13.9049156140277       1.006340052107604E-010
  -13.7806802048575       1.164503620853819E-013
  -13.7561210824104       1.477376150549978E-035
  -13.7237517935902       1.222680949374086E-004
  -13.5149976717199       1.858796138850437E-012
  -12.9502254454102       1.141592853724281E-006
  -13.7724595962753       2.365829105947170E-040
  -13.7508535436701       1.103362301103692E-011
  -13.7250196607603       1.098656214726294E-037
  -13.6945568171297       4.742015196824587E-038
  -13.6687915131764       3.120434397122326E-008
  -13.6552819602734       1.073448016755389E-037
  -13.6267405623282       1.186635702463985E-009
  -13.6007345137321       6.849724231688653E-015
  -13.4952338133417       1.814117304655769E-011
  -13.0837551932554       2.010062557578720E-036
  -13.0277764815358       2.317418925852129E-008
  -12.9541420289806       2.941753318908470E-010
  -12.8484010462858       5.430912112249572E-036
  -12.8021237718634       1.043410333526186E-005
  -12.7022773622226       7.625789239336891E-009
  -12.1227138037641       7.211513020504726E-008
  -13.7198791258627       1.769355685149602E-044
  -13.7011617878644       9.014306899600134E-016
  -13.6737301690024       2.863325756796893E-041
  -13.6226825017469       9.497496581837713E-039
  -13.6084263450211       1.846617544670012E-010
  -13.5820467612970       3.006745063814055E-038
  -13.5612883281807       3.444161088011296E-010
  -13.5324031888652       1.257197591059750E-008
  -13.4098634722195       1.713281142489991E-011
  -13.0171103051780       1.195407241209480E-037
  -12.9711022995890       4.003061494966432E-010
  -12.8664772095040       3.857586361940926E-007
  -12.7887340027251       1.389917171187108E-039
  -12.7492773176318       2.624112812657763E-006
  -12.6148502342264       2.744234218872538E-007
  -12.0403248102598       1.197367615942575E-012
  -13.1853977833329       1.106323829121306E-026
  -13.1357879467696       2.880660644362948E-023
  -13.0261168780050       4.880116671058605E-023
  -12.9989369136393       9.728161726366978E-033
  -12.9385033544723       1.638394986152485E-022
  -12.8795869787806       1.389130566849260E-028
  -12.8785828989621       9.580824347887144E-029
  -12.8261656330224       1.583772107754394E-029
  -12.6384184185805       7.060233227576271E-031
  -12.3859519946755       1.766263903807466E-019
  -12.3315710980779       7.000408494928693E-022
  -12.2082494999585       7.875673094673161E-019
  -12.1806818424562       4.300019052118104E-026
  -12.1249719832777       1.964192366318470E-019
  -11.9020846507451       1.795768791877909E-025
  -11.3953670905896       7.479441732402226E-025
  -12.3127272176705       1.961455688426569E-010
  -12.3121838789343       3.465457804946212E-033
  -12.2529254803662       1.455452106665936E-039
  -12.1967725385205       1.083629176267052E-010
  -12.1678352974795       7.694359864871134E-044
  -12.1314557640489       9.751953938446240E-042
  -12.1128102104815       2.058312454963070E-014
  -12.0394732123117       9.677343496109037E-013
  -11.8748147427517       4.530720565523080E-013
  -11.6097294888008       2.238408450943891E-036
  -11.5352404923072       4.771590983795884E-006
  -11.4133967032783       2.436180617759287E-012
  -11.3925295065244       1.819611602968109E-034
  -11.3454637507616       1.489745552504979E-004
  -11.1387759282440       9.455944891273761E-015
  -10.6317944507730       2.035140575933971E-009
  -11.8908538021731       2.556007857592674E-013
  -11.8764483935869       4.899542372261831E-043
  -11.8254899768970       2.318913526645873E-043
  -11.7748920595521       3.262026136167178E-040
  -11.7313508142927       5.288727543483974E-040
  -11.7191017228502       1.325323591738593E-011
  -11.6966018152244       3.701061288854353E-010
  -11.6414178928630       1.832172652020330E-012
  -11.5307178245180       4.429423420373913E-017
  -11.1910528293198       1.369024050052801E-039
  -11.1222706094825       6.592360787021111E-010
  -11.0015250231138       8.585867162318780E-009
  -10.9730416950355       4.435532241339218E-036
  -10.9008659249140       1.484932597956092E-007
  -10.7567059713619       2.201182481657633E-008
  -10.2097789468473       1.293464336029133E-011
  -10.5976244975952       7.659624211155510E-023
  -10.5319542772596       6.296388074641089E-022
  -10.5119503424027       1.421917845215940E-023
  -10.4158918169356       2.659903441457658E-021
  -10.4048204138516       5.216576627998964E-026
  -10.3244977228163       4.523269615435497E-028
  -10.3207757872722       1.208680228261507E-028
  -10.2487809747953       2.346267633070744E-027
  -10.0538121455054       1.438180479190017E-028
  -9.82054700796075       3.231713759531063E-024
  -9.75537052991747       3.400229945304862E-024
  -9.64697254754710       2.409392678139782E-020
  -9.60737181945407       5.619390423196113E-025
  -9.58573954430307       1.204225771759837E-020
  -9.33159359326801       1.894649924488006E-027
  -8.84170667445662       2.780946073774495E-025
  -10.5548062848857       2.089569438018273E-025
  -10.5041274300075       2.733754972265955E-025
  -10.4297169434943       5.019950189407075E-024
  -10.3594570656033       7.938025526970591E-024
  -10.3180508020698       3.524417598126018E-023
  -10.3148218564905       1.281657838651673E-022
  -10.2710187962183       2.878249954665245E-024
  -10.2213968084146       1.038465923937852E-025
  -10.0709043860304       4.054482859387081E-027
  -9.77959426952107       1.277528424473313E-025
  -9.71868316941143       2.960587460862247E-026
  -9.60541205674012       1.516942715927136E-022
  -9.56548235893926       2.193728132694080E-028
  -9.51660365568288       2.037401945106956E-022
  -9.32044239917945       2.701781478067302E-030
  -8.79759130556638       7.088574122778811E-025
  -10.3421226933472       4.608339737899735E-035
  -10.3363847223372       1.044068857718990E-007
  -10.2812028326782       9.565815932892676E-037
  -10.2279998958513       9.587803493022260E-007
  -10.1710114268749       1.445556194831747E-045
  -10.1498139557063       4.982641516354029E-043
  -10.1237335910437       3.986529043570960E-017
  -10.0745346296272       1.863233941998572E-015
  -9.89018255476855       4.169728838602014E-012
  -9.62361461745775       1.068031708322563E-038
  -9.55842131324566       4.666350522309034E-009
  -9.41650369904755       1.016951373312156E-036
  -9.40889539442179       1.909253489740307E-014
  -9.39162576422866       4.711020045775443E-006
  -9.15307828552246       2.093296139833156E-013
  -8.64483458315555       3.142567591646080E-008
  -10.2333050711397       2.403541989127553E-008
  -10.1840937420585       3.626166562589502E-038
  -10.1295989394869       2.386878258656477E-037
  -10.0437167555671       5.862830745634667E-041
  -10.0194773422032       1.452421521990349E-042
  -10.0108488644279       3.966036587304897E-008
  -9.95948198167482       2.061980978549703E-019
  -9.91854009410830       4.491869070227102E-018
  -9.76273278262474       8.850948351547166E-013
  -9.47312792601118       4.863188505170291E-038
  -9.40696540671080       1.121721076115512E-008
  -9.29024693054309       7.226896215911401E-035
  -9.26185032975997       2.596082549706805E-017
  -9.20378786140667       3.251589894867456E-005
  -9.01296608025083       1.133098058181030E-012
  -8.49075593505926       3.343054288715880E-007
  -9.93399065347502       9.642015219375436E-008
  -9.90544406451284       6.387261675060178E-038
  -9.87060552469319       2.364871733445370E-037
  -9.76523362405986       6.628947533695789E-007
  -9.76396395058676       1.388010340580699E-036
  -9.72393499724682       5.811197950389300E-041
  -9.69766110950444       3.893308533316469E-019
  -9.64946977728988       2.681465335147427E-016
  -9.45638855348181       2.968481122439878E-011
  -9.16945568001499       3.032752400722523E-038
  -9.11510578765658       1.036011190034302E-008
  -8.97606712024542       3.128598428391157E-034
  -8.96615617840809       2.018882698103198E-015
  -8.92555355497972       1.767397777106355E-004
  -8.69194227981121       2.246923487979414E-012
  -8.15766817107741       2.826695961641859E-006
  -9.91170871148767       6.728998355065169E-041
  -9.89891128033993       5.422286636837644E-012
  -9.84930547582070       2.471381111739037E-041
  -9.78490859455852       4.593533117652329E-011
  -9.76231465092581       7.993167885811826E-041
  -9.71665931536512       3.871867371403144E-041
  -9.68218349405836       2.669968467674391E-011
  -9.67188611845058       1.202089557522963E-010
  -9.48876465812508       7.920030446777159E-015
  -9.20191766151782       4.881183545394308E-040
  -9.13533340571536       1.713168348771695E-013
  -8.98571375917718       2.190272719254891E-010
  -8.98430190759290       1.629551458202835E-038
  -8.95902705617080       7.597160854189423E-009
  -8.73937319982118       5.798604050136148E-010
  -8.21799810649907       2.351717083549717E-011
 -0.837741927044434       1.126225627926817E-008
 -0.817804422892969       6.161037646313754E-040
 -0.767369526088679       4.122018873405320E-038
 -0.667453436651883       9.532624337186225E-045
 -0.652411948804488       2.039678319639476E-007
 -0.635989029801944       1.107973219781498E-040
 -0.589743229887471       9.376515415054684E-019
 -0.540616021566059       1.368405536027285E-016
 -0.355271103807500       1.324582679474451E-011
 -0.109697142184633       5.545507706087903E-039
 -3.587377808716852E-002  4.606589344190484E-010
  0.100910033526109       5.260048139671815E-034
  0.113735911425998       1.313666249437947E-018
  0.167973295824464       2.134455740367982E-004
  0.384558383971239       5.866259551585462E-012
  0.894595934241352       3.941644111098562E-006
   1.35129360020764       4.068261050394572E-024
   1.42281954388108       2.348023778596153E-024
   1.49701534877152       1.169323068342356E-021
   1.59126195783472       4.424160362485939E-030
   1.64112769801422       1.298065139593078E-022
   1.66791165232759       4.228997999159909E-029
   1.71464674499282       9.177430259800050E-031
   1.77350737622317       5.925221431948732E-029
   1.98966097976554       4.281325269387170E-028
   2.14460076402618       1.160327863718158E-020
   2.23116493597668       3.446058042062295E-024
   2.33276883872297       3.673141914270879E-018
   2.41171972623468       8.284105872690073E-027
   2.43530308818965       2.472190428175187E-019
   2.69845595551255       3.580280871039720E-025
   3.17815462000504       4.612304817117819E-024
   2.00159932241730       5.633077747109965E-039
   2.01008353512053       6.353135966554786E-009
   2.06702459821700       2.233922161300461E-037
   2.14102822867083       9.341492088294485E-007
   2.20463108326649       2.055508955085867E-046
   2.24803887889921       7.178872806958988E-044
   2.26093484772655       2.428794960286164E-015
   2.32668289299049       1.273318605776440E-015
   2.56048964764259       7.775869019690344E-012
   2.72418273418122       8.845983945501616E-038
   2.79449850361146       1.098987479578290E-006
   2.94644423899479       7.546487118331609E-034
   2.97347910742032       7.158800602205664E-004
   2.98323258301684       7.733542300167467E-009
   3.26794908417514       2.420079864160414E-011
   3.74550879147721       8.045272838451456E-007
   2.33284564614193       8.468216518360913E-013
   2.34533640597098       4.668314603480489E-042
   2.41282202515189       3.507754567913346E-040
   2.49912568213274       3.102289264633681E-042
   2.53749173811030       7.850604981650537E-010
   2.54278579247573       8.057099930014130E-039
   2.58751820494746       1.901753774082797E-012
   2.63873797568866       2.955379776009900E-010
   2.80656598034825       1.120221844821870E-014
   3.04074379538920       4.703156049355619E-040
   3.12154617915300       3.407069241918893E-010
   3.26351959434147       2.755524406472064E-038
   3.28742873628897       2.676116148675650E-008
   3.32909414921536       8.535836536471070E-007
   3.54714906120477       1.430621537934226E-007
   4.05978203829030       2.127510625034995E-009
   10.8649654069595       1.407972897418698E-023
   10.9233769907002       2.125300782654702E-023
   10.9528571642343       6.219059618005830E-021
   11.0854292013803       1.360868998987416E-021
   11.1036702429049       1.321768393077535E-026
   11.1591362902664       7.742824854563666E-027
   11.1965008060282       3.379899424415136E-029
   11.2562530725617       3.300017250569668E-028
   11.4970845534699       1.954622213414587E-025
   11.6168131370951       1.012947773199099E-023
   11.6977318699838       9.326124256471661E-026
   11.8292635356872       4.578246711119412E-020
   11.8939852008321       1.104383184995499E-024
   11.8990076102627       8.224475207180530E-022
   12.1926171586238       4.163091764788525E-027
   12.6593415452120       1.342320132488980E-023
   10.8904820997643       7.745209726649805E-026
   10.9465725272799       5.195907235636509E-025
   11.0146225478445       2.954697411969185E-023
   11.1283030067380       1.502834408246438E-024
   11.1486305112882       2.791419816434749E-023
   11.1656865759206       1.200667810123936E-022
   11.2232052646113       1.488861914011694E-025
   11.2779292867528       1.660911920712269E-025
   11.4703025575484       2.650624620870910E-026
   11.6412052866970       7.557827374105268E-026
   11.7304565768111       1.574595946490831E-028
   11.8539610821365       2.513454895740381E-022
   11.9094986413346       2.974570447518164E-029
   11.9475649542829       4.540042839233655E-024
   12.1924745291295       4.190246714500084E-026
   12.6863162540306       3.590624999395065E-024
   11.0392646237078       1.056770748936571E-007
   11.0419349777543       1.801195208215836E-039
   11.0979473507210       3.454524066128362E-037
   11.1888079900737       2.595546393557781E-006
   11.2421506538025       3.574981294374696E-045
   11.2771858155683       7.755257066886455E-042
   11.3082114725664       7.012570305482693E-017
   11.3551805475858       3.207566385749813E-015
   11.5907436573425       1.429563820003957E-009
   11.7437295912908       7.061745190322550E-042
   11.8125171263939       3.826125839210958E-009
   11.9735579569970       1.636993657542919E-035
   12.0070609010395       3.233194225987935E-013
   12.0106296253958       1.547236041750215E-005
   12.2964994831446       1.289270674600663E-013
   12.7736815977660       3.480485814315794E-009
   11.0723127465553       7.742514227366530E-008
   11.1331676265990       2.934738235056056E-037
   11.2022727891328       9.731422876051883E-037
   11.3131385292329       3.539499720868555E-042
   11.3427276111189       3.515405533949217E-042
   11.3550963202191       1.136827910431322E-008
   11.4153085291767       3.409753590367215E-019
   11.4698940586436       6.481981985971506E-016
   11.6670483161534       4.909245231460309E-009
   11.8296161742569       6.143377044630661E-039
   11.9207327262467       8.472914815815630E-012
   12.0407518897394       5.490134860439223E-037
   12.1008868315569       5.463850619840713E-018
   12.1376130133695       7.858315788947432E-007
   12.3861094046224       3.812035109414628E-013
   12.8770576323743       8.003672081793193E-010
   11.3105406783442       8.986689589303939E-041
   11.3163615961271       9.039887497777225E-015
   11.3755425866224       7.792751868108187E-039
   11.4698521297423       1.689645679992649E-011
   11.4946833372533       2.493375329716507E-045
   11.5363978019023       1.072590472890378E-042
   11.5751219479416       2.820663873897610E-014
   11.6039291610664       4.352979417622369E-010
   11.8226689586400       1.628641986240512E-014
   12.0055330771563       3.509209047372274E-042
   12.0769454358766       5.672372368732366E-013
   12.2416186140975       4.790345919835434E-039
   12.2608701571875       1.153525898627591E-012
   12.2800037955528       1.864486214879419E-009
   12.5420330498951       2.437681476442784E-009
   13.0325828485717       2.559792253918884E-011
   20.0521902866973       1.803577962006630E-008
   20.0723155050163       1.637725758333386E-040
   20.1328970422738       2.491158482981308E-037
   20.2483689864386       3.026935135250981E-045
   20.2594131130435       1.980834311273180E-007
   20.2872073720456       2.380996746621406E-041
   20.3339970478645       5.402636672758065E-019
   20.3886469561067       5.546694709053406E-017
   20.6001762085564       8.896849639775926E-010
   20.7806632515460       5.489929025912663E-039
   20.8629981815301       3.443572743736844E-009
   20.9968990728018       8.093132197260757E-034
   21.0382709198444       3.402079654436722E-015
   21.0638455303744       3.910480555005994E-004
   21.3184646610735       8.121586000532592E-012
   21.8073325012592       1.264056358590060E-005
   80.1016575387924       1.088151142791493E-008
   80.1153468090911       7.123994750823377E-042
   80.1896393700256       2.564968447179006E-037
   80.3124920020538       4.493181636926668E-047
   80.3241340139684       3.446523461064595E-008
   80.3616054163779       3.301531084631111E-043
   80.4036769898362       2.718118827230942E-020
   80.4667095651800       1.117227216082767E-016
   80.6984421533355       2.580663159199983E-009
   80.8218533358996       5.278049927922842E-039
   80.9102382075316       5.366622754835945E-009
   81.0438414154657       5.943873253045799E-034
   81.1065603863998       2.231753256570037E-011
   81.1089294589538       3.334810905954616E-004
   81.3937342551146       6.043164732481562E-012
   81.8599627568476       1.610304470465257E-005
   178.804640563026       1.066059165606409E-023
   178.825366343831       1.331055086941357E-025
   178.904432871616       2.026775511148325E-021
   179.037778686327       2.209630974228672E-031
   179.051242915609       1.893255162565367E-023
   179.090605775353       4.217053140529718E-029
   179.133990321670       1.038697663433651E-033
   179.202665646109       1.545042271111246E-030
   179.449901685094       6.157892588446078E-026
   179.517127900208       2.037632034055836E-023
   179.609739620624       5.908723793450293E-026
   179.730530339233       1.533987923332393E-018
   179.796999578358       1.077439325025113E-019
   179.822307079133       5.298993924215096E-030
   180.110120851604       5.180248037977279E-026
   180.541166281142       2.048644719761990E-023
   178.909149532705       1.638265816076108E-035
   178.909327422191       3.937269873467609E-009
   178.991109515845       1.988754077290250E-037
   179.118128075953       1.675322233103335E-006
   179.126441798947       4.395711734464140E-046
   179.184241602329       3.770149302290636E-044
   179.212554296975       4.888329140609543E-017
   179.278648877269       1.735885676896153E-014
   179.532767296569       3.836685092901341E-010
   179.603530268155       5.425071800003755E-039
   179.689350262392       6.159532476283399E-010
   179.825411597303       7.687810543400103E-035
   179.871890453199       2.682377108618048E-004
   179.904603949454       5.413323459808243E-015
   180.192111459846       3.178721553230854E-011
   180.621875040537       1.777094751269086E-006
   178.954860732647       2.618612754868441E-012
   178.958687998410       1.536179663732131E-045
   179.044362630752       1.084881005733851E-038
   179.167641926886       4.807214226466576E-045
   179.180174000824       1.167095091361242E-009
   179.221790652016       5.122401042301671E-041
   179.258993420867       1.516855492514205E-017
   179.322913682535       2.093661854614744E-010
   179.562835789580       7.676417296540722E-013
   179.648961892234       9.538347804471248E-039
   179.737801105255       6.049861850774220E-013
   179.870734031826       3.801953023261170E-036
   179.925373454961       1.793839784694908E-007
   179.946764596326       2.037414643873135E-013
   180.229584975638       5.456364133243916E-008
   180.668378898821       3.662118219545398E-009
   285.634018890851       4.217316123843510E-026
   285.641130244680       3.142124216753506E-028
   285.725372962472       3.593677157186805E-022
   285.861956792401       1.267911981366352E-030
   285.863803162923       7.978051519868210E-024
   285.918057091649       5.813876472621020E-028
   285.951653721181       2.832625678524160E-032
   286.022309481390       5.841510359263168E-030
   286.276198801710       1.333180695565626E-025
   286.327407538290       1.278768769117218E-026
   286.414272864752       5.285619643090194E-028
   286.558045118176       1.011258345131854E-021
   286.616787870395       8.890841516985442E-023
   286.634527118930       4.424778445198252E-034
   286.935198911376       3.887207840164841E-028
   287.367761655737       2.492043792106265E-026
   285.638355747374       2.235668899866261E-027
   285.650282903811       1.160749038316744E-032
   285.737030394168       2.131477243732079E-024
   285.861354000670       7.419467464127049E-033
   285.882667266813       1.627271443172634E-024
   285.915311261948       1.155337282275926E-025
   285.956248064357       1.131605031771528E-032
   286.026598707570       2.854500436497445E-028
   286.267294648186       7.516673252541815E-031
   286.331848395911       7.748886264499131E-029
   286.423640636831       1.997053050536890E-031
   286.562307735559       8.338581447260343E-024
   286.627676636430       2.041678235576798E-024
   286.634298603337       4.543560447464635E-029
   286.933055362609       2.394122587977338E-027
   287.373023287639       5.092450683698994E-026
   285.666429778899       1.183128516720893E-042
   285.670975824451       1.944881563998856E-009
   285.752632212363       9.505951759510067E-039
   285.880848018309       1.087017051233258E-007
   285.886542924471       1.163933957174872E-044
   285.943842920172       1.162266608348479E-042
   285.968961512408       2.381602408714252E-020
   286.037917591515       2.357278208324626E-017
   286.290695840489       4.917974587030023E-010
   286.353857762224       7.236708677024475E-042
   286.433754530326       1.367693893282962E-012
   286.587361473231       1.355910060682715E-038
   286.635941854277       3.199394107309040E-007
   286.653008079649       1.006457810447226E-019
   286.952546536747       4.941177869975394E-015
   287.388073643171       3.963384355876035E-010
   285.671393164727       5.666966549857041E-009
   285.685018422075       2.627243346342883E-042
   285.771288557924       6.342689993682863E-038
   285.897013923997       6.304989904151038E-046
   285.918178670228       2.875856362623388E-010
   285.950933407071       3.728669477619240E-044
   285.992830397422       3.708457038661339E-023
   286.063485352420       6.712793927077011E-017
   286.305429984212       8.884460971374670E-010
   286.366780393915       8.324634723776556E-043
   286.459446422391       1.278442875896382E-013
   286.596750249082       1.394999786956429E-039
   286.663427663920       5.018079488565426E-008
   286.671034372116       2.807849603338139E-018
   286.970149313522       8.204107587974765E-015
   287.409012103295       1.105858905631548E-011
   285.720207737818       3.815451841290679E-044
   285.725552879519       1.593365576850863E-017
   285.807711596051       1.339224505887470E-039
   285.936304689393       1.497755999006096E-042
   285.936358340600       1.072037677359788E-014
   285.993290579704       1.775496911035234E-042
   286.019176705604       1.270359270769494E-016
   286.087569799550       1.615195824281624E-011
   286.335124247344       1.180193872899248E-017
   286.406071271168       1.147259829196855E-044
   286.486255487893       1.217006262732137E-016
   286.640166874265       6.434694235927936E-041
   286.688933168048       4.495337215650677E-011
   286.701633925078       1.766767108885370E-016
   287.000196660637       8.308948145695891E-011
   287.439217456585       1.740623656190759E-012
   292.901954815131       1.239104545813278E-009
   292.906448509811       1.816907892145205E-041
   292.991055618483       3.946499710223448E-038
   293.116435145685       4.433460452199927E-052
   293.126834578540       2.949664778253743E-012
   293.172020530083       3.065497266638450E-044
   293.205696560700       1.222960907176612E-022
   293.274827694566       7.386891826704701E-017
   293.517165663830       7.511876716976422E-010
   293.595704720679       2.198572293316992E-040
   293.682183478312       2.299578714369308E-010
   293.825329154115       8.447486612176226E-035
   293.883945110726       4.495506203854172E-005
   293.891503997331       3.991799943650504E-015
   294.187596255004       8.163384566246478E-013
   294.631044879304       2.814934639673827E-006
   594.029598607041       2.814225090968437E-041
   594.030927345385       8.962184515808640E-011
   594.118043312239       5.754056417175544E-040
   594.244077912903       8.121620968564659E-054
   594.251719978753       1.408488388817698E-013
   594.301197508244       2.294059135861021E-045
   594.328818523639       2.211692429422306E-022
   594.399917608815       6.408299993730096E-018
   594.645092589115       7.349886482434781E-011
   594.703013811880       3.718858472415473E-042
   594.784935444683       2.154512079357440E-012
   594.936168183858       4.743810196850093E-036
   594.988431579898       2.273588939752368E-006
   594.998864380153       1.141293155406872E-017
   595.299679212763       3.991430280881229E-014
   595.728801044685       1.522969193816789E-007
