                  1264
  -19.2886996469466       2.267012779428820E-038
  -19.2741815398483       4.703105538064409E-012
  -19.2336905659303       1.968563507304577E-038
  -19.1991868367313       4.904626252555137E-038
  -19.1582076983601       1.147263224275714E-037
  -19.1533867927352       1.200876822828806E-008
  -19.1362299990631       4.190459399386603E-008
  -19.0825597265364       1.028170460771471E-011
  -18.9585747206241       6.204457473112026E-011
  -18.5606052812323       1.577918557455825E-043
  -18.5010425895302       1.656275368555500E-012
  -18.4142031785519       8.302035125922981E-014
  -18.3265655601113       1.449138779274827E-046
  -18.2704141346486       4.445838143701437E-014
  -18.1415921422923       9.392521184615065E-013
  -17.5486048888491       1.505987833425807E-015
  -19.2018122067953       1.920472065045739E-039
  -19.1730467191592       3.392310063659953E-017
  -19.1356797694926       1.779430688836629E-039
  -19.0899919657054       7.544049411550340E-036
  -19.0559613673253       8.007881491718344E-012
  -19.0343515080648       5.676948865458056E-034
  -19.0290222164843       1.737834411276941E-005
  -18.9686427809121       3.371153333475004E-008
  -18.8447452816907       7.760142693923139E-016
  -18.4748811503952       8.407033447308969E-042
  -18.4241760309041       4.190702696974276E-015
  -18.2989118145402       7.688400623250969E-008
  -18.2277469027947       3.625313099180300E-043
  -18.1756427526457       7.874316548182741E-019
  -18.0336345186868       1.832209695370664E-011
  -17.4493887254846       5.427950314916208E-024
  -19.0883062118030       3.553188594061233E-038
  -19.0761609436300       1.762173473523433E-012
  -19.0209007615235       7.346908427798020E-042
  -18.9982743656566       3.185136141665095E-035
  -18.9617631089216       2.337031836273287E-010
  -18.9135970348782       2.814081150694704E-035
  -18.8935167012658       1.476273830707790E-005
  -18.8644135904785       2.356919624478389E-007
  -18.7552721519668       3.118040638998810E-011
  -18.3754280557828       1.353378398593491E-042
  -18.2955841619318       3.092457365704495E-012
  -18.1852449003930       5.196272304335972E-009
  -18.1407658156159       2.627929434851478E-043
  -18.0908003614588       9.571223012869334E-015
  -17.9478108845858       3.936069695450795E-013
  -17.3716825848079       7.704790868593378E-017
  -19.0157659660941       9.189859368823243E-037
  -19.0134638823010       4.810939387486470E-010
  -18.9779256437222       2.887981855974572E-036
  -18.9310512185890       4.808277945639745E-037
  -18.9017171145246       2.063791011125717E-007
  -18.8744305853501       2.734999132150533E-031
  -18.8738634551689       3.300421285791622E-007
  -18.8094582951807       1.581949287797469E-009
  -18.7200414329404       1.211489813482670E-009
  -18.2906906537399       2.521469527001600E-040
  -18.2464666586296       2.663747221329002E-010
  -18.1294964080763       6.671450085454516E-011
  -18.0794157204429       6.681559963473772E-040
  -18.0233450611372       4.915832350602029E-012
  -17.9073996390494       4.218696332819405E-014
  -17.3179350835660       3.113351635406777E-015
  -19.0123091292803       1.240032912752294E-037
  -18.9982754920111       5.773022649278651E-012
  -18.8944543035935       2.285999415609063E-036
  -18.8904599415892       4.223963599069931E-036
  -18.8680254219942       1.412000233318030E-008
  -18.8489758119825       2.376863557582902E-040
  -18.8381999982567       2.292797013824659E-008
  -18.7162851669350       5.962062197154386E-010
  -18.6186815507371       5.179145273211404E-010
  -18.2721520431146       8.874049012433315E-040
  -18.1710000525085       1.171453952093572E-011
  -18.0987444119524       5.026808633196950E-010
  -18.0445408785279       1.207029216041678E-041
  -17.9915661502092       3.535481010901763E-012
  -17.8157755629306       2.167387294432670E-014
  -17.2414254337313       1.376005384505939E-014
  -19.0044890721120       4.812459086952950E-023
  -18.9804515356834       1.961069110755675E-028
  -18.9005848491583       3.868611680470646E-024
  -18.8610423077201       7.813466482387445E-025
  -18.8472304242611       1.521595251597606E-019
  -18.8329235328249       2.179559283301517E-019
  -18.7742059422273       3.686277494810843E-024
  -18.7335923352552       1.133161663930864E-022
  -18.6217821117609       2.129029222181888E-029
  -18.2223264733635       1.797809870712732E-024
  -18.2036509116054       5.004120983678514E-024
  -18.1069628295578       4.401757865861781E-024
  -18.0180275082960       6.116734341428697E-026
  -17.9992593287929       3.886491308826307E-027
  -17.8298238212159       2.402856994063264E-028
  -17.2660834644472       3.085816871762498E-031
  -18.8516832305541       1.967479017635975E-014
  -18.8450950675230       3.026141964783573E-037
  -18.8084612804117       2.380417608741614E-040
  -18.7516158590780       1.377343881549539E-037
  -18.7267015911956       2.555961733327000E-036
  -18.7258277655507       1.746039899954553E-011
  -18.6862908430415       4.980267259860791E-011
  -18.6457707543528       1.410246133508613E-010
  -18.5176672877100       1.190397183263847E-011
  -18.1225080669068       1.167150102289264E-042
  -18.0597552146741       1.141674642890140E-011
  -17.9700232681855       7.358790463360292E-012
  -17.9062975077489       1.689287779388390E-042
  -17.8450286590633       1.109798454914062E-012
  -17.7129666198991       2.766047971942507E-012
  -17.1323212211089       5.254364824386376E-015
  -18.8646535999661       2.975994771943568E-038
  -18.8432366710311       1.705051660643178E-015
  -18.8038837624397       6.207589926412147E-039
  -18.7423151204659       1.005831153083569E-035
  -18.7210199990703       9.581573547555227E-012
  -18.6799796551971       1.668092189416786E-005
  -18.6448517655381       1.532239578773622E-035
  -18.5876737891764       1.333082977348245E-005
  -18.4756238540671       5.563193081390411E-015
  -18.1258788555630       7.770319355041806E-041
  -18.0780212196874       6.391867933931324E-015
  -17.9062682564025       1.119581000307811E-007
  -17.8984194075812       4.771178572559766E-037
  -17.8541882617426       1.717056770267247E-016
  -17.6755521502579       4.560570562627763E-011
  -17.1129152965525       2.100542355567060E-019
  -18.7848319421395       1.214910283906291E-013
  -18.7671934720315       3.680096894520721E-038
  -18.7375143668580       1.467841711798979E-038
  -18.6889600362303       5.930528853275659E-038
  -18.6592749002813       3.456531694842818E-036
  -18.6538814534878       9.250536136639081E-009
  -18.6233653479189       2.602730622205987E-008
  -18.5745540639273       4.921377191719921E-009
  -18.4533177321514       7.831068833228980E-012
  -18.0693394115761       4.607951608467097E-042
  -18.0044311561946       7.583609568192257E-013
  -17.9279428688786       2.328346825338115E-012
  -17.8429790760628       2.268196276645153E-042
  -17.7810016722040       8.563113251269264E-016
  -17.6488060472638       1.069684304461580E-014
  -17.0679813234761       3.166479677502347E-016
  -18.7481438391911       4.561722855459277E-030
  -18.7427386850679       3.956133451977056E-027
  -18.6965500284061       1.080670487187865E-026
  -18.6435174768619       1.526201977023714E-020
  -18.6286510814872       2.036134317819767E-020
  -18.6238698598921       3.730268278062751E-023
  -18.6102480584468       1.663984610064370E-021
  -18.5466887819255       1.097267146938443E-020
  -18.4496960405998       1.186776777225322E-025
  -18.0331159154109       1.613891360403648E-030
  -18.0010850110913       5.089006038063872E-031
  -17.8961401613160       2.769439149406380E-024
  -17.8110767432929       1.123661356745596E-033
  -17.7498464768890       3.020549551749426E-032
  -17.6404095679925       6.059415558771521E-028
  -17.0532952863441       1.406632495547037E-034
  -18.6508943932937       7.461816325700150E-026
  -18.6303800978921       5.363739327938244E-027
  -18.6094774174375       5.557973229912075E-024
  -18.5577022829945       6.293996325471431E-024
  -18.5262770111647       2.705815383897038E-023
  -18.5262295807846       2.710404081702754E-022
  -18.4987636630379       3.231577220516900E-022
  -18.4518547810427       2.022666525840918E-022
  -18.3306360011245       5.828459211900488E-027
  -17.9346940595551       5.450035778426414E-028
  -17.8832113640694       2.956401362396008E-026
  -17.8049114342487       1.074611964136470E-026
  -17.7122968110680       3.482384327385156E-030
  -17.6535071755536       3.444550486142772E-029
  -17.5251565453612       3.026439132324600E-029
  -16.9428153339007       5.178280184017235E-033
  -18.3774945599854       2.494481143694936E-043
  -18.3402042860079       1.070011442085043E-018
  -18.3135577270376       3.474919386835295E-042
  -18.2903450657286       3.644208724338216E-037
  -18.2477766953344       6.901863677918703E-012
  -18.2415102208758       5.790625483240587E-034
  -18.2370159041262       2.500848781873153E-006
  -18.1830941928322       6.832986314084031E-009
  -18.0700549629146       5.009688242736619E-016
  -17.6658133484338       2.042591416575926E-046
  -17.6208125353548       2.593706086815509E-015
  -17.5309532491263       5.360900111000229E-009
  -17.4102215484667       5.848221071007661E-046
  -17.3659460602902       2.379418265406131E-020
  -17.2503748871250       1.609596998196399E-012
  -16.6526290968265       1.159768060557653E-022
  -18.2735888853846       6.529200250663449E-010
  -18.2614417926587       1.588115853367286E-040
  -18.2342613465650       2.841187106934823E-037
  -18.1727506349684       4.491014112065609E-038
  -18.1568424977038       5.641506618660356E-039
  -18.1532513525349       5.867251101788589E-008
  -18.1176377755098       3.022060876160111E-007
  -18.0807048799596       2.312052804627519E-009
  -17.9574925292929       3.244506245635067E-010
  -17.5561096148105       1.363850353368616E-039
  -17.5055540970351       1.021590105843186E-008
  -17.4179316356193       1.142663227748425E-010
  -17.3393007011136       6.066016029442855E-041
  -17.2815778728938       5.953979774056277E-015
  -17.1542794871895       1.416553183319026E-012
  -16.5734851632534       4.325592654425784E-015
  -18.2379916256176       5.195157535684214E-039
  -18.2292373693948       1.986131509266451E-012
  -18.1841884252033       2.556707616156270E-039
  -18.1529878019343       3.911056360494921E-035
  -18.1144494381211       1.043324278578599E-010
  -18.0865654502775       4.184956185836532E-037
  -18.0596554447785       4.571347146472045E-005
  -18.0328437009999       6.358677605103122E-006
  -17.9212552395326       4.058591464301870E-012
  -17.5303938668207       9.009877124745590E-041
  -17.4595864960044       2.391945580082774E-011
  -17.3556135410216       1.472038957243576E-007
  -17.2974008950426       3.026889970813211E-041
  -17.2442519274193       2.199253841040982E-017
  -17.1152509388171       2.430692247052427E-013
  -16.5352758705196       6.279557310159580E-017
  -18.0015278154675       3.033754575283041E-024
  -17.9588946449965       2.356809807659247E-022
  -17.9395218595968       4.992064022290010E-023
  -17.8873888757307       5.255312502006434E-023
  -17.8664011114086       5.547197232341080E-022
  -17.8217104571740       3.332672434475657E-023
  -17.8122859208731       2.843282932443320E-022
  -17.7537536288193       6.624116235206292E-022
  -17.6144733703274       7.994851817837699E-026
  -17.2424661266513       5.542108494319466E-030
  -17.1963848796134       2.628545939904480E-029
  -17.1061342073051       1.037811115248343E-026
  -17.0551300882257       1.331673820479382E-026
  -17.0039933450679       5.498671886138091E-028
  -16.8279963202718       5.403431393585525E-033
  -16.2706242463319       7.713764300783367E-030
  -17.8195197051349       8.588444450544524E-038
  -17.8041113735758       3.456185620310562E-010
  -17.7698609602234       1.145976656844819E-037
  -17.7437959342282       1.152590093764841E-035
  -17.6985657305592       9.560732077663274E-007
  -17.6886793445639       1.565429066348403E-035
  -17.6723867966383       1.392483783576879E-006
  -17.6264357635231       1.155606694574204E-007
  -17.5317466028276       1.054309151195280E-010
  -17.1133977993369       7.869169773207922E-041
  -17.0570462066188       3.178090821023349E-010
  -16.9637894830958       1.094123158113443E-010
  -16.8776773623007       1.019900675068795E-040
  -16.8220920556421       1.181459521376932E-012
  -16.7190098999625       5.912965821357202E-012
  -16.1264981424338       1.657299552726921E-014
  -17.9804276776436       3.637967915338219E-029
  -17.9725342375984       5.594066750347415E-030
  -17.9049181587424       2.879119214378850E-023
  -17.8403662915483       7.690762010796485E-020
  -17.8364101567641       3.183383786991710E-022
  -17.8036097227989       2.064642168469713E-018
  -17.7955624109756       3.373428615742034E-018
  -17.7483198491673       5.191116758767076E-020
  -17.6081521144155       2.148195788741267E-025
  -17.2189492683557       8.670691716572500E-029
  -17.1984566040636       1.969366576593520E-026
  -17.0609389842038       8.788874828799626E-024
  -17.0328134628063       3.097473587574030E-027
  -16.9825681698528       4.582470733383988E-028
  -16.8113760673659       1.176709543899145E-024
  -16.2424492966188       1.115137190855981E-029
  -17.7978258877298       1.261358677455538E-038
  -17.7794452882350       1.621295254665664E-012
  -17.7417592703226       1.316018365504548E-040
  -17.7044706319540       7.345271625553494E-035
  -17.6663926527624       3.497193177621434E-011
  -17.6580318880605       2.850148530688429E-034
  -17.6337862152415       1.258976702525967E-007
  -17.5940377847527       3.430605945862419E-006
  -17.4740278603369       3.757173081158988E-011
  -17.0872691539700       6.442897124847343E-041
  -17.0286166882184       2.343486096854928E-012
  -16.9289348215065       4.083868064478227E-009
  -16.8449592006871       3.756336592941690E-042
  -16.7922735906113       4.757779379117423E-014
  -16.6649116701758       8.839955654971778E-011
  -16.0790514256035       3.315582689259443E-017
  -17.8102507631182       1.228792142019272E-036
  -17.7977005694179       5.345364941470532E-011
  -17.7420837001061       4.718108014204171E-037
  -17.7079650412651       2.413372482316886E-009
  -17.6710561518964       1.121489819180802E-038
  -17.6505568930388       4.868688886057292E-035
  -17.6393086741074       1.893967154888823E-008
  -17.5695430749597       1.219784988482061E-008
  -17.4260629592384       2.110425995164044E-010
  -17.0663888986482       1.085002463836637E-042
  -17.0064306189278       5.334835224151118E-014
  -16.8978739189461       3.042500771329652E-014
  -16.8576138452603       1.356458298492710E-043
  -16.8344685988817       6.648426438782087E-016
  -16.6357441970290       1.307416703366052E-015
  -16.0740290414519       9.594131542770521E-016
  -17.7723089217869       2.350864115004706E-012
  -17.7350675350297       1.711106218344659E-037
  -17.7175079077424       3.831835779887040E-039
  -17.6335700338617       7.261122976666970E-037
  -17.6259678839997       7.594966420041648E-013
  -17.6120308575440       1.190974613080334E-037
  -17.5668608107322       4.728443652842007E-009
  -17.5448495949642       7.673947241981511E-010
  -17.3968360294014       7.998966382648919E-011
  -17.0199430492373       1.153823911378530E-039
  -16.9698233613905       1.666265904411485E-010
  -16.8592208952234       1.227364346933107E-011
  -16.8308786924369       1.312041214208627E-040
  -16.7752522258802       3.351309082801746E-014
  -16.6070883647419       3.168084236485348E-015
  -16.0443780051305       1.197075917059236E-016
  -17.4836485329454       4.024485022545010E-013
  -17.4708079192323       5.289336034989445E-037
  -17.4300645576196       6.112640829424350E-039
  -17.3528082672753       1.351359216734334E-009
  -17.3464268730989       9.364610828653878E-037
  -17.3221181791421       2.584043265741581E-036
  -17.2916146874192       4.845861764626029E-008
  -17.2399034409637       1.015403746472400E-008
  -17.0814746078131       2.888422421434679E-013
  -16.7230553351107       3.265858422724316E-040
  -16.6544560596417       4.200998672168814E-011
  -16.5422532113015       2.408898795170391E-012
  -16.5189544485824       1.512950049726416E-039
  -16.4827970665166       4.022040299966705E-012
  -16.2774534394399       1.635783037389350E-011
  -15.7031809604456       3.194583222857890E-014
  -17.4695273402588       6.777336820495174E-041
  -17.4497906144933       3.048161258784359E-016
  -17.4152266585781       5.338642226755668E-043
  -17.3487101822081       1.811725838401345E-037
  -17.3449278497899       8.118232433298576E-012
  -17.2846414271281       1.145170762907805E-034
  -17.2804477958681       8.726931680088389E-008
  -17.2450788353237       3.864466433048943E-005
  -17.1001349865772       3.708655787866395E-013
  -16.7394314737523       3.146765724781559E-042
  -16.6892211496590       6.537867363212468E-014
  -16.5450418029662       3.085606749209678E-007
  -16.5143873982467       1.572993908097820E-040
  -16.4867293186828       1.544236235859030E-017
  -16.3019289090189       6.164427228484318E-011
  -15.7341826034639       3.300511693385461E-018
  -17.2847258380927       7.280597004210468E-028
  -17.2736848308306       1.785128914550667E-022
  -17.1563375175067       1.704165196238681E-023
  -17.1244574455780       9.109787047552144E-022
  -17.1026584664641       1.626710527352196E-024
  -17.0555844496581       6.345968272497095E-021
  -17.0049269680493       1.179819105492518E-024
  -16.9963578900927       1.662377048606567E-022
  -16.8379853779568       1.805740529790367E-031
  -16.4904357087427       1.553545639663648E-024
  -16.4756345799931       1.022392932263070E-025
  -16.3452011782538       1.085304888470113E-025
  -16.3132306188793       1.610209649065270E-023
  -16.2656176302968       3.663046725650606E-027
  -16.0738439144271       8.101141426514305E-027
  -15.5390840186714       1.985434270985366E-035
  -16.6693998651115       7.909590043392210E-010
  -16.6663026109409       4.133054766789332E-036
  -16.6073668473498       2.636999337321011E-038
  -16.5568490671163       8.111493723914723E-036
  -16.5553228494770       7.922208371098109E-009
  -16.5278578925803       1.833996897239324E-036
  -16.4984199685656       3.129868798873304E-008
  -16.4316207663485       6.136166145235981E-007
  -16.3067007150165       7.715757815927504E-011
  -15.9595378559057       2.225630335197710E-038
  -15.8817041879090       3.755327413227246E-008
  -15.7988312238117       1.890479614386322E-011
  -15.7447944346951       1.419292131646045E-041
  -15.6908143591132       6.826154656132212E-012
  -15.5341224936834       2.699885561699243E-011
  -14.9874044574474       2.031203280491203E-013
  -16.5187426623644       6.815798496529136E-039
  -16.5132948617736       1.283924019218296E-011
  -16.4722759840350       1.343494442768662E-038
  -16.4331885406522       3.431384645922175E-035
  -16.3942003864829       1.255515294102037E-008
  -16.3708477691573       2.058769988573839E-037
  -16.3547398686932       4.967401370249423E-005
  -16.3111359567033       2.632468659429813E-006
  -16.2066836048518       1.129999765147396E-011
  -15.8169515858340       2.822302729921579E-040
  -15.7561729744131       2.395974292255466E-010
  -15.6450408487447       7.781039249906580E-008
  -15.5905102341611       8.870810085093304E-041
  -15.5370378920970       1.722409927344536E-015
  -15.4074443806210       1.923091069215093E-011
  -14.8344439249304       9.467470607840157E-016
  -16.3539167185008       1.909742503852747E-027
  -16.3380437515145       1.337903376407302E-025
  -16.3079864430803       3.878123512580938E-023
  -16.2916403667310       9.578118590884726E-024
  -16.2607425463900       8.473194444264481E-024
  -16.2402080418117       3.169775643486971E-020
  -16.2388286257317       4.002810131912155E-020
  -16.1906466407100       1.583018137968649E-022
  -16.1034372837069       1.817948380305901E-027
  -15.6636077865508       9.177985683812143E-028
  -15.6176023799245       1.618985630799664E-028
  -15.5536982249288       7.837988592018486E-025
  -15.4231127405591       2.328794622862682E-029
  -15.3682808292259       4.433043445007494E-030
  -15.2863471564089       3.527941135234891E-027
  -14.6846382023742       6.922569321084691E-032
  -16.3025728957609       8.362958593401403E-039
  -16.2838766363204       1.544926995854561E-012
  -16.2549237844315       6.497887431210365E-038
  -16.2402744660086       2.149959047204393E-037
  -16.2059135700781       6.976246993172161E-037
  -16.1881825509508       1.583580609011717E-007
  -16.1856377819488       2.548040924042805E-007
  -16.1353958832768       1.966890704840841E-010
  -16.0462402917739       4.388921509408990E-012
  -15.6112450126197       1.514174481371648E-042
  -15.5629672615089       1.390478291181224E-012
  -15.5001864224743       7.006071813866267E-010
  -15.3672795681112       4.850361636424537E-043
  -15.3120462415687       5.039270580325523E-015
  -15.2307747850243       4.248183937665938E-013
  -14.6291567301611       2.170023613117850E-016
  -16.2526300598472       2.648800446724571E-029
  -16.2426790321059       1.295651179612053E-028
  -16.2184884816818       3.725098389445935E-026
  -16.1817300135810       6.382716049638967E-022
  -16.1554373326802       3.014166138988799E-021
  -16.1545708918498       3.704747059032741E-024
  -16.1303512366288       2.743028777183304E-021
  -16.0861196311898       7.738472499818275E-021
  -15.9955948018382       4.538116173492220E-027
  -15.5639737069017       3.461181664865944E-030
  -15.5206034993798       1.233667560031192E-029
  -15.4453916625855       1.533037979191595E-026
  -15.3316135954841       1.358994285734245E-030
  -15.2767420639358       1.310553172266592E-031
  -15.1945890373060       4.848081075158276E-029
  -14.6031356292545       6.972988491643336E-033
  -16.1605490932293       1.027685880279390E-041
  -16.1295391066110       3.053499955667869E-015
  -16.1092399031315       4.503565959783679E-043
  -16.0942967450690       2.878606979974514E-039
  -16.0547822300566       1.082563924750639E-034
  -16.0511359460003       2.354552282786216E-011
  -16.0459323014146       1.895126789635177E-008
  -15.9931197176488       2.604367350084459E-007
  -15.9016136049738       3.044250580002527E-014
  -15.4656656853180       6.330371227388176E-043
  -15.4246555745580       1.078362622135982E-014
  -15.3572732438966       3.363675857174455E-008
  -15.2158151295077       1.249656370648743E-044
  -15.1687543250435       4.100569980332556E-018
  -15.0863199317157       1.741474308786342E-011
  -14.4834229450916       3.586724806689656E-021
  -15.9124529792318       3.104042079535951E-039
  -15.8759030250525       9.077715540144401E-014
  -15.8548273320262       1.149537108375520E-036
  -15.8506413914813       1.531843696822639E-037
  -15.8014016472921       2.829522876681762E-009
  -15.8004752127568       2.131668242334978E-034
  -15.7970783542224       6.655346896581253E-010
  -15.7469374560215       3.291577419818946E-009
  -15.6649196455539       1.962074815858410E-012
  -15.2108222118153       3.005382344183646E-042
  -15.1723627329435       3.816440312569017E-011
  -15.1000933828208       3.255148519812178E-013
  -14.9640666386504       9.192989655492880E-043
  -14.9214123182983       2.218697865299631E-014
  -14.8389307961584       2.238526324138002E-016
  -14.2296251639865       1.274588947954787E-016
  -15.9515937833496       3.085971262161416E-040
  -15.9179829625597       6.242332265071393E-014
  -15.9015232660099       3.026739325118337E-037
  -15.8931713963719       4.510548806887841E-040
  -15.8433942522051       6.649970172055251E-011
  -15.8312677841334       3.000455175883375E-034
  -15.8278197404991       1.070638489915560E-007
  -15.7861583861597       2.985882069751417E-006
  -15.7126214889961       2.182548380423195E-012
  -15.2626269580909       1.110156157713869E-043
  -15.2090519249485       9.648657324732667E-015
  -15.1400969366143       1.726027971170042E-008
  -15.0187360214843       1.291602308489142E-043
  -14.9751945207411       3.847858434659643E-016
  -14.9004330832209       4.626109837784207E-012
  -14.3017865980806       6.283220450154437E-018
  -15.8909690093445       2.232335841080670E-023
  -15.8898448416834       5.262458263521386E-026
  -15.8598636221578       1.765198007707882E-022
  -15.8167138853458       3.474750554387549E-023
  -15.7978778280460       4.721191678984949E-025
  -15.7893482434488       6.713361071910844E-021
  -15.7627208959966       6.097586330415126E-021
  -15.7233290050983       2.146433190130040E-024
  -15.6197891947574       1.097955717862775E-024
  -15.2005716102457       1.522295986757048E-025
  -15.1511144421180       2.466051078010056E-024
  -15.0801389681093       2.911992751306071E-025
  -14.9726176213834       3.603781173115131E-028
  -14.9151528085131       5.564016307162542E-029
  -14.8178137928840       1.170496089488398E-027
  -14.2315298619360       7.615225871614178E-035
  -15.8577782519168       7.007006577348563E-027
  -15.8422437247677       3.603892588216289E-027
  -15.8059026604186       1.157491548169946E-022
  -15.7939597986247       2.727050439808805E-022
  -15.7589040877274       2.414510829858015E-021
  -15.7434924431054       3.046534898979129E-022
  -15.7261005724519       5.347010366144043E-022
  -15.6807788340685       5.175661703236468E-021
  -15.6058626392547       1.219814238124619E-024
  -15.1651682514554       4.560565648777227E-028
  -15.1166383557450       1.341685882561595E-027
  -15.0479794144353       9.380098576910077E-028
  -14.9256733301231       5.664367681486125E-030
  -14.8626556685070       6.809310473688253E-030
  -14.7871115565433       1.488623795425320E-028
  -14.1836397784152       2.047431013704128E-031
  -15.7057656695506       2.500062172882287E-039
  -15.6787064030809       1.519726769703214E-011
  -15.6579181618242       3.700553007328342E-037
  -15.6309268025546       8.915646322699644E-039
  -15.5982370764701       5.192237803464825E-009
  -15.5960900455694       6.641209581869859E-035
  -15.5848976667446       3.769122744219037E-009
  -15.5360014434740       2.222187060344061E-010
  -15.4350798523334       1.913554976849801E-011
  -15.0065068797994       8.683603307128526E-041
  -14.9671739948107       5.583699956352381E-011
  -14.8916328948401       1.246927819822945E-010
  -14.7628819947459       8.695826744083604E-043
  -14.7176961312800       3.946952407329383E-014
  -14.6226104433075       1.540301823924350E-015
  -14.0259595970888       1.428496877662069E-016
  -15.5589747658081       5.983636595133984E-026
  -15.5454739434604       1.877720947813521E-027
  -15.5110964564631       1.834872424015289E-024
  -15.4795829165584       6.591021906537193E-024
  -15.4578073294641       6.113669584308558E-022
  -15.4422627770716       3.373128820192364E-021
  -15.4333707972593       2.110794812048508E-023
  -15.3792921752938       6.002405131149298E-021
  -15.2867517204084       5.611373737620555E-025
  -14.8580269860318       5.564693034443087E-030
  -14.8181823606022       1.054286040095647E-025
  -14.7407422853566       4.825766705298029E-026
  -14.6255020081046       5.521512415773432E-029
  -14.5658564203046       2.691199433008053E-028
  -14.4763729579955       8.355962534185508E-028
  -13.8813754812257       7.646917301053967E-032
  -15.5131171815269       3.145708863723581E-040
  -15.4835537875595       1.154808141971565E-013
  -15.4565746052114       2.953552001541796E-037
  -15.4443601544064       1.840226782549934E-037
  -15.3998985829180       1.264771634688396E-034
  -15.3924409810645       1.518113245663218E-008
  -15.3905712263694       2.774700024311707E-007
  -15.3394175637012       2.364730441948462E-006
  -15.2486499545681       1.094677520598665E-012
  -14.8150447415378       2.259272355448848E-041
  -14.7712737150229       1.692719441027319E-015
  -14.6958250827348       1.078382324627312E-007
  -14.5695888624314       6.977903505194070E-044
  -14.5218535057465       1.394845084243432E-017
  -14.4300850651580       4.166462355164070E-012
  -13.8299977236581       8.266775220177006E-021
  -15.5741233646988       2.166269658696337E-024
  -15.5527181398886       7.004092447180323E-024
  -15.5295169685721       4.020809546051827E-024
  -15.4831320301237       1.370269525451236E-023
  -15.4530190537815       4.473582490349740E-025
  -15.4455220900057       3.857615035200196E-021
  -15.4219096235588       6.882182956691891E-023
  -15.3753780728036       4.538684326285231E-023
  -15.2613720309215       4.941940518796103E-025
  -14.8601185617639       7.068315418039672E-026
  -14.8085958346020       5.425903375109524E-025
  -14.7347652005682       2.948475524756172E-023
  -14.6478958387263       1.355195041880403E-026
  -14.5828191887958       1.583823192279614E-028
  -14.4661777349191       2.406728950552885E-027
  -13.8920224183423       7.346437516849546E-030
  -15.5809505605010       1.183317296756501E-036
  -15.5802382004394       2.326784867554188E-011
  -15.5268970029772       2.125643985406737E-036
  -15.4762277210827       5.943270901990223E-009
  -15.4536375759411       1.254719404663979E-037
  -15.4361525911271       1.057568813120175E-036
  -15.4015844995187       5.138247912338049E-008
  -15.3559528069299       1.285838272848480E-008
  -15.2142948737330       2.057168709288117E-010
  -14.8641115151705       2.250244057822221E-041
  -14.7958891926718       1.511498248372002E-011
  -14.6919791748707       3.441576295506058E-012
  -14.6590630024291       6.888121442744928E-044
  -14.6204155673145       3.365495263821316E-013
  -14.4440568046844       1.442147079351458E-015
  -13.9014803418800       7.793841970354335E-019
  -15.3565351117778       1.869344807640115E-025
  -15.3282931632402       7.442701144026545E-023
  -15.2878185232319       5.946407356642110E-025
  -15.2222161069684       2.250271820174204E-020
  -15.2054027990773       3.871307498743302E-021
  -15.1960532099003       6.912179131988695E-021
  -15.1543048551774       4.938367011247424E-020
  -15.1253634899991       2.807651608008978E-021
  -14.9945002215839       3.332852807155140E-022
  -14.6108712614289       1.482492320467668E-027
  -14.5671001693449       4.969396478294571E-025
  -14.4587257756389       1.477183303543311E-028
  -14.4226963953284       2.932456985812846E-027
  -14.3560992963286       1.319425364523338E-028
  -14.2103196879455       1.269948786492068E-025
  -13.6456066417097       8.246511068416038E-027
  -15.2866785080141       4.115345494084059E-022
  -15.2504827271757       3.478338117417147E-021
  -15.2332745670170       4.438889598045081E-022
  -15.1712611540088       1.475703221562163E-022
  -15.1478760719917       9.684982434758334E-020
  -15.1344946142358       4.928248866829923E-022
  -15.1005440983164       6.356556954701687E-020
  -15.0599741757708       9.402301114323171E-021
  -14.9333752810457       5.783680649993224E-021
  -14.5570301798721       5.713154801992262E-027
  -14.5040637540000       3.245728417159475E-022
  -14.4168857269669       1.858045541210886E-025
  -14.3585856378467       4.284656602057023E-026
  -14.2894410568552       4.584504693560815E-025
  -14.1554385808976       3.269314686967306E-025
  -13.5973727080016       4.461681648962216E-026
  -15.1003694006443       6.097231882948785E-037
  -15.0687785860331       6.450140748272611E-012
  -15.0449714309975       9.926380062666172E-035
  -15.0363389398079       3.545321310189294E-036
  -14.9876276757795       3.800327759533787E-034
  -14.9875028043718       6.259077844348894E-009
  -14.9750077122378       2.279714846758382E-006
  -14.9314536795428       2.690369393222431E-006
  -14.8403390366732       7.725680279466645E-011
  -14.4067218576608       1.830006148475243E-041
  -14.3574557788969       1.053074943185489E-011
  -14.2886115131476       4.640509980482689E-010
  -14.1587414333160       3.101023795925828E-041
  -14.1120638911478       1.371802141827426E-014
  -14.0274216038304       1.622208802199376E-010
  -13.4285146177257       2.539415215633510E-016
  -15.1826410489259       4.924557745872459E-010
  -15.1744359187307       1.697076258511973E-034
  -15.1405914985881       2.884665339257141E-035
  -15.0875734222095       1.830793256577167E-034
  -15.0806290496362       3.376916414200139E-034
  -15.0621941524429       1.693003490153072E-007
  -15.0401529889714       4.680087154846396E-007
  -14.9981021575028       2.002595104213092E-009
  -14.8975662097563       2.069657758444753E-008
  -14.4768564233426       5.043756738671934E-041
  -14.4326234804698       3.023966015907160E-009
  -14.3478342966443       9.441995801814090E-011
  -14.2636092458469       3.484653611887857E-039
  -14.2004161030366       1.333070736516915E-013
  -14.0977759573159       6.309915169975790E-012
  -13.5157961743840       2.753128412836946E-016
  -14.9744422324258       5.053543240132186E-012
  -14.9721315780927       6.436691961650845E-037
  -14.9220153331628       2.958111177260022E-038
  -14.8785636881193       1.541273544542630E-039
  -14.8705230417899       7.514596232029252E-036
  -14.8395133994106       3.357435275440571E-008
  -14.8353433987859       6.861632825762395E-008
  -14.7782421770109       5.263259091221138E-009
  -14.6803734144624       1.959206756779085E-010
  -14.2690134994763       1.295014209486734E-044
  -14.2258308363399       2.980861818075538E-012
  -14.1384476655296       1.320033629955184E-011
  -14.0508446752491       6.827700069903036E-043
  -13.9806138725779       1.944060069502081E-014
  -13.8795329357113       4.054799726784172E-016
  -13.2982463029725       5.749995532198820E-021
  -14.9135381903067       2.527357257052831E-040
  -14.8935118852853       1.073954808524173E-014
  -14.8602615636459       4.823199000972542E-040
  -14.8245646833889       5.222168823915930E-036
  -14.7972660048789       9.943750786076709E-012
  -14.7810902791296       4.572293174125897E-035
  -14.7552910739917       4.675945624160013E-009
  -14.7312670579617       9.860568863571113E-007
  -14.6075295107421       2.614089759758395E-012
  -14.2092538563373       2.185538335749094E-046
  -14.1538154303954       2.923644443001123E-014
  -14.0615915962930       3.400184842243206E-009
  -13.9756026604017       2.446362735015147E-044
  -13.9359205558014       5.755272531813987E-017
  -13.8045146393063       6.545503305937597E-012
  -13.2253305814452       5.481559447493639E-018
  -14.7825118415212       1.008837498327215E-044
  -14.7524437266960       1.032550676400644E-015
  -14.7316422216115       1.357578817507011E-038
  -14.7203357505681       1.849270796115280E-036
  -14.6773127377114       7.718508165080543E-013
  -14.6769454428115       9.477400610898652E-035
  -14.6630598461875       1.416689046377628E-006
  -14.6177023807411       8.415519162394161E-007
  -14.5285872243929       1.758184536288196E-014
  -14.0918145074527       5.099031593273252E-043
  -14.0447215275718       6.289152421239624E-014
  -13.9806935022466       7.586473661497328E-008
  -13.8442303266729       1.280395164950224E-042
  -13.7972656135194       2.949795221051938E-017
  -13.7193770934569       3.365902030140568E-010
  -13.1195969800524       1.552405645202245E-018
  -14.6601577267238       1.662857326373791E-039
  -14.6378423081148       3.460875788828848E-012
  -14.6125360337174       8.626259113134316E-037
  -14.5785204537329       4.532691119652536E-037
  -14.5548111158836       6.324298303236143E-010
  -14.5428403805120       1.174770749120053E-038
  -14.5227556507008       6.556962436578976E-010
  -14.4897488297793       1.675781597525992E-010
  -14.3749276908207       3.558875139651365E-011
  -13.9629423256978       2.979453932464650E-042
  -13.9157951937348       4.711494637455123E-011
  -13.8349822134422       2.988699034121731E-013
  -13.7279505190620       5.721113707856791E-042
  -13.6884705139386       5.727361681349023E-014
  -13.5730077451703       4.170850950803223E-020
  -12.9916258095279       2.771880355063745E-015
  -14.7092269238562       1.335082143782535E-011
  -14.7016005652834       3.310752050317068E-036
  -14.6652903102564       2.562257524767648E-038
  -14.5815282874462       7.103218788150589E-009
  -14.5734494988133       8.172892249101962E-037
  -14.5484186600555       4.382192485282520E-037
  -14.5212651065851       3.980506184089540E-009
  -14.4796671297895       7.501561892490831E-011
  -14.3092820384034       1.039855218509131E-010
  -13.9600428637850       4.281356504118493E-040
  -13.9049156140277       2.410078166494945E-013
  -13.7806802048575       8.713385844724138E-012
  -13.7561210824104       2.338743344693958E-039
  -13.7237517935902       2.591586632552374E-012
  -13.5149976717199       3.956064806055097E-012
  -12.9502254454102       1.972733076669549E-015
  -13.7724595962753       3.568557411631674E-039
  -13.7508535436701       6.718637217259117E-012
  -13.7250196607603       4.379997788761298E-038
  -13.6945568171297       8.610632532041266E-036
  -13.6687915131764       4.869917483626374E-007
  -13.6552819602734       1.358257076623867E-036
  -13.6267405623282       2.843205663245977E-006
  -13.6007345137321       9.796020579700639E-013
  -13.4952338133417       2.089222088765071E-009
  -13.0837551932554       8.512697789230695E-038
  -13.0277764815358       6.310154913906016E-008
  -12.9541420289806       5.918619948965458E-010
  -12.8484010462858       7.075283445240615E-040
  -12.8021237718634       4.197236562420204E-011
  -12.7022773622226       1.670832251933413E-011
  -12.1227138037641       1.187616916894087E-013
  -13.7198791258627       3.268348340272141E-041
  -13.7011617878644       9.204378304417638E-013
  -13.6737301690024       4.166612644697347E-038
  -13.6226825017469       4.009843779665652E-036
  -13.6084263450211       5.371589412031081E-008
  -13.5820467612970       1.536532566702173E-036
  -13.5612883281807       5.808191086972085E-006
  -13.5324031888652       2.388634541193482E-006
  -13.4098634722195       3.619941568162290E-009
  -13.0171103051780       2.191532243020117E-039
  -12.9711022995890       8.661941043016083E-009
  -12.8664772095040       7.107955415859666E-009
  -12.7887340027251       5.344590301938558E-041
  -12.7492773176318       1.949223824554412E-011
  -12.6148502342264       5.986736349552863E-011
  -12.0403248102598       1.218375441849973E-014
  -13.1853977833329       1.956921839471102E-032
  -13.1357879467696       1.129656331048006E-022
  -13.0261168780050       9.779326416089719E-023
  -12.9989369136393       3.284497024168648E-027
  -12.9385033544723       8.287532989014749E-026
  -12.8795869787806       3.619278783950147E-020
  -12.8785828989621       2.451010138054144E-020
  -12.8261656330224       1.947218508305136E-024
  -12.6384184185805       8.220748368320128E-032
  -12.3859519946755       1.684759520280384E-023
  -12.3315710980779       6.311280337833366E-027
  -12.2082494999585       3.496536683110402E-023
  -12.1806818424562       1.145689717110449E-022
  -12.1249719832777       3.747170948222500E-028
  -11.9020846507451       2.609836640147087E-026
  -11.3953670905896       1.185702476833406E-036
  -12.3127272176705       7.898594398627014E-012
  -12.3121838789343       1.259947218419051E-034
  -12.2529254803662       5.635052733307131E-038
  -12.1967725385205       3.253938209956243E-010
  -12.1678352974795       2.390882476945604E-037
  -12.1314557640489       4.296816143555470E-037
  -12.1128102104815       6.315525593389662E-009
  -12.0394732123117       6.210680475380334E-008
  -11.8748147427517       9.199973678877244E-014
  -11.6097294888008       6.118031567269561E-040
  -11.5352404923072       4.619368732781629E-009
  -11.4133967032783       2.095174961974010E-011
  -11.3925295065244       1.110933881125413E-039
  -11.3454637507616       7.921538190620606E-011
  -11.1387759282440       4.261214005587362E-012
  -10.6317944507730       6.621848811493062E-014
  -11.8908538021731       4.696257489574691E-015
  -11.8764483935869       5.334302187886016E-041
  -11.8254899768970       4.318732711582652E-044
  -11.7748920595521       1.084241026648932E-035
  -11.7313508142927       1.170706500295550E-035
  -11.7191017228502       1.280513037087648E-010
  -11.6966018152244       3.101176414595936E-005
  -11.6414178928630       6.254322509860663E-008
  -11.5307178245180       1.773447014173167E-013
  -11.1910528293198       3.511973300490616E-041
  -11.1222706094825       4.435456463730291E-012
  -11.0015250231138       9.993441356224083E-008
  -10.9730416950355       2.914755251533404E-042
  -10.9008659249140       4.478824178623495E-015
  -10.7567059713619       2.789114055929611E-009
  -10.2097789468473       2.847182157154993E-018
  -10.5976244975952       1.666301067099407E-025
  -10.5319542772596       1.491507745746858E-021
  -10.5119503424027       7.826170191129558E-022
  -10.4158918169356       6.125786930530605E-023
  -10.4048204138516       3.362478928074077E-022
  -10.3244977228163       8.238243202070467E-022
  -10.3207757872722       5.080195756065778E-021
  -10.2487809747953       5.576238048927660E-022
  -10.0538121455054       9.234792737474672E-026
  -9.82054700796075       2.776204046354378E-027
  -9.75537052991747       1.473861904907785E-028
  -9.64697254754710       3.970169738374140E-025
  -9.60737181945407       1.256471854138815E-024
  -9.58573954430307       8.272520972125149E-026
  -9.33159359326801       1.086255146884294E-027
  -8.84170667445662       2.309488542635732E-033
  -10.5548062848857       7.128072737774270E-028
  -10.5041274300075       3.939419903040703E-024
  -10.4297169434943       3.127773770885859E-024
  -10.3594570656033       2.271729849343794E-019
  -10.3180508020698       5.771209306372720E-020
  -10.3148218564905       4.917116704009430E-023
  -10.2710187962183       1.276306734183788E-019
  -10.2213968084146       1.866360669980123E-020
  -10.0709043860304       6.860183536753654E-025
  -9.77959426952107       7.014650264331600E-029
  -9.71868316941143       6.047508799594999E-031
  -9.60541205674012       5.111823742849956E-028
  -9.56548235893926       1.503320145035418E-027
  -9.51660365568288       5.641814269042504E-028
  -9.32044239917945       1.307748239220209E-030
  -8.79759130556638       4.092643908624361E-036
  -10.3421226933472       1.836247353163213E-035
  -10.3363847223372       7.351610438802243E-012
  -10.2812028326782       4.486093416525330E-036
  -10.2279998958513       2.245260638924045E-009
  -10.1710114268749       4.217325786864339E-038
  -10.1498139557063       8.183983561360875E-038
  -10.1237335910437       1.761155605337429E-008
  -10.0745346296272       8.896020986800676E-009
  -9.89018255476855       8.386734991154697E-011
  -9.62361461745775       1.651734892828941E-041
  -9.55842131324566       8.892494498654488E-016
  -9.41650369904755       3.938075705424534E-040
  -9.40889539442179       7.116681280931700E-013
  -9.39162576422866       1.573702444856637E-012
  -9.15307828552246       6.666433187307740E-015
  -8.64483458315555       3.440896487629287E-016
  -10.2333050711397       1.053213474231474E-013
  -10.1840937420585       2.629340715597152E-036
  -10.1295989394869       2.916269459524024E-037
  -10.0437167555671       4.097817558326313E-036
  -10.0194773422032       9.929875474810907E-037
  -10.0108488644279       2.991522086464043E-011
  -9.95948198167482       6.282399219189358E-011
  -9.91854009410830       6.747280814221347E-012
  -9.76273278262474       1.208089440453199E-013
  -9.47312792601118       4.698606048104394E-041
  -9.40696540671080       6.009258801771809E-014
  -9.29024693054309       4.183018352782878E-040
  -9.26185032975997       1.792219544175365E-012
  -9.20378786140667       5.247403488154870E-014
  -9.01296608025083       7.447869389785236E-013
  -8.49075593505926       8.544863790644184E-015
  -9.93399065347502       1.190312706028652E-012
  -9.90544406451284       1.058555112851814E-036
  -9.87060552469319       2.267860992794664E-038
  -9.76523362405986       9.138235006414714E-010
  -9.76396395058676       1.230304887376222E-034
  -9.72393499724682       6.881251038566976E-038
  -9.69766110950444       3.541983233632165E-010
  -9.64946977728988       1.518100633467124E-010
  -9.45638855348181       2.179923647724460E-012
  -9.16945568001499       3.540186108899611E-040
  -9.11510578765658       7.196108751597360E-013
  -8.97606712024542       1.534491353627005E-038
  -8.96615617840809       1.125366553648152E-012
  -8.92555355497972       4.134650755469070E-013
  -8.69194227981121       1.233709842206388E-012
  -8.15766817107741       3.490193986287302E-016
  -9.91170871148767       1.159709227112222E-040
  -9.89891128033993       2.197345058119120E-016
  -9.84930547582070       1.092725235471333E-040
  -9.78490859455852       5.149626779706335E-014
  -9.76231465092581       1.790497291803857E-035
  -9.71665931536512       3.903946896843434E-035
  -9.68218349405836       1.597176136477039E-004
  -9.67188611845058       1.208728882444814E-004
  -9.48876465812508       9.746316451775059E-015
  -9.20191766151782       7.090905716503821E-043
  -9.13533340571536       9.824565342698080E-018
  -8.98571375917718       6.140772799120319E-008
  -8.98430190759290       3.954899579610969E-043
  -8.95902705617080       1.062934191349267E-015
  -8.73937319982118       6.951414683203392E-011
  -8.21799810649907       3.611052252800205E-019
 -0.837741927044434       1.075123359909870E-013
 -0.817804422892969       3.397781983600285E-038
 -0.767369526088679       8.544224431984251E-040
 -0.667453436651883       5.005439310368499E-039
 -0.652411948804488       1.776349278873775E-010
 -0.635989029801944       6.748851803807828E-038
 -0.589743229887471       2.083165993421645E-010
 -0.540616021566059       9.664896951796559E-012
 -0.355271103807500       6.350042044731308E-012
 -0.109697142184633       2.872736608741627E-041
 -3.587377808716852E-002  4.081907071310797E-015
  0.100910033526109       2.995767669982877E-039
  0.113735911425998       1.199622106767085E-015
  0.167973295824464       3.246368549891045E-013
  0.384558383971239       4.498095900128560E-013
  0.894595934241352       2.090093402244951E-015
   1.35129360020764       1.999847923346931E-030
   1.42281954388108       8.439857946439154E-024
   1.49701534877152       6.458955838926284E-022
   1.59126195783472       2.073851649492208E-024
   1.64112769801422       1.249107606945437E-026
   1.66791165232759       7.950290381620743E-024
   1.71464674499282       1.666849805724128E-022
   1.77350737622317       5.178716051875524E-025
   1.98966097976554       2.702596128912532E-031
   2.14460076402618       1.826630638278438E-023
   2.23116493597668       3.274298609741857E-028
   2.33276883872297       1.750276177238770E-028
   2.41171972623468       1.626421170763546E-023
   2.43530308818965       1.476207336742585E-027
   2.69845595551255       1.267949020236341E-026
   3.17815462000504       1.500850593341903E-033
   2.00159932241730       1.803385887189225E-038
   2.01008353512053       2.789491588748818E-012
   2.06702459821700       4.340223978521118E-037
   2.14102822867083       2.322087511471070E-009
   2.20463108326649       1.392811427358776E-039
   2.24803887889921       1.089451640872685E-039
   2.26093484772655       3.103179543194842E-008
   2.32668289299049       1.702693792124258E-009
   2.56048964764259       2.648213370290646E-012
   2.72418273418122       1.256604374366754E-039
   2.79449850361146       6.511931988919038E-012
   2.94644423899479       1.444458363565907E-038
   2.97347910742032       1.408729432447806E-008
   2.98323258301684       2.144078924126965E-008
   3.26794908417514       6.795298912634032E-012
   3.74550879147721       1.655885914314501E-014
   2.33284564614193       7.435519670133228E-016
   2.34533640597098       4.101626579383982E-040
   2.41282202515189       1.665079378239348E-041
   2.49912568213274       6.522968145959893E-037
   2.53749173811030       5.601326611616589E-011
   2.54278579247573       1.850014071322087E-035
   2.58751820494746       1.688577338981229E-007
   2.63873797568866       1.646521896963537E-005
   2.80656598034825       3.798600395513700E-014
   3.04074379538920       1.202632884971183E-041
   3.12154617915300       1.933472853338228E-013
   3.26351959434147       2.429117318918091E-044
   3.28742873628897       6.833924764382233E-007
   3.32909414921536       2.044172297700893E-012
   3.54714906120477       4.212389512581647E-008
   4.05978203829030       1.925788850222185E-017
   10.8649654069595       7.812597009400714E-027
   10.9233769907002       5.352001374185260E-022
   10.9528571642343       6.277887510447177E-022
   11.0854292013803       1.034273393259672E-023
   11.1036702429049       7.271553981215343E-022
   11.1591362902664       3.562479053765501E-022
   11.1965008060282       1.236227449809752E-022
   11.2562530725617       4.401547276867835E-023
   11.4970845534699       6.184243696043838E-026
   11.6168131370951       4.588705574712520E-026
   11.6977318699838       7.520578564608377E-030
   11.8292635356872       1.702419972706916E-026
   11.8939852008321       4.763209901220456E-025
   11.8990076102627       1.959842389126289E-025
   12.1926171586238       1.227767818706672E-027
   12.6593415452120       1.135599669546478E-031
   10.8904820997643       5.793301006179071E-029
   10.9465725272799       3.788253325957644E-024
   11.0146225478445       4.041261108493500E-024
   11.1283030067380       4.002085360612128E-019
   11.1486305112882       3.335816179378188E-019
   11.1656865759206       7.751076225656325E-024
   11.2232052646113       1.051569488079041E-020
   11.2779292867528       1.413422276888329E-021
   11.4703025575484       2.482734728793077E-026
   11.6412052866970       3.848475696262606E-028
   11.7304565768111       4.747746852285411E-030
   11.8539610821365       5.175043087742297E-028
   11.9094986413346       5.709494892180885E-028
   11.9475649542829       3.210866675947989E-029
   12.1924745291295       6.224692065502656E-027
   12.6863162540306       1.453249498261650E-032
   11.0392646237078       1.004687673915217E-013
   11.0419349777543       2.914472072828624E-038
   11.0979473507210       2.157508906810854E-037
   11.1888079900737       3.324977510810365E-010
   11.2421506538025       1.233302816119873E-038
   11.2771858155683       4.851476655550306E-038
   11.3082114725664       1.644636712115901E-009
   11.3551805475858       6.629258997213167E-010
   11.5907436573425       3.260042457922986E-012
   11.7437295912908       5.340618419163057E-042
   11.8125171263939       5.816580999578831E-014
   11.9735579569970       4.668165412183189E-040
   12.0070609010395       2.052374479220658E-011
   12.0106296253958       2.721213152597890E-011
   12.2964994831446       1.081105482139093E-014
   12.7736815977660       3.438427466311355E-018
   11.0723127465553       1.780453073391205E-013
   11.1331676265990       1.655095271995890E-036
   11.2022727891328       1.953624940961275E-037
   11.3131385292329       9.064338490441183E-037
   11.3427276111189       2.036848018726399E-037
   11.3550963202191       5.915079931376736E-014
   11.4153085291767       6.370167199728579E-012
   11.4698940586436       3.422058825745099E-011
   11.6670483161534       5.153119338755580E-012
   11.8296161742569       2.063816175694831E-041
   11.9207327262467       3.803663123213960E-014
   12.0407518897394       1.897749466810212E-043
   12.1008868315569       7.862623504559175E-013
   12.1376130133695       8.148676794642537E-015
   12.3861094046224       8.367405441349389E-014
   12.8770576323743       7.752262697903761E-018
   11.3105406783442       1.660969743146727E-039
   11.3163615961271       1.283351618968878E-020
   11.3755425866224       2.950253836989695E-039
   11.4698521297423       1.325709272029388E-015
   11.4946833372533       1.841305347717081E-038
   11.5363978019023       1.721436770699416E-037
   11.5751219479416       9.840675160061699E-006
   11.6039291610664       8.290110997742283E-006
   11.8226689586400       3.920478112408997E-017
   12.0055330771563       1.048791004802200E-042
   12.0769454358766       2.384336460737716E-017
   12.2416186140975       6.105549158754560E-044
   12.2608701571875       9.450391923717086E-009
   12.2800037955528       1.309079251187859E-016
   12.5420330498951       2.300922190133072E-011
   13.0325828485717       1.194067017926087E-019
   20.0521902866973       2.566616768678672E-014
   20.0723155050163       8.958868571710046E-039
   20.1328970422738       9.047430939559540E-040
   20.2483689864386       1.172365134725141E-039
   20.2594131130435       3.098884579650773E-011
   20.2872073720456       1.926993887194025E-038
   20.3339970478645       6.213526859868721E-011
   20.3886469561067       6.812673599026041E-013
   20.6001762085564       1.809884110730816E-012
   20.7806632515460       9.926151016599335E-041
   20.8629981815301       2.956068945503973E-013
   20.9968990728018       4.377654395702653E-040
   21.0382709198444       3.848273872606712E-012
   21.0638455303744       1.567148386996057E-012
   21.3184646610735       3.991174086457479E-013
   21.8073325012592       8.421739924009032E-015
   80.1016575387924       4.521495889052603E-015
   80.1153468090911       2.949868522612367E-040
   80.1896393700256       4.946051727620030E-040
   80.3124920020538       8.077869151894408E-041
   80.3241340139684       1.559180277734830E-012
   80.3616054163779       1.319084113937548E-040
   80.4036769898362       1.216968621350482E-012
   80.4667095651800       4.637184417692342E-013
   80.6984421533355       2.841768768211102E-013
   80.8218533358996       8.355768130072536E-041
   80.9102382075316       5.464538969748996E-013
   81.0438414154657       1.416428509649541E-040
   81.1065603863998       8.528496402986095E-010
   81.1089294589538       7.914318311924221E-010
   81.3937342551146       1.268963283806947E-013
   81.8599627568476       3.372236354053709E-014
   178.804640563026       2.428525255228981E-030
   178.825366343831       4.818960453440430E-024
   178.904432871616       9.589586316683047E-026
   179.037778686327       2.990792775218531E-025
   179.051242915609       5.024249232924295E-028
   179.090605775353       1.451766595712727E-025
   179.133990321670       1.503867781922365E-026
   179.202665646109       5.757601568080123E-027
   179.449901685094       9.535952228048040E-031
   179.517127900208       2.768691006397391E-025
   179.609739620624       2.313872190788045E-030
   179.730530339233       3.069745959678200E-025
   179.796999578358       1.472006598879139E-026
   179.822307079133       4.728193665691838E-025
   180.110120851604       2.881389938797594E-028
   180.541166281142       1.207052511820622E-031
   178.909149532705       6.021563549864801E-036
   178.909327422191       7.540460943735120E-015
   178.991109515845       1.640269531874244E-039
   179.118128075953       2.880985454818945E-011
   179.126441798947       2.140069680789665E-039
   179.184241602329       6.364661988521686E-042
   179.212554296975       2.116978992703190E-010
   179.278648877269       3.557215745527692E-010
   179.532767296569       6.775452289200570E-014
   179.603530268155       4.483440749224565E-041
   179.689350262392       1.917033563587243E-014
   179.825411597303       4.691653453578254E-041
   179.871890453199       1.058322296643488E-014
   179.904603949454       1.527109229216030E-011
   180.192111459846       1.023942838241348E-014
   180.621875040537       1.231102009989463E-014
   178.954860732647       1.700599797407646E-017
   178.958687998410       6.379757848505326E-044
   179.044362630752       4.624998970552202E-041
   179.167641926886       1.331285297646762E-037
   179.180174000824       3.703145334359258E-013
   179.221790652016       2.398585657449882E-038
   179.258993420867       2.950020866381183E-009
   179.322913682535       8.364417277374118E-008
   179.562835789580       5.296583074959579E-016
   179.648961892234       8.496373696633866E-041
   179.737801105255       4.238146937786332E-017
   179.870734031826       3.643318075074632E-042
   179.925373454961       1.554990972866275E-013
   179.946764596326       1.352423151146310E-010
   180.229584975638       1.702476070180314E-009
   180.668378898821       1.322775327212309E-017
   285.634018890851       2.117849777372270E-031
   285.641130244680       7.293190902994055E-026
   285.725372962472       1.339377928565852E-026
   285.861956792401       4.210145394529481E-025
   285.863803162923       1.054151951627071E-027
   285.918057091649       5.371744160962395E-025
   285.951653721181       2.064106770634505E-025
   286.022309481390       5.454274262278384E-026
   286.276198801710       6.008995775954171E-029
   286.327407538290       1.142329798812169E-027
   286.414272864752       1.939588052206934E-033
   286.558045118176       6.674544109216415E-029
   286.616787870395       4.430274430479851E-029
   286.634527118930       2.201298970935534E-031
   286.935198911376       8.430219382671045E-032
   287.367761655737       2.524360354709689E-035
   285.638355747374       1.701540810973311E-032
   285.650282903811       2.359204551149016E-030
   285.737030394168       4.525735862052188E-029
   285.861354000670       7.382960622366156E-024
   285.882667266813       6.952857393705825E-028
   285.915311261948       2.303304030190017E-023
   285.956248064357       1.358199292275964E-025
   286.026598707570       9.992900246846090E-027
   286.267294648186       6.463611011371638E-034
   286.331848395911       8.259205515769536E-030
   286.423640636831       1.698443833809652E-034
   286.562307735559       6.752578135850615E-032
   286.627676636430       1.925885315223940E-029
   286.634298603337       1.925272647109538E-027
   286.933055362609       1.420745592151174E-029
   287.373023287639       4.410891702987712E-035
   285.666429778899       7.465779252014094E-041
   285.670975824451       9.515565894832276E-017
   285.752632212363       2.828401234943917E-041
   285.880848018309       8.477905603369292E-013
   285.886542924471       5.994054585635257E-039
   285.943842920172       3.224900477503987E-041
   285.968961512408       1.531783559484001E-012
   286.037917591515       4.358363566390235E-014
   286.290695840489       2.161181779599253E-015
   286.353857762224       4.685510679537440E-043
   286.433754530326       5.848882234204769E-016
   286.587361473231       9.246047059455766E-045
   286.635941854277       1.300008223808738E-014
   286.653008079649       4.200883043668264E-015
   286.952546536747       4.703578420341071E-021
   287.388073643171       4.548557887658312E-019
   285.671393164727       5.567448546911932E-016
   285.685018422075       5.148088968285296E-040
   285.771288557924       1.281203102395262E-042
   285.897013923997       5.787178205099941E-039
   285.918178670228       2.161037383919089E-015
   285.950933407071       5.649129416350861E-042
   285.992830397422       6.714795555813788E-015
   286.063485352420       1.030299476952566E-014
   286.305429984212       5.831910736689581E-015
   286.366780393915       1.009222426156409E-043
   286.459446422391       3.221433841137859E-017
   286.596750249082       1.359559346339862E-046
   286.663427663920       9.572547988425505E-015
   286.671034372116       1.028823133816872E-014
   286.970149313522       4.510384171238260E-017
   287.409012103295       6.018414811336170E-021
   285.720207737818       1.813174543552519E-042
   285.725552879519       1.121769392682873E-024
   285.807711596051       2.837893955249195E-042
   285.936304689393       1.077182791164993E-038
   285.936358340600       7.938785783701656E-020
   285.993290579704       4.735685496435287E-040
   286.019176705604       1.319575114112998E-008
   286.087569799550       1.324160880705747E-008
   286.335124247344       6.037997477533063E-023
   286.406071271168       6.695744611458961E-046
   286.486255487893       4.779538692490356E-020
   286.640166874265       1.988791110944466E-047
   286.688933168048       2.910030527486781E-018
   286.701633925078       2.789983499207641E-012
   287.000196660637       1.427104807329768E-013
   287.439217456585       1.184578390868449E-021
   292.901954815131       1.507132119333914E-016
   292.906448509811       1.684475697448602E-039
   292.991055618483       2.212021952910662E-041
   293.116435145685       4.285762273094183E-043
   293.126834578540       4.098424586883526E-017
   293.172020530083       4.764202197014884E-042
   293.205696560700       7.632115287528503E-015
   293.274827694566       1.001569844067610E-013
   293.517165663830       8.485349650393889E-015
   293.595704720679       8.133707774290661E-042
   293.682183478312       3.572423609664991E-014
   293.825329154115       6.006831913181696E-042
   293.883945110726       1.092064545360025E-011
   293.891503997331       8.895392043012124E-012
   294.187596255004       3.062264661067334E-015
   294.631044879304       4.011678813188535E-015
   594.029598607041       7.223685344817262E-040
   594.030927345385       4.922024316910861E-018
   594.118043312239       1.667030851283866E-043
   594.244077912903       3.707114916094200E-045
   594.251719978753       9.554947599438443E-019
   594.301197508244       2.324191086150601E-043
   594.328818523639       2.588107211062149E-014
   594.399917608815       4.253398097860310E-015
   594.645092589115       2.421790748197904E-016
   594.703013811880       3.262222260425002E-043
   594.784935444683       4.602018849317077E-016
   594.936168183858       2.959881899349538E-043
   594.988431579898       1.848100573478786E-013
   594.998864380153       1.566879803210690E-013
   595.299679212763       3.674461840099816E-017
   595.728801044685       1.045198086012949E-016
