                  1264
  -19.2886996469466       1.842911553738512E-040
  -19.2741815398483       2.766783894792353E-010
  -19.2336905659303       6.597648866706645E-038
  -19.1991868367313       9.579677158698255E-044
  -19.1582076983601       1.109294072993742E-040
  -19.1533867927352       1.319979079934326E-008
  -19.1362299990631       3.658264112472416E-014
  -19.0825597265364       1.571904407182748E-017
  -18.9585747206241       2.481613710756678E-009
  -18.5606052812323       2.214041514336222E-034
  -18.5010425895302       1.126690563555571E-004
  -18.4142031785519       3.311113248560802E-016
  -18.3265655601113       1.706613687145877E-036
  -18.2704141346486       9.077684880155076E-009
  -18.1415921422923       4.314976610075914E-015
  -17.5486048888491       1.741605992500390E-009
  -19.2018122067953       7.805171442248435E-040
  -19.1730467191592       1.339768785884795E-016
  -19.1356797694926       5.908476847865052E-042
  -19.0899919657054       7.875678153345128E-041
  -19.0559613673253       4.260360417876749E-013
  -19.0343515080648       3.372730626606809E-040
  -19.0290222164843       6.817139954035599E-012
  -18.9686427809121       3.006967434048000E-016
  -18.8447452816907       7.904969284254079E-016
  -18.4748811503952       1.163842695190701E-036
  -18.4241760309041       1.453719303707522E-008
  -18.2989118145402       2.255758560833156E-009
  -18.2277469027947       1.591779760972283E-040
  -18.1756427526457       7.265457264346310E-015
  -18.0336345186868       4.483862626217427E-012
  -17.4493887254846       6.317790211663157E-019
  -19.0883062118030       5.094247350899754E-040
  -19.0761609436300       1.653812666760048E-013
  -19.0209007615235       1.106780957512126E-045
  -18.9982743656566       1.149062033733528E-039
  -18.9617631089216       6.984579513047861E-015
  -18.9135970348782       8.068707334911010E-040
  -18.8935167012658       7.816851894025702E-010
  -18.8644135904785       8.756303766843615E-013
  -18.7552721519668       1.067989408864617E-013
  -18.3754280557828       1.579815672516664E-037
  -18.2955841619318       3.241745268713185E-007
  -18.1852449003930       8.766123274270772E-009
  -18.1407658156159       3.245136294165777E-038
  -18.0908003614588       6.953030924844408E-011
  -17.9478108845858       6.721400857261342E-012
  -17.3716825848079       1.274986555072315E-013
  -19.0157659660941       2.112889356854273E-037
  -19.0134638823010       1.448049580441542E-009
  -18.9779256437222       3.280918831345675E-037
  -18.9310512185890       1.784599596071631E-040
  -18.9017171145246       6.318606869676385E-008
  -18.8744305853501       2.673702717495873E-038
  -18.8738634551689       2.996688812619309E-015
  -18.8094582951807       3.927412847555755E-015
  -18.7200414329404       9.704216139219540E-010
  -18.2906906537399       4.867454196548673E-036
  -18.2464666586296       6.434645914267818E-005
  -18.1294964080763       1.537381846451116E-011
  -18.0794157204429       2.523911240896115E-040
  -18.0233450611372       5.753564506504331E-008
  -17.9073996390494       2.880963510845871E-015
  -17.3179350835660       5.967693233133460E-009
  -19.0123091292803       4.873689248398621E-037
  -18.9982754920111       8.707321878906096E-013
  -18.8944543035935       1.752686634845728E-037
  -18.8904599415892       1.835512625397303E-038
  -18.8680254219942       6.228534435618193E-009
  -18.8489758119825       1.391326597487014E-046
  -18.8381999982567       1.450103262577983E-013
  -18.7162851669350       5.527004573982627E-017
  -18.6186815507371       2.161354882037599E-010
  -18.2721520431146       2.146294279731460E-034
  -18.1710000525085       5.133168959276168E-004
  -18.0987444119524       1.906382803590382E-012
  -18.0445408785279       5.307534072961320E-035
  -17.9915661502092       1.569899135641552E-006
  -17.8157755629306       9.584422998380422E-015
  -17.2414254337313       6.350911620981906E-010
  -19.0044890721120       6.507561189833137E-024
  -18.9804515356834       1.441519965982327E-024
  -18.9005848491583       1.510094838251687E-028
  -18.8610423077201       2.052287672621618E-022
  -18.8472304242611       3.604023310900782E-022
  -18.8329235328249       5.256005566151844E-026
  -18.7742059422273       5.611165591472807E-029
  -18.7335923352552       1.058428857543082E-030
  -18.6217821117609       9.387770975930760E-026
  -18.2223264733635       7.396446120694969E-018
  -18.2036509116054       1.800341530555727E-017
  -18.1069628295578       6.549836757441778E-025
  -18.0180275082960       4.192182114718343E-020
  -17.9992593287929       1.144396359332372E-021
  -17.8298238212159       2.462161503002399E-031
  -17.2660834644472       1.452542752673578E-025
  -18.8516832305541       1.989503667680155E-010
  -18.8450950675230       9.243289952252012E-038
  -18.8084612804117       8.638214807277361E-038
  -18.7516158590780       3.196800436412879E-044
  -18.7267015911956       1.780754098758499E-037
  -18.7258277655507       5.362300599225152E-009
  -18.6862908430415       3.440608603748090E-018
  -18.6457707543528       2.332425519368885E-015
  -18.5176672877100       9.242513466131708E-009
  -18.1225080669068       1.899896542274099E-034
  -18.0597552146741       7.342451544079258E-005
  -17.9700232681855       4.695655789077979E-014
  -17.9062975077489       1.569776309781424E-036
  -17.8450286590633       1.350825079129098E-008
  -17.7129666198991       7.860128337443830E-017
  -17.1323212211089       5.157476885563701E-009
  -18.8646535999661       3.957447849567646E-039
  -18.8432366710311       9.410607590211412E-015
  -18.8038837624397       4.732957081494799E-041
  -18.7423151204659       3.824290621587682E-040
  -18.7210199990703       7.871569936699848E-013
  -18.6799796551971       9.670020186458255E-012
  -18.6448517655381       4.179505360863714E-044
  -18.5876737891764       2.891459202167813E-013
  -18.4756238540671       2.630056254444661E-015
  -18.1258788555630       3.560382616913322E-036
  -18.0780212196874       2.016025514408373E-008
  -17.9062682564025       3.758216178271354E-008
  -17.8984194075812       4.048464273192935E-040
  -17.8541882617426       1.069605280457830E-010
  -17.6755521502579       4.367264007985259E-012
  -17.1129152965525       3.432818464225847E-015
  -18.7848319421395       4.075863632131148E-012
  -18.7671934720315       2.945490712464265E-038
  -18.7375143668580       2.355427718699595E-038
  -18.6889600362303       3.085758408396280E-044
  -18.6592749002813       2.543609869342482E-041
  -18.6538814534878       2.499569839021246E-010
  -18.6233653479189       1.008150277931533E-015
  -18.5745540639273       2.832611880517265E-016
  -18.4533177321514       1.628209563798001E-011
  -18.0693394115761       3.114590785922172E-035
  -18.0044311561946       1.153007038098111E-005
  -17.9279428688786       1.710562847352445E-013
  -17.8429790760628       1.090065179304141E-037
  -17.7810016722040       1.128181342836911E-008
  -17.6488060472638       6.536649048951695E-016
  -17.0679813234761       3.213447459963229E-011
  -18.7481438391911       3.928737183924554E-028
  -18.7427386850679       1.121084361075960E-026
  -18.6965500284061       2.066565778912154E-027
  -18.6435174768619       4.625839419675768E-026
  -18.6286510814872       2.729612186775336E-024
  -18.6238698598921       1.294780915752038E-024
  -18.6102480584468       5.417218713363697E-027
  -18.5466887819255       9.361454850792088E-029
  -18.4496960405998       1.081883257167380E-025
  -18.0331159154109       1.301935042011800E-023
  -18.0010850110913       1.253259545912381E-022
  -17.8961401613160       5.475340233374347E-028
  -17.8110767432929       7.115923178231382E-028
  -17.7498464768890       5.373661482771210E-028
  -17.6404095679925       2.889121214153869E-029
  -17.0532952863441       1.659309139675095E-028
  -18.6508943932937       1.109581772542984E-024
  -18.6303800978921       1.603522994634768E-024
  -18.6094774174375       6.228585873229897E-024
  -18.5577022829945       1.139703034998875E-028
  -18.5262770111647       6.124187056073339E-024
  -18.5262295807846       5.362770974039503E-023
  -18.4987636630379       4.826796728967827E-028
  -18.4518547810427       1.828826587920382E-027
  -18.3306360011245       2.099303942113555E-026
  -17.9346940595551       1.083936857808876E-021
  -17.8832113640694       1.134026411181026E-020
  -17.8049114342487       4.201149468578067E-028
  -17.7122968110680       6.926637842409496E-027
  -17.6535071755536       9.033414428965838E-025
  -17.5251565453612       1.087317763947319E-030
  -16.9428153339007       4.016369045613766E-027
  -18.3774945599854       8.629434541394128E-041
  -18.3402042860079       1.903184473194225E-017
  -18.3135577270376       5.844659706142576E-043
  -18.2903450657286       2.336973315750728E-042
  -18.2477766953344       7.124006212699725E-013
  -18.2415102208758       3.326942120707625E-039
  -18.2370159041262       3.370252419439811E-012
  -18.1830941928322       9.039593179246232E-015
  -18.0700549629146       6.134998255265625E-015
  -17.6658133484338       4.998702350177016E-040
  -17.6208125353548       2.982477713039066E-009
  -17.5309532491263       3.633608657736384E-011
  -17.4102215484667       7.390451955132967E-042
  -17.3659460602902       8.908423767326044E-017
  -17.2503748871250       5.501282542931186E-015
  -16.6526290968265       3.901722336876698E-016
  -18.2735888853846       3.350255788539146E-010
  -18.2614417926587       1.195147398968177E-039
  -18.2342613465650       7.355895251035244E-038
  -18.1727506349684       1.129797973815086E-042
  -18.1568424977038       1.870048705949502E-040
  -18.1532513525349       2.049562223753140E-009
  -18.1176377755098       7.310338736977245E-012
  -18.0807048799596       5.911145636173243E-013
  -17.9574925292929       7.314385745594052E-011
  -17.5561096148105       1.039660331807142E-034
  -17.5055540970351       2.334058363065997E-004
  -17.4179316356193       1.982280399889868E-013
  -17.3393007011136       1.812195369515813E-040
  -17.2815778728938       4.888024344301066E-010
  -17.1542794871895       8.036385313727575E-013
  -16.5734851632534       3.223552417457744E-010
  -18.2379916256176       1.264425136024273E-038
  -18.2292373693948       2.661217557264575E-016
  -18.1841884252033       2.060081115475967E-039
  -18.1529878019343       3.256260168226438E-039
  -18.1144494381211       2.555260925819696E-013
  -18.0865654502775       6.677797117077588E-041
  -18.0596554447785       3.065333004384753E-009
  -18.0328437009999       2.140769926811053E-010
  -17.9212552395326       2.539866905409470E-015
  -17.5303938668207       5.183892202303290E-036
  -17.4595864960044       4.853840661620296E-007
  -17.3556135410216       6.272310510329248E-012
  -17.2974008950426       1.814806367425430E-037
  -17.2442519274193       8.406542031599578E-012
  -17.1152509388171       1.879125280202231E-011
  -16.5352758705196       1.320284228971568E-014
  -18.0015278154675       1.066745845674112E-028
  -17.9588946449965       1.754063984327567E-023
  -17.9395218595968       3.879831300929746E-023
  -17.8873888757307       8.208140041125423E-029
  -17.8664011114086       2.031840963165462E-023
  -17.8217104571740       2.036524022330217E-029
  -17.8122859208731       1.730777222957226E-028
  -17.7537536288193       3.026666145055933E-028
  -17.6144733703274       1.536483482833960E-027
  -17.2424661266513       8.616962593849830E-024
  -17.1963848796134       2.131026780327757E-023
  -17.1061342073051       4.895977385821062E-027
  -17.0551300882257       1.457314946119983E-023
  -17.0039933450679       1.083019277709430E-023
  -16.8279963202718       1.314278918020055E-029
  -16.2706242463319       1.069577511878419E-026
  -17.8195197051349       1.372662767132262E-037
  -17.8041113735758       3.755910328932449E-010
  -17.7698609602234       4.817233174733596E-038
  -17.7437959342282       6.642434661044452E-039
  -17.6985657305592       4.736130294581903E-008
  -17.6886793445639       3.694695345367078E-039
  -17.6723867966383       3.358441597658188E-011
  -17.6264357635231       1.241073864462129E-012
  -17.5317466028276       3.587046753317521E-011
  -17.1133977993369       1.349231843048154E-036
  -17.0570462066188       4.796809092653876E-006
  -16.9637894830958       3.210491768506077E-012
  -16.8776773623007       5.096730909727035E-038
  -16.8220920556421       2.270802702979827E-010
  -16.7190098999625       8.099123337175657E-013
  -16.1264981424338       2.561050593123289E-009
  -17.9804276776436       5.759945411685097E-029
  -17.9725342375984       1.844329092048729E-025
  -17.9049181587424       1.380174185366087E-025
  -17.8403662915483       8.806911126904850E-027
  -17.8364101567641       3.829591040138077E-023
  -17.8036097227989       3.368431864355692E-024
  -17.7955624109756       1.692620770232274E-025
  -17.7483198491673       7.313411705892448E-027
  -17.6081521144155       9.658724830846482E-026
  -17.2189492683557       1.117728358557857E-023
  -17.1984566040636       7.554660865603799E-021
  -17.0609389842038       2.079488264341695E-025
  -17.0328134628063       8.530109810586761E-024
  -16.9825681698528       3.605371492273603E-023
  -16.8113760673659       1.830509496370618E-025
  -16.2424492966188       2.393211715838943E-024
  -17.7978258877298       6.646104113657669E-040
  -17.7794452882350       5.234338075771147E-013
  -17.7417592703226       1.635926972097948E-044
  -17.7044706319540       1.380116414305210E-038
  -17.6663926527624       5.087157042295304E-013
  -17.6580318880605       4.848056793706598E-039
  -17.6337862152415       7.286039590109306E-012
  -17.5940377847527       7.160888912879600E-012
  -17.4740278603369       4.216566810832995E-012
  -17.0872691539700       1.152967740371995E-036
  -17.0286166882184       3.185857621805224E-008
  -16.9289348215065       1.961950953226566E-009
  -16.8449592006871       7.548656155089026E-038
  -16.7922735906113       6.846767802320518E-012
  -16.6649116701758       5.494472318120092E-011
  -16.0790514256035       1.976133290092876E-012
  -17.8102507631182       4.511789325928310E-036
  -17.7977005694179       1.360923271601624E-010
  -17.7420837001061       5.879208570348719E-036
  -17.7079650412651       5.362101123348179E-009
  -17.6710561518964       2.467525066447726E-044
  -17.6505568930388       1.274782325226138E-041
  -17.6393086741074       1.138440813315162E-016
  -17.5695430749597       5.963597883456073E-015
  -17.4260629592384       2.045604090164932E-010
  -17.0663888986482       4.088374096358590E-037
  -17.0064306189278       3.898467712301536E-007
  -16.8978739189461       5.239437457081337E-016
  -16.8576138452603       6.990231255582929E-037
  -16.8344685988817       1.819855169191499E-009
  -16.6357441970290       1.205405204380781E-015
  -16.0740290414519       6.141169914738454E-011
  -17.7723089217869       1.499303542487005E-012
  -17.7350675350297       4.038474274435966E-037
  -17.7175079077424       1.217760656241822E-037
  -17.6335700338617       4.239482901927195E-042
  -17.6259678839997       1.460641800292434E-013
  -17.6120308575440       6.889578296751370E-043
  -17.5668608107322       1.946688138511632E-015
  -17.5448495949642       1.094600706029926E-015
  -17.3968360294014       2.092034531946413E-011
  -17.0199430492373       1.680815051218657E-034
  -16.9698233613905       2.583489301519422E-004
  -16.8592208952234       4.393549577766942E-013
  -16.8308786924369       3.928501274629722E-037
  -16.7752522258802       1.204468807195043E-011
  -16.6070883647419       2.912396016482955E-016
  -16.0443780051305       1.802574471129857E-012
  -17.4836485329454       1.959362070359582E-009
  -17.4708079192323       2.038161428584983E-037
  -17.4300645576196       1.223298313203550E-038
  -17.3528082672753       3.102356151481153E-007
  -17.3464268730989       6.510618912834898E-041
  -17.3221181791421       1.188477599280020E-040
  -17.2916146874192       4.036776800580427E-014
  -17.2399034409637       2.388457905843744E-015
  -17.0814746078131       3.324747292470586E-008
  -16.7230553351107       9.195354079002906E-035
  -16.6544560596417       9.934964870563232E-005
  -16.5422532113015       7.159738001043558E-014
  -16.5189544485824       3.055676920955073E-035
  -16.4827970665166       1.648816565065306E-007
  -16.2774534394399       1.075249334571064E-015
  -15.7031809604456       7.330404686806344E-008
  -17.4695273402588       1.245285851140075E-040
  -17.4497906144933       3.611538936254002E-016
  -17.4152266585781       2.246801963538788E-042
  -17.3487101822081       2.532953528722939E-041
  -17.3449278497899       4.324661685902650E-012
  -17.2846414271281       1.538791651631111E-040
  -17.2804477958681       1.056085202062689E-013
  -17.2450788353237       2.369555159801146E-011
  -17.1001349865772       1.323192422033536E-013
  -16.7394314737523       3.842822770379305E-037
  -16.6892211496590       7.988129184660176E-008
  -16.5450418029662       6.734125999863265E-009
  -16.5143873982467       1.518716087325753E-037
  -16.4867293186828       2.014439800540644E-012
  -16.3019289090189       1.478386957207128E-012
  -15.7341826034639       3.232111760792875E-013
  -17.2847258380927       4.655529266119617E-024
  -17.2736848308306       9.767561381240739E-023
  -17.1563375175067       1.757421060885297E-029
  -17.1244574455780       6.893312489883030E-023
  -17.1026584664641       1.151530596076629E-022
  -17.0555844496581       2.307753458985435E-029
  -17.0049269680493       6.914933638990316E-030
  -16.9963578900927       6.521939758910479E-030
  -16.8379853779568       3.038124467681953E-028
  -16.4904357087427       4.203904820706584E-018
  -16.4756345799931       1.460909368429283E-017
  -16.3452011782538       4.931137470601055E-027
  -16.3132306188793       1.613809275515102E-019
  -16.2656176302968       7.260121146076431E-022
  -16.0738439144271       7.263812172529012E-029
  -15.5390840186714       8.103078666075695E-028
  -16.6693998651115       9.849426435608685E-010
  -16.6663026109409       8.999086125852579E-035
  -16.6073668473498       1.621881905627383E-039
  -16.5568490671163       1.119284930039178E-038
  -16.5553228494770       1.828036361029111E-009
  -16.5278578925803       6.899036679479702E-041
  -16.4984199685656       1.039043747723751E-012
  -16.4316207663485       5.827357782005701E-011
  -16.3067007150165       2.793963674566194E-011
  -15.9595378559057       4.671180090284974E-034
  -15.8817041879090       5.019993253370620E-004
  -15.7988312238117       2.821785285674369E-011
  -15.7447944346951       2.654035243866650E-036
  -15.6908143591132       5.700146130774455E-008
  -15.5341224936834       9.286851588822623E-012
  -14.9874044574474       2.701807186990660E-009
  -16.5187426623644       4.757900286359515E-039
  -16.5132948617736       1.127001292350284E-013
  -16.4722759840350       9.670459586833474E-041
  -16.4331885406522       3.974603231937555E-039
  -16.3942003864829       1.621595653914026E-012
  -16.3708477691573       8.480764989535179E-042
  -16.3547398686932       4.660756763491280E-009
  -16.3111359567033       8.292188451347814E-011
  -16.2066836048518       1.339975030790504E-014
  -15.8169515858340       1.153354067884881E-035
  -15.7561729744131       3.930900652785234E-006
  -15.6450408487447       1.921476683891084E-010
  -15.5905102341611       1.448117778623521E-037
  -15.5370378920970       3.939228360958641E-011
  -15.4074443806210       9.333480809946533E-010
  -14.8344439249304       2.566355801388309E-013
  -16.3539167185008       1.618413774974945E-025
  -16.3380437515145       4.237117997650455E-025
  -16.3079864430803       9.744486891132163E-024
  -16.2916403667310       5.818448039811881E-029
  -16.2607425463900       8.901609802981851E-028
  -16.2402080418117       5.599464286164587E-024
  -16.2388286257317       1.080526125491944E-024
  -16.1906466407100       1.037219153934470E-027
  -16.1034372837069       3.096947508410248E-027
  -15.6636077865508       6.637172451120387E-023
  -15.6176023799245       4.678424047221094E-021
  -15.5536982249288       7.863241612949008E-026
  -15.4231127405591       5.210520887824848E-026
  -15.3682808292259       7.715791600575342E-028
  -15.2863471564089       2.532121665330548E-029
  -14.6846382023742       1.105734703044703E-026
  -16.3025728957609       1.234669161117613E-037
  -16.2838766363204       8.240218519880881E-011
  -16.2549237844315       2.861153977429694E-038
  -16.2402744660086       3.265795327134087E-042
  -16.2059135700781       9.493331298390538E-042
  -16.1881825509508       4.539874759310169E-009
  -16.1856377819488       3.000676218120067E-013
  -16.1353958832768       1.613185745268971E-015
  -16.0462402917739       2.730880750193708E-010
  -15.6112450126197       2.140219581529789E-038
  -15.5629672615089       1.458034149879391E-007
  -15.5001864224743       3.221133251566685E-012
  -15.3672795681112       6.028151691204531E-040
  -15.3120462415687       1.966688862294295E-012
  -15.2307747850243       1.311267463220443E-015
  -14.6291567301611       1.179358530024539E-010
  -16.2526300598472       4.288566946296146E-027
  -16.2426790321059       1.769316611954785E-025
  -16.2184884816818       1.280881056683745E-025
  -16.1817300135810       4.217654181714564E-026
  -16.1554373326802       1.404309394817982E-022
  -16.1545708918498       1.193358978405755E-022
  -16.1303512366288       2.759901540493752E-026
  -16.0861196311898       2.767764235754473E-026
  -15.9955948018382       1.039178126857105E-024
  -15.5639737069017       5.980438406061481E-026
  -15.5206034993798       1.339109210065708E-024
  -15.4453916625855       7.064230993706732E-030
  -15.3316135954841       4.006163645695014E-028
  -15.2767420639358       2.538033983672590E-030
  -15.1945890373060       2.730042451308947E-033
  -14.6031356292545       7.536240050378244E-027
  -16.1605490932293       3.364024764966233E-040
  -16.1295391066110       6.157647857653131E-014
  -16.1092399031315       3.847998926020330E-043
  -16.0942967450690       7.784069024721753E-044
  -16.0547822300566       1.092723106906898E-038
  -16.0511359460003       1.173107196585520E-012
  -16.0459323014146       1.024455729213833E-013
  -15.9931197176488       1.133471189526730E-013
  -15.9016136049738       5.483604243156261E-013
  -15.4656656853180       6.548855498839198E-041
  -15.4246555745580       2.381186862314856E-009
  -15.3572732438966       6.805687301077332E-010
  -15.2158151295077       2.492575224052380E-041
  -15.1687543250435       4.367638186696155E-015
  -15.0863199317157       7.518527915292538E-015
  -14.4834229450916       1.530295943257977E-014
  -15.9124529792318       1.865060203920898E-038
  -15.8759030250525       1.390184133752801E-010
  -15.8548273320262       1.135947437129694E-037
  -15.8506413914813       1.353886124148137E-040
  -15.8014016472921       4.960454280181021E-014
  -15.8004752127568       4.512114410928484E-039
  -15.7970783542224       5.480335232067283E-009
  -15.7469374560215       3.664127462178330E-015
  -15.6649196455539       2.344050043264161E-010
  -15.2108222118153       1.746853928214955E-037
  -15.1723627329435       2.684038060647770E-006
  -15.1000933828208       5.956675597781721E-017
  -14.9640666386504       1.249041992823769E-039
  -14.9214123182983       4.333675265790126E-012
  -14.8389307961584       4.985141381347066E-020
  -14.2296251639865       1.450090419154497E-010
  -15.9515937833496       2.697070452830273E-039
  -15.9179829625597       4.760885608456236E-013
  -15.9015232660099       3.607507839191330E-041
  -15.8931713963719       4.558438566822309E-039
  -15.8433942522051       8.885714343900642E-012
  -15.8312677841334       8.040427052522493E-040
  -15.8278197404991       5.444468340737797E-014
  -15.7861583861597       2.465971817898449E-011
  -15.7126214889961       5.351663113385418E-012
  -15.2626269580909       1.305281333504465E-038
  -15.2090519249485       3.081868992811104E-009
  -15.1400969366143       1.373235953230773E-009
  -15.0187360214843       3.010802165839306E-040
  -14.9751945207411       5.914202942244437E-015
  -14.9004330832209       2.283975781705479E-014
  -14.3017865980806       5.192134899453471E-013
  -15.8909690093445       2.315689190018761E-023
  -15.8898448416834       1.141203464701569E-023
  -15.8598636221578       1.563898084918868E-022
  -15.8167138853458       5.608282007867367E-027
  -15.7978778280460       1.271078680288590E-027
  -15.7893482434488       2.739397747864162E-022
  -15.7627208959966       5.216548109447528E-025
  -15.7233290050983       1.867908153437024E-026
  -15.6197891947574       5.685645558682376E-025
  -15.2005716102457       1.238621728786583E-021
  -15.1511144421180       2.353108878584384E-020
  -15.0801389681093       4.768007413877031E-026
  -14.9726176213834       1.087030509943547E-025
  -14.9151528085131       2.799670017412449E-026
  -14.8178137928840       2.517717003937871E-028
  -14.2315298619360       1.608434745540462E-027
  -15.8577782519168       7.814930385869411E-026
  -15.8422437247677       2.725406665694280E-028
  -15.8059026604186       8.970206237602647E-026
  -15.7939597986247       2.752315015745192E-026
  -15.7589040877274       1.982917437579236E-024
  -15.7434924431054       6.840141321272167E-026
  -15.7261005724519       5.685409950224165E-025
  -15.6807788340685       1.476304938174873E-025
  -15.6058626392547       6.051933743546871E-026
  -15.1651682514554       1.010983708384812E-023
  -15.1166383557450       2.561715227129206E-023
  -15.0479794144353       5.547895468979457E-028
  -14.9256733301231       1.257205764821296E-027
  -14.8626556685070       2.826505006299016E-026
  -14.7871115565433       1.218871871615054E-028
  -14.1836397784152       2.072565308087841E-026
  -15.7057656695506       1.420566240536291E-037
  -15.6787064030809       2.776945579899659E-010
  -15.6579181618242       7.715384231741847E-037
  -15.6309268025546       9.156489172624001E-043
  -15.5982370764701       1.566016447330155E-009
  -15.5960900455694       5.810008924594924E-038
  -15.5848976667446       7.229184779562111E-015
  -15.5360014434740       2.040259891829021E-015
  -15.4350798523334       3.244485767046038E-010
  -15.0065068797994       7.592408393149488E-037
  -14.9671739948107       2.705779734631741E-005
  -14.8916328948401       2.770377128590722E-012
  -14.7628819947459       5.605624505490608E-039
  -14.7176961312800       1.890070341902840E-011
  -14.6226104433075       2.875669995769012E-018
  -14.0259595970888       7.099940034638619E-011
  -15.5589747658081       2.444128456547428E-025
  -15.5454739434604       2.273659724269499E-028
  -15.5110964564631       6.056380798542556E-026
  -15.4795829165584       4.911464224059816E-026
  -15.4578073294641       2.502752484083068E-024
  -15.4422627770716       2.784787156678900E-024
  -15.4333707972593       9.042256655951690E-030
  -15.3792921752938       5.122913396969618E-025
  -15.2867517204084       4.638574621026402E-026
  -14.8580269860318       5.025109266077556E-028
  -14.8181823606022       1.043758152667147E-021
  -14.7407422853566       3.843540882696152E-026
  -14.6255020081046       3.854959698834254E-026
  -14.5658564203046       1.238253244745735E-024
  -14.4763729579955       7.624344266916582E-028
  -13.8813754812257       5.263951372000707E-025
  -15.5131171815269       1.042058953694803E-039
  -15.4835537875595       1.718474619027494E-013
  -15.4565746052114       3.176032441633318E-038
  -15.4443601544064       4.226116055881501E-042
  -15.3998985829180       2.196635081709583E-039
  -15.3924409810645       1.618504524641708E-012
  -15.3905712263694       2.708337744013662E-011
  -15.3394175637012       1.457175495021039E-013
  -15.2486499545681       1.050856618207420E-012
  -14.8150447415378       2.124112985561365E-037
  -14.7712737150229       1.972424552499811E-008
  -14.6958250827348       4.315966568592663E-009
  -14.5695888624314       1.239115945729548E-039
  -14.5218535057465       2.106230924990548E-014
  -14.4300850651580       1.410225376461057E-013
  -13.8299977236581       1.786309654999635E-014
  -15.5741233646988       1.323482876860638E-024
  -15.5527181398886       4.456349952132992E-023
  -15.5295169685721       1.067599769081962E-023
  -15.4831320301237       2.552970385038457E-027
  -15.4530190537815       3.638791205654664E-030
  -15.4455220900057       8.150251090712425E-023
  -15.4219096235588       1.330211185969707E-026
  -15.3753780728036       3.457868080760335E-026
  -15.2613720309215       1.310835231707910E-025
  -14.8601185617639       7.806412577818729E-022
  -14.8085958346020       2.767072102895127E-021
  -14.7347652005682       4.361460255431374E-023
  -14.6478958387263       1.041152445523606E-023
  -14.5828191887958       1.162454616894461E-027
  -14.4661777349191       3.005150961113268E-027
  -13.8920224183423       6.710952544269291E-025
  -15.5809505605010       5.985671106441140E-033
  -15.5802382004394       3.869153324898606E-010
  -15.5268970029772       7.757162155334489E-037
  -15.4762277210827       6.660717508129401E-009
  -15.4536375759411       5.574803330845403E-043
  -15.4361525911271       8.601702711645133E-042
  -15.4015844995187       8.469052858617318E-014
  -15.3559528069299       5.488130192559518E-014
  -15.2142948737330       5.147808189085845E-010
  -14.8641115151705       5.547152761201767E-036
  -14.7958891926718       5.042139733947003E-006
  -14.6919791748707       9.854279600824698E-013
  -14.6590630024291       8.322526838628229E-037
  -14.6204155673145       5.651671367573370E-009
  -14.4440568046844       7.727883111755518E-017
  -13.9014803418800       3.601298246809513E-011
  -15.3565351117778       1.400312953367476E-026
  -15.3282931632402       9.773265493036170E-025
  -15.2878185232319       3.279189993216734E-024
  -15.2222161069684       9.472244221783347E-023
  -15.2054027990773       3.738682093092967E-024
  -15.1960532099003       6.036031302330850E-030
  -15.1543048551774       1.048897530218960E-022
  -15.1253634899991       5.770050213163986E-026
  -14.9945002215839       4.588909126969782E-024
  -14.6108712614289       2.927121717191978E-024
  -14.5671001693449       3.443005249466929E-022
  -14.4587257756389       5.615382201906871E-026
  -14.4226963953284       1.943488777520552E-024
  -14.3560992963286       1.591253915142354E-023
  -14.2103196879455       4.373114531104721E-025
  -13.6456066417097       2.021017398483585E-024
  -15.2866785080141       3.396552658546249E-026
  -15.2504827271757       1.867797998940276E-021
  -15.2332745670170       1.507422534595372E-022
  -15.1712611540088       1.580694361017997E-025
  -15.1478760719917       9.414472147201608E-023
  -15.1344946142358       8.728167169034665E-025
  -15.1005440983164       9.280585582863343E-023
  -15.0599741757708       2.515451057990001E-023
  -14.9333752810457       5.418905033453154E-025
  -14.5570301798721       5.185137169586784E-024
  -14.5040637540000       2.457673238888780E-019
  -14.4168857269669       1.282334833867176E-024
  -14.3585856378467       6.847963950200942E-024
  -14.2894410568552       3.351266127768214E-025
  -14.1554385808976       3.132038932320575E-023
  -13.5973727080016       1.128018865490811E-024
  -15.1003694006443       8.353435142206666E-037
  -15.0687785860331       1.010831171409267E-011
  -15.0449714309975       2.913206577324972E-036
  -15.0363389398079       1.154418105985938E-038
  -14.9876276757795       1.075875224269527E-035
  -14.9875028043718       1.082817316700010E-010
  -14.9750077122378       4.713993472844764E-010
  -14.9314536795428       3.353090497771413E-010
  -14.8403390366732       7.066040105434850E-011
  -14.4067218576608       4.128999923694485E-038
  -14.3574557788969       6.373522282686592E-008
  -14.2886115131476       2.921335289956329E-010
  -14.1587414333160       1.053389265018096E-039
  -14.1120638911478       2.027676776637314E-012
  -14.0274216038304       1.239057020528537E-012
  -13.4285146177257       6.938808834912511E-012
  -15.1826410489259       4.408391858299263E-011
  -15.1744359187307       2.351935733126310E-035
  -15.1405914985881       2.249963796098342E-035
  -15.0875734222095       1.292273698725036E-037
  -15.0806290496362       2.831584234497025E-037
  -15.0621941524429       8.949115893183516E-010
  -15.0401529889714       1.551180348614431E-010
  -14.9981021575028       4.404848003562436E-013
  -14.8975662097563       7.295893597849396E-010
  -14.4768564233426       1.069416372276461E-036
  -14.4326234804698       1.018479361020241E-005
  -14.3478342966443       2.008898124546453E-010
  -14.2636092458469       2.376057431097277E-036
  -14.2004161030366       3.078378556938833E-009
  -14.0977759573159       1.183881586032730E-011
  -13.5157961743840       2.398306159570560E-010
  -14.9744422324258       2.591301973522357E-012
  -14.9721315780927       1.602815914394823E-034
  -14.9220153331628       3.026948491574461E-037
  -14.8785636881193       8.286215183924838E-044
  -14.8705230417899       3.314769372096943E-042
  -14.8395133994106       9.496637478330692E-011
  -14.8353433987859       4.933029272070608E-013
  -14.7782421770109       4.721639097633122E-015
  -14.6803734144624       5.107952431120368E-011
  -14.2690134994763       2.033108905706894E-037
  -14.2258308363399       6.666004678910295E-007
  -14.1384476655296       1.658424011183871E-015
  -14.0508446752491       7.268149603980097E-038
  -13.9806138725779       3.211848266016193E-009
  -13.8795329357113       1.489263308087325E-016
  -13.2982463029725       1.662810921674544E-012
  -14.9135381903067       1.029580305714045E-040
  -14.8935118852853       3.069158490420527E-015
  -14.8602615636459       5.147787901059305E-042
  -14.8245646833889       2.570258461525582E-041
  -14.7972660048789       6.856123688041742E-013
  -14.7810902791296       2.379097844061122E-043
  -14.7552910739917       6.628156455967888E-015
  -14.7312670579617       1.280932597498369E-011
  -14.6075295107421       4.259329654106061E-013
  -14.2092538563373       4.734616146972758E-038
  -14.1538154303954       2.636419794638127E-008
  -14.0615915962930       4.061588499849426E-012
  -13.9756026604017       2.569617446163869E-039
  -13.9359205558014       1.732481875794731E-012
  -13.8045146393063       3.961648096954627E-012
  -13.2253305814452       1.447840689159291E-013
  -14.7825118415212       1.455707276112468E-042
  -14.7524437266960       1.583767107548274E-013
  -14.7316422216115       1.726971121297988E-038
  -14.7203357505681       9.211470554990004E-042
  -14.6773127377114       9.185113000927823E-012
  -14.6769454428115       1.377048349959952E-036
  -14.6630598461875       4.021273200449391E-012
  -14.6177023807411       1.470227645019966E-012
  -14.5285872243929       1.830638335409980E-011
  -14.0918145074527       7.189327292823993E-039
  -14.0447215275718       8.464494239510428E-009
  -13.9806935022466       1.023880019145115E-009
  -13.8442303266729       2.529418193276222E-039
  -13.7972656135194       2.577513030865271E-013
  -13.7193770934569       6.779065836842585E-013
  -13.1195969800524       2.687118836793867E-012
  -14.6601577267238       1.181119741730921E-037
  -14.6378423081148       4.178879080974859E-013
  -14.6125360337174       2.024677446047386E-037
  -14.5785204537329       9.501993661972893E-042
  -14.5548111158836       4.383246930582203E-011
  -14.5428403805120       6.340402673421901E-044
  -14.5227556507008       5.852111425399427E-015
  -14.4897488297793       2.601397329775701E-014
  -14.3749276908207       3.268139659944706E-012
  -13.9629423256978       2.314281545059413E-036
  -13.9157951937348       5.694637842370887E-006
  -13.8349822134422       1.158180065841746E-015
  -13.7279505190620       1.552112061059442E-037
  -13.6884705139386       3.222098630211786E-010
  -13.5730077451703       6.279011626659364E-018
  -12.9916258095279       4.782582547885944E-012
  -14.7092269238562       3.223938498110984E-009
  -14.7016005652834       3.931820176503426E-036
  -14.6652903102564       4.134268893857028E-038
  -14.5815282874462       1.721923607258840E-007
  -14.5734494988133       2.018737021944241E-041
  -14.5484186600555       1.827007685963650E-041
  -14.5212651065851       3.177857307537579E-016
  -14.4796671297895       7.132878141739321E-017
  -14.3092820384034       9.752564816089695E-009
  -13.9600428637850       3.428432463416174E-035
  -13.9049156140277       3.602561964973372E-005
  -13.7806802048575       2.852548109287790E-013
  -13.7561210824104       1.075715603695129E-035
  -13.7237517935902       5.502373179470737E-010
  -13.5149976717199       2.890617957680788E-014
  -12.9502254454102       6.357294293083767E-008
  -13.7724595962753       4.980899107550754E-040
  -13.7508535436701       3.959078079229228E-013
  -13.7250196607603       8.121002166502856E-038
  -13.6945568171297       1.749637999912331E-038
  -13.6687915131764       4.693938317166534E-009
  -13.6552819602734       2.099428267976488E-038
  -13.6267405623282       1.541909801990540E-009
  -13.6007345137321       1.293043248288814E-015
  -13.4952338133417       6.442494746886844E-011
  -13.0837551932554       9.286735853977936E-035
  -13.0277764815358       1.201952645844501E-004
  -12.9541420289806       3.500547524484313E-009
  -12.8484010462858       6.468957405457006E-037
  -12.8021237718634       1.570892767046600E-009
  -12.7022773622226       6.001852053277598E-011
  -12.1227138037641       1.039588734992339E-009
  -13.7198791258627       7.488327913178419E-044
  -13.7011617878644       8.623524896570398E-017
  -13.6737301690024       6.254389941869058E-047
  -13.6226825017469       8.475824037674167E-039
  -13.6084263450211       5.794054699310760E-011
  -13.5820467612970       2.436798122428712E-039
  -13.5612883281807       7.932514198822417E-009
  -13.5324031888652       4.457770323336694E-010
  -13.4098634722195       2.183168930015532E-013
  -13.0171103051780       5.305185177387066E-036
  -12.9711022995890       7.601506117362913E-006
  -12.8664772095040       1.008890808235805E-006
  -12.7887340027251       1.135964653820243E-037
  -12.7492773176318       2.899770242154412E-010
  -12.6148502342264       4.158526298191042E-009
  -12.0403248102598       8.106843037724183E-013
  -13.1853977833329       1.985146835884257E-028
  -13.1357879467696       1.179656098773824E-022
  -13.0261168780050       1.231641247204763E-021
  -12.9989369136393       1.898418517255639E-033
  -12.9385033544723       6.959858638836083E-024
  -12.8795869787806       4.704563888645225E-027
  -12.8785828989621       2.856063865790697E-027
  -12.8261656330224       2.829080166319575E-030
  -12.6384184185805       1.155571085089717E-028
  -12.3859519946755       5.811722017001656E-019
  -12.3315710980779       3.624944080860640E-019
  -12.2082494999585       2.069733670257054E-019
  -12.1806818424562       2.957129520111398E-024
  -12.1249719832777       3.894984113853128E-022
  -11.9020846507451       5.867476933624549E-028
  -11.3953670905896       6.233034024569281E-027
  -12.3127272176705       1.328753020584168E-010
  -12.3121838789343       3.113161889138883E-033
  -12.2529254803662       2.217097941006738E-038
  -12.1967725385205       1.889920974039854E-009
  -12.1678352974795       3.459732760616529E-042
  -12.1314557640489       9.279186708959838E-042
  -12.1128102104815       4.715154701733316E-014
  -12.0394732123117       1.394658104827704E-012
  -11.8748147427517       6.768974775060453E-013
  -11.6097294888008       2.757963856384359E-034
  -11.5352404923072       3.939001704783730E-004
  -11.4133967032783       8.584604504369573E-013
  -11.3925295065244       2.134552193918442E-035
  -11.3454637507616       1.803885094528722E-006
  -11.1387759282440       4.835043635621575E-014
  -10.6317944507730       1.381313507586123E-009
  -11.8908538021731       9.412402766822168E-015
  -11.8764483935869       3.585775546627774E-041
  -11.8254899768970       9.454703596498145E-044
  -11.7748920595521       4.200097996078433E-040
  -11.7313508142927       1.320124074101038E-040
  -11.7191017228502       3.834684813297411E-013
  -11.6966018152244       6.174453049381007E-010
  -11.6414178928630       4.406722342917591E-013
  -11.5307178245180       1.653172327483242E-014
  -11.1910528293198       1.671826129149500E-036
  -11.1222706094825       2.787041758988333E-007
  -11.0015250231138       2.090019479486471E-008
  -10.9730416950355       3.648541416174636E-042
  -10.9008659249140       3.519410337153362E-010
  -10.7567059713619       2.211510333715350E-010
  -10.2097789468473       1.145055834937477E-013
  -10.5976244975952       7.842037099719469E-027
  -10.5319542772596       1.728053430470033E-021
  -10.5119503424027       1.933223559283056E-021
  -10.4158918169356       3.916093089666480E-023
  -10.4048204138516       3.997055321790428E-027
  -10.3244977228163       8.561339284538179E-029
  -10.3207757872722       6.133597951511982E-028
  -10.2487809747953       3.508321522749656E-027
  -10.0538121455054       2.124456090500667E-026
  -9.82054700796075       1.269810395536343E-022
  -9.75537052991747       6.897160113410467E-022
  -9.64697254754710       6.959014260637444E-022
  -9.60737181945407       1.278165964156780E-026
  -9.58573954430307       6.099162799628933E-023
  -9.33159359326801       2.229985004313387E-028
  -8.84170667445662       2.047739609504585E-028
  -10.5548062848857       5.967978936869164E-027
  -10.5041274300075       5.755660796098569E-024
  -10.4297169434943       2.347794722140898E-023
  -10.3594570656033       6.276118932166342E-024
  -10.3180508020698       4.617673762169458E-024
  -10.3148218564905       8.244908585228422E-024
  -10.2710187962183       2.625362003219926E-025
  -10.2213968084146       7.312502462545717E-026
  -10.0709043860304       5.366486219775547E-025
  -9.77959426952107       2.416076307566547E-024
  -9.71868316941143       4.381614305159037E-024
  -9.60541205674012       9.856090657189421E-024
  -9.56548235893926       2.245809922587891E-029
  -9.51660365568288       1.425064150191412E-024
  -9.32044239917945       9.140176553017725E-032
  -8.79759130556638       1.015453779911218E-026
  -10.3421226933472       3.635333969164455E-035
  -10.3363847223372       1.712970870284693E-011
  -10.2812028326782       9.595196257669218E-036
  -10.2279998958513       7.600542348315171E-009
  -10.1710114268749       4.549948096964603E-045
  -10.1498139557063       6.502552137026266E-043
  -10.1237335910437       4.261092087663372E-015
  -10.0745346296272       3.269754043826235E-015
  -9.89018255476855       2.885968813136972E-011
  -9.62361461745775       7.242738140262288E-037
  -9.55842131324566       4.457868589696127E-007
  -9.41650369904755       3.645192695042069E-036
  -9.40889539442179       2.150804938296847E-014
  -9.39162576422866       5.003233026298731E-008
  -9.15307828552246       9.946420427998779E-016
  -8.64483458315555       1.635263264743476E-014
  -10.2333050711397       6.297183671270474E-010
  -10.1840937420585       3.565938049192498E-036
  -10.1295989394869       1.107551456097116E-036
  -10.0437167555671       9.709945543598404E-043
  -10.0194773422032       2.977897128043973E-043
  -10.0108488644279       1.807447281528004E-009
  -9.95948198167482       4.130566389295955E-018
  -9.91854009410830       1.791632370975390E-018
  -9.76273278262474       7.763646759293775E-009
  -9.47312792601118       2.858499257892074E-036
  -9.40696540671080       2.340717400973807E-006
  -9.29024693054309       2.058029671691167E-036
  -9.26185032975997       5.653097462171304E-014
  -9.20378786140667       1.583793790095238E-007
  -9.01296608025083       6.349424417417917E-018
  -8.49075593505926       3.585752216325032E-009
  -9.93399065347502       2.151633492343748E-009
  -9.90544406451284       2.583825073811017E-036
  -9.87060552469319       3.195011717442707E-037
  -9.76523362405986       6.173526860557626E-008
  -9.76396395058676       1.325668651484992E-037
  -9.72393499724682       3.137132817026775E-042
  -9.69766110950444       1.333127539151607E-016
  -9.64946977728988       4.590508881200770E-016
  -9.45638855348181       1.276882202399758E-009
  -9.16945568001499       1.302087375869015E-035
  -9.11510578765658       1.177926017429290E-005
  -8.97606712024542       3.379767871461382E-036
  -8.96615617840809       2.367969042445167E-014
  -8.92555355497972       1.640733275060517E-007
  -8.69194227981121       1.514369650408986E-014
  -8.15766817107741       5.292977772762783E-008
  -9.91170871148767       2.469711229415785E-040
  -9.89891128033993       2.629303780777822E-015
  -9.84930547582070       2.793489775935571E-040
  -9.78490859455852       6.545424814972652E-013
  -9.76231465092581       6.519873077730146E-042
  -9.71665931536512       1.966429122066076E-040
  -9.68218349405836       1.075554443248972E-011
  -9.67188611845058       3.863708925023312E-013
  -9.48876465812508       8.454051081673099E-014
  -9.20191766151782       2.707839856846460E-038
  -9.13533340571536       6.321504967917377E-011
  -8.98571375917718       1.524601203737410E-009
  -8.98430190759290       3.290429966435273E-038
  -8.95902705617080       2.091016218097719E-011
  -8.73937319982118       9.408373220222300E-014
  -8.21799810649907       1.923224687517545E-014
 -0.837741927044434       1.953210508436040E-010
 -0.817804422892969       4.433256008815372E-038
 -0.767369526088679       1.062624779906617E-039
 -0.667453436651883       4.055724772335466E-046
 -0.652411948804488       7.437397810230461E-009
 -0.635989029801944       3.004412610864472E-042
 -0.589743229887471       1.395867112788648E-017
 -0.540616021566059       6.077452910321067E-018
 -0.355271103807500       2.841359836464151E-009
 -0.109697142184633       1.824893835088582E-036
 -3.587377808716852E-002  1.328566660761415E-007
  0.100910033526109       3.542204455373171E-037
  0.113735911425998       4.649654291765689E-017
  0.167973295824464       7.522252291547327E-007
  0.384558383971239       2.869231595442354E-014
  0.894595934241352       3.483907105251963E-008
   1.35129360020764       2.724624984334638E-026
   1.42281954388108       1.803261141111576E-023
   1.49701534877152       2.764258226850368E-021
   1.59126195783472       9.500995332635737E-031
   1.64112769801422       2.157214934198445E-024
   1.66791165232759       4.750192712939417E-030
   1.71464674499282       6.945111950475827E-029
   1.77350737622317       2.317592266319471E-031
   1.98966097976554       7.354295297875412E-028
   2.14460076402618       3.205306845806654E-019
   2.23116493597668       2.298334439099219E-021
   2.33276883872297       1.658292704909333E-019
   2.41171972623468       2.856095085746011E-025
   2.43530308818965       3.938582780864518E-022
   2.69845595551255       7.842864106368765E-028
   3.17815462000504       1.567846476611684E-026
   2.00159932241730       4.184064913049054E-038
   2.01008353512053       4.394597589372523E-012
   2.06702459821700       1.269779553243160E-036
   2.14102822867083       1.385277023432113E-009
   2.20463108326649       1.778511637055793E-046
   2.24803887889921       3.394037260913735E-044
   2.26093484772655       1.744082856792300E-014
   2.32668289299049       7.539058841464936E-015
   2.56048964764259       1.461238335175169E-014
   2.72418273418122       2.327948800433210E-035
   2.79449850361146       1.196291810591991E-004
   2.94644423899479       7.642672172815281E-035
   2.97347910742032       6.751033829386713E-006
   2.98323258301684       6.704934500065173E-010
   3.26794908417514       1.314502916140055E-013
   3.74550879147721       7.487030499507505E-011
   2.33284564614193       4.038397729260579E-015
   2.34533640597098       1.081582084796383E-039
   2.41282202515189       8.837637422814513E-043
   2.49912568213274       4.465443487108462E-042
   2.53749173811030       7.923072633021418E-012
   2.54278579247573       8.718201201569939E-041
   2.58751820494746       6.285991785584761E-014
   2.63873797568866       3.863323527123032E-011
   2.80656598034825       2.714442926680195E-014
   3.04074379538920       2.104813301392326E-037
   3.12154617915300       1.599435178080881E-007
   3.26351959434147       2.318261655811045E-041
   3.28742873628897       1.507086144551143E-008
   3.32909414921536       1.918706468628679E-009
   3.54714906120477       8.740997087638890E-010
   4.05978203829030       5.365391890390851E-012
   10.8649654069595       6.357300011015839E-026
   10.9233769907002       1.611342863646507E-021
   10.9528571642343       1.682731431671112E-021
   11.0854292013803       7.078456225666860E-025
   11.1036702429049       1.681048846430096E-028
   11.1591362902664       2.022642919815475E-027
   11.1965008060282       2.361386278568738E-028
   11.2562530725617       5.119139638156027E-028
   11.4970845534699       4.543210353506687E-026
   11.6168131370951       7.143848127052108E-022
   11.6977318699838       1.598680205134738E-023
   11.8292635356872       4.628227813098747E-022
   11.8939852008321       2.080604219522073E-028
   11.8990076102627       5.221509391196027E-024
   12.1926171586238       1.282538513231374E-028
   12.6593415452120       1.192285540453112E-026
   10.8904820997643       3.403048683560133E-029
   10.9465725272799       1.278314913243384E-023
   11.0146225478445       2.893978827962633E-023
   11.1283030067380       2.864520782095538E-025
   11.1486305112882       7.985859135151074E-024
   11.1656865759206       2.421047821280150E-025
   11.2232052646113       9.514762876121392E-028
   11.2779292867528       1.221573819633094E-026
   11.4703025575484       4.614424718887934E-027
   11.6412052866970       4.393769402766792E-024
   11.7304565768111       2.214211481491696E-024
   11.8539610821365       4.805412534299078E-024
   11.9094986413346       1.177626340882333E-029
   11.9475649542829       3.782705890230140E-028
   12.1924745291295       2.676135181777634E-028
   12.6863162540306       1.177335743398046E-027
   11.0392646237078       6.343122379836530E-010
   11.0419349777543       8.628247000338667E-038
   11.0979473507210       5.485085098627265E-037
   11.1888079900737       5.315050886999060E-009
   11.2421506538025       1.103213571804040E-044
   11.2771858155683       4.123559223911755E-044
   11.3082114725664       9.164149794880124E-016
   11.3551805475858       5.193169428328639E-016
   11.5907436573425       1.259633383962673E-009
   11.7437295912908       7.016298926680993E-038
   11.8125171263939       3.504380551062677E-007
   11.9735579569970       5.106601951611126E-038
   12.0070609010395       4.060437989865990E-013
   12.0106296253958       1.757657721602464E-007
   12.2964994831446       2.829415553025625E-020
   12.7736815977660       7.881599319638378E-012
   11.0723127465553       2.946051191216952E-011
   11.1331676265990       5.071375049133890E-036
   11.2022727891328       1.074913705821937E-036
   11.3131385292329       5.346764584283364E-043
   11.3427276111189       3.795260413835797E-043
   11.3550963202191       2.211179409442254E-011
   11.4153085291767       3.714474346004463E-018
   11.4698940586436       6.476957868502048E-017
   11.6670483161534       7.509611399491508E-010
   11.8296161742569       2.643780286889241E-037
   11.9207327262467       1.737440522998679E-007
   12.0407518897394       1.472947094263484E-038
   12.1008868315569       1.129675483057984E-014
   12.1376130133695       4.195527135522868E-011
   12.3861094046224       2.960524574593271E-016
   12.8770576323743       2.419347705188064E-013
   11.3105406783442       4.794400884622431E-039
   11.3163615961271       2.452335082078709E-017
   11.3755425866224       8.509464183645585E-039
   11.4698521297423       6.452880057999803E-015
   11.4946833372533       2.114874385305559E-044
   11.5363978019023       1.168393105261748E-043
   11.5751219479416       4.499485365600324E-012
   11.6039291610664       8.418026634136754E-013
   11.8226689586400       3.554746833655852E-015
   12.0055330771563       1.458343858114013E-038
   12.0769454358766       1.050211828934794E-010
   12.2416186140975       2.495244596229531E-041
   12.2608701571875       1.602967345821460E-010
   12.2800037955528       1.049432450278768E-011
   12.5420330498951       2.345241936011025E-012
   13.0325828485717       2.170984257533282E-014
   20.0521902866973       1.472797759567817E-010
   20.0723155050163       1.926547213819259E-038
   20.1328970422738       2.092079425589592E-039
   20.2483689864386       5.095414858776582E-046
   20.2594131130435       4.699243775438969E-009
   20.2872073720456       4.417037835852168E-043
   20.3339970478645       1.152414639938911E-017
   20.3886469561067       9.728116196207281E-020
   20.6001762085564       3.499259002329273E-009
   20.7806632515460       2.143924717435890E-036
   20.8629981815301       1.428137101200025E-006
   20.9968990728018       7.681484493833132E-037
   21.0382709198444       8.487585250866202E-014
   21.0638455303744       9.886499034535059E-007
   21.3184646610735       2.689174131453219E-014
   21.8073325012592       6.600687391057103E-008
   80.1016575387924       8.121917255986438E-011
   80.1153468090911       8.567714349494263E-040
   80.1896393700256       7.804366911307042E-040
   80.3124920020538       7.914893307245734E-047
   80.3241340139684       6.897883072224493E-010
   80.3616054163779       8.337299462916485E-045
   80.4036769898362       4.955274407442568E-019
   80.4667095651800       5.529737467254702E-020
   80.6984421533355       2.785834175553106E-009
   80.8218533358996       1.030338484031472E-036
   80.9102382075316       1.358108795014563E-006
   81.0438414154657       1.579324772104409E-036
   81.1065603863998       1.149249903956925E-011
   81.1089294589538       1.432114632017540E-006
   81.3937342551146       2.363127355236396E-014
   81.8599627568476       7.521180000359036E-008
   178.804640563026       1.165154085070712E-025
   178.825366343831       1.920315848195866E-023
   178.904432871616       5.329123064576558E-023
   179.037778686327       3.025434281105618E-031
   179.051242915609       5.667431115273340E-025
   179.090605775353       1.471911587690545E-030
   179.133990321670       1.527600436954581E-032
   179.202665646109       2.420250545341759E-033
   179.449901685094       4.294550906081675E-026
   179.517127900208       2.212631615529941E-021
   179.609739620624       5.554533134304629E-024
   179.730530339233       6.542313295443141E-021
   179.796999578358       1.290562355508185E-021
   179.822307079133       5.436475073309523E-027
   180.110120851604       4.125444094527025E-028
   180.541166281142       1.477687997049973E-025
   178.909149532705       2.636252390253547E-035
   178.909327422191       3.314161844781985E-011
   178.991109515845       1.161009120069312E-039
   179.118128075953       4.257245720470077E-008
   179.126441798947       1.682449815279835E-045
   179.184241602329       4.911568478210116E-045
   179.212554296975       2.639232767912959E-016
   179.278648877269       1.210527855039964E-015
   179.532767296569       2.388718143196871E-010
   179.603530268155       3.732667037513621E-037
   179.689350262392       8.354012720911282E-008
   179.825411597303       7.031560904407742E-037
   179.871890453199       2.216209224450220E-006
   179.904603949454       1.645650253390884E-013
   180.192111459846       1.913420665250032E-013
   180.621875040537       1.063580614839587E-008
   178.954860732647       2.835270399021391E-014
   178.958687998410       2.560725688335401E-043
   179.044362630752       1.683059552706563E-041
   179.167641926886       2.482776203608658E-043
   179.180174000824       3.506272097653900E-011
   179.221790652016       2.815237701302631E-042
   179.258993420867       1.867208246356665E-015
   179.322913682535       1.704710362117228E-012
   179.562835789580       5.271675355389340E-013
   179.648961892234       6.577937380702284E-037
   179.737801105255       5.702552497252051E-011
   179.870734031826       3.077692553365382E-038
   179.925373454961       2.139810004403654E-009
   179.946764596326       1.778075585232761E-012
   180.229584975638       4.586310938341396E-010
   180.668378898821       2.643430664307585E-011
   285.634018890851       6.901364807408293E-029
   285.641130244680       3.130807801510368E-025
   285.725372962472       2.463214711073743E-025
   285.861956792401       5.566339818089210E-032
   285.863803162923       4.095366564847861E-026
   285.918057091649       1.924031111159525E-029
   285.951653721181       4.870343588878992E-031
   286.022309481390       7.910807966338033E-031
   286.276198801710       1.987086006888831E-026
   286.327407538290       8.679724665760803E-024
   286.414272864752       4.963926119701836E-025
   286.558045118176       8.985441726062248E-025
   286.616787870395       1.069596483888731E-025
   286.634527118930       1.717189778295658E-033
   286.935198911376       1.396657727041670E-031
   287.367761655737       2.644060562456695E-029
   285.638355747374       4.920193330865056E-030
   285.650282903811       1.154949741193576E-029
   285.737030394168       1.306939473197955E-026
   285.861354000670       2.395198477022643E-029
   285.882667266813       9.978402624013153E-027
   285.915311261948       1.374181589534173E-030
   285.956248064357       9.056272595411333E-032
   286.026598707570       1.574961547230824E-030
   286.267294648186       1.187663653457552E-031
   286.331848395911       5.662309599060936E-026
   286.423640636831       1.198520645079438E-028
   286.562307735559       5.333715503667632E-027
   286.627676636430       3.782568468961998E-027
   286.634298603337       2.728271980051165E-029
   286.933055362609       5.574172908418122E-030
   287.373023287639       6.724709930202526E-029
   285.666429778899       3.175299775726927E-040
   285.670975824451       2.907500182456175E-012
   285.752632212363       1.697527758091678E-041
   285.880848018309       5.312966492570583E-010
   285.886542924471       9.205131297449071E-045
   285.943842920172       1.894518873104993E-044
   285.968961512408       2.044929095949307E-018
   286.037917591515       4.985371225590981E-020
   286.290695840489       6.976840142416201E-011
   286.353857762224       3.336419956010253E-039
   286.433754530326       1.523197664018110E-009
   286.587361473231       1.933252556553021E-041
   286.635941854277       3.227307014315368E-010
   286.653008079649       4.421733221897225E-017
   286.952546536747       6.083314370659685E-018
   287.388073643171       3.918502994356325E-013
   285.671393164727       1.241297419709794E-011
   285.685018422075       2.332831886732422E-039
   285.771288557924       4.567484865363264E-040
   285.897013923997       7.145655957399483E-045
   285.918178670228       1.753783487429195E-012
   285.950933407071       2.512004756122127E-046
   285.992830397422       9.338539147778214E-021
   286.063485352420       1.068909756537539E-021
   286.305429984212       1.402114687573687E-010
   286.366780393915       7.122103969809329E-040
   286.459446422391       7.741024087010624E-011
   286.596750249082       6.508338823694528E-043
   286.663427663920       9.344315192332758E-011
   286.671034372116       1.051168380638940E-016
   286.970149313522       9.088396086725341E-018
   287.409012103295       1.452171307673209E-014
   285.720207737818       7.977970089571278E-042
   285.725552879519       2.624720722880263E-020
   285.807711596051       1.835378129991072E-042
   285.936304689393       1.090856674886628E-045
   285.936358340600       5.566496132821638E-017
   285.993290579704       3.601884469993141E-044
   286.019176705604       1.723006070430635E-014
   286.087569799550       7.137164850563734E-015
   286.335124247344       1.693643148583035E-018
   286.406071271168       4.774925549541252E-042
   286.486255487893       1.153737828193511E-013
   286.640166874265       1.025847105923063E-043
   286.688933168048       5.332056497474072E-014
   286.701633925078       2.918542929506198E-014
   287.000196660637       8.767933346168272E-014
   287.439217456585       1.855347179804191E-015
   292.901954815131       4.298912003667745E-012
   292.906448509811       6.663686880979484E-039
   292.991055618483       3.102396675400289E-041
   293.116435145685       5.286712787534080E-049
   293.126834578540       2.924109243195343E-014
   293.172020530083       5.790549643819617E-046
   293.205696560700       8.099267581480977E-021
   293.274827694566       5.047917819564040E-020
   293.517165663830       2.289452939259424E-010
   293.595704720679       6.641989459875148E-038
   293.682183478312       9.630304393265041E-008
   293.825329154115       1.569393839315044E-037
   293.883945110726       1.192161667262608E-007
   293.891503997331       1.042550097466098E-013
   294.187596255004       1.729688905929901E-015
   294.631044879304       6.100907834211783E-009
   594.029598607041       3.529678722442067E-039
   594.030927345385       1.453970887020781E-013
   594.118043312239       1.394167284328446E-043
   594.244077912903       4.260568063885394E-051
   594.251719978753       7.139465661341106E-016
   594.301197508244       2.640228183300320E-047
   594.328818523639       4.691183304562758E-020
   594.399917608815       5.402978993717434E-021
   594.645092589115       9.038705244722275E-012
   594.703013811880       2.163321522995967E-039
   594.784935444683       1.784806984621045E-009
   594.936168183858       4.577441596733326E-039
   594.988431579898       3.106333158342499E-009
   594.998864380153       1.478436058743508E-015
   595.299679212763       4.233933091408754E-017
   595.728801044685       1.561752260788884E-010
