                  1264
  -19.2886996469466       2.536967301980539E-023
  -19.2741815398483       4.963264833726132E-026
  -19.2336905659303       2.631506292494005E-023
  -19.1991868367313       1.649139683433884E-031
  -19.1582076983601       8.649286276585859E-030
  -19.1533867927352       7.505779040410288E-024
  -19.1362299990631       1.863276018115000E-030
  -19.0825597265364       6.187174626190512E-031
  -18.9585747206241       1.782626178268355E-025
  -18.5606052812323       1.126071272541614E-021
  -18.5010425895302       6.861381651556085E-022
  -18.4142031785519       1.492745740910934E-028
  -18.3265655601113       1.032376660281849E-019
  -18.2704141346486       4.443324815211480E-021
  -18.1415921422923       4.039949926464875E-029
  -17.5486048888491       3.336273947784180E-023
  -19.2018122067953       2.039726739546127E-027
  -19.1730467191592       1.483276310857101E-028
  -19.1356797694926       7.562572772430167E-026
  -19.0899919657054       2.390356345384213E-026
  -19.0559613673253       3.333789347486816E-027
  -19.0343515080648       4.486181704046699E-026
  -19.0290222164843       3.355660443897826E-026
  -18.9686427809121       6.929336605494573E-029
  -18.8447452816907       6.423034979197760E-033
  -18.4748811503952       7.509209962436162E-024
  -18.4241760309041       5.656893167419501E-027
  -18.2989118145402       1.776711209803099E-021
  -18.2277469027947       1.243045427208534E-022
  -18.1756427526457       1.776324888798527E-027
  -18.0336345186868       4.711591473534448E-025
  -17.4493887254846       1.643462887348874E-031
  -19.0883062118030       9.053110740239414E-026
  -19.0761609436300       7.945548261386809E-026
  -19.0209007615235       1.307737322789450E-028
  -18.9982743656566       3.089785467952430E-025
  -18.9617631089216       4.586690509966662E-027
  -18.9135970348782       3.607094723975985E-025
  -18.8935167012658       9.922123676224216E-025
  -18.8644135904785       2.489950808300782E-030
  -18.7552721519668       1.552322656849834E-029
  -18.3754280557828       4.398379814780852E-025
  -18.2955841619318       4.131872365327646E-023
  -18.1852449003930       7.321061278513517E-023
  -18.1407658156159       2.097275538983109E-022
  -18.0908003614588       9.974891668708354E-025
  -17.9478108845858       7.551566954355346E-026
  -17.3716825848079       9.453692492039883E-027
  -19.0157659660941       9.326077213377803E-023
  -19.0134638823010       1.043348205256161E-021
  -18.9779256437222       4.262606021214420E-022
  -18.9310512185890       9.164144882957242E-026
  -18.9017171145246       4.070591942772617E-023
  -18.8744305853501       5.129852613563585E-025
  -18.8738634551689       4.307706370736261E-025
  -18.8094582951807       5.952756839503817E-029
  -18.7200414329404       1.660578394754251E-025
  -18.2906906537399       5.059420648900547E-022
  -18.2464666586296       9.029474156937232E-023
  -18.1294964080763       9.422433472772392E-024
  -18.0794157204429       6.123269451475505E-020
  -18.0233450611372       3.379519372085350E-021
  -17.9073996390494       6.893939555100004E-029
  -17.3179350835660       2.224492676210122E-022
  -19.0123091292803       2.338420533426380E-022
  -18.9982754920111       1.183977828180165E-022
  -18.8944543035935       4.984476952432265E-024
  -18.8904599415892       4.191775164969112E-025
  -18.8680254219942       6.361293872090158E-024
  -18.8489758119825       1.405728852792038E-033
  -18.8381999982567       2.154626209855434E-029
  -18.7162851669350       1.271714048725582E-030
  -18.6186815507371       5.448206397391064E-026
  -18.2721520431146       3.036280076296301E-022
  -18.1710000525085       3.426377769931317E-019
  -18.0987444119524       9.213558628919038E-025
  -18.0445408785279       1.232037193755016E-019
  -17.9915661502092       5.257964228482415E-021
  -17.8157755629306       1.241745040944533E-027
  -17.2414254337313       2.274648323197469E-022
  -19.0044890721120       3.606863937429181E-009
  -18.9804515356834       1.966292037680275E-039
  -18.9005848491583       3.758253506037997E-015
  -18.8610423077201       8.172328660736670E-036
  -18.8472304242611       3.141921423577546E-009
  -18.8329235328249       4.818582470970611E-038
  -18.7742059422273       5.607730633456972E-043
  -18.7335923352552       3.046584160625362E-015
  -18.6217821117609       1.149997139663763E-041
  -18.2223264733635       5.970197331722790E-033
  -18.2036509116054       1.175092916311704E-004
  -18.1069628295578       5.533074275840483E-036
  -18.0180275082960       3.511437707042918E-005
  -17.9992593287929       1.134392836057868E-033
  -17.8298238212159       3.182409740424653E-042
  -17.2660834644472       1.586826321958491E-038
  -18.8516832305541       4.861566976964421E-022
  -18.8450950675230       2.111712642461739E-022
  -18.8084612804117       7.361731883066666E-023
  -18.7516158590780       1.245265476655323E-029
  -18.7267015911956       1.973716145941421E-026
  -18.7258277655507       8.489407955449485E-024
  -18.6862908430415       5.094000165616652E-036
  -18.6457707543528       4.846505673579180E-030
  -18.5176672877100       2.352519541514723E-026
  -18.1225080669068       8.361628234030044E-022
  -18.0597552146741       3.833323418164113E-022
  -17.9700232681855       2.898482733872954E-029
  -17.9062975077489       7.611678987339563E-020
  -17.8450286590633       9.854175098531124E-021
  -17.7129666198991       3.550532326789118E-027
  -17.1323212211089       2.778958413639788E-022
  -18.8646535999661       4.119457062355525E-026
  -18.8432366710311       4.015195023872389E-027
  -18.8038837624397       2.110804822667084E-025
  -18.7423151204659       2.061863751011467E-026
  -18.7210199990703       1.313419675526846E-026
  -18.6799796551971       9.578491545100965E-026
  -18.6448517655381       2.971804028294760E-027
  -18.5876737891764       1.467522492624811E-026
  -18.4756238540671       1.532588108861327E-031
  -18.1258788555630       7.424366600867534E-023
  -18.0780212196874       1.425444025777351E-026
  -17.9062682564025       1.079689031162150E-018
  -17.8984194075812       9.833887954856790E-019
  -17.8541882617426       1.073578753619361E-024
  -17.6755521502579       1.220592428510136E-024
  -17.1129152965525       9.715929635106271E-028
  -18.7848319421395       3.291982973223801E-024
  -18.7671934720315       3.665792119425022E-024
  -18.7375143668580       8.259486358134557E-023
  -18.6889600362303       6.981429971831967E-030
  -18.6592749002813       1.058837164162568E-027
  -18.6538814534878       2.569659955212901E-023
  -18.6233653479189       1.343815159749854E-029
  -18.5745540639273       6.280599498532907E-030
  -18.4533177321514       1.135385147787525E-026
  -18.0693394115761       2.121439111763757E-023
  -18.0044311561946       3.278799096245948E-022
  -17.9279428688786       4.089463174210107E-028
  -17.8429790760628       8.599445406273822E-021
  -17.7810016722040       1.183612051095657E-021
  -17.6488060472638       2.726065160092550E-028
  -17.0679813234761       9.393310591845323E-024
  -18.7481438391911       7.700115210139421E-015
  -18.7427386850679       3.461832746433563E-041
  -18.6965500284061       1.840255554753014E-010
  -18.6435174768619       4.210308554506287E-011
  -18.6286510814872       7.168515501844412E-013
  -18.6238698598921       5.802919452865353E-039
  -18.6102480584468       1.503046010473196E-041
  -18.5466887819255       5.599327452623522E-041
  -18.4496960405998       1.188413522406855E-040
  -18.0331159154109       1.181807336997378E-010
  -18.0010850110913       5.871396902945011E-039
  -17.8961401613160       1.957403907996477E-040
  -17.8110767432929       2.372654760420701E-011
  -17.7498464768890       2.978290919249420E-040
  -17.6404095679925       1.214227091264333E-044
  -17.0532952863441       4.794762540782033E-041
  -18.6508943932937       4.927880987554253E-037
  -18.6303800978921       6.145365732740274E-011
  -18.6094774174375       2.904479648552189E-008
  -18.5577022829945       1.504039085193418E-014
  -18.5262770111647       8.205455821450865E-014
  -18.5262295807846       9.577244710582185E-037
  -18.4987636630379       3.147209796883120E-043
  -18.4518547810427       4.627486330150049E-042
  -18.3306360011245       1.991518234640064E-042
  -17.9346940595551       1.543299921984434E-008
  -17.8832113640694       2.593095550912798E-038
  -17.8049114342487       2.736077133150622E-042
  -17.7122968110680       1.640793116582071E-007
  -17.6535071755536       1.092287773626598E-037
  -17.5251565453612       9.984989382344902E-046
  -16.9428153339007       4.040682326966620E-040
  -18.3774945599854       1.442906894916515E-027
  -18.3402042860079       4.556859096529235E-029
  -18.3135577270376       1.023668716896940E-027
  -18.2903450657286       5.931831287452948E-027
  -18.2477766953344       1.679118724654221E-027
  -18.2415102208758       6.252942491010440E-026
  -18.2370159041262       2.178354440475896E-026
  -18.1830941928322       8.851109400244406E-029
  -18.0700549629146       1.069147869793344E-029
  -17.6658133484338       5.596235857440859E-027
  -17.6208125353548       2.259686774660524E-026
  -17.5309532491263       5.111463154172063E-024
  -17.4102215484667       8.840856855251044E-025
  -17.3659460602902       6.195650330403435E-030
  -17.2503748871250       4.897470787278689E-026
  -16.6526290968265       1.878986844291185E-028
  -18.2735888853846       1.330328175409681E-022
  -18.2614417926587       1.234980957501998E-025
  -18.2342613465650       2.706605641117844E-022
  -18.1727506349684       3.141296862388619E-028
  -18.1568424977038       1.297299743837903E-026
  -18.1532513525349       6.647262012072215E-024
  -18.1176377755098       5.063385507313230E-027
  -18.0807048799596       1.721682549193848E-026
  -17.9574925292929       3.351074887265692E-027
  -17.5561096148105       5.791970960175306E-023
  -17.5055540970351       7.037122973007006E-024
  -17.4179316356193       1.539419706851336E-024
  -17.3393007011136       1.763895137313042E-020
  -17.2815778728938       1.606357024184933E-021
  -17.1542794871895       5.548440276508839E-026
  -16.5734851632534       2.163301981629310E-023
  -18.2379916256176       3.001930213530116E-025
  -18.2292373693948       2.682525219975503E-026
  -18.1841884252033       4.118180508016763E-024
  -18.1529878019343       7.168368259924696E-025
  -18.1144494381211       1.453100145621362E-026
  -18.0865654502775       1.855255264079331E-025
  -18.0596554447785       5.776624019069261E-025
  -18.0328437009999       1.856512472501366E-025
  -17.9212552395326       6.948236440216646E-029
  -17.5303938668207       2.186412084018406E-023
  -17.4595864960044       1.634558274638665E-023
  -17.3556135410216       5.373549553039117E-021
  -17.2974008950426       3.551617887338705E-021
  -17.2442519274193       1.768207434556303E-024
  -17.1152509388171       5.912810728197597E-025
  -16.5352758705196       6.644863587019365E-026
  -18.0015278154675       3.135021446206424E-037
  -17.9588946449965       2.165658577043729E-008
  -17.9395218595968       1.428461119450387E-009
  -17.8873888757307       4.627345779378051E-014
  -17.8664011114086       1.326787139228449E-037
  -17.8217104571740       2.189200978899740E-047
  -17.8122859208731       5.966125986736908E-014
  -17.7537536288193       1.126291755356641E-042
  -17.6144733703274       6.594067564700633E-042
  -17.2424661266513       4.527094040219229E-010
  -17.1963848796134       1.000475159424072E-042
  -17.1061342073051       1.454372895847432E-039
  -17.0551300882257       2.067036608592772E-006
  -17.0039933450679       5.905611279707626E-037
  -16.8279963202718       2.458903234054484E-042
  -16.2706242463319       9.212615929002478E-039
  -17.8195197051349       1.188651250488458E-023
  -17.8041113735758       1.736506689432720E-022
  -17.7698609602234       6.879684620835176E-023
  -17.7437959342282       3.398097278583726E-025
  -17.6985657305592       9.003133840619662E-023
  -17.6886793445639       2.654695312279104E-024
  -17.6723867966383       7.317931147767139E-026
  -17.6264357635231       1.417259162667812E-026
  -17.5317466028276       2.534422765971600E-026
  -17.1133977993369       1.426128139356407E-023
  -17.0570462066188       1.032063765143698E-023
  -16.9637894830958       2.333253658752268E-025
  -16.8776773623007       9.559417979116292E-021
  -16.8220920556421       4.916432982633242E-022
  -16.7190098999625       3.387948590678882E-026
  -16.1264981424338       2.844592471986299E-022
  -17.9804276776436       3.288620104310152E-041
  -17.9725342375984       1.255379721659722E-011
  -17.9049181587424       7.090818848733760E-010
  -17.8403662915483       1.298218384581252E-010
  -17.8364101567641       7.442068415231694E-038
  -17.8036097227989       8.321406669976970E-012
  -17.7955624109756       5.168549115792344E-037
  -17.7483198491673       5.787209722055864E-039
  -17.6081521144155       6.701407823534046E-042
  -17.2189492683557       2.838265275882222E-011
  -17.1984566040636       5.309381033776483E-036
  -17.0609389842038       7.404845481317670E-036
  -17.0328134628063       2.897614745878736E-008
  -16.9825681698528       9.112543351069735E-036
  -16.8113760673659       5.255657037660473E-040
  -16.2424492966188       8.981049634869952E-038
  -17.7978258877298       2.281678135741621E-025
  -17.7794452882350       2.211247749869801E-025
  -17.7417592703226       3.093646246426754E-026
  -17.7044706319540       8.038657303233791E-025
  -17.6663926527624       2.060668205831471E-028
  -17.6580318880605       2.479853575604694E-023
  -17.6337862152415       9.605693352636867E-027
  -17.5940377847527       1.469824717186850E-024
  -17.4740278603369       2.567215705394807E-027
  -17.0872691539700       1.569673174020385E-024
  -17.0286166882184       1.501871240562259E-024
  -16.9289348215065       2.649115450049650E-025
  -16.8449592006871       1.245337384424940E-021
  -16.7922735906113       4.135214098761485E-027
  -16.6649116701758       4.134327813952424E-024
  -16.0790514256035       1.721572262374784E-026
  -17.8102507631182       1.169988229819581E-021
  -17.7977005694179       2.101907360269388E-021
  -17.7420837001061       2.989492863720506E-022
  -17.7079650412651       4.586384263388605E-025
  -17.6710561518964       1.708857873786640E-035
  -17.6505568930388       1.498047161711915E-027
  -17.6393086741074       1.421111592398734E-028
  -17.5695430749597       1.939443741454427E-029
  -17.4260629592384       3.224626975425764E-026
  -17.0663888986482       1.046894448522284E-024
  -17.0064306189278       1.011581905327562E-022
  -16.8978739189461       1.384944796397668E-029
  -16.8576138452603       1.160880468498030E-021
  -16.8344685988817       2.140794740794094E-022
  -16.6357441970290       1.008330640537615E-027
  -16.0740290414519       8.657374536671356E-023
  -17.7723089217869       8.557796904518283E-023
  -17.7350675350297       1.128113515184946E-023
  -17.7175079077424       5.590271010094691E-023
  -17.6335700338617       5.327542553440795E-028
  -17.6259678839997       5.094004046556811E-026
  -17.6120308575440       3.800591210553251E-028
  -17.5668608107322       4.862006067317343E-031
  -17.5448495949642       2.282890235522146E-033
  -17.3968360294014       1.587516894769758E-025
  -17.0199430492373       6.876143352821889E-022
  -16.9698233613905       1.963834922722164E-021
  -16.8592208952234       7.219878015703628E-026
  -16.8308786924369       3.528400492435765E-020
  -16.7752522258802       3.955806759994695E-021
  -16.6070883647419       3.086791153655560E-027
  -16.0443780051305       2.151297034432860E-023
  -17.4836485329454       1.194587242820172E-021
  -17.4708079192323       6.493238270090891E-022
  -17.4300645576196       3.953283086999083E-024
  -17.3528082672753       5.634673539045851E-022
  -17.3464268730989       6.730014985998912E-030
  -17.3221181791421       1.144470830262890E-027
  -17.2916146874192       5.285998704252087E-029
  -17.2399034409637       2.881805817055991E-030
  -17.0814746078131       2.613407104393964E-024
  -16.7230553351107       2.559850197344865E-022
  -16.6544560596417       5.040663298217890E-021
  -16.5422532113015       2.458819135953082E-027
  -16.5189544485824       3.769683072415110E-019
  -16.4827970665166       5.100997752321841E-022
  -16.2774534394399       7.597276947194248E-026
  -15.7031809604456       2.676617548759384E-021
  -17.4695273402588       3.700819872887883E-027
  -17.4497906144933       1.338680377151239E-028
  -17.4152266585781       1.936708567212863E-027
  -17.3487101822081       2.244941786811931E-028
  -17.3449278497899       5.993596897667664E-026
  -17.2846414271281       9.320966919838981E-026
  -17.2804477958681       6.289142304476155E-030
  -17.2450788353237       1.042983118841361E-025
  -17.1001349865772       1.378365971816113E-028
  -16.7394314737523       3.590652978582179E-024
  -16.6892211496590       1.231532777073734E-024
  -16.5450418029662       7.048501797664449E-021
  -16.5143873982467       5.646703705229513E-021
  -16.4867293186828       4.490937927659206E-023
  -16.3019289090189       6.979127355006539E-025
  -15.7341826034639       3.028494785423992E-025
  -17.2847258380927       4.371132822395312E-035
  -17.2736848308306       2.371543959826546E-008
  -17.1563375175067       9.551855539880524E-018
  -17.1244574455780       2.651403678974504E-008
  -17.1026584664641       9.190513821561522E-038
  -17.0555844496581       4.396356619543781E-041
  -17.0049269680493       1.757452777693857E-042
  -16.9963578900927       1.530585864411512E-016
  -16.8379853779568       9.765097110901502E-045
  -16.4904357087427       1.182763598558167E-004
  -16.4756345799931       4.968171888799953E-032
  -16.3452011782538       1.333451971844365E-038
  -16.3132306188793       1.249573319165651E-004
  -16.2656176302968       1.434033305394712E-034
  -16.0738439144271       1.512495979657145E-039
  -15.5390840186714       2.306738723285361E-040
  -16.6693998651115       8.834856958181378E-021
  -16.6663026109409       1.002254126294500E-020
  -16.6073668473498       1.295475772086738E-024
  -16.5568490671163       1.244649858903117E-027
  -16.5553228494770       2.159843384260829E-024
  -16.5278578925803       1.866195302434018E-025
  -16.4984199685656       4.500058926570463E-029
  -16.4316207663485       9.365703006634420E-026
  -16.3067007150165       1.157274753574939E-026
  -15.9595378559057       7.836143712715162E-022
  -15.8817041879090       6.095676779146802E-020
  -15.7988312238117       4.646103061399300E-023
  -15.7447944346951       2.419816166577567E-020
  -15.6908143591132       2.195980703925420E-021
  -15.5341224936834       1.283198433002885E-024
  -14.9874044574474       2.006138285174489E-023
  -16.5187426623644       1.377134454792996E-026
  -16.5132948617736       9.760929664509656E-026
  -16.4722759840350       4.117584043290990E-024
  -16.4331885406522       1.497456063884635E-024
  -16.3942003864829       2.595936453829695E-025
  -16.3708477691573       1.754272617522798E-025
  -16.3547398686932       1.233398038133644E-024
  -16.3111359567033       2.258147236295155E-025
  -16.2066836048518       1.452403679700722E-028
  -15.8169515858340       5.123252972214171E-023
  -15.7561729744131       1.241690947640119E-023
  -15.6450408487447       1.199690412105295E-020
  -15.5905102341611       1.196899523864700E-020
  -15.5370378920970       6.662246542162166E-023
  -15.4074443806210       1.682552920519810E-023
  -14.8344439249304       7.927800305830526E-026
  -16.3539167185008       4.946700140193451E-013
  -16.3380437515145       5.760245050346645E-036
  -16.3079864430803       8.742460234664446E-008
  -16.2916403667310       9.588980114226784E-013
  -16.2607425463900       3.510643582200828E-013
  -16.2402080418117       9.778310990762822E-038
  -16.2388286257317       2.650953214830169E-038
  -16.1906466407100       2.703800922662129E-041
  -16.1034372837069       5.988528168171542E-041
  -15.6636077865508       1.085349523530853E-011
  -15.6176023799245       2.999343983312628E-039
  -15.5536982249288       2.065475230331881E-041
  -15.4231127405591       8.123017560007470E-008
  -15.3682808292259       7.841272669101675E-039
  -15.2863471564089       3.786301130241737E-041
  -14.6846382023742       1.931305459678658E-038
  -16.3025728957609       1.639300684036555E-024
  -16.2838766363204       3.260192031495956E-022
  -16.2549237844315       1.080248303372478E-022
  -16.2402744660086       2.400078048810360E-027
  -16.2059135700781       5.009766311293486E-026
  -16.1881825509508       2.013371433669160E-023
  -16.1856377819488       6.049453727526347E-027
  -16.1353958832768       3.747370232936554E-029
  -16.0462402917739       1.444728166359335E-024
  -15.6112450126197       1.807906886999450E-026
  -15.5629672615089       3.912830797908821E-025
  -15.5001864224743       5.743239537266447E-026
  -15.3672795681112       2.105421979557364E-022
  -15.3120462415687       3.373608352630327E-024
  -15.2307747850243       1.731617519748854E-026
  -14.6291567301611       6.358928412098010E-023
  -16.2526300598472       6.640670790498397E-014
  -16.2426790321059       5.948629335758828E-037
  -16.2184884816818       2.966523851015254E-010
  -16.1817300135810       7.839239904860300E-011
  -16.1554373326802       4.734317653009054E-010
  -16.1545708918498       2.178088164305996E-037
  -16.1303512366288       2.604571149460562E-042
  -16.0861196311898       3.604632109412058E-041
  -15.9955948018382       1.745582492518771E-039
  -15.5639737069017       1.078649843707609E-013
  -15.5206034993798       1.059464859322826E-042
  -15.4453916625855       5.601844158657852E-043
  -15.3316135954841       3.618312971376518E-010
  -15.2767420639358       9.137627960656119E-041
  -15.1945890373060       3.164248198575567E-043
  -14.6031356292545       2.546918448297813E-039
  -16.1605490932293       3.651674334284370E-027
  -16.1295391066110       5.216486204806093E-025
  -16.1092399031315       8.275668143692450E-028
  -16.0942967450690       1.668105413332762E-027
  -16.0547822300566       3.165232013415622E-025
  -16.0511359460003       1.400667148401556E-028
  -16.0459323014146       3.396714896892274E-029
  -15.9931197176488       1.961667233149295E-025
  -15.9016136049738       3.273448689919676E-027
  -15.4656656853180       1.755548906081859E-026
  -15.4246555745580       1.128244597928150E-026
  -15.3572732438966       1.736491884366077E-024
  -15.2158151295077       4.950401277053179E-024
  -15.1687543250435       1.546934295572255E-030
  -15.0863199317157       6.154070700045740E-025
  -14.4834229450916       1.502727520896370E-026
  -15.9124529792318       2.332137587048378E-025
  -15.8759030250525       6.252113803003265E-022
  -15.8548273320262       1.918865521128466E-022
  -15.8506413914813       4.018371662130409E-025
  -15.8014016472921       1.229750472690060E-026
  -15.8004752127568       7.117343491968695E-027
  -15.7970783542224       6.043905527500341E-025
  -15.7469374560215       6.092778977593076E-029
  -15.6649196455539       1.734831236536312E-024
  -15.2108222118153       7.077687221117872E-024
  -15.1723627329435       8.783670298385056E-024
  -15.1000933828208       1.492608478757931E-028
  -14.9640666386504       4.535238326381950E-022
  -14.9214123182983       1.762024874977478E-024
  -14.8389307961584       2.223597516129923E-029
  -14.2296251639865       7.844259456636790E-023
  -15.9515937833496       2.619672306614519E-025
  -15.9179829625597       1.663315210901844E-025
  -15.9015232660099       7.959794651346419E-026
  -15.8931713963719       2.029857095730777E-024
  -15.8433942522051       9.506887151200940E-028
  -15.8312677841334       2.285922234565317E-029
  -15.8278197404991       7.532380647877714E-027
  -15.7861583861597       1.734533002409073E-025
  -15.7126214889961       1.355606112762203E-026
  -15.2626269580909       1.996861498076641E-025
  -15.2090519249485       5.981892098710632E-026
  -15.1400969366143       1.186720108678997E-023
  -15.0187360214843       9.003249304177891E-024
  -14.9751945207411       2.633341488106116E-029
  -14.9004330832209       2.428512763402166E-026
  -14.3017865980806       9.806797137103091E-026
  -15.8909690093445       4.299251798530332E-034
  -15.8898448416834       6.973274407530166E-010
  -15.8598636221578       4.154748679680785E-007
  -15.8167138853458       8.557260149812284E-015
  -15.7978778280460       1.655444196283391E-012
  -15.7893482434488       1.401764986697637E-036
  -15.7627208959966       2.078363020938501E-040
  -15.7233290050983       1.132926002145867E-040
  -15.6197891947574       6.620434004317993E-040
  -15.2005716102457       6.160975268630300E-011
  -15.1511144421180       6.272008745650039E-038
  -15.0801389681093       8.260845714017060E-041
  -14.9726176213834       5.565870560414525E-008
  -14.9151528085131       1.952611142286000E-038
  -14.8178137928840       1.176576982207088E-040
  -14.2315298619360       5.450473117001145E-040
  -15.8577782519168       1.329503622342939E-013
  -15.8422437247677       1.443239339805993E-039
  -15.8059026604186       1.672121646647358E-008
  -15.7939597986247       1.246363625419245E-009
  -15.7589040877274       1.298254405804782E-010
  -15.7434924431054       1.654398507258335E-040
  -15.7261005724519       1.062758463414858E-038
  -15.6807788340685       2.998438392099468E-039
  -15.6058626392547       6.313207896431516E-040
  -15.1651682514554       7.277328684277026E-012
  -15.1166383557450       4.321170896419791E-041
  -15.0479794144353       2.832221468389105E-044
  -14.9256733301231       2.835298933111190E-009
  -14.8626556685070       2.380211487881794E-038
  -14.7871115565433       1.326337791136577E-041
  -14.1836397784152       1.124060549688490E-038
  -15.7057656695506       1.919696092617363E-024
  -15.6787064030809       1.293464892190977E-021
  -15.6579181618242       1.385403978247881E-021
  -15.6309268025546       7.341459436511299E-027
  -15.5982370764701       1.870309929680416E-024
  -15.5960900455694       2.749085638797447E-025
  -15.5848976667446       4.721736163459178E-030
  -15.5360014434740       4.609403029524834E-029
  -15.4350798523334       8.749477002385976E-025
  -15.0065068797994       1.505899914472390E-023
  -14.9671739948107       1.030972706055261E-022
  -14.8916328948401       5.806043767701774E-027
  -14.7628819947459       1.410118216418505E-021
  -14.7176961312800       4.920562505688192E-025
  -14.6226104433075       2.553360945205472E-029
  -14.0259595970888       4.385750142096878E-023
  -15.5589747658081       7.328912624676717E-014
  -15.5454739434604       1.364859253564019E-039
  -15.5110964564631       1.808764628110287E-008
  -15.4795829165584       2.721178743270052E-011
  -15.4578073294641       1.084513933381135E-009
  -15.4422627770716       1.081889703295111E-038
  -15.4333707972593       5.191843503459985E-041
  -15.3792921752938       6.137949172722210E-039
  -15.2867517204084       2.624049694370637E-040
  -14.8580269860318       9.639182579868840E-014
  -14.8181823606022       7.281504376576240E-039
  -14.7407422853566       4.807237750691723E-042
  -14.6255020081046       8.337204358904214E-009
  -14.5658564203046       6.463052710638259E-037
  -14.4763729579955       2.367439742632126E-040
  -13.8813754812257       3.945545515021256E-037
  -15.5131171815269       9.592127309726520E-027
  -15.4835537875595       9.000248654430490E-025
  -15.4565746052114       1.485285986799870E-022
  -15.4443601544064       2.664676135631575E-026
  -15.3998985829180       5.337346917367082E-026
  -15.3924409810645       8.678365932139599E-027
  -15.3905712263694       1.351943937468519E-025
  -15.3394175637012       3.475769157302114E-025
  -15.2486499545681       1.108914227746403E-026
  -14.8150447415378       3.616183449505047E-024
  -14.7712737150229       3.829864300101344E-026
  -14.6958250827348       1.004268070046467E-023
  -14.5695888624314       4.983847695433402E-022
  -14.5218535057465       1.511611893328133E-026
  -14.4300850651580       3.261437951846502E-025
  -13.8299977236581       1.322241470555428E-026
  -15.5741233646988       2.105071117991283E-036
  -15.5527181398886       1.705745796553694E-011
  -15.5295169685721       2.512837306272915E-007
  -15.4831320301237       9.936321285266006E-013
  -15.4530190537815       1.553200628188658E-012
  -15.4455220900057       1.118379657593980E-036
  -15.4219096235588       7.515048134484650E-042
  -15.3753780728036       2.657934798960447E-040
  -15.2613720309215       1.521415991912988E-040
  -14.8601185617639       1.837471103949435E-009
  -14.8085958346020       1.002833517262302E-038
  -14.7347652005682       1.014814391754577E-038
  -14.6478958387263       1.809053663657906E-006
  -14.5828191887958       7.301688322113206E-038
  -14.4661777349191       5.739318617172226E-040
  -13.8920224183423       2.074536987002058E-037
  -15.5809505605010       4.379663479752836E-023
  -15.5802382004394       1.392156676342623E-022
  -15.5268970029772       1.332823553654678E-023
  -15.4762277210827       9.040964090780716E-026
  -15.4536375759411       7.688784202687878E-029
  -15.4361525911271       1.568377373166043E-026
  -15.4015844995187       3.680294042609158E-029
  -15.3559528069299       1.048408318159493E-028
  -15.2142948737330       3.640875951516248E-025
  -14.8641115151705       3.213552669446859E-023
  -14.7958891926718       4.101750589696624E-022
  -14.6919791748707       4.948974443959558E-026
  -14.6590630024291       6.452109691130863E-021
  -14.6204155673145       4.045242719329581E-024
  -14.4440568046844       9.267411942765212E-029
  -13.9014803418800       2.005468753970006E-024
  -15.3565351117778       1.893269141037804E-039
  -15.3282931632402       1.146857162868855E-010
  -15.2878185232319       1.368544980425604E-009
  -15.2222161069684       9.541075723378280E-008
  -15.2054027990773       4.986309321534109E-038
  -15.1960532099003       1.915315265442777E-008
  -15.1543048551774       1.344963033001927E-039
  -15.1253634899991       1.943697875943249E-037
  -14.9945002215839       6.817434348151782E-039
  -14.6108712614289       4.843354460003225E-011
  -14.5671001693449       2.452845394504325E-038
  -14.4587257756389       2.509182626810053E-039
  -14.4226963953284       2.773885568961110E-008
  -14.3560992963286       9.064625121706726E-036
  -14.2103196879455       4.796879845359952E-038
  -13.6456066417097       8.040226860192745E-038
  -15.2866785080141       7.642698586772981E-034
  -15.2504827271757       1.212513434068884E-008
  -15.2332745670170       1.127751791517491E-007
  -15.1712611540088       6.435340066702369E-010
  -15.1478760719917       2.886379286212381E-036
  -15.1344946142358       1.418823075192433E-010
  -15.1005440983164       7.087798340951301E-041
  -15.0599741757708       7.203030317895455E-039
  -14.9333752810457       5.369923306654471E-036
  -14.5570301798721       1.319957724124940E-011
  -14.5040637540000       1.422621305277025E-035
  -14.4168857269669       4.704991461023896E-038
  -14.3585856378467       2.774193659241339E-007
  -14.2894410568552       1.839845047838651E-034
  -14.1554385808976       1.340949301884536E-035
  -13.5973727080016       6.164327686579725E-035
  -15.1003694006443       2.641409997138813E-023
  -15.0687785860331       3.033034257517962E-023
  -15.0449714309975       5.311049469654364E-021
  -15.0363389398079       1.430107728506225E-024
  -14.9876276757795       6.108077725121661E-024
  -14.9875028043718       4.262616009203368E-024
  -14.9750077122378       1.243189265821932E-024
  -14.9314536795428       2.745459042756737E-023
  -14.8403390366732       5.774656890503165E-025
  -14.4067218576608       7.743600089428930E-025
  -14.3574557788969       1.712605781447984E-025
  -14.2886115131476       1.815272902863917E-024
  -14.1587414333160       2.191271275521564E-022
  -14.1120638911478       2.462538135762483E-024
  -14.0274216038304       1.519435089016687E-024
  -13.4285146177257       4.776383387744700E-024
  -15.1826410489259       2.273042708606241E-021
  -15.1744359187307       2.538499837708126E-022
  -15.1405914985881       1.276124479998224E-020
  -15.0875734222095       1.406806846280473E-023
  -15.0806290496362       1.196937132601452E-022
  -15.0621941524429       1.013265351155082E-023
  -15.0401529889714       1.384636442600123E-025
  -14.9981021575028       4.095572269289295E-027
  -14.8975662097563       4.266517208379720E-023
  -14.4768564233426       2.764590560110829E-024
  -14.4326234804698       8.412283832537658E-022
  -14.3478342966443       6.076640398618237E-025
  -14.2636092458469       3.278319869296335E-020
  -14.2004161030366       1.661678787161168E-021
  -14.0977759573159       1.258881464117171E-023
  -13.5157961743840       2.467412217235195E-022
  -14.9744422324258       4.633906040607773E-021
  -14.9721315780927       3.327700161741405E-021
  -14.9220153331628       6.993363546382923E-022
  -14.8785636881193       3.010095662715248E-029
  -14.8705230417899       2.551736911648891E-025
  -14.8395133994106       1.117647199037506E-023
  -14.8353433987859       1.742779678644039E-027
  -14.7782421770109       1.277599228387736E-028
  -14.6803734144624       7.273401618206041E-024
  -14.2690134994763       1.621597542375343E-024
  -14.2258308363399       2.232027327662501E-023
  -14.1384476655296       6.035806153064802E-028
  -14.0508446752491       3.423465598615083E-021
  -13.9806138725779       1.300433296421054E-021
  -13.8795329357113       9.241490776800553E-031
  -13.2982463029725       1.105978502872586E-023
  -14.9135381903067       2.109485102091387E-028
  -14.8935118852853       1.508394618193291E-027
  -14.8602615636459       1.550954307914476E-025
  -14.8245646833889       4.021798652042912E-027
  -14.7972660048789       1.556491419869847E-027
  -14.7810902791296       2.042031632584620E-025
  -14.7552910739917       3.592849589793045E-031
  -14.7312670579617       6.824867717476076E-026
  -14.6075295107421       2.728745380301293E-027
  -14.2092538563373       2.952860319031187E-025
  -14.1538154303954       5.933480314252199E-025
  -14.0615915962930       2.833555567341999E-023
  -13.9756026604017       7.371597694175032E-023
  -13.9359205558014       4.010572115990111E-026
  -13.8045146393063       3.560431392122440E-026
  -13.2253305814452       1.224260756125308E-026
  -14.7825118415212       4.419851148284862E-029
  -14.7524437266960       6.075613291431383E-025
  -14.7316422216115       1.728464459516402E-023
  -14.7203357505681       4.779207001011157E-026
  -14.6773127377114       1.758510436323981E-026
  -14.6769454428115       5.769902318241452E-025
  -14.6630598461875       5.301610442434889E-027
  -14.6177023807411       9.944221274382823E-025
  -14.5285872243929       8.289960199387426E-026
  -14.0918145074527       9.121895100287214E-026
  -14.0447215275718       9.958632266918418E-026
  -13.9806935022466       6.493344491615704E-024
  -13.8442303266729       1.717291445262443E-022
  -13.7972656135194       5.256500708973626E-027
  -13.7193770934569       9.290388480107282E-024
  -13.1195969800524       1.854113700457633E-024
  -14.6601577267238       1.952995653186301E-024
  -14.6378423081148       1.196609228203205E-022
  -14.6125360337174       8.206374327881383E-022
  -14.5785204537329       2.356866772198731E-027
  -14.5548111158836       3.158898077524322E-024
  -14.5428403805120       1.121787911626410E-028
  -14.5227556507008       5.167556002159528E-031
  -14.4897488297793       5.212163078049994E-029
  -14.3749276908207       1.465840438912735E-024
  -13.9629423256978       2.089998084105650E-023
  -13.9157951937348       9.282617050533052E-023
  -13.8349822134422       1.501272586237748E-028
  -13.7279505190620       7.216424220796525E-021
  -13.6884705139386       1.835619978492932E-023
  -13.5730077451703       5.371010999924816E-029
  -12.9916258095279       1.847742203556919E-022
  -14.7092269238562       1.865941723910424E-021
  -14.7016005652834       6.608273087125635E-022
  -14.6652903102564       7.460987595401346E-023
  -14.5815282874462       8.646721284467418E-022
  -14.5734494988133       2.640372768087804E-029
  -14.5484186600555       5.490061191929284E-028
  -14.5212651065851       6.141651886402241E-030
  -14.4796671297895       1.641289140758152E-030
  -14.3092820384034       1.725023585941108E-024
  -13.9600428637850       1.151073585775045E-022
  -13.9049156140277       1.890935474835445E-022
  -13.7806802048575       5.103993205362883E-028
  -13.7561210824104       7.616268004626586E-019
  -13.7237517935902       3.057032290323781E-021
  -13.5149976717199       7.677643464095432E-026
  -12.9502254454102       6.265854656809844E-021
  -13.7724595962753       6.388242121554709E-026
  -13.7508535436701       2.012762345799730E-026
  -13.7250196607603       8.343219217734921E-023
  -13.6945568171297       1.260990400166299E-024
  -13.6687915131764       5.263927494420741E-024
  -13.6552819602734       1.814862801190872E-024
  -13.6267405623282       6.503349577794555E-025
  -13.6007345137321       3.319323778915891E-030
  -13.4952338133417       2.000912769213211E-026
  -13.0837551932554       4.979835879596871E-022
  -13.0277764815358       1.611882109392332E-021
  -12.9541420289806       1.687120476183014E-024
  -12.8484010462858       2.996199565814079E-020
  -12.8021237718634       1.328377498290727E-021
  -12.7022773622226       2.006147317909086E-023
  -12.1227138037641       2.437895500745767E-022
  -13.7198791258627       1.036700744011786E-029
  -13.7011617878644       1.604871742291602E-027
  -13.6737301690024       4.567812113827490E-025
  -13.6226825017469       3.187084661243840E-024
  -13.6084263450211       1.065546918646215E-025
  -13.5820467612970       4.058118958491620E-023
  -13.5612883281807       2.527598412641970E-024
  -13.5324031888652       1.282603484215455E-023
  -13.4098634722195       1.558799259294345E-026
  -13.0171103051780       4.008085241311233E-023
  -12.9711022995890       3.292211373381180E-023
  -12.8664772095040       6.243210113421492E-021
  -12.7887340027251       2.332798947373755E-020
  -12.7492773176318       1.894635428250926E-024
  -12.6148502342264       8.345195996858472E-022
  -12.0403248102598       7.651725258822553E-027
  -13.1853977833329       6.307712999077914E-040
  -13.1357879467696       2.064981752559467E-008
  -13.0261168780050       1.273908261562286E-007
  -12.9989369136393       3.408363092811662E-019
  -12.9385033544723       5.220333112732060E-037
  -12.8795869787806       1.357688416129939E-040
  -12.8785828989621       2.391231328909674E-017
  -12.8261656330224       8.562027329798081E-042
  -12.6384184185805       1.866763556569108E-043
  -12.3859519946755       3.580588642160120E-005
  -12.3315710980779       9.358096627117529E-035
  -12.2082494999585       3.411274201386375E-004
  -12.1806818424562       1.251802510669977E-036
  -12.1249719832777       4.645689394075321E-034
  -11.9020846507451       1.781375925561211E-038
  -11.3953670905896       5.195201273735662E-039
  -12.3127272176705       9.667762096864324E-023
  -12.3121838789343       1.869792577354962E-022
  -12.2529254803662       3.528550681105637E-025
  -12.1967725385205       3.893664141537790E-025
  -12.1678352974795       2.537949796842057E-031
  -12.1314557640489       7.173914537591245E-027
  -12.1128102104815       1.489561999696373E-030
  -12.0394732123117       4.389698176050150E-027
  -11.8748147427517       1.173832559626695E-027
  -11.6097294888008       2.498179469366922E-022
  -11.5352404923072       3.792563509143697E-020
  -11.4133967032783       5.773210064883007E-025
  -11.3925295065244       2.890258335576557E-019
  -11.3454637507616       8.857604525478269E-020
  -11.1387759282440       4.539553877755199E-025
  -10.6317944507730       7.694193080459558E-023
  -11.8908538021731       1.391828132565451E-026
  -11.8764483935869       1.030857058017981E-029
  -11.8254899768970       2.195475506619944E-027
  -11.7748920595521       1.387966744208678E-025
  -11.7313508142927       1.129023293133815E-025
  -11.7191017228502       3.958335085927008E-026
  -11.6966018152244       1.171980532418380E-024
  -11.6414178928630       2.647490777200550E-027
  -11.5307178245180       1.237589107413491E-028
  -11.1910528293198       1.295316763418001E-024
  -11.1222706094825       2.927677872158591E-024
  -11.0015250231138       9.303327471336116E-022
  -10.9730416950355       2.745599368127162E-021
  -10.9008659249140       2.381950901769772E-022
  -10.7567059713619       3.257276326454513E-022
  -10.2097789468473       1.394696830155439E-025
  -10.5976244975952       1.179132923489055E-036
  -10.5319542772596       1.515683084631110E-006
  -10.5119503424027       3.422046781936404E-008
  -10.4158918169356       8.060930594093021E-036
  -10.4048204138516       9.117236134890655E-014
  -10.3244977228163       4.010048047421755E-013
  -10.3207757872722       3.338383755396024E-040
  -10.2487809747953       7.474574502860032E-041
  -10.0538121455054       2.471465379411193E-040
  -9.82054700796075       9.470221448435839E-010
  -9.75537052991747       1.241834298060145E-040
  -9.64697254754710       1.642369853323642E-005
  -9.60737181945407       5.164963425365213E-040
  -9.58573954430307       1.769937628784714E-035
  -9.33159359326801       1.048947256801290E-039
  -8.84170667445662       2.090299991532109E-039
  -10.5548062848857       5.727719943908299E-039
  -10.5041274300075       3.698560623227367E-010
  -10.4297169434943       5.288665291286562E-009
  -10.3594570656033       7.793107555300849E-010
  -10.3180508020698       1.925364196682628E-010
  -10.3148218564905       4.281592835146104E-037
  -10.2710187962183       3.526967152344748E-039
  -10.2213968084146       1.099152337536316E-039
  -10.0709043860304       9.312616239228352E-040
  -9.77959426952107       1.938241739969222E-011
  -9.71868316941143       6.729484772262305E-040
  -9.60541205674012       6.143401581417132E-008
  -9.56548235893926       4.630042881401080E-042
  -9.51660365568288       4.870026790980400E-037
  -9.32044239917945       5.964825621549987E-044
  -8.79759130556638       4.956220829741581E-039
  -10.3421226933472       2.992288009710971E-021
  -10.3363847223372       3.240695377045759E-021
  -10.2812028326782       1.136572963534879E-021
  -10.2279998958513       1.727723989190455E-021
  -10.1710114268749       1.195015658040873E-032
  -10.1498139557063       2.465491691756351E-029
  -10.1237335910437       1.155157147996008E-028
  -10.0745346296272       1.029239780557052E-028
  -9.89018255476855       6.229847445477168E-024
  -9.62361461745775       1.713959977798346E-024
  -9.55842131324566       4.078018727338525E-023
  -9.41650369904755       2.248141835908159E-020
  -9.40889539442179       1.117505257288693E-027
  -9.39162576422866       3.227010116421554E-022
  -9.15307828552246       1.530665168574173E-026
  -8.64483458315555       2.432438083463735E-022
  -10.2333050711397       8.356869415054748E-022
  -10.1840937420585       1.056509769289337E-022
  -10.1295989394869       3.243401130079173E-022
  -10.0437167555671       4.315360118654973E-029
  -10.0194773422032       1.141631085450359E-030
  -10.0108488644279       1.306997447043654E-022
  -9.95948198167482       1.161404221137588E-031
  -9.91854009410830       9.185815984549480E-031
  -9.76273278262474       1.549699586637027E-023
  -9.47312792601118       5.230614215584869E-024
  -9.40696540671080       2.072179799880772E-022
  -9.29024693054309       3.054729566666251E-020
  -9.26185032975997       4.757456450968985E-027
  -9.20378786140667       7.504648437278634E-020
  -9.01296608025083       1.186710274894414E-025
  -8.49075593505926       2.551999111705158E-021
  -9.93399065347502       1.008104822589737E-021
  -9.90544406451284       1.414420763846133E-024
  -9.87060552469319       9.078186045247097E-022
  -9.76523362405986       1.609835279778560E-021
  -9.76396395058676       9.465441498689099E-027
  -9.72393499724682       1.784682638940247E-027
  -9.69766110950444       9.179450154469240E-031
  -9.64946977728988       5.746156905632786E-029
  -9.45638855348181       1.399335344341387E-024
  -9.16945568001499       1.263745314082080E-024
  -9.11510578765658       1.351683068018107E-022
  -8.97606712024542       4.204978895369097E-019
  -8.96615617840809       4.383810505254791E-027
  -8.92555355497972       1.235993370338670E-019
  -8.69194227981121       1.314661981386398E-025
  -8.15766817107741       1.822266228154449E-020
  -9.91170871148767       1.136937263615185E-026
  -9.89891128033993       5.897705200100561E-027
  -9.84930547582070       6.837972656976817E-026
  -9.78490859455852       8.993436319252547E-026
  -9.76231465092581       1.476996182016761E-027
  -9.71665931536512       1.528364214403893E-026
  -9.68218349405836       1.178680277731861E-024
  -9.67188611845058       4.804192185680051E-025
  -9.48876465812508       1.826239797713686E-027
  -9.20191766151782       1.056070937376173E-025
  -9.13533340571536       2.474195475149196E-027
  -8.98571375917718       9.005292121724241E-024
  -8.98430190759290       3.335194594093262E-022
  -8.95902705617080       4.554708049183290E-025
  -8.73937319982118       4.114867275782373E-023
  -8.21799810649907       1.770931378440039E-025
 -0.837741927044434       1.932059545760290E-022
 -0.817804422892969       6.474013450393252E-026
 -0.767369526088679       8.742901032982243E-023
 -0.667453436651883       5.173890568483838E-033
 -0.652411948804488       6.683575283636025E-022
 -0.635989029801944       3.834263652041603E-029
 -0.589743229887471       8.110547915301373E-032
 -0.540616021566059       2.858642448814067E-029
 -0.355271103807500       5.593131387910573E-024
 -0.109697142184633       2.537762888445738E-024
 -3.587377808716852E-002  1.999069353848496E-024
  0.100910033526109       2.780904058780852E-019
  0.113735911425998       2.377161222107227E-030
  0.167973295824464       3.961272835801135E-019
  0.384558383971239       5.509249266197560E-025
  0.894595934241352       3.163610786371547E-020
   1.35129360020764       9.122823725595059E-038
   1.42281954388108       9.815104873483776E-010
   1.49701534877152       5.513853625028559E-007
   1.59126195783472       1.463853360894579E-018
   1.64112769801422       5.640947347351943E-037
   1.66791165232759       3.017723736307130E-017
   1.71464674499282       1.363031685895522E-043
   1.77350737622317       8.819214564479681E-042
   1.98966097976554       1.118121145668419E-041
   2.14460076402618       2.293791947700011E-006
   2.23116493597668       1.074340115692803E-037
   2.33276883872297       1.063524793770020E-003
   2.41171972623468       1.047280227740229E-039
   2.43530308818965       8.393971366662376E-034
   2.69845595551255       3.482487218497532E-038
   3.17815462000504       3.326112459369861E-038
   2.00159932241730       1.402434750460255E-024
   2.01008353512053       1.117873219274707E-024
   2.06702459821700       3.750854731819458E-022
   2.14102822867083       3.406028154753194E-021
   2.20463108326649       1.356090566694330E-031
   2.24803887889921       9.072451744383226E-030
   2.26093484772655       3.672763124451931E-028
   2.32668289299049       3.595973902446378E-028
   2.56048964764259       2.596346177825805E-025
   2.72418273418122       1.796218646063933E-023
   2.79449850361146       6.509923989071535E-021
   2.94644423899479       1.344102377676947E-018
   2.97347910742032       3.489206938878002E-019
   2.98323258301684       1.310998498341674E-023
   3.26794908417514       4.359505692060688E-024
   3.74550879147721       6.231790099057719E-021
   2.33284564614193       4.708282443177731E-027
   2.34533640597098       5.947352873119570E-028
   2.41282202515189       2.567403370284377E-025
   2.49912568213274       9.260127960407286E-028
   2.53749173811030       3.143859200185384E-024
   2.54278579247573       1.807033598393680E-026
   2.58751820494746       2.519874364391416E-027
   2.63873797568866       1.693594106014605E-024
   2.80656598034825       5.465077683264891E-028
   3.04074379538920       1.470978748709610E-025
   3.12154617915300       1.676562140607082E-024
   3.26351959434147       1.111396622591404E-023
   3.28742873628897       2.262743205396012E-022
   3.32909414921536       2.054914506974523E-021
   3.54714906120477       6.078104899217689E-021
   4.05978203829030       1.600322646301572E-023
   10.8649654069595       1.049809083500114E-037
   10.9233769907002       8.757483943065040E-009
   10.9528571642343       3.707110205004246E-006
   11.0854292013803       5.716147342035455E-036
   11.1036702429049       2.885875045684465E-014
   11.1591362902664       1.026959947098045E-012
   11.1965008060282       4.852823539819802E-043
   11.2562530725617       4.938309742121455E-041
   11.4970845534699       5.327272766305032E-039
   11.6168131370951       2.494862547912610E-009
   11.6977318699838       2.805691222195816E-040
   11.8292635356872       1.677250481825065E-005
   11.8939852008321       2.563131875362204E-039
   11.8990076102627       2.195609704644829E-036
   12.1926171586238       1.056738992623032E-039
   12.6593415452120       1.019773938455959E-037
   10.8904820997643       1.016967648201699E-039
   10.9465725272799       2.151205214928216E-010
   11.0146225478445       1.413269053549873E-008
   11.1283030067380       6.323517835233245E-011
   11.1486305112882       1.438842114313477E-009
   11.1656865759206       5.304656964594101E-037
   11.2232052646113       2.960204227594450E-040
   11.2779292867528       4.921481703479628E-040
   11.4703025575484       7.134326642543658E-040
   11.6412052866970       1.552056476163948E-011
   11.7304565768111       1.605008310436431E-041
   11.8539610821365       7.531986751631125E-008
   11.9094986413346       9.577088666079788E-044
   11.9475649542829       1.484174746482480E-038
   12.1924745291295       1.455671844205354E-039
   12.6863162540306       2.621634681642456E-038
   11.0392646237078       8.405523793814387E-023
   11.0419349777543       8.985557723380342E-025
   11.0979473507210       2.654537699272657E-022
   11.1888079900737       1.090727312456733E-020
   11.2421506538025       2.336083478007950E-032
   11.2771858155683       2.742410945647995E-028
   11.3082114725664       8.973866516463309E-030
   11.3551805475858       1.666457314939455E-028
   11.5907436573425       4.930555119867343E-023
   11.7437295912908       2.098306932346424E-027
   11.8125171263939       1.677636641969110E-023
   11.9735579569970       1.016869707407778E-020
   12.0070609010395       1.529508428081966E-026
   12.0106296253958       2.336451431182624E-020
   12.2964994831446       1.322304666705457E-026
   12.7736815977660       2.771209666362373E-023
   11.0723127465553       1.101627172573866E-021
   11.1331676265990       1.075921003016731E-022
   11.2022727891328       4.261560987019235E-022
   11.3131385292329       7.519750712980998E-032
   11.3427276111189       9.585719742345949E-030
   11.3550963202191       5.208146992382706E-023
   11.4153085291767       2.304235391321852E-032
   11.4698940586436       6.861154955943702E-029
   11.6670483161534       1.292326977555388E-022
   11.8296161742569       1.160133214316563E-024
   11.9207327262467       2.184630663359338E-024
   12.0407518897394       1.543281622181168E-022
   12.1008868315569       7.178421227816379E-029
   12.1376130133695       2.746702990646144E-021
   12.3861094046224       3.643821433188089E-026
   12.8770576323743       5.925661701468195E-024
   11.3105406783442       3.413661391328062E-026
   11.3163615961271       8.659106372282135E-030
   11.3755425866224       6.684735648372162E-024
   11.4698521297423       6.939354036592339E-026
   11.4946833372533       2.206314469438233E-031
   11.5363978019023       2.830590714671518E-029
   11.5751219479416       3.907676350447048E-027
   11.6039291610664       1.967252950322718E-023
   11.8226689586400       5.323086832930745E-028
   12.0055330771563       6.687237854095575E-028
   12.0769454358766       2.795367023351297E-027
   12.2416186140975       3.031201515224181E-024
   12.2608701571875       2.689799946742805E-024
   12.2800037955528       2.782235160268400E-024
   12.5420330498951       2.304359135420794E-022
   13.0325828485717       2.029853571490866E-025
   20.0521902866973       1.183371945671043E-022
   20.0723155050163       2.491034251421063E-026
   20.1328970422738       1.719635228711386E-022
   20.2483689864386       5.443196777668994E-034
   20.2594131130435       8.049176297049956E-022
   20.2872073720456       1.344899566134873E-029
   20.3339970478645       9.069486416580585E-032
   20.3886469561067       4.965028032778179E-030
   20.6001762085564       3.292791766984466E-023
   20.7806632515460       1.711330140538222E-024
   20.8629981815301       1.807032055221062E-023
   20.9968990728018       3.141575083242834E-019
   21.0382709198444       1.493833423287981E-028
   21.0638455303744       9.797009236311887E-019
   21.3184646610735       7.545790648643833E-025
   21.8073325012592       9.659798607541320E-020
   80.1016575387924       2.692893209029162E-023
   80.1153468090911       1.357443874982804E-027
   80.1896393700256       1.159311714130537E-022
   80.3124920020538       5.736465646332780E-035
   80.3241340139684       1.579919553608229E-022
   80.3616054163779       1.062600478049392E-030
   80.4036769898362       3.359983070820096E-033
   80.4667095651800       9.092695871500949E-030
   80.6984421533355       4.936370657999705E-023
   80.8218533358996       1.273125132288466E-024
   80.9102382075316       2.814423513768043E-023
   81.0438414154657       1.940077102850818E-019
   81.1065603863998       6.504585815809620E-026
   81.1089294589538       9.860590832003601E-019
   81.3937342551146       5.604815032860767E-025
   81.8599627568476       1.208332017546624E-019
   178.804640563026       1.068939919431773E-038
   178.825366343831       2.080563559036098E-011
   178.904432871616       7.582754057219589E-007
   179.037778686327       6.183053747154037E-019
   179.051242915609       9.145921177562561E-038
   179.090605775353       5.560686098105738E-017
   179.133990321670       1.167672468573871E-046
   179.202665646109       1.631346491338649E-043
   179.449901685094       8.472745182037216E-040
   179.517127900208       4.442326989390483E-009
   179.609739620624       3.218007571996432E-040
   179.730530339233       4.581088831447706E-004
   179.796999578358       3.425667753002729E-034
   179.822307079133       2.249165221341019E-042
   180.110120851604       4.530274314423526E-039
   180.541166281142       1.492705591580920E-037
   178.909149532705       1.188080355899232E-022
   178.909327422191       1.026004905112742E-022
   178.991109515845       7.867338373871178E-023
   179.118128075953       8.139747428966794E-021
   179.126441798947       2.314351067113681E-032
   179.184241602329       3.383380106757485E-032
   179.212554296975       2.021218350604664E-030
   179.278648877269       3.223277390008894E-027
   179.532767296569       5.197845995176207E-024
   179.603530268155       1.202081371449256E-024
   179.689350262392       3.302644360856830E-024
   179.825411597303       2.758895227721148E-020
   179.871890453199       7.041038035016968E-019
   179.904603949454       1.673014031696283E-029
   180.192111459846       3.065483517655063E-024
   180.621875040537       1.319062602403551E-020
   178.954860732647       3.073721085389888E-027
   178.958687998410       8.181432310483309E-031
   179.044362630752       4.292055690469316E-024
   179.167641926886       3.572082062546366E-031
   179.180174000824       5.603105572282648E-024
   179.221790652016       1.179371309171409E-027
   179.258993420867       2.035304572880760E-029
   179.322913682535       1.128498910046324E-023
   179.562835789580       1.050933126652618E-026
   179.648961892234       2.074291675679179E-024
   179.737801105255       3.144228207513901E-027
   179.870734031826       1.274439189616894E-021
   179.925373454961       5.047754217128565E-022
   179.946764596326       1.023191530666685E-027
   180.229584975638       4.368439224572737E-021
   180.668378898821       2.680595027008984E-023
   285.634018890851       3.761237092404843E-041
   285.641130244680       1.127689167839136E-013
   285.725372962472       1.434640940009071E-007
   285.861956792401       3.019922122144020E-018
   285.863803162923       3.793418143525631E-038
   285.918057091649       5.690098191414136E-015
   285.951653721181       1.866801419773863E-046
   286.022309481390       3.232789898183052E-042
   286.276198801710       1.808874763784576E-039
   286.327407538290       2.741006281502614E-012
   286.414272864752       2.534624090312219E-042
   286.558045118176       3.312143575548875E-007
   286.616787870395       2.576332414228148E-037
   286.634527118930       6.745528019548191E-049
   286.935198911376       4.339474660986282E-041
   287.367761655737       1.829694634036927E-040
   285.638355747374       2.157126357167913E-042
   285.650282903811       1.884060121010246E-018
   285.737030394168       8.052375014373903E-010
   285.861354000670       3.601099730628279E-017
   285.882667266813       7.850374237864974E-039
   285.915311261948       5.515981857040328E-012
   285.956248064357       3.985465171017746E-046
   286.026598707570       8.346315309844739E-042
   286.267294648186       1.036355237203266E-044
   286.331848395911       1.699808693129008E-014
   286.423640636831       1.062528099987568E-045
   286.562307735559       2.523455559623133E-009
   286.627676636430       6.428201436851680E-039
   286.634298603337       1.694890354403737E-043
   286.933055362609       1.605743777029325E-040
   287.373023287639       3.715879757160400E-040
   285.666429778899       2.705989077197182E-028
   285.670975824451       4.981925272656757E-025
   285.752632212363       3.631785867683664E-024
   285.880848018309       5.325314221384634E-022
   285.886542924471       1.410267914222729E-033
   285.943842920172       9.920621356142744E-030
   285.968961512408       2.611702537920607E-033
   286.037917591515       2.168045882388595E-030
   286.290695840489       6.705188240163953E-024
   286.353857762224       1.637689346571799E-027
   286.433754530326       7.645279681030677E-027
   286.587361473231       4.640470622980529E-024
   286.635941854277       8.847212770698948E-022
   286.653008079649       1.115049693077944E-033
   286.952546536747       4.613379423959883E-028
   287.388073643171       2.951825308088964E-024
   285.671393164727       4.677040029607465E-024
   285.685018422075       2.994701594697738E-028
   285.771288557924       2.276451039130757E-023
   285.897013923997       9.388705419891844E-034
   285.918178670228       1.414457601987222E-024
   285.950933407071       6.683992832972539E-032
   285.992830397422       5.916647802089003E-036
   286.063485352420       6.547376040225382E-030
   286.305429984212       1.226698079413387E-023
   286.366780393915       1.903162398677615E-028
   286.459446422391       7.572013751128978E-028
   286.596750249082       4.029703120107946E-025
   286.663427663920       1.659752841197619E-022
   286.671034372116       1.236988783966299E-032
   286.970149313522       7.310442481269850E-028
   287.409012103295       8.112344618078074E-026
   285.720207737818       6.740760673990944E-030
   285.725552879519       4.121739073057862E-033
   285.807711596051       5.233944540521518E-025
   285.936304689393       1.392721169564410E-033
   285.936358340600       5.203754667112373E-029
   285.993290579704       1.332084880951133E-029
   286.019176705604       1.747146238024871E-029
   286.087569799550       1.438530499781820E-024
   286.335124247344       1.603643194195089E-031
   286.406071271168       2.561044485236658E-030
   286.486255487893       6.419106256338210E-031
   286.640166874265       2.248084909361915E-026
   286.688933168048       1.215256860295832E-025
   286.701633925078       3.833562199930268E-031
   287.000196660637       7.454466026151260E-024
   287.439217456585       1.291035143879588E-026
   292.901954815131       1.246162725577607E-024
   292.906448509811       5.419762636491156E-027
   292.991055618483       1.613335583634335E-023
   293.116435145685       1.891232559946300E-037
   293.126834578540       1.396298745960720E-026
   293.172020530083       8.705690954438915E-032
   293.205696560700       1.690541839259912E-035
   293.274827694566       7.050047102378832E-030
   293.517165663830       1.084768841335024E-023
   293.595704720679       4.963242983905440E-026
   293.682183478312       1.182923202792946E-024
   293.825329154115       2.780658177549054E-020
   293.883945110726       1.301248089370760E-019
   293.891503997331       4.254338474501988E-029
   294.187596255004       7.274009867708446E-026
   294.631044879304       2.074774841207627E-020
   594.029598607041       1.399494994755179E-027
   594.030927345385       2.802960459283584E-026
   594.118043312239       2.422688479343742E-025
   594.244077912903       9.161210575407661E-040
   594.251719978753       6.592209933756398E-028
   594.301197508244       2.105757652893965E-033
   594.328818523639       3.458983166428880E-035
   594.399917608815       7.249199405571798E-031
   594.645092589115       9.392342304717904E-025
   594.703013811880       8.505123555972673E-028
   594.784935444683       1.069781221423772E-026
   594.936168183858       1.725728881356091E-021
   594.988431579898       5.860228740191208E-021
   594.998864380153       1.742628609579047E-031
   595.299679212763       3.387157115194373E-027
   595.728801044685       1.105210228345031E-021
