                  1264
  -19.2886996469466       2.329237055344869E-021
  -19.2741815398483       1.428457389402723E-020
  -19.2336905659303       7.783875834871456E-020
  -19.1991868367313       1.095259301860008E-026
  -19.1582076983601       6.229012053958158E-027
  -19.1533867927352       1.105957308158971E-021
  -19.1362299990631       9.079865098624063E-029
  -19.0825597265364       3.915376533405766E-028
  -18.9585747206241       2.221517666644909E-023
  -18.5606052812323       1.640721514631826E-022
  -18.5010425895302       3.132824915815387E-022
  -18.4142031785519       5.583689691071548E-032
  -18.3265655601113       3.749106167543265E-023
  -18.2704141346486       2.776073326400333E-023
  -18.1415921422923       5.429215870929577E-032
  -17.5486048888491       1.477405612644195E-027
  -19.2018122067953       1.061332375940072E-024
  -19.1730467191592       5.141908024438877E-027
  -19.1356797694926       4.290403369542109E-022
  -19.0899919657054       3.418693240850401E-024
  -19.0559613673253       4.895201297654545E-025
  -19.0343515080648       1.896474331941213E-024
  -19.0290222164843       7.641047596019767E-023
  -18.9686427809121       1.729308739084269E-025
  -18.8447452816907       3.565110858543630E-029
  -18.4748811503952       4.196392117278985E-026
  -18.4241760309041       7.018881901575638E-028
  -18.2989118145402       4.672803046672817E-025
  -18.2277469027947       2.185217184380205E-026
  -18.1756427526457       1.001227810887251E-029
  -18.0336345186868       1.907078712233176E-028
  -17.4493887254846       3.538507821082013E-037
  -19.0883062118030       1.696978280196450E-021
  -19.0761609436300       4.072218953906472E-021
  -19.0209007615235       1.561794689198752E-024
  -18.9982743656566       3.869417839612282E-022
  -18.9617631089216       4.436002112847527E-025
  -18.9135970348782       1.824070215022204E-023
  -18.8935167012658       1.422649039446989E-022
  -18.8644135904785       4.260945177294168E-026
  -18.7552721519668       1.236163729667759E-026
  -18.3754280557828       1.818831940188509E-027
  -18.2955841619318       1.136255138456000E-030
  -18.1852449003930       7.520279801797189E-026
  -18.1407658156159       1.381226621029751E-026
  -18.0908003614588       9.841822775130554E-028
  -17.9478108845858       2.160530688140454E-030
  -17.3716825848079       1.196271412361505E-029
  -19.0157659660941       1.991143128898922E-021
  -19.0134638823010       2.136552297739286E-021
  -18.9779256437222       3.673832446864054E-019
  -18.9310512185890       1.365339928756269E-023
  -18.9017171145246       8.108757271098692E-022
  -18.8744305853501       6.509058500581921E-024
  -18.8738634551689       4.786252506475143E-026
  -18.8094582951807       4.303152330657096E-027
  -18.7200414329404       9.839572718135450E-024
  -18.2906906537399       1.168563595304481E-022
  -18.2464666586296       1.241735191039055E-022
  -18.1294964080763       1.035825028699227E-026
  -18.0794157204429       6.187927008724746E-023
  -18.0233450611372       5.398431396836114E-023
  -17.9073996390494       5.575241205905553E-032
  -17.3179350835660       2.245641698931122E-027
  -19.0123091292803       8.534462654308369E-020
  -18.9982754920111       1.238819628270207E-019
  -18.8944543035935       6.934120371719359E-021
  -18.8904599415892       6.275241058461974E-022
  -18.8680254219942       5.703313075396445E-021
  -18.8489758119825       3.737527064517023E-031
  -18.8381999982567       1.315862874421497E-026
  -18.7162851669350       1.631013036965080E-028
  -18.6186815507371       9.898529906178656E-025
  -18.2721520431146       2.478241528330537E-023
  -18.1710000525085       9.119826657507655E-023
  -18.0987444119524       1.372931343662373E-027
  -18.0445408785279       1.918314050062814E-022
  -17.9915661502092       1.337146376456585E-022
  -17.8157755629306       3.106352233461878E-030
  -17.2414254337313       1.829723810533850E-024
  -19.0044890721120       3.314835794451396E-005
  -18.9804515356834       5.230554172211211E-033
  -18.9005848491583       1.635624461699318E-012
  -18.8610423077201       3.276719247768043E-032
  -18.8472304242611       1.787631286145901E-005
  -18.8329235328249       2.999234120936399E-034
  -18.7742059422273       1.644439238196158E-039
  -18.7335923352552       4.705009534800256E-013
  -18.6217821117609       7.989693698748841E-041
  -18.2223264733635       3.102531433669959E-035
  -18.2036509116054       4.577290890380290E-008
  -18.1069628295578       4.695831685166150E-040
  -18.0180275082960       9.754118964703415E-009
  -17.9992593287929       2.139133679641695E-039
  -17.8298238212159       1.283102679168101E-046
  -17.2660834644472       7.661624080048829E-041
  -18.8516832305541       2.605018087142047E-021
  -18.8450950675230       2.695804065643480E-020
  -18.8084612804117       1.033275923203465E-019
  -18.7516158590780       1.999352883396511E-028
  -18.7267015911956       7.747487282598073E-027
  -18.7258277655507       1.334195435464756E-021
  -18.6862908430415       2.439878429744292E-030
  -18.6457707543528       4.953681536246713E-027
  -18.5176672877100       1.246732792045799E-022
  -18.1225080669068       1.008563388992154E-022
  -18.0597552146741       2.090995154875916E-022
  -17.9700232681855       3.941730101218716E-031
  -17.9062975077489       6.007878438741434E-023
  -17.8450286590633       9.613311996299866E-023
  -17.7129666198991       1.419475685047271E-030
  -17.1323212211089       8.121925911424304E-026
  -18.8646535999661       2.761833227780724E-024
  -18.8432366710311       2.019632765556861E-024
  -18.8038837624397       8.598855728791526E-022
  -18.7423151204659       3.258646764328558E-025
  -18.7210199990703       5.243177215668554E-024
  -18.6799796551971       5.167427684203848E-023
  -18.6448517655381       2.523652181666660E-024
  -18.5876737891764       1.242715042149933E-022
  -18.4756238540671       1.160752331044416E-029
  -18.1258788555630       2.950385088488174E-025
  -18.0780212196874       2.965866204967641E-027
  -17.9062682564025       2.418140342118778E-022
  -17.8984194075812       2.383933882809300E-022
  -17.8541882617426       2.692326265004803E-026
  -17.6755521502579       1.311259274073088E-027
  -17.1129152965525       5.620412043680592E-030
  -18.7848319421395       2.438545871811373E-022
  -18.7671934720315       7.639746000373017E-021
  -18.7375143668580       2.770646932959113E-019
  -18.6889600362303       6.592532237592042E-027
  -18.6592749002813       5.878246314071554E-026
  -18.6538814534878       1.252405476352248E-020
  -18.6233653479189       7.649780072065080E-027
  -18.5745540639273       1.237120502402056E-026
  -18.4533177321514       4.743403572313511E-024
  -18.0693394115761       1.678670387809787E-025
  -18.0044311561946       1.381449992427684E-026
  -17.9279428688786       1.797358911887548E-031
  -17.8429790760628       2.716769745641434E-024
  -17.7810016722040       2.547131284518928E-024
  -17.6488060472638       2.499196310350469E-033
  -17.0679813234761       2.431178230265078E-026
  -18.7481438391911       2.012804781704000E-011
  -18.7427386850679       6.375388373590344E-035
  -18.6965500284061       9.582872183090568E-008
  -18.6435174768619       1.622386627901120E-008
  -18.6286510814872       5.888723511963823E-012
  -18.6238698598921       2.150253770747694E-037
  -18.6102480584468       4.567627018940706E-042
  -18.5466887819255       5.863957788850999E-039
  -18.4496960405998       9.913318961288517E-039
  -18.0331159154109       1.798770374313753E-012
  -18.0010850110913       1.088382457109063E-040
  -17.8961401613160       6.520842685914479E-044
  -17.8110767432929       3.974763260807015E-014
  -17.7498464768890       4.962801645303219E-042
  -17.6404095679925       6.850824910692486E-046
  -17.0532952863441       1.766562316946945E-044
  -18.6508943932937       6.047971310725919E-035
  -18.6303800978921       3.819533458993558E-009
  -18.6094774174375       6.605514412723905E-005
  -18.5577022829945       1.790084769532186E-012
  -18.5262770111647       8.578447954970299E-013
  -18.5262295807846       1.803617987106260E-034
  -18.4987636630379       5.474389716173794E-042
  -18.4518547810427       1.435118753392375E-040
  -18.3306360011245       1.139026205359530E-039
  -17.9346940595551       1.358609223348493E-010
  -17.8832113640694       2.834413929737171E-039
  -17.8049114342487       7.000232221696794E-046
  -17.7122968110680       7.307436210483493E-011
  -17.6535071755536       5.524954724840019E-040
  -17.5251565453612       1.113630950655029E-046
  -16.9428153339007       1.844709379725488E-043
  -18.3774945599854       3.953590574668453E-025
  -18.3402042860079       2.807643705260873E-027
  -18.3135577270376       1.159540216210197E-024
  -18.2903450657286       1.282301748181638E-024
  -18.2477766953344       2.029481274700150E-024
  -18.2415102208758       9.679154946322524E-025
  -18.2370159041262       7.162560671781710E-024
  -18.1830941928322       1.824880105551545E-025
  -18.0700549629146       1.117176896269213E-028
  -17.6658133484338       1.313508536577106E-027
  -17.6208125353548       1.897260419390688E-028
  -17.5309532491263       5.256301297793251E-027
  -17.4102215484667       7.995234231621395E-028
  -17.3659460602902       4.663334918644243E-031
  -17.2503748871250       4.077550387765747E-029
  -16.6526290968265       9.293947404603472E-032
  -18.2735888853846       1.021314325699642E-020
  -18.2614417926587       6.991539922783802E-027
  -18.2342613465650       4.626591022317267E-019
  -18.1727506349684       2.039279537389062E-025
  -18.1568424977038       9.484088916707473E-025
  -18.1532513525349       6.634331924658107E-022
  -18.1176377755098       1.190752429775996E-024
  -18.0807048799596       2.405062808036971E-024
  -17.9574925292929       2.439443137942814E-024
  -17.5561096148105       6.445702495756918E-023
  -17.5055540970351       1.228569599473283E-022
  -17.4179316356193       3.120284808695172E-027
  -17.3393007011136       1.025016147060750E-023
  -17.2815778728938       9.776591227099276E-024
  -17.1542794871895       4.660357978105279E-029
  -16.5734851632534       5.776852515016578E-027
  -18.2379916256176       1.117056251638992E-021
  -18.2292373693948       3.039288712290540E-021
  -18.1841884252033       8.307225762375532E-021
  -18.1529878019343       2.854985326861053E-022
  -18.1144494381211       7.115197296264142E-025
  -18.0865654502775       4.583717907186017E-026
  -18.0596554447785       7.367759662678135E-022
  -18.0328437009999       6.882573226061357E-024
  -17.9212552395326       1.315608375216561E-026
  -17.5303938668207       7.652739667250073E-027
  -17.4595864960044       3.857057277658023E-026
  -17.3556135410216       3.684264996116431E-024
  -17.2974008950426       1.573974150142211E-024
  -17.2442519274193       1.278531929932248E-026
  -17.1152509388171       1.921421694988323E-027
  -16.5352758705196       5.434327408427907E-030
  -18.0015278154675       6.681897319803257E-034
  -17.9588946449965       1.474215049023517E-004
  -17.9395218595968       5.108244191300596E-006
  -17.8873888757307       4.444164243322889E-012
  -17.8664011114086       1.719862456714826E-034
  -17.8217104571740       1.365623365157702E-040
  -17.8122859208731       6.902192956133751E-012
  -17.7537536288193       1.592920399935588E-038
  -17.6144733703274       3.208523535128330E-043
  -17.2424661266513       3.528769392174268E-013
  -17.1963848796134       1.225403805818153E-045
  -17.1061342073051       2.443487428073924E-043
  -17.0551300882257       3.690637198525229E-010
  -17.0039933450679       1.219554402110226E-039
  -16.8279963202718       2.611876846744161E-045
  -16.2706242463319       1.108928993248611E-040
  -17.8195197051349       9.619787950876882E-022
  -17.8041113735758       7.059719320840623E-022
  -17.7698609602234       3.692602727775226E-020
  -17.7437959342282       8.031936076487986E-022
  -17.6985657305592       9.651671748809774E-023
  -17.6886793445639       1.728977746863109E-023
  -17.6723867966383       7.813110235789853E-027
  -17.6264357635231       1.384210167541300E-025
  -17.5317466028276       9.537015433469652E-025
  -17.1133977993369       2.984289264418625E-024
  -17.0570462066188       5.204582695166782E-024
  -16.9637894830958       9.531831318274501E-029
  -16.8776773623007       1.823366464475862E-023
  -16.8220920556421       1.675591940098962E-023
  -16.7190098999625       4.951042883516218E-028
  -16.1264981424338       4.586699695351476E-026
  -17.9804276776436       1.074876547918448E-037
  -17.9725342375984       5.617980891784386E-008
  -17.9049181587424       5.937574939266675E-007
  -17.8403662915483       4.734510641965714E-008
  -17.8364101567641       3.432422834725778E-035
  -17.8036097227989       8.670886839397770E-009
  -17.7955624109756       8.783313807762610E-036
  -17.7483198491673       2.971717923301499E-037
  -17.6081521144155       4.152741620105697E-040
  -17.2189492683557       3.756837561739019E-013
  -17.1984566040636       1.342664865123034E-040
  -17.0609389842038       5.039306937490296E-039
  -17.0328134628063       2.443290184791910E-011
  -16.9825681698528       1.700799276113936E-038
  -16.8113760673659       1.145663676491791E-042
  -16.2424492966188       1.510198295193915E-039
  -17.7978258877298       9.911994076605061E-023
  -17.7794452882350       1.539861098469115E-022
  -17.7417592703226       7.520649038067966E-023
  -17.7044706319540       6.076341461245992E-022
  -17.6663926527624       6.646351700688687E-026
  -17.6580318880605       4.499633138605343E-022
  -17.6337862152415       2.602628249850721E-025
  -17.5940377847527       1.125575967939633E-022
  -17.4740278603369       2.631984213072208E-026
  -17.0872691539700       1.458670260939523E-025
  -17.0286166882184       7.653861700903176E-029
  -16.9289348215065       2.071466282452771E-026
  -16.8449592006871       5.179819202381186E-025
  -16.7922735906113       2.436179438832292E-028
  -16.6649116701758       1.721979865098291E-027
  -16.0790514256035       5.078144904933102E-029
  -17.8102507631182       8.771122563574804E-019
  -17.7977005694179       3.981693778325232E-018
  -17.7420837001061       5.044426738196143E-019
  -17.7079650412651       5.888042022182536E-020
  -17.6710561518964       3.090189874828806E-027
  -17.6505568930388       3.924571512303316E-025
  -17.6393086741074       9.110075720156966E-026
  -17.5695430749597       9.936142753109575E-027
  -17.4260629592384       7.307327011609109E-023
  -17.0663888986482       1.734988244966861E-026
  -17.0064306189278       1.943392579501385E-026
  -16.8978739189461       1.621312208360530E-032
  -16.8576138452603       1.048435400310773E-024
  -16.8344685988817       4.032649353506518E-027
  -16.6357441970290       1.276495729865284E-030
  -16.0740290414519       1.475048464739036E-025
  -17.7723089217869       7.475795505939161E-020
  -17.7350675350297       2.173108929986368E-020
  -17.7175079077424       1.493228269461781E-019
  -17.6335700338617       7.528076277725809E-026
  -17.6259678839997       3.318183123835399E-023
  -17.6120308575440       1.298749618869275E-026
  -17.5668608107322       4.322016575120055E-028
  -17.5448495949642       7.453349929042972E-026
  -17.3968360294014       1.318876195365178E-023
  -17.0199430492373       6.188775517736246E-025
  -16.9698233613905       1.255996328127849E-024
  -16.8592208952234       2.449868293096360E-029
  -16.8308786924369       1.408231678030446E-023
  -16.7752522258802       2.062189553765315E-023
  -16.6070883647419       4.120536382242404E-030
  -16.0443780051305       2.523125916128419E-025
  -17.4836485329454       3.870027012585665E-022
  -17.4708079192323       7.531853191735195E-020
  -17.4300645576196       3.918948949308172E-021
  -17.3528082672753       2.772188995001277E-020
  -17.3464268730989       1.299602575409321E-028
  -17.3221181791421       2.269024703008126E-025
  -17.2916146874192       6.347701673582101E-026
  -17.2399034409637       6.444604156294405E-026
  -17.0814746078131       5.810563171684611E-023
  -16.7230553351107       1.226257077872003E-022
  -16.6544560596417       5.460541791539887E-022
  -16.5422532113015       4.844861825427077E-029
  -16.5189544485824       7.881380560312744E-022
  -16.4827970665166       3.433821072104354E-022
  -16.2774534394399       1.901256127949956E-028
  -15.7031809604456       2.056768386298716E-023
  -17.4695273402588       1.598016330171125E-024
  -17.4497906144933       2.823477525665994E-025
  -17.4152266585781       2.131704714132424E-024
  -17.3487101822081       1.015621086285225E-025
  -17.3449278497899       9.715899171771559E-026
  -17.2846414271281       8.594666877166268E-024
  -17.2804477958681       9.211097128104163E-026
  -17.2450788353237       1.226825738510099E-022
  -17.1001349865772       5.903873907648575E-027
  -16.7394314737523       3.530930183462989E-026
  -16.6892211496590       7.460573114889138E-027
  -16.5450418029662       7.850398775107826E-024
  -16.5143873982467       5.497915076168856E-024
  -16.4867293186828       3.970574929014893E-026
  -16.3019289090189       7.024540591554903E-028
  -15.7341826034639       1.268801407483997E-027
  -17.2847258380927       1.346670646061398E-032
  -17.2736848308306       3.414452303815037E-005
  -17.1563375175067       4.563605296088362E-012
  -17.1244574455780       2.954876325320326E-005
  -17.1026584664641       4.101958824347830E-035
  -17.0555844496581       6.666814612601797E-038
  -17.0049269680493       1.797437402119829E-040
  -16.9963578900927       8.034061199100644E-013
  -16.8379853779568       4.449204766081791E-043
  -16.4904357087427       4.943079652858418E-009
  -16.4756345799931       2.165527879716522E-035
  -16.3452011782538       1.433869741057156E-041
  -16.3132306188793       1.369930958032921E-007
  -16.2656176302968       8.491028756854347E-037
  -16.0738439144271       1.880887689681397E-042
  -15.5390840186714       4.177477814179874E-042
  -16.6693998651115       6.538484771834842E-018
  -16.6663026109409       9.934715057753701E-018
  -16.6073668473498       1.286615770799532E-020
  -16.5568490671163       2.001602430552659E-023
  -16.5553228494770       1.323574530130660E-022
  -16.5278578925803       3.465873755929252E-024
  -16.4984199685656       6.262606601592923E-027
  -16.4316207663485       2.720355225275275E-023
  -16.3067007150165       2.139464542066844E-026
  -15.9595378559057       1.457946054628521E-022
  -15.8817041879090       4.629642065911389E-022
  -15.7988312238117       7.252783523623384E-026
  -15.7447944346951       8.486488673145480E-024
  -15.6908143591132       6.083858154288069E-024
  -15.5341224936834       1.354985183368986E-028
  -14.9874044574474       1.701870750733302E-026
  -16.5187426623644       4.873054559695761E-022
  -16.5132948617736       1.825547230392448E-021
  -16.4722759840350       2.010219708736939E-020
  -16.4331885406522       7.804688830983611E-022
  -16.3942003864829       1.734756378112835E-022
  -16.3708477691573       9.603745471228272E-026
  -16.3547398686932       2.432091897290417E-021
  -16.3111359567033       3.793613272777756E-024
  -16.2066836048518       2.409799915091806E-026
  -15.8169515858340       2.741746194915831E-031
  -15.7561729744131       1.099345559714871E-025
  -15.6450408487447       4.110086243472441E-024
  -15.5905102341611       2.150786575165441E-024
  -15.5370378920970       8.462145111250871E-026
  -15.4074443806210       3.662982367001054E-026
  -14.8344439249304       5.701191845403717E-028
  -16.3539167185008       2.305025952433636E-011
  -16.3380437515145       4.323073665933561E-035
  -16.3079864430803       3.008728740183289E-005
  -16.2916403667310       2.992342899493813E-010
  -16.2607425463900       1.381802670516756E-010
  -16.2402080418117       1.748062429708626E-037
  -16.2388286257317       1.458827040672726E-037
  -16.1906466407100       1.238019444915068E-039
  -16.1034372837069       1.422976965448697E-039
  -15.6636077865508       3.516956491264864E-011
  -15.6176023799245       7.273130634039007E-040
  -15.5536982249288       6.835047285408899E-045
  -15.4231127405591       2.373289438466194E-010
  -15.3682808292259       4.103821828343846E-040
  -15.2863471564089       8.079199667626703E-045
  -14.6846382023742       8.754298679338547E-042
  -16.3025728957609       7.791824506293444E-023
  -16.2838766363204       3.374145991322650E-021
  -16.2549237844315       2.767395272657539E-020
  -16.2402744660086       3.346496701864832E-026
  -16.2059135700781       1.024019675614963E-025
  -16.1881825509508       3.958081112577912E-022
  -16.1856377819488       2.969253298739389E-025
  -16.1353958832768       2.869873605666587E-026
  -16.0462402917739       2.630400244523983E-023
  -15.6112450126197       3.469068756183287E-026
  -15.5629672615089       4.130604351610662E-026
  -15.5001864224743       4.889888800557923E-028
  -15.3672795681112       8.387933574170678E-025
  -15.3120462415687       2.680312431335259E-025
  -15.2307747850243       5.718355839467836E-029
  -14.6291567301611       4.527350322707964E-026
  -16.2526300598472       6.326647359893663E-013
  -16.2426790321059       9.335496337958031E-036
  -16.2184884816818       3.822243939224869E-008
  -16.1817300135810       5.169549750832366E-010
  -16.1554373326802       1.755384699349761E-010
  -16.1545708918498       7.245505345789671E-036
  -16.1303512366288       3.459369051440788E-039
  -16.0861196311898       1.819418389468851E-038
  -15.9955948018382       3.367763654332905E-038
  -15.5639737069017       1.099111982891016E-012
  -15.5206034993798       1.735801453754629E-042
  -15.4453916625855       6.122475004061028E-045
  -15.3316135954841       2.860198028108995E-012
  -15.2767420639358       1.513891894781869E-041
  -15.1945890373060       1.334843233139994E-045
  -14.6031356292545       6.374470690708098E-042
  -16.1605490932293       2.162542605670427E-025
  -16.1295391066110       2.040113531906732E-023
  -16.1092399031315       1.602089323140148E-025
  -16.0942967450690       1.847415662794883E-025
  -16.0547822300566       1.153882324031317E-023
  -16.0511359460003       2.950038546540660E-024
  -16.0459323014146       1.108858601417579E-025
  -15.9931197176488       2.802689438982057E-023
  -15.9016136049738       2.422841944340314E-026
  -15.4656656853180       1.824972819210889E-026
  -15.4246555745580       2.138800536536750E-028
  -15.3572732438966       1.069811510176879E-026
  -15.2158151295077       2.608813381846814E-026
  -15.1687543250435       2.692767864466231E-028
  -15.0863199317157       1.176136256410295E-027
  -14.4834229450916       1.061294221579119E-029
  -15.9124529792318       1.785745054726775E-023
  -15.8759030250525       4.329910885868336E-020
  -15.8548273320262       8.423109331549122E-020
  -15.8506413914813       3.891487453827544E-023
  -15.8014016472921       8.242667472955634E-026
  -15.8004752127568       8.399136660169337E-028
  -15.7970783542224       1.568251133412694E-020
  -15.7469374560215       9.864422073170571E-026
  -15.6649196455539       8.711963250952255E-024
  -15.2108222118153       1.061976358181021E-024
  -15.1723627329435       2.944791438891792E-025
  -15.1000933828208       6.237494428063238E-031
  -14.9640666386504       1.049451975153867E-024
  -14.9214123182983       1.508250252951474E-025
  -14.8389307961584       5.690050706052405E-032
  -14.2296251639865       1.881403497559086E-028
  -15.9515937833496       2.345003579545185E-023
  -15.9179829625597       2.031024951633299E-025
  -15.9015232660099       1.777117302754025E-023
  -15.8931713963719       5.185230369314883E-022
  -15.8433942522051       6.115618805051456E-024
  -15.8312677841334       1.303432264031763E-023
  -15.8278197404991       1.675774090741251E-024
  -15.7861583861597       4.256661265184187E-024
  -15.7126214889961       9.482937343642849E-026
  -15.2626269580909       3.095017087276553E-026
  -15.2090519249485       2.931526830048513E-027
  -15.1400969366143       2.602001832349961E-026
  -15.0187360214843       3.848748163183968E-026
  -14.9751945207411       5.272641318755299E-027
  -14.9004330832209       5.340939682075448E-031
  -14.3017865980806       3.913084914869934E-029
  -15.8909690093445       1.139397902930436E-032
  -15.8898448416834       3.458550950954470E-008
  -15.8598636221578       1.145570533760399E-004
  -15.8167138853458       6.199061773837917E-010
  -15.7978778280460       1.207417564820331E-010
  -15.7893482434488       4.301305859033721E-039
  -15.7627208959966       2.003668746739604E-038
  -15.7233290050983       2.612906855317249E-038
  -15.6197891947574       3.165520462601836E-038
  -15.2005716102457       1.557989837086798E-009
  -15.1511144421180       1.278489882319113E-038
  -15.0801389681093       1.715538171432261E-042
  -14.9726176213834       2.051662386096058E-010
  -14.9151528085131       1.032811129640251E-039
  -14.8178137928840       1.006623080099717E-042
  -14.2315298619360       4.115495028207717E-043
  -15.8577782519168       3.767372419201199E-011
  -15.8422437247677       1.494224303715887E-038
  -15.8059026604186       5.996880665404585E-006
  -15.7939597986247       7.355987818517972E-007
  -15.7589040877274       2.724510654000474E-007
  -15.7434924431054       7.984072379388760E-040
  -15.7261005724519       4.855503439519910E-037
  -15.6807788340685       8.602058416025135E-038
  -15.6058626392547       2.834906459372924E-038
  -15.1651682514554       6.800449136833438E-012
  -15.1166383557450       1.234563831637772E-041
  -15.0479794144353       2.737488741380892E-045
  -14.9256733301231       6.927177528165485E-012
  -14.8626556685070       4.447346991452294E-040
  -14.7871115565433       1.469412007787626E-043
  -14.1836397784152       1.129617627770930E-041
  -15.7057656695506       1.261885648756668E-022
  -15.6787064030809       6.423986172085247E-020
  -15.6579181618242       4.010781765140073E-019
  -15.6309268025546       7.263279972810544E-025
  -15.5982370764701       2.677208304946031E-021
  -15.5960900455694       1.164734517959535E-023
  -15.5848976667446       4.769132147224756E-027
  -15.5360014434740       1.115489159611187E-026
  -15.4350798523334       8.342430091281100E-024
  -15.0065068797994       1.621135548627455E-023
  -14.9671739948107       3.397359997159936E-024
  -14.8916328948401       2.032156495699110E-029
  -14.7628819947459       4.983071433983481E-024
  -14.7176961312800       1.121028690962624E-024
  -14.6226104433075       3.436324375030375E-032
  -14.0259595970888       6.000295777700759E-027
  -15.5589747658081       5.254200375179486E-010
  -15.5454739434604       1.180942056585424E-038
  -15.5110964564631       5.360690500507647E-006
  -15.4795829165584       3.351947033356066E-008
  -15.4578073294641       1.241278532844099E-006
  -15.4422627770716       4.715433980015506E-038
  -15.4333707972593       6.445118655551663E-040
  -15.3792921752938       1.060977382108406E-036
  -15.2867517204084       1.366489552316020E-038
  -14.8580269860318       3.373730074922514E-013
  -14.8181823606022       4.695438940152174E-040
  -14.7407422853566       1.861394313258055E-043
  -14.6255020081046       2.569760337410462E-011
  -14.5658564203046       1.895995502306516E-038
  -14.4763729579955       2.432122229037363E-042
  -13.8813754812257       3.220814783921571E-040
  -15.5131171815269       1.169569819202111E-024
  -15.4835537875595       2.304988633991154E-023
  -15.4565746052114       9.119049387802826E-020
  -15.4443601544064       1.512807978192995E-023
  -15.3998985829180       1.606384491866506E-023
  -15.3924409810645       9.946120680156608E-025
  -15.3905712263694       2.433179919743312E-023
  -15.3394175637012       7.710051762443215E-023
  -15.2486499545681       1.910913417604976E-025
  -14.8150447415378       3.967557087523158E-025
  -14.7712737150229       1.659988028696580E-027
  -14.6958250827348       1.308638102507047E-026
  -14.5695888624314       8.187279453815889E-025
  -14.5218535057465       1.984607760921856E-027
  -14.4300850651580       2.927198324070856E-028
  -13.8299977236581       4.112318275945558E-033
  -15.5741233646988       4.126252597089962E-034
  -15.5527181398886       5.371502251339821E-007
  -15.5295169685721       1.903796745801321E-004
  -15.4831320301237       2.155600647561117E-011
  -15.4530190537815       8.572982843517615E-011
  -15.4455220900057       2.092390793461877E-034
  -15.4219096235588       5.242871194219923E-041
  -15.3753780728036       1.055575758565560E-038
  -15.2613720309215       3.360019917622479E-038
  -14.8601185617639       9.377414297834120E-011
  -14.8085958346020       7.759032352563264E-040
  -14.7347652005682       1.488887720949134E-040
  -14.6478958387263       2.125493780681072E-009
  -14.5828191887958       5.288241565683519E-040
  -14.4661777349191       3.536029297484508E-042
  -13.8920224183423       3.716318039339780E-040
  -15.5809505605010       3.034419207036538E-016
  -15.5802382004394       3.413106662816579E-016
  -15.5268970029772       8.581787626633922E-019
  -15.4762277210827       3.073731924622624E-023
  -15.4536375759411       8.737619393215334E-027
  -15.4361525911271       7.605184340834208E-025
  -15.4015844995187       1.316518781553659E-025
  -15.3559528069299       4.671445390439961E-026
  -15.2142948737330       7.608627014625757E-024
  -14.8641115151705       2.744078195158480E-025
  -14.7958891926718       4.280398771742190E-025
  -14.6919791748707       2.387789622199392E-031
  -14.6590630024291       4.634941046337606E-026
  -14.6204155673145       4.027510727325879E-025
  -14.4440568046844       5.918170468461168E-032
  -13.9014803418800       5.545651683776118E-027
  -15.3565351117778       3.988759867709180E-036
  -15.3282931632402       2.761984557177025E-006
  -15.2878185232319       3.128681268290753E-005
  -15.2222161069684       3.192142025763945E-006
  -15.2054027990773       2.294825595007148E-035
  -15.1960532099003       1.496925534923865E-006
  -15.1543048551774       6.084371936300790E-036
  -15.1253634899991       1.225997316069118E-035
  -14.9945002215839       7.003912635462856E-037
  -14.6108712614289       2.700000890867559E-012
  -14.5671001693449       4.808108688833643E-040
  -14.4587257756389       1.148959153776951E-042
  -14.4226963953284       2.581584770701595E-012
  -14.3560992963286       9.135319634210835E-039
  -14.2103196879455       8.488933838176156E-042
  -13.6456066417097       1.691787643232497E-039
  -15.2866785080141       1.261407996951588E-035
  -15.2504827271757       1.583452045130167E-005
  -15.2332745670170       1.063397738680415E-004
  -15.1712611540088       2.049772193953132E-008
  -15.1478760719917       7.582785468389852E-035
  -15.1344946142358       1.639061526094213E-008
  -15.1005440983164       5.339088258639978E-036
  -15.0599741757708       3.282929737483042E-035
  -14.9333752810457       3.092520420920036E-035
  -14.5570301798721       7.264926011835110E-014
  -14.5040637540000       7.947270200287393E-037
  -14.4168857269669       1.807574962361227E-040
  -14.3585856378467       1.704816876086472E-010
  -14.2894410568552       1.111010544453280E-035
  -14.1554385808976       6.157080360624631E-038
  -13.5973727080016       6.709533015049647E-041
  -15.1003694006443       3.077630958379279E-021
  -15.0687785860331       2.996285358963291E-022
  -15.0449714309975       1.320150678676628E-018
  -15.0363389398079       2.015645861188934E-021
  -14.9876276757795       4.975635281747960E-022
  -14.9875028043718       4.421345835405752E-022
  -14.9750077122378       1.244836335048566E-022
  -14.9314536795428       4.285942699699547E-022
  -14.8403390366732       6.557304403349260E-024
  -14.4067218576608       9.486756051548234E-026
  -14.3574557788969       2.101587404680044E-026
  -14.2886115131476       6.390706734854037E-027
  -14.1587414333160       8.459748476571306E-025
  -14.1120638911478       2.900167558391463E-025
  -14.0274216038304       7.370585490259256E-026
  -13.4285146177257       2.960161232998903E-027
  -15.1826410489259       2.953309719528289E-021
  -15.1744359187307       5.108110475963211E-019
  -15.1405914985881       6.719623917203610E-018
  -15.0875734222095       7.153743935768161E-021
  -15.0806290496362       1.405926645407570E-020
  -15.0621941524429       3.799367724780659E-021
  -15.0401529889714       2.758242105753372E-023
  -14.9981021575028       1.615325263021604E-024
  -14.8975662097563       7.876827224702619E-022
  -14.4768564233426       1.499674951613151E-024
  -14.4326234804698       2.815529024188767E-023
  -14.3478342966443       8.606344174793824E-029
  -14.2636092458469       5.275377261638095E-023
  -14.2004161030366       1.760724255790261E-023
  -14.0977759573159       2.766816912999100E-028
  -13.5157961743840       2.414641185186118E-025
  -14.9744422324258       2.005881763969724E-018
  -14.9721315780927       3.499950261261339E-018
  -14.9220153331628       4.668351530086190E-019
  -14.8785636881193       3.144267887129983E-027
  -14.8705230417899       1.502208798707060E-024
  -14.8395133994106       2.020323160316479E-021
  -14.8353433987859       3.568417471815773E-025
  -14.7782421770109       4.860057789964450E-027
  -14.6803734144624       6.908074929629934E-022
  -14.2690134994763       4.063492478384158E-027
  -14.2258308363399       8.535853879357477E-026
  -14.1384476655296       2.087073857731815E-030
  -14.0508446752491       4.934853583396777E-024
  -13.9806138725779       9.654091553324333E-024
  -13.8795329357113       4.801725006736334E-032
  -13.2982463029725       2.849521427775583E-026
  -14.9135381903067       3.483996845680439E-023
  -14.8935118852853       1.376552733096475E-023
  -14.8602615636459       1.048494145126794E-021
  -14.8245646833889       2.312531685373163E-024
  -14.7972660048789       8.630744341650880E-025
  -14.7810902791296       1.718628899512053E-024
  -14.7552910739917       6.413366359200965E-027
  -14.7312670579617       3.162715360504753E-024
  -14.6075295107421       5.442628680582544E-026
  -14.2092538563373       1.311212618974997E-028
  -14.1538154303954       2.923229816052175E-027
  -14.0615915962930       7.412760489576210E-027
  -13.9756026604017       9.236153215703733E-027
  -13.9359205558014       2.386089917668341E-029
  -13.8045146393063       1.433401728492110E-027
  -13.2253305814452       2.185327917618830E-029
  -14.7825118415212       2.936253982302004E-027
  -14.7524437266960       1.033226949737333E-023
  -14.7316422216115       2.546390025043800E-021
  -14.7203357505681       2.112912509255668E-024
  -14.6773127377114       9.856253938473096E-024
  -14.6769454428115       9.574776012171041E-024
  -14.6630598461875       3.339510664023044E-024
  -14.6177023807411       1.077377695214685E-022
  -14.5285872243929       7.154696380270489E-025
  -14.0918145074527       2.742868253066720E-026
  -14.0447215275718       1.605309224470755E-027
  -13.9806935022466       6.047180401305290E-026
  -13.8442303266729       1.215727205767075E-024
  -13.7972656135194       1.883888488662413E-026
  -13.7193770934569       2.936030950180307E-026
  -13.1195969800524       3.014433470830032E-027
  -14.6601577267238       2.272792928870628E-021
  -14.6378423081148       4.382754133339524E-021
  -14.6125360337174       7.061986422705408E-019
  -14.5785204537329       4.016452398855780E-026
  -14.5548111158836       3.442636203904037E-021
  -14.5428403805120       3.968265761610080E-028
  -14.5227556507008       8.404237356670809E-028
  -14.4897488297793       9.203378036889519E-026
  -14.3749276908207       2.198431950305892E-023
  -13.9629423256978       2.461829653126694E-026
  -13.9157951937348       3.879676329018360E-025
  -13.8349822134422       2.453836943010017E-031
  -13.7279505190620       8.177539370138869E-024
  -13.6884705139386       8.568962251183621E-025
  -13.5730077451703       1.760851178101025E-031
  -12.9916258095279       5.991712943394100E-026
  -14.7092269238562       6.090571069913066E-020
  -14.7016005652834       5.004797135190332E-020
  -14.6652903102564       3.530037904898396E-020
  -14.5815282874462       5.505978816002799E-020
  -14.5734494988133       1.114631121165443E-027
  -14.5484186600555       3.531806778970199E-025
  -14.5212651065851       3.713964924338892E-027
  -14.4796671297895       1.665260774382535E-027
  -14.3092820384034       2.820145899417315E-023
  -13.9600428637850       2.688410353594981E-023
  -13.9049156140277       1.004040448336731E-022
  -13.7806802048575       1.467384784784705E-029
  -13.7561210824104       1.869544598823026E-021
  -13.7237517935902       6.207188488529919E-022
  -13.5149976717199       1.997701533731761E-028
  -12.9502254454102       5.766595751807085E-023
  -13.7724595962753       8.384264178609713E-024
  -13.7508535436701       2.958151247058627E-023
  -13.7250196607603       2.282433655603879E-020
  -13.6945568171297       1.766373963075500E-021
  -13.6687915131764       9.278760453746864E-024
  -13.6552819602734       7.406270779077809E-022
  -13.6267405623282       1.281786157085799E-022
  -13.6007345137321       2.446913826222374E-025
  -13.4952338133417       1.244498929386260E-023
  -13.0837551932554       5.127974308250063E-023
  -13.0277764815358       4.094132052562463E-023
  -12.9541420289806       4.254880480485138E-026
  -12.8484010462858       8.967675439817439E-023
  -12.8021237718634       6.429470947074883E-023
  -12.7022773622226       1.255814968125455E-025
  -12.1227138037641       1.266424428441798E-025
  -13.7198791258627       7.929320611346553E-026
  -13.7011617878644       5.054256811758094E-025
  -13.6737301690024       2.830203450612067E-021
  -13.6226825017469       7.791212834418489E-022
  -13.6084263450211       2.040128065804667E-023
  -13.5820467612970       1.337912839340987E-021
  -13.5612883281807       7.638259895847112E-022
  -13.5324031888652       9.868221136465200E-022
  -13.4098634722195       3.393752544144331E-024
  -13.0171103051780       2.168861691170319E-026
  -12.9711022995890       2.079456046843719E-025
  -12.8664772095040       5.750181999496833E-025
  -12.7887340027251       4.234935722548448E-025
  -12.7492773176318       2.305888468140512E-026
  -12.6148502342264       2.922175220621413E-026
  -12.0403248102598       3.671461634351197E-028
  -13.1853977833329       6.662783016696913E-037
  -13.1357879467696       9.548175972689658E-006
  -13.0261168780050       4.770879189800792E-005
  -12.9989369136393       1.574398134923423E-016
  -12.9385033544723       1.124478565125528E-034
  -12.8795869787806       4.050473007293146E-036
  -12.8785828989621       1.046733357032228E-012
  -12.8261656330224       3.015394238667559E-039
  -12.6384184185805       4.042635413739806E-045
  -12.3859519946755       5.646166706819637E-011
  -12.3315710980779       1.008754526722129E-036
  -12.2082494999585       9.404284069263190E-007
  -12.1806818424562       3.091377197972141E-039
  -12.1249719832777       4.179437530217399E-036
  -11.9020846507451       5.232563278127977E-041
  -11.3953670905896       1.350518045588795E-040
  -12.3127272176705       3.182716060111683E-017
  -12.3121838789343       3.569732038509687E-017
  -12.2529254803662       8.175102503268814E-021
  -12.1967725385205       9.906829826520134E-021
  -12.1678352974795       5.487917418567818E-027
  -12.1314557640489       2.511766647490688E-027
  -12.1128102104815       3.319028550664883E-026
  -12.0394732123117       1.501258181338101E-024
  -11.8748147427517       7.864330980429953E-027
  -11.6097294888008       1.695331874720037E-023
  -11.5352404923072       1.657543314337623E-022
  -11.4133967032783       2.923350525177795E-029
  -11.3925295065244       3.309013554369500E-024
  -11.3454637507616       9.082317360928067E-023
  -11.1387759282440       1.167249769997745E-028
  -10.6317944507730       7.097749421370767E-025
  -11.8908538021731       4.284205082126007E-023
  -11.8764483935869       4.072063944317300E-026
  -11.8254899768970       1.192339793484105E-023
  -11.7748920595521       1.299491959789378E-023
  -11.7313508142927       2.630919973717195E-024
  -11.7191017228502       1.049977278365105E-022
  -11.6966018152244       1.691719670772222E-022
  -11.6414178928630       5.151404964032209E-025
  -11.5307178245180       2.564697895784769E-026
  -11.1910528293198       8.788876384297645E-027
  -11.1222706094825       4.330330614270460E-026
  -11.0015250231138       2.054512181970684E-025
  -10.9730416950355       4.965414647997619E-025
  -10.9008659249140       3.534975994688565E-025
  -10.7567059713619       6.191095142307119E-025
  -10.2097789468473       3.671587383784591E-027
  -10.5976244975952       1.976956989797865E-033
  -10.5319542772596       6.944439772817265E-004
  -10.5119503424027       1.225154135340624E-005
  -10.4158918169356       1.593600063759181E-033
  -10.4048204138516       1.920680078952635E-011
  -10.3244977228163       5.185404089386490E-013
  -10.3207757872722       1.164573784677103E-038
  -10.2487809747953       2.252464217729877E-038
  -10.0538121455054       5.349637039333664E-039
  -9.82054700796075       8.040875316791001E-016
  -9.75537052991747       4.533624115035289E-041
  -9.64697254754710       3.778950666259956E-008
  -9.60737181945407       7.445725313927585E-043
  -9.58573954430307       2.378102695874514E-037
  -9.33159359326801       3.385199103739886E-042
  -8.84170667445662       3.434247818201511E-041
  -10.5548062848857       8.162709833299468E-036
  -10.5041274300075       1.766025701279455E-007
  -10.4297169434943       1.449293430463512E-006
  -10.3594570656033       3.805923365569459E-007
  -10.3180508020698       3.354356992268492E-008
  -10.3148218564905       7.649793599461032E-035
  -10.2710187962183       9.199199284287617E-038
  -10.2213968084146       3.545731893570896E-037
  -10.0709043860304       9.344468392644170E-039
  -9.77959426952107       1.152326381270924E-013
  -9.71868316941143       1.997706180519612E-041
  -9.60541205674012       1.970363120803353E-010
  -9.56548235893926       1.941371422272509E-044
  -9.51660365568288       5.754520070683993E-039
  -9.32044239917945       1.790406247292893E-046
  -8.79759130556638       1.257235415811246E-040
  -10.3421226933472       1.269586050887211E-018
  -10.3363847223372       5.902069145743165E-018
  -10.2812028326782       6.426907976352779E-019
  -10.2279998958513       1.249590155771846E-019
  -10.1710114268749       8.440381833341161E-028
  -10.1498139557063       3.215793641979780E-025
  -10.1237335910437       1.669326671323668E-025
  -10.0745346296272       7.859638978443858E-026
  -9.89018255476855       1.982983769855691E-022
  -9.62361461745775       2.280721819941546E-027
  -9.55842131324566       5.661856298175080E-026
  -9.41650369904755       4.464925817454065E-023
  -9.40889539442179       3.516897340724246E-030
  -9.39162576422866       3.020308225240880E-023
  -9.15307828552246       4.015783729985940E-029
  -8.64483458315555       2.026378994120531E-024
  -10.2333050711397       1.422015864674705E-018
  -10.1840937420585       8.918944147627490E-020
  -10.1295989394869       1.597261094667902E-019
  -10.0437167555671       8.508114631172619E-025
  -10.0194773422032       3.553824464296101E-026
  -10.0108488644279       3.904918032820547E-020
  -9.95948198167482       2.068436425830458E-028
  -9.91854009410830       3.924350949787915E-028
  -9.76273278262474       2.514670998044665E-022
  -9.47312792601118       9.770291704331646E-026
  -9.40696540671080       4.535580815065855E-024
  -9.29024693054309       5.581250077991602E-023
  -9.26185032975997       6.187208412993446E-030
  -9.20378786140667       5.672944506034334E-022
  -9.01296608025083       3.237332754279977E-028
  -8.49075593505926       6.095941060543364E-023
  -9.93399065347502       9.653634249842735E-019
  -9.90544406451284       7.924166360315505E-021
  -9.87060552469319       2.303157227021779E-019
  -9.76523362405986       1.632132105413298E-019
  -9.76396395058676       5.497609429736613E-024
  -9.72393499724682       6.677376546450810E-025
  -9.69766110950444       3.417090304700630E-029
  -9.64946977728988       1.698303591809169E-026
  -9.45638855348181       6.474806062383362E-024
  -9.16945568001499       3.013563687051149E-024
  -9.11510578765658       3.428132488350151E-023
  -8.97606712024542       1.525561693575367E-021
  -8.96615617840809       1.182636942745675E-029
  -8.92555355497972       3.790833143496344E-021
  -8.69194227981121       4.220850457453307E-028
  -8.15766817107741       2.797101664685028E-022
  -9.91170871148767       3.731758412554612E-024
  -9.89891128033993       1.013818811225541E-022
  -9.84930547582070       3.457766608301199E-023
  -9.78490859455852       7.725864827084366E-024
  -9.76231465092581       1.205852124409158E-024
  -9.71665931536512       4.410670783750845E-023
  -9.68218349405836       1.211984311313525E-021
  -9.67188611845058       1.037215637520178E-021
  -9.48876465812508       1.363829707483298E-026
  -9.20191766151782       4.318051682556162E-028
  -9.13533340571536       3.073737555713498E-031
  -8.98571375917718       1.221119599205759E-026
  -8.98430190759290       7.331163772448332E-025
  -8.95902705617080       5.387729038986829E-026
  -8.73937319982118       1.321208920896554E-025
  -8.21799810649907       1.697855861302696E-027
 -0.837741927044434       4.247123769282479E-019
 -0.817804422892969       8.733794156164420E-025
 -0.767369526088679       5.056164482399962E-020
 -0.667453436651883       3.066998031603321E-030
 -0.652411948804488       1.851200599341621E-019
 -0.635989029801944       9.433311663293593E-025
 -0.589743229887471       3.224266924668074E-030
 -0.540616021566059       1.912489723853930E-026
 -0.355271103807500       2.527521891337763E-024
 -0.109697142184633       6.890511218503866E-026
 -3.587377808716852E-002  1.667499674463795E-025
  0.100910033526109       4.702386199710060E-022
  0.113735911425998       2.168789928362307E-033
  0.167973295824464       3.597008060751019E-021
  0.384558383971239       1.329059163451278E-027
  0.894595934241352       5.763792886059645E-022
   1.35129360020764       2.455307569963286E-034
   1.42281954388108       2.087833022115898E-007
   1.49701534877152       9.636002915921070E-005
   1.59126195783472       1.640348896772634E-013
   1.64112769801422       6.129382840979041E-035
   1.66791165232759       1.541018800884526E-012
   1.71464674499282       7.349584601869627E-043
   1.77350737622317       1.625940762712466E-039
   1.98966097976554       3.707599853426977E-042
   2.14460076402618       6.205864066419731E-011
   2.23116493597668       5.696279032605745E-039
   2.33276883872297       5.976118405485823E-006
   2.41171972623468       1.609135590797949E-042
   2.43530308818965       1.504419683100027E-035
   2.69845595551255       1.975158110554678E-040
   3.17815462000504       1.047105119761426E-039
   2.00159932241730       2.757215124340560E-022
   2.01008353512053       7.622709308374182E-020
   2.06702459821700       8.524714275041581E-020
   2.14102822867083       2.655708657967088E-019
   2.20463108326649       1.186413446889193E-029
   2.24803887889921       1.762217574543595E-027
   2.26093484772655       1.749941264894982E-025
   2.32668289299049       8.188198617396401E-026
   2.56048964764259       1.556578973013829E-024
   2.72418273418122       1.745108909072148E-026
   2.79449850361146       5.048922920989954E-023
   2.94644423899479       6.125342785275246E-021
   2.97347910742032       2.241417348668973E-020
   2.98323258301684       3.832679184167434E-025
   3.26794908417514       2.298567245734492E-026
   3.74550879147721       9.315715074829478E-023
   2.33284564614193       1.717637207821286E-023
   2.34533640597098       1.276995344188115E-028
   2.41282202515189       5.724744064220352E-023
   2.49912568213274       1.756176133301654E-025
   2.53749173811030       3.678176508441414E-022
   2.54278579247573       7.920866736373723E-024
   2.58751820494746       3.027950890407989E-027
   2.63873797568866       7.841218210424288E-022
   2.80656598034825       3.696853696749090E-028
   3.04074379538920       5.507574099409049E-027
   3.12154617915300       2.090653554156516E-025
   3.26351959434147       4.948158176871577E-026
   3.28742873628897       1.994911504322101E-024
   3.32909414921536       4.185735908629497E-023
   3.54714906120477       2.874638700318298E-023
   4.05978203829030       3.774672834868553E-025
   10.8649654069595       3.415105717163825E-034
   10.9233769907002       1.080776147352556E-006
   10.9528571642343       7.030116380926452E-004
   11.0854292013803       5.587570789491480E-034
   11.1036702429049       2.926917777227582E-011
   11.1591362902664       2.416432124861736E-011
   11.1965008060282       1.265689837399338E-040
   11.2562530725617       7.538755295730216E-039
   11.4970845534699       1.092590537310238E-038
   11.6168131370951       1.714465336733845E-011
   11.6977318699838       1.181074901774988E-041
   11.8292635356872       8.981255626285358E-008
   11.8939852008321       5.932365690174656E-041
   11.8990076102627       4.970614097302961E-038
   12.1926171586238       6.674654707193019E-042
   12.6593415452120       2.422421043156229E-039
   10.8904820997643       2.860585149073982E-036
   10.9465725272799       3.406747855717922E-008
   11.0146225478445       2.254833571305182E-006
   11.1283030067380       3.957693563927343E-008
   11.1486305112882       2.500396554304493E-007
   11.1656865759206       4.920424137828713E-035
   11.2232052646113       1.239828689670071E-038
   11.2779292867528       1.501072175251555E-037
   11.4703025575484       1.847497095074061E-041
   11.6412052866970       7.183120204858806E-015
   11.7304565768111       7.234209575303906E-043
   11.8539610821365       4.799415157267493E-010
   11.9094986413346       1.808757437138307E-045
   11.9475649542829       3.355772589362274E-040
   12.1924745291295       7.715582950868365E-042
   12.6863162540306       8.264242734671973E-040
   11.0392646237078       1.203793393827883E-018
   11.0419349777543       2.238706752219656E-022
   11.0979473507210       5.293734694452491E-020
   11.1888079900737       9.605410209379065E-019
   11.2421506538025       1.833494744031004E-030
   11.2771858155683       2.236065401080796E-024
   11.3082114725664       4.187623165185045E-027
   11.3551805475858       5.612151497216778E-026
   11.5907436573425       1.626603975588808E-022
   11.7437295912908       1.002287932769710E-027
   11.8125171263939       5.598986669177228E-025
   11.9735579569970       4.954076425523483E-023
   12.0070609010395       1.582757680485635E-028
   12.0106296253958       7.399232924384318E-022
   12.2964994831446       7.004427305553751E-029
   12.7736815977660       4.888416611180461E-025
   11.0723127465553       3.330404028183083E-018
   11.1331676265990       1.682602871281325E-020
   11.2022727891328       6.844911561594014E-020
   11.3131385292329       6.329510165624484E-026
   11.3427276111189       3.549755272862159E-026
   11.3550963202191       4.906243046149365E-021
   11.4153085291767       8.512294411570435E-030
   11.4698940586436       1.161335525402759E-026
   11.6670483161534       2.208571571796889E-024
   11.8296161742569       8.000998625146526E-028
   11.9207327262467       7.334006946203874E-026
   12.0407518897394       9.825828109284471E-025
   12.1008868315569       4.367256407941801E-031
   12.1376130133695       5.960612928506465E-023
   12.3861094046224       2.442542878175985E-028
   12.8770576323743       1.925790714392102E-025
   11.3105406783442       7.704973773793993E-024
   11.3163615961271       1.045827860131654E-025
   11.3755425866224       1.381133710267403E-021
   11.4698521297423       6.358809639117939E-024
   11.4946833372533       3.231125102872369E-028
   11.5363978019023       1.535775951856673E-025
   11.5751219479416       1.879743223213314E-024
   11.6039291610664       6.956942400869206E-021
   11.8226689586400       8.875819919784146E-028
   12.0055330771563       5.226500793230981E-029
   12.0769454358766       6.993795815759481E-029
   12.2416186140975       1.458085300444449E-026
   12.2608701571875       1.994322230803562E-026
   12.2800037955528       8.863143891391428E-026
   12.5420330498951       1.230762064565065E-024
   13.0325828485717       3.740269024279666E-027
   20.0521902866973       4.180181690290269E-019
   20.0723155050163       1.111218493618107E-026
   20.1328970422738       3.885199003028716E-020
   20.2483689864386       4.827058262274867E-031
   20.2594131130435       9.469071046280648E-020
   20.2872073720456       4.134971066180993E-025
   20.3339970478645       3.737522025992414E-030
   20.3886469561067       1.447089340041354E-027
   20.6001762085564       3.112949266994745E-023
   20.7806632515460       1.004029625925381E-025
   20.8629981815301       3.220053002098685E-024
   20.9968990728018       1.374227550584888E-021
   21.0382709198444       5.100613154174465E-033
   21.0638455303744       1.903074445444967E-020
   21.3184646610735       3.683461690776840E-027
   21.8073325012592       2.188037466189083E-021
   80.1016575387924       1.816747114221615E-019
   80.1153468090911       6.687150307341122E-027
   80.1896393700256       1.562901296413152E-020
   80.3124920020538       4.446782566096207E-033
   80.3241340139684       1.155026949417752E-020
   80.3616054163779       9.426188800441453E-027
   80.4036769898362       9.717341978233565E-032
   80.4667095651800       1.485250607442202E-027
   80.6984421533355       2.817352369841719E-023
   80.8218533358996       7.255017765324876E-026
   80.9102382075316       5.677251301995152E-024
   81.0438414154657       1.422578574020371E-021
   81.1065603863998       8.843511767435749E-028
   81.1089294589538       2.977154309001723E-020
   81.3937342551146       4.223352372853332E-027
   81.8599627568476       3.303716282270544E-021
   178.804640563026       1.249980509349552E-034
   178.825366343831       6.939113483889774E-011
   178.904432871616       6.352572091181146E-005
   179.037778686327       2.948917420281582E-016
   179.051242915609       4.358391689427090E-036
   179.090605775353       1.039881853781247E-012
   179.133990321670       2.195426507745080E-045
   179.202665646109       1.382960550680219E-041
   179.449901685094       1.654324372226682E-040
   179.517127900208       3.775250227082493E-010
   179.609739620624       7.113168965411369E-041
   179.730530339233       5.304420159413423E-006
   179.796999578358       1.590111989858362E-035
   179.822307079133       4.019752081677306E-043
   180.110120851604       5.155141513638184E-041
   180.541166281142       5.123766625430016E-039
   178.909149532705       2.317815411114282E-021
   178.909327422191       5.457729597266313E-020
   178.991109515845       7.103267039924052E-021
   179.118128075953       3.839210144019601E-019
   179.126441798947       2.042424021431878E-031
   179.184241602329       1.944886897683767E-027
   179.212554296975       7.421201154776612E-029
   179.278648877269       2.926512318793809E-025
   179.532767296569       1.523154695950761E-024
   179.603530268155       6.159245407879605E-026
   179.689350262392       8.136477726772985E-025
   179.825411597303       3.036181534474329E-022
   179.871890453199       3.621973114678815E-020
   179.904603949454       5.516846405436321E-030
   180.192111459846       3.394318038404890E-026
   180.621875040537       4.049349766645616E-022
   178.954860732647       2.411698194772921E-023
   178.958687998410       5.488890310742090E-030
   179.044362630752       3.674907305554043E-022
   179.167641926886       1.936589931440177E-028
   179.180174000824       2.607358295862187E-022
   179.221790652016       2.374851437430093E-024
   179.258993420867       2.180285151336954E-028
   179.322913682535       1.068482109232862E-021
   179.562835789580       1.998666392472922E-027
   179.648961892234       1.286812054874699E-025
   179.737801105255       7.295041470891218E-028
   179.870734031826       1.457857995654782E-023
   179.925373454961       2.541670560481760E-023
   179.946764596326       1.894843520850825E-028
   180.229584975638       4.928633313312867E-023
   180.668378898821       8.804726946354695E-025
   285.634018890851       4.460081256780188E-037
   285.641130244680       4.485978457308988E-013
   285.725372962472       1.278272973670305E-005
   285.861956792401       3.171396129185884E-016
   285.863803162923       1.860531749351216E-036
   285.918057091649       1.123756839982184E-011
   285.951653721181       6.111800020065237E-045
   286.022309481390       2.748482552779481E-040
   286.276198801710       4.454267373934445E-040
   286.327407538290       2.245108308259632E-013
   286.414272864752       8.069907137180523E-043
   286.558045118176       3.704718522311074E-009
   286.616787870395       1.239353393870790E-038
   286.634527118930       1.005038581289765E-050
   286.935198911376       4.992760162232634E-043
   287.367761655737       5.893132417882628E-042
   285.638355747374       2.619533007034804E-038
   285.650282903811       1.072390733478366E-017
   285.737030394168       6.909119405490378E-008
   285.861354000670       1.130939681179538E-015
   285.882667266813       3.821044309234752E-037
   285.915311261948       4.737681851456667E-009
   285.956248064357       8.488343436926581E-045
   286.026598707570       8.001412687070904E-040
   286.267294648186       1.617826180742354E-045
   286.331848395911       1.757571910338428E-015
   286.423640636831       2.739157484537248E-046
   286.562307735559       2.923232497386636E-011
   286.627676636430       3.022574867665101E-040
   286.634298603337       9.451174012005020E-045
   286.933055362609       1.721785141961548E-042
   287.373023287639       1.276186735064817E-041
   285.666429778899       5.653800685494774E-027
   285.670975824451       1.767910696869232E-020
   285.752632212363       3.291309424916547E-022
   285.880848018309       2.583739325581109E-020
   285.886542924471       5.035625840674502E-032
   285.943842920172       9.954969699616233E-026
   285.968961512408       7.236835637697006E-032
   286.037917591515       2.192089819168944E-028
   286.290695840489       1.836002459811599E-024
   286.353857762224       8.983937354965494E-029
   286.433754530326       2.383277379014133E-027
   286.587361473231       5.115448845444727E-026
   286.635941854277       4.410179407566273E-023
   286.653008079649       1.812952257700581E-034
   286.952546536747       5.082660753118783E-030
   287.388073643171       9.099066844941649E-026
   285.671393164727       6.974410022698655E-020
   285.685018422075       4.173727152616020E-027
   285.771288557924       1.953145500066745E-021
   285.897013923997       3.915419131109959E-031
   285.918178670228       6.940304816765108E-023
   285.950933407071       6.699980817420479E-028
   285.992830397422       2.679602957458054E-035
   286.063485352420       5.778836741626833E-028
   286.305429984212       1.845049732374603E-024
   286.366780393915       2.110762792222748E-029
   286.459446422391       1.822434341612286E-028
   286.596750249082       4.667482038087233E-027
   286.663427663920       7.596714239430142E-024
   286.671034372116       2.414951414783305E-033
   286.970149313522       8.375743470385878E-030
   287.409012103295       2.813074991363840E-027
   285.720207737818       1.286110411145105E-028
   285.725552879519       1.423772625442177E-028
   285.807711596051       4.693347362209565E-023
   285.936304689393       1.138067978371650E-030
   285.936358340600       2.498493135261775E-027
   285.993290579704       1.163351135208854E-025
   286.019176705604       3.796894453610592E-028
   286.087569799550       1.411807956161734E-022
   286.335124247344       3.933637973183736E-032
   286.406071271168       1.416285532050907E-031
   286.486255487893       1.975291537544844E-031
   286.640166874265       2.503493433413828E-028
   286.688933168048       6.189511366428544E-027
   286.701633925078       3.007036695215376E-031
   287.000196660637       8.253624703126967E-026
   287.439217456585       4.019143587012548E-028
   292.901954815131       1.385839068134508E-020
   292.906448509811       3.113962052657788E-026
   292.991055618483       1.579804704992262E-021
   293.116435145685       1.022758072466749E-036
   293.126834578540       7.498141431193058E-025
   293.172020530083       1.119504469890841E-027
   293.205696560700       4.221658907434515E-034
   293.274827694566       7.385951228659161E-028
   293.517165663830       3.077471521486805E-024
   293.595704720679       3.283468392690117E-027
   293.682183478312       2.978755549143910E-025
   293.825329154115       2.822065136785606E-022
   293.883945110726       5.658568267930151E-021
   293.891503997331       4.306996806205444E-030
   294.187596255004       7.412891462276985E-028
   294.631044879304       6.424632312901659E-022
   594.029598607041       7.792285907933502E-027
   594.030927345385       7.561052398665306E-022
   594.118043312239       2.037772942408201E-023
   594.244077912903       1.042616054664929E-039
   594.251719978753       3.024663430917059E-026
   594.301197508244       8.753210905973590E-029
   594.328818523639       7.710650207501540E-034
   594.399917608815       5.954909669586954E-029
   594.645092589115       1.645252159524971E-025
   594.703013811880       6.421889481562083E-029
   594.784935444683       3.218785134753540E-027
   594.936168183858       2.044755642928164E-023
   594.988431579898       3.234194821998613E-022
   594.998864380153       2.610587581254402E-032
   595.299679212763       4.019956299949604E-029
   595.728801044685       3.622165288927812E-023
