 10     0.740444825913433E-04
 11     0.740291323171240E-04
 12     0.739736975415490E-04
 13     0.739617079935671E-04
 14     0.739427831155760E-04
 15     0.738675763342197E-04
 16     0.120284624372788E-03
 17     0.743412421055107E-04
 18     0.617495219740846E-04
 19     0.739172814333635E-04
 20     0.738612619453402E-04
 21     0.738093194809945E-04
 22     0.736481184626385E-04
 23     0.728522247574534E-04
 24     0.746734245658366E-04
 25     0.120006862641757E-03
 26     0.793487498652032E-04
 27     0.746472272878439E-04
 28     0.733819085913805E-04
 29     0.711895244982899E-04
 30     0.704083016715474E-04
