  1:    1.736805581978373
|  2   3, I>           -0.000362051628548
|  2   4, I>           -0.021867359821868
|  3   4, I>           -0.000395884291357
|  2   2, I>           -0.053970951939905
|  3   3, I>           -0.035847432681985
|  4   4, I>           -0.222836040896338
|  5   5, I>            0.972454486113937
 
  2:    1.772606134236399
|  2   5, I>            0.070192344141022
|  3   5, I>           -0.012709776045809
|  4   5, I>            0.997452503338806
 
  3:    1.851395893219983
|  2   3, I>            0.002010641684602
|  2   4, I>            0.119449559039258
|  3   4, I>           -0.015261354247334
|  2   2, I>            0.078954700009611
|  3   3, I>            0.155221931649081
|  4   4, I>           -0.955341563043369
|  5   5, I>           -0.206130192924888
 
  4:    1.860951290649493
|  2   5, I>            0.001612403708984
|  3   5, I>            0.999918966924921
|  4   5, I>            0.012627736855015
 
  5:    1.928773018905270
|  2   3, I>           -0.032934516583694
|  2   4, I>            0.004115618821077
|  3   4, I>            0.999318512655732
|  2   2, I>            0.000603152817466
|  3   3, I>            0.008359133144379
|  4   4, I>           -0.013616172762051
|  5   5, I>           -0.002291397329510
 
  6:    2.068074624583396
|  2   3, I>           -0.000573702618007
|  2   4, I>            0.007850254412358
|  3   4, I>           -0.006172924592611
|  2   2, I>           -0.128048388517659
|  3   3, I>            0.980380128917097
|  4   4, I>            0.136724658306296
|  5   5, I>            0.060536932582476
 
  7:    2.689124116039105
|  2   5, I>           -0.997532172402608
|  3   5, I>            0.000721925664870
|  4   5, I>            0.070207149529566
 
  8:    2.735532327313208
|  2   3, I>           -0.006042298392038
|  2   4, I>            0.992310933180504
|  3   4, I>           -0.002466899320903
|  2   2, I>            0.011637644623475
|  3   3, I>           -0.024824876250802
|  4   4, I>            0.110793297815813
|  5   5, I>            0.047429451126536
 
  9:    2.885827782575015
|  2   3, I>           -0.999430637826640
|  2   4, I>           -0.005814640569814
|  3   4, I>           -0.032941869874871
|  2   2, I>           -0.003358740468420
|  3   3, I>           -0.000766217797300
|  4   4, I>           -0.002428519079962
|  5   5, I>           -0.001287402600983
 
 10:    3.477950751475753
|  2   3, I>            0.003564481016276
|  2   4, I>            0.021453634950942
|  3   4, I>            0.000295338048965
|  2   2, I>           -0.987071335916451
|  3   3, I>           -0.113089255246594
|  4   4, I>           -0.080662952487564
|  5   5, I>           -0.076950861293340
 
 11:    1.694345621891044
|  2   5, III>          0.007547543260050
|  3   5, III>         -0.006806374295329
|  4   5, III>          0.999948352596118
 
 12:    1.801006801763642
|  2   5, III>          0.000625956239854
|  3   5, III>         -0.999976606971251
|  4   5, III>         -0.006811291290931
 
 13:    1.848738817614165
|  2   3, III>         -0.003590049844873
|  2   4, III>         -0.000662890778923
|  3   4, III>          0.999993336036758
 
 14:    2.427901270920318
|  2   5, III>         -0.999971320973518
|  3   5, III>         -0.000677332426513
|  4   5, III>          0.007543106207693
 
 15:    2.471763524490571
|  2   3, III>         -0.005549879928859
|  2   4, III>          0.999984392595571
|  3   4, III>          0.000642960372005
 
 16:    2.577014497786265
|  2   3, III>         -0.999978154948840
|  2   4, III>         -0.005547534684879
|  3   4, III>         -0.003593672777742
 
