                  1104
  -19.2186392222188       4.287397084300862E-070
  -19.1770814957468       1.661300333011219E-009
  -19.1721737301148       2.683891691493300E-067
  -19.1574167737341       3.715620138967818E-067
  -19.1240518517179       1.353802722913123E-010
  -19.1235029726394       9.392218231040226E-061
  -19.0975581032633       1.019894641008977E-007
  -19.0756334164189       2.253966650516003E-007
  -18.9911670668184       3.446634802563842E-008
  -18.5337701181152       2.148738468236641E-073
  -18.4874734669620       6.335178983407941E-011
  -18.4408520186597       5.677149013518466E-010
  -18.2718764192137       1.034703727153194E-073
  -18.2343328895121       3.164676711607555E-011
  -18.1570540075173       3.730247677610511E-011
  -17.5603675024367       5.116282869120190E-013
  -19.1714827239516       4.212983905974791E-069
  -19.1142454770276       1.049872542108975E-014
  -19.1002133638013       8.438331338960937E-064
  -19.0979879717871       3.448652411837666E-063
  -19.0507503982508       3.044832950609127E-005
  -19.0361329926878       5.926459266273493E-011
  -19.0040488610380       1.259411110009385E-062
  -18.9692332474997       8.306637317888863E-007
  -18.9039961589042       3.144496502821862E-013
  -18.4935863277500       4.061068388274680E-070
  -18.4558952070679       4.039369990220977E-017
  -18.3449409784939       2.299477741936331E-008
  -18.2128412192740       5.931230667956433E-070
  -18.1815231802995       9.462656926722836E-014
  -18.0777184262699       2.338878819954933E-009
  -17.5005800160087       1.903634317008082E-016
  -18.8539974619070       7.443573571738230E-065
  -18.8123384675983       1.218079267451632E-063
  -18.8052555012254       3.102716608244468E-009
  -18.7773217405478       8.418982878698395E-062
  -18.7451328243968       1.092052229306996E-005
  -18.7242324556650       6.522770263103264E-005
  -18.6990601020339       5.721766535075337E-061
  -18.6749380070977       1.494503840866259E-006
  -18.6257703602889       1.945264954934567E-008
  -18.1884436493592       4.764179963902449E-069
  -18.1278544460263       8.625469248732336E-011
  -18.0478263241486       5.438616179804137E-009
  -17.9142036849159       2.390011790388166E-067
  -17.8830236990325       9.021120756786758E-011
  -17.7996135080866       2.051944113305221E-008
  -17.2178494283762       3.626487199961646E-014
  -18.8177271055214       2.510265328120368E-069
  -18.7946230592555       4.322205797218779E-008
  -18.7853543268877       1.046522985405077E-064
  -18.7648964821922       1.863781796534636E-065
  -18.7337067212555       4.314154600339129E-060
  -18.7270873319952       2.368519914899154E-006
  -18.7037091803328       1.337424083301252E-005
  -18.6968826681912       2.111631462582777E-006
  -18.6287025750961       1.598819238755714E-007
  -18.1503350036918       6.227556265730111E-066
  -18.0914648262616       5.076808437602163E-009
  -18.0483095377561       5.463117878738246E-008
  -17.9018710555714       5.060899306595771E-069
  -17.8599192483319       8.957936679294488E-010
  -17.8008970543725       1.920522674021707E-009
  -17.2054233886241       9.543890685638796E-012
  -18.7640331490858       2.147790509965990E-068
  -18.7218976571953       6.150633942713082E-010
  -18.6723149385354       1.280231443555077E-061
  -18.6601499535330       1.029748055548622E-062
  -18.6534655828111       1.274668266548475E-006
  -18.6426306816929       2.502870085959262E-006
  -18.6246334762242       1.641980536314433E-063
  -18.5395286284532       2.309986737586882E-008
  -18.4591151827802       1.025125806704281E-008
  -18.0442433901462       1.191338190073893E-066
  -17.9786714507314       1.453484768958109E-009
  -17.9232956110510       7.615466625329895E-010
  -17.7867816188374       1.244453313720276E-068
  -17.7808356903625       3.918254126350445E-009
  -17.6211823355849       5.997122189527114E-011
  -17.0198198035235       1.037939684711518E-011
  -18.8377299695813       3.255655472473761E-037
  -18.7775003167080       4.426079539016992E-045
  -18.7682337857302       6.551922217569683E-038
  -18.7213977229810       1.559130018777762E-036
  -18.6968615972193       2.037967221659243E-042
  -18.6585768673425       4.036287364715100E-036
  -18.6467012318084       1.073766365698499E-036
  -18.5689870421657       7.008030766388627E-038
  -18.5429692687374       1.496536570215068E-044
  -18.1111826532854       9.918077295403029E-040
  -18.0625116013260       5.188045728003144E-038
  -18.0266850358901       6.094995068193010E-040
  -17.8542832640475       9.238488889151044E-041
  -17.8385262039424       2.232420801977722E-040
  -17.7269116737656       1.991086107066985E-041
  -17.1505698618802       2.370163946315548E-048
  -18.6024422466741       5.007150652562207E-071
  -18.5458604763057       2.308609390197810E-014
  -18.5269533790748       5.683951669212372E-063
  -18.5149104918746       8.214234381545809E-064
  -18.4762602762466       4.106292391845428E-006
  -18.4579591526292       1.486751569060584E-010
  -18.4081999703032       5.514087540514444E-064
  -18.3743755438234       7.629510375805610E-005
  -18.3074356053599       1.459086693116652E-013
  -17.9021773029576       5.368108561685422E-071
  -17.8728505173776       1.866892129956174E-013
  -17.7335279208930       5.937818322394501E-009
  -17.6356098713337       2.321029898064805E-071
  -17.6168591552398       1.998465534219466E-018
  -17.4789683678690       7.875920253355436E-009
  -16.9016443715209       3.854403947598405E-016
  -18.5425398214999       2.425431370134110E-070
  -18.5162500148693       5.242299862127907E-012
  -18.4943252264931       1.992458222438716E-066
  -18.4893944133707       1.016503209557347E-064
  -18.4503445196997       1.903454365402007E-063
  -18.4366402297006       2.187581281268529E-012
  -18.4271703731220       2.782962328252421E-012
  -18.4031450379309       3.273269653952885E-007
  -18.3179773851871       4.856271975568116E-009
  -17.8793719123946       3.650559143949166E-071
  -17.8255222391704       9.353289225668518E-011
  -17.7692793132742       1.310005898438051E-009
  -17.6204292122180       2.154482810286959E-072
  -17.5738913492090       8.157752544962534E-012
  -17.5022635207262       1.284191944320061E-010
  -16.9227320890701       1.264112080333928E-012
  -18.3015561973687       3.718017370827577E-039
  -18.2656991791412       2.319840138600324E-039
  -18.2400382649758       1.511310549641769E-033
  -18.2321627391790       1.264536640201870E-030
  -18.2280100331979       1.672437311508518E-030
  -18.2003185040146       3.882515007889539E-032
  -18.1939964739355       2.147204514010356E-035
  -18.1473451356425       4.241999999496917E-034
  -18.1005318084961       1.600264168829517E-038
  -17.6227966081893       6.289606199952583E-041
  -17.6177747805515       2.012659884759711E-039
  -17.5346380663880       1.518484226090547E-038
  -17.3819062533166       7.108541945105463E-044
  -17.3396197685630       9.763547057342089E-043
  -17.2795620321682       3.771860157971176E-043
  -16.6945463458090       1.090394060402375E-048
  -18.2369519657838       1.254461395986652E-068
  -18.2142469954906       3.917726730773875E-010
  -18.1888294577242       1.655122087023297E-067
  -18.1831396003831       7.629557732696571E-067
  -18.1566393544140       3.941287578341417E-065
  -18.1462672664120       4.644648545985308E-007
  -18.1378871552946       1.340552913536738E-006
  -18.0989108723047       1.522494097203409E-007
  -18.0220060650580       4.904561320818304E-012
  -17.5744862604620       1.828250955222500E-068
  -17.5209231731840       1.224719696773921E-012
  -17.4841183747406       3.293836199363412E-012
  -17.3208638955949       1.199611086660168E-070
  -17.2902476064718       2.888864303544337E-012
  -17.1997144439434       2.678209753406792E-013
  -16.6141922770433       3.621461161759143E-016
  -18.1226287789277       3.079515475097485E-042
  -18.1144690652907       8.280892491001561E-038
  -18.1047634656721       4.584657164547297E-034
  -18.0933235121836       2.997241747515238E-040
  -18.0553837014848       1.373786760686652E-033
  -18.0526343524707       7.530119217289522E-035
  -18.0420912608584       2.445637595174058E-037
  -18.0076322901629       5.885809258190396E-034
  -17.9283708070980       3.595054422175554E-045
  -17.4659511005238       5.445739610781012E-041
  -17.4329533210946       1.132044021626210E-041
  -17.3971727971648       5.815642009816215E-043
  -17.2297594318391       2.487202507215295E-042
  -17.1940485694548       3.547646432601104E-043
  -17.1087502247811       7.612868387383757E-042
  -16.5262398989420       1.127666378915698E-046
  -17.7276657388400       4.676106150467493E-070
  -17.6856361978005       8.055341358841794E-066
  -17.6551341378033       9.928135101575347E-013
  -17.6510491633965       9.413635694526058E-059
  -17.6501808304444       1.040208510341512E-007
  -17.6208247695578       7.169489340130267E-063
  -17.6118467007684       1.577978706607627E-014
  -17.5963055375993       1.434141530919550E-006
  -17.5225717253937       3.493213059258475E-012
  -17.0687409358955       3.800724373389465E-076
  -17.0422045037086       3.571450505493369E-015
  -16.9926557132164       7.271473443885047E-012
  -16.7732160305938       1.459468790520013E-070
  -16.7502612261973       3.782926049263972E-015
  -16.6932934880894       6.474839047579172E-010
  -16.0947399326982       2.241490135535639E-018
  -17.6377054846321       2.330378830528553E-065
  -17.6179592113944       9.663126358516852E-008
  -17.5709827825410       1.099098050594026E-063
  -17.5647950877803       3.835567930714996E-062
  -17.5442711214996       4.199765541389970E-007
  -17.5246037558902       3.699335977826380E-007
  -17.5235261777045       9.495193331531049E-060
  -17.4975234175347       2.739793448220550E-006
  -17.4134455698808       8.054061258456273E-008
  -16.9354840775181       1.059207013973204E-009
  -16.9345111302732       1.749358626253625E-062
  -16.8606167450504       8.704297263404653E-012
  -16.7196115034468       5.561496308648513E-070
  -16.6800451042102       1.460696328789158E-011
  -16.5948230430486       4.311682539804865E-011
  -16.0121125802889       2.818383183205014E-013
  -17.5321490102661       1.355139688464775E-068
  -17.4885992282014       6.909853194401506E-064
  -17.4876022533119       8.298406782176716E-010
  -17.4614215508606       3.095556484341797E-065
  -17.4229610453885       6.690202140644641E-007
  -17.4079387567139       1.798112975784676E-004
  -17.4072501218909       1.137878858757377E-055
  -17.3848583233464       2.001377452919575E-005
  -17.3158069119371       3.264376313036546E-012
  -16.8665473227485       5.801228406676239E-071
  -16.8075788011881       1.468688495651018E-013
  -16.7437440400257       1.489022505492417E-009
  -16.5982294347885       3.356267940816745E-070
  -16.5683451273793       1.125193161850460E-011
  -16.4914445970529       3.643925813779045E-008
  -15.9050194689412       1.112960156824913E-017
  -17.3502198231761       1.354582096643910E-039
  -17.3407162803831       2.307046100208504E-035
  -17.3258809268257       2.034896356605983E-034
  -17.3107922300138       2.721274869696692E-035
  -17.2713357953568       1.282603981829938E-033
  -17.2580370052822       3.767749517394735E-036
  -17.2439059263053       8.324715664754370E-038
  -17.2053422895618       3.612922808089066E-034
  -17.1082957459255       3.234364918457959E-040
  -16.6756397217936       3.653562166623512E-039
  -16.6478244474584       4.918596100763896E-043
  -16.5961164873797       1.881562725160391E-041
  -16.4435179392885       1.892212677845600E-040
  -16.4109786009034       2.036653073513910E-043
  -16.2944663079731       1.443199265573161E-042
  -15.7211187191939       4.289448232229681E-045
  -17.3733869050198       4.201387955123123E-039
  -17.3492653588581       1.341992122691864E-039
  -17.3037553460309       3.977792180815785E-035
  -17.2766355870984       1.014327866329639E-032
  -17.2658283410198       3.696597415147000E-032
  -17.2539023240345       1.211034711596994E-032
  -17.2438678255464       4.054328033995503E-035
  -17.2107017002549       1.286879762990369E-037
  -17.1154594122575       1.643994896306068E-038
  -16.6645936621147       1.574285626960659E-039
  -16.6610967956191       2.845232215896882E-040
  -16.5638435474550       2.438826291190319E-037
  -16.4386674509476       2.284823044527401E-041
  -16.4087833022451       3.427709185641504E-042
  -16.2917212032904       5.591363924331680E-042
  -15.7053237063007       1.221425193114534E-044
  -17.1041822462502       2.356255639976939E-071
  -17.0528029253844       5.809232744964879E-009
  -17.0241383738824       8.672849312211580E-068
  -17.0226000261025       2.411318501993653E-067
  -16.9936875843169       2.248498942634354E-008
  -16.9824229659696       6.016357388970576E-007
  -16.9742726000170       4.603758550040210E-064
  -16.9404872143601       1.013862994638652E-007
  -16.8420118651811       5.816734664528086E-009
  -16.4138367786275       1.830187419851924E-071
  -16.3638730335198       5.358805143135790E-013
  -16.2975247347249       6.278099699466782E-014
  -16.1506170459204       1.554874565570875E-071
  -16.1461537853639       9.569757572823351E-013
  -16.0204573558683       1.638364465982988E-014
  -15.4372540246110       5.350851173146051E-016
  -16.8626602876067       7.451925007959983E-073
  -16.8500167810352       1.709070326922348E-011
  -16.8201396990744       3.075308977776385E-065
  -16.7984838085585       3.517122338450654E-065
  -16.7752600521577       1.005996408814201E-062
  -16.7489899881021       3.053215193405647E-007
  -16.7435091139086       4.404898306731501E-007
  -16.7127685036228       2.735026546463276E-007
  -16.6239269706538       2.319122440502189E-008
  -16.1742043996269       1.487691157240054E-069
  -16.1273098269379       2.264801750864097E-010
  -16.0585213438424       1.108340186691373E-011
  -15.9382426102938       1.142436149639505E-070
  -15.8860678045865       2.090495220596197E-011
  -15.8007596627562       4.171266915088945E-011
  -15.2169519516254       1.193345191636890E-012
  -16.6939651192715       4.288670924259902E-068
  -16.6563425419298       1.044162283757874E-008
  -16.6227035756040       9.925622265458463E-064
  -16.6015158883049       5.648364851417181E-062
  -16.5900566445304       2.929997259246426E-006
  -16.5886117504504       1.504061193490274E-006
  -16.5676985896507       1.118528774844913E-061
  -16.5191496757576       5.117652366513535E-007
  -16.4150951630548       2.283484517649604E-008
  -15.9746505996079       3.630733097783598E-067
  -15.9352454475435       5.656810627625611E-010
  -15.8630957019923       5.084721996052519E-010
  -15.7399070916863       1.992153741860225E-009
  -15.7256719645390       4.142580060529503E-069
  -15.5730840852170       5.936358324137299E-011
  -14.9657107468558       9.054307789016493E-012
  -16.6580837254583       4.434025384016029E-065
  -16.6041090416528       6.596567948866327E-010
  -16.5894752635908       8.220255134404580E-062
  -16.5672036810339       3.965604988385568E-066
  -16.5392881711761       9.651612368527701E-011
  -16.5180102706572       3.880646428120338E-005
  -16.4845295423588       7.142929622249794E-058
  -16.4806712598034       1.287939771202353E-004
  -16.3733075161275       2.461280573704926E-009
  -15.9533361456006       4.217850639920264E-066
  -15.9216901390457       2.992161783741998E-012
  -15.8018624879211       1.498825753666367E-008
  -15.6994681331214       9.240443892493869E-011
  -15.6919691490397       1.816267095543620E-069
  -15.5448664864232       2.728919864288770E-008
  -14.9584065382077       3.168429232019743E-016
  -15.4321963268123       1.467318807966387E-037
  -15.4092707663596       2.964287047562231E-046
  -15.3364768064013       1.273629786653342E-037
  -15.2404063623257       4.057019807794132E-040
  -15.2241313486714       1.190382688560978E-034
  -15.1992812846927       2.381390833225286E-034
  -15.1744990132623       1.306044875057099E-035
  -15.0899757585229       4.271780051316660E-039
  -15.0311086135805       8.054727155845439E-043
  -14.6366371312122       2.616198589270574E-038
  -14.6339540027437       1.209904222203930E-036
  -14.5229146545815       2.185709323251355E-037
  -14.4093608434152       1.570853248082705E-038
  -14.4070463910749       1.455047947374768E-039
  -14.2379821310926       2.934653379908379E-040
  -13.6865397677003       6.525401508488453E-050
  -14.8091820309311       1.223536228677596E-008
  -14.7794504891325       1.520444762677531E-069
  -14.7221506548010       1.413371430003893E-065
  -14.7122092325983       4.795147773991435E-068
  -14.6671515063436       2.103829800044921E-009
  -14.6402999896325       8.102106432642272E-009
  -14.6148440359415       7.152893802795268E-062
  -14.5912182397310       2.088437322762439E-007
  -14.4792525414937       6.032083695860975E-010
  -14.0625715137342       7.709610227965952E-066
  -14.0300418781195       5.536212277814831E-010
  -13.9557753840131       2.451429377437555E-011
  -13.8808284484404       3.347742849829792E-068
  -13.8281075611300       5.095416991103950E-010
  -13.6861719531146       2.152520692608112E-012
  -13.1379094795371       6.471788555891829E-014
  -14.7324302588931       3.054204053282060E-045
  -14.7031417578377       3.010253532072347E-032
  -14.6550278941507       9.281099999379612E-035
  -14.6449325844352       6.218355573309189E-037
  -14.6178971310700       4.559527990685112E-038
  -14.5944891213929       1.499222322482532E-031
  -14.5305216715421       3.542350072273656E-038
  -14.4924174543000       4.010937527386744E-032
  -14.3802565912084       5.402391119106470E-042
  -13.9828558168362       1.132064181404650E-037
  -13.9490984577041       7.848768317478291E-045
  -13.8750095487265       6.814914864602613E-040
  -13.8006654032321       1.756776822724192E-038
  -13.7725012922454       1.320865588739956E-045
  -13.5886263319961       3.033691702380430E-040
  -13.0447274762734       6.320963492126529E-046
  -14.7012270422397       1.737882178461630E-039
  -14.6975203432850       6.587055996495250E-041
  -14.5955262941617       2.679249803014165E-035
  -14.5911842418726       1.499333813886695E-033
  -14.5559437950060       6.965272441281940E-035
  -14.5383468850173       2.183504330627265E-036
  -14.5283856204504       9.947309428190505E-034
  -14.4755689442741       2.558401610150285E-034
  -14.4011568466819       1.888334849424261E-039
  -13.9537978864262       2.248951336209807E-039
  -13.9488081464244       5.245670499374128E-039
  -13.8205029919618       5.214712335191446E-039
  -13.7706291785473       4.684240484857434E-042
  -13.7152600268981       1.003145650119347E-039
  -13.5892169594508       1.840174463771847E-041
  -13.0150007394144       8.349190387805502E-043
  -14.6851667500263       1.032843295055102E-067
  -14.6524317496332       8.360717770410110E-011
  -14.6198714462275       7.175022318384236E-065
  -14.6148844204070       1.017457769807542E-064
  -14.5692941698398       4.430654916869707E-011
  -14.5412574724588       5.921415377584641E-004
  -14.5154369663064       1.409318213943768E-059
  -14.4861523376387       2.643986496310040E-006
  -14.4212034290688       4.140607226965077E-010
  -13.9965403742752       3.507964571838186E-065
  -13.9299265700406       2.366247161968544E-012
  -13.8265022098173       1.150017167833450E-008
  -13.7505605870317       1.189584517289538E-065
  -13.7294256629093       1.201002403612299E-015
  -13.6063522554535       5.605902904187945E-009
  -13.0353387594379       6.438406769350002E-018
  -14.5207883042574       1.910590426816148E-068
  -14.4838200351248       4.057131781979624E-013
  -14.4492544971908       3.443557345822395E-066
  -14.4448269488142       2.208344754618808E-064
  -14.4068652533533       1.159157487684360E-007
  -14.3725987468062       3.563639121250939E-006
  -14.3601397302896       9.519756021832567E-062
  -14.3381101605472       1.256831246039873E-008
  -14.2515755428256       2.618235042365704E-008
  -13.8249729869878       3.694399863952062E-068
  -13.7644260895241       1.767213471050910E-012
  -13.6640629316100       1.088950511033519E-011
  -13.5816373705622       4.413784738646155E-070
  -13.5711643427862       5.082816844698567E-011
  -13.4379011537698       4.451301995052657E-011
  -12.8638578991207       1.116104365760616E-014
  -14.5090082503420       1.876713640464194E-069
  -14.4872893064918       1.853026891457658E-009
  -14.4034956255699       5.643031241570025E-065
  -14.3995411204473       9.212944392467844E-062
  -14.3974638347074       1.115432213623872E-007
  -14.3798431305802       1.215049547975297E-007
  -14.3542460521601       1.315954340791247E-060
  -14.2453353403725       2.050563201481657E-007
  -14.1648226150414       1.201427416633734E-009
  -13.7958073958887       3.778040357564724E-068
  -13.7226113412359       4.708758697302972E-012
  -13.6587577656437       6.558144406865731E-011
  -13.5673842952140       1.112285506928391E-067
  -13.5351564413854       5.328635660072033E-010
  -13.3716197644611       4.119204324883305E-011
  -12.8235019690258       3.827907233172907E-012
  -13.9492352292324       2.643904771600064E-070
  -13.9183206130577       4.680138643078675E-016
  -13.8940812050091       2.037840412574280E-066
  -13.8636644754660       6.039331999929450E-064
  -13.8204996140445       1.153103879409593E-009
  -13.8133663853520       6.250337395195265E-005
  -13.7736064687581       1.602773417596669E-060
  -13.7409191473749       2.117825273829860E-004
  -13.6579153595350       8.188784577313935E-013
  -13.2496860370547       6.246012230268878E-072
  -13.2110732977177       2.515096575762900E-014
  -13.0775289969800       6.849024132619535E-009
  -13.0022075905156       6.005553461821178E-070
  -12.9881763161138       5.245006018109329E-013
  -12.8331283573371       3.434697355263958E-007
  -12.2541377722122       1.194928349693310E-016
  -13.1161240252610       1.511954922180823E-069
  -13.0928758790156       1.044568626612266E-009
  -13.0705821350949       4.066233464681561E-065
  -13.0144558366990       9.149078492024270E-062
  -12.9972018600457       1.299647050167767E-007
  -12.9823617834793       1.780982707522109E-059
  -12.9793413536508       1.889792772504500E-008
  -12.9399876998897       1.677318177888863E-008
  -12.8003455951221       8.804884299810450E-008
  -12.3895133676180       8.951236818642189E-071
  -12.3528446542307       9.179912669504083E-011
  -12.2506498210715       4.911250555835287E-013
  -12.1541491245058       3.835784684456250E-070
  -12.1444815057358       1.881372673371683E-009
  -11.9727038936436       1.218294925912467E-010
  -11.3845013213226       7.671734049017696E-012
  -7.88410559957348       1.358581593352947E-046
  -7.84416366329020       4.485151036836528E-033
  -7.81541792305328       3.072600514048462E-035
  -7.75344429815957       7.096166444043548E-036
  -7.74466173769153       1.417839693621301E-038
  -7.69182701212697       3.228751691361513E-032
  -7.65449859957137       3.463538708204425E-035
  -7.60380038838590       1.372934915243283E-032
  -7.45021814890762       5.564695776823965E-045
  -7.13475642123660       6.891793650720291E-040
  -7.08921840051043       1.232079980150368E-042
  -6.97247287639654       3.093925375826765E-045
  -6.92741375214698       2.007283090643729E-037
  -6.88951375668828       3.586141752757392E-041
  -6.67492764650667       4.264192536271631E-039
  -6.14368819593756       2.850609472907372E-044
  -7.86045361234849       1.858092950118082E-040
  -7.83905905210218       4.085327186086405E-039
  -7.74460402553116       2.765457371277990E-036
  -7.72620100873978       1.748775631037278E-032
  -7.67797403455680       8.116010574934443E-031
  -7.66361193283933       8.968014372953238E-031
  -7.64957771139479       3.332686905321852E-035
  -7.59524350888616       1.572728496345981E-032
  -7.50394307041830       4.097653157965401E-039
  -7.11543505662140       1.041253485202475E-043
  -7.07414899066412       6.621799335991075E-038
  -6.95128996717446       1.312804632816632E-037
  -6.90720621742668       6.047511022240179E-040
  -6.83456478669594       2.789564813507275E-039
  -6.69367772422748       2.384755818671221E-038
  -6.12184118868994       6.600637456330560E-043
  -7.89185834428522       1.849132463275164E-008
  -7.85443346435690       2.371545039788741E-070
  -7.75162129884503       7.619308002135794E-067
  -7.74903681116968       2.272536360475838E-069
  -7.66942083893973       9.278861765615652E-008
  -7.63900901236304       7.889147194162105E-010
  -7.63593804926977       3.175446934894720E-060
  -7.60004380904379       2.005444606238034E-007
  -7.45164439280848       9.876047217240929E-008
  -7.11571775023385       1.285948199127974E-070
  -7.06794030428666       2.169499542601651E-015
  -6.94732405413093       1.882808835232614E-014
  -6.91286319344077       1.583540755460250E-071
  -6.84317333871130       7.908711465613654E-011
  -6.66444990349975       2.915189671299981E-011
  -6.11689655549314       6.455162935183476E-014
  -7.70844761862448       8.146123236489228E-069
  -7.65744848210169       2.093632493109120E-008
  -7.62240345653282       1.005757903904010E-065
  -7.59353260102532       1.985275684981265E-060
  -7.59086775845542       6.618639748808045E-007
  -7.53518705275384       2.405691398309198E-007
  -7.52595224979556       3.899137605231364E-058
  -7.51046942293410       1.496630935375535E-009
  -7.38247718546714       1.256899024031482E-007
  -6.99730494128220       4.851335787681562E-073
  -6.94666440401599       1.031081866120783E-016
  -6.82960099765286       5.945068049608515E-016
  -6.74620783965113       8.056913897233394E-011
  -6.74157632270962       1.063408940726322E-066
  -6.57398084272554       1.447354148918684E-011
  -6.00593425875432       4.122063741439502E-016
  -7.64634607744565       3.861263998637438E-066
  -7.59506888313675       2.056865015373315E-011
  -7.56131536493010       6.895485441460069E-063
  -7.53246104299691       1.422858876112389E-062
  -7.52912129034573       1.803969838207817E-010
  -7.47386089864932       1.274977928637175E-003
  -7.46313532007644       1.878856163589350E-057
  -7.45077405763445       7.058532771133795E-006
  -7.32268808801740       6.084804932729418E-012
  -6.93387210319418       1.243621916880717E-067
  -6.88487911560812       5.402687628328351E-025
  -6.76661958347506       1.050914496833170E-013
  -6.68488288131853       2.329690216522174E-015
  -6.67865211125674       1.715780170931061E-070
  -6.51241263069049       7.914272686646323E-008
  -5.94256543227313       1.214734521646206E-016
  -6.76267775074839       1.279348142286123E-076
  -6.73892840780931       6.409241712742575E-012
  -6.70806975707125       3.941025701202645E-067
  -6.66275938987228       6.212655525487779E-066
  -6.62471011743638       1.875822074743617E-007
  -6.62458972351699       1.387632730221007E-056
  -6.61600208191011       8.522999225545211E-010
  -6.56908871462939       2.386087035230981E-008
  -6.43569691348626       7.875022736541556E-008
  -6.05377907116410       5.922950590305377E-073
  -6.00952443936446       1.846080708546681E-013
  -5.90703578770629       6.704993652761615E-014
  -5.80945627049500       4.375989836280073E-072
  -5.77633217198747       4.836973838795318E-010
  -5.62386033518663       5.550606759043576E-011
  -5.05357724273772       3.339897378184953E-012
  -1.31199894349572       2.415674295070636E-043
  -1.27329551848789       8.936531037449024E-038
  -1.15380072447693       2.992483652423197E-035
  -1.14890862761249       1.242505776027785E-037
  -1.05678660028372       2.439808642017190E-039
  -1.03025545455735       9.547713306610902E-034
  -1.02017903658275       1.717439824964341E-037
 -0.969358303062929       6.378260365771832E-034
 -0.799620793654473       1.167944876060824E-042
 -0.505916465175741       3.504985796904971E-036
 -0.452435996545198       1.399745161522342E-039
 -0.310577870478738       4.401986657380723E-034
 -0.300381410688203       3.078146622340381E-034
 -0.218825132345600       9.289470564285670E-041
 -1.302298607695107E-002  2.019705014214126E-038
  0.532685835816586       1.109830136736344E-045
  -1.05550572755293       2.111342522849351E-066
  -1.01120785693010       4.337363157849869E-010
 -0.956645869136739       9.989477804124720E-067
 -0.929688300383859       8.256066071120966E-008
 -0.887427007294324       5.936395509307274E-061
 -0.863268685879664       1.761076804923307E-007
 -0.836890306088275       1.421214370969135E-066
 -0.760213346158906       7.586737053749330E-008
 -0.598205642852289       9.790032487293227E-011
 -0.308057224916752       3.645351248092537E-065
 -0.243726299910271       1.089882692470516E-010
 -0.109411333556622       2.052372127197742E-012
 -5.574722184500658E-002  1.149805184720871E-062
 -4.892885071460285E-002  2.290057979654419E-008
  0.185923064996455       3.004861458060213E-009
  0.726482755734807       6.973035036683121E-012
 -0.889451714181867       6.647775139070651E-068
 -0.868793717950371       5.083709899068505E-013
 -0.818943314958876       2.595504721360514E-060
 -0.789756807234966       1.017940745902292E-062
 -0.723045537689551       4.016144096189777E-006
 -0.713685741954386       5.964650500655401E-008
 -0.710608026399374       1.784438984161312E-059
 -0.643574978520899       1.428114572436074E-004
 -0.552212206738879       3.525438740713082E-010
 -0.177035786596857       2.575087071421405E-068
 -0.116993422142638       7.913473646027435E-013
  2.168112129644229E-002  3.841084942724962E-009
  7.668665736396107E-002  6.685617728512545E-065
  0.119887240406548       4.245271680671739E-011
  0.275077655430898       3.685681228120126E-006
  0.860037323763855       5.559724038351131E-014
   4.46646683622695       3.477304843670784E-079
   4.48708128181411       3.997848227805001E-011
   4.52719049749604       1.777289341571779E-067
   4.58147791767243       2.112915989112053E-065
   4.62169802817432       1.605732811642105E-007
   4.62481128784987       9.215514290971313E-062
   4.63452381381480       7.644460991351283E-011
   4.68877886221891       1.983476475764138E-009
   4.83641545086107       8.078543566670085E-008
   5.17879017246937       2.893332425266347E-071
   5.22887662030442       8.762317707717433E-013
   5.34693470201247       5.804361893111953E-014
   5.42712444603534       3.207899592810198E-070
   5.46561355726826       1.844060725185636E-009
   5.63888334134635       1.484075130473407E-010
   6.20042136518424       3.982296131179393E-013
   13.5554051016053       4.120364803783892E-044
   13.5924064787311       1.013640764400475E-034
   13.6142729108582       3.043282249724776E-032
   13.7291661372182       2.743181185410522E-040
   13.7308462911885       4.996822183901675E-039
   13.8021268864345       8.353095927294860E-037
   13.8038796300820       4.484428392193898E-031
   13.8742514983223       2.380087021595709E-031
   14.0772441053773       3.595921719204638E-041
   14.3054289851522       1.241220403775530E-038
   14.3673254095123       2.223519885381895E-041
   14.5322493975511       7.960651475373398E-039
   14.5519359490996       6.641840979323987E-037
   14.6024137435540       1.894733744141062E-041
   14.8508815642634       8.944002554185147E-039
   15.3828438665381       1.279131989151803E-045
   13.5747276395838       2.266798517086684E-042
   13.6091401218280       2.992620831570258E-040
   13.6891422754095       9.274273603708677E-038
   13.7455090636944       2.457625736817836E-036
   13.7658233366263       1.801678528785015E-032
   13.8244136091559       2.123199928896861E-032
   13.8296471326740       4.296424474851730E-037
   13.8879459041602       3.438315266791184E-033
   14.0156075872264       1.150112536636474E-039
   14.3225287609803       7.226959644820177E-042
   14.4000595020741       3.752910155292834E-040
   14.5334676614087       1.500988349452662E-038
   14.5692542054255       2.176018654279261E-040
   14.6566176234983       5.982037452652425E-041
   14.8291969096361       3.795051327191221E-037
   15.4034164914774       1.045272454419209E-044
   13.5494744313270       1.541000516097644E-008
   13.6008871035965       2.359580076739415E-068
   13.6694663227535       1.099194420621579E-067
   13.7359973145105       1.425622524944592E-066
   13.8057036848817       1.559783459363212E-007
   13.8094664467945       1.245482631840277E-060
   13.8455322625020       1.753057504054682E-010
   13.9011973646508       9.282872052698727E-008
   14.0796027738319       8.303561328145263E-008
   14.3231583908491       5.219595881134103E-069
   14.4033795904325       8.630590744253490E-015
   14.5541184455963       4.739770291047285E-016
   14.5643069440399       3.778981317505823E-068
   14.6503202718065       1.828658651150023E-010
   14.8656409432423       2.571028216512959E-011
   15.4119253551589       6.734110535500298E-015
   13.7115531323393       1.720280423392317E-070
   13.7605375147474       1.859312816624071E-009
   13.7858329570695       4.983191111611662E-067
   13.8492326841430       7.763968222906462E-007
   13.8522737724850       7.889415736923196E-062
   13.9081033779554       3.869017605376803E-060
   13.9114659949131       2.638642573365740E-011
   13.9302109404650       4.876341781899178E-008
   14.1027213518252       1.448431532284815E-007
   14.4322971321344       2.460856312589437E-071
   14.4764164177632       4.508343776845566E-014
   14.6226029814448       1.496742334405323E-014
   14.7078340201584       1.611910723135647E-066
   14.7128870251761       1.236729091575157E-010
   14.9158203571422       1.881611221348173E-011
   15.4871721256260       4.146230700598607E-016
   13.7760139308678       2.148769661940891E-065
   13.8264008940696       4.065568212078581E-012
   13.8509260542407       4.704565403210778E-062
   13.9118291515808       1.200953349173251E-010
   13.9198491066538       5.459354271927087E-062
   13.9751263362705       1.226281604766913E-052
   13.9765163746954       2.281570548771037E-006
   13.9962206187742       9.689206092273527E-004
   14.1715566062955       2.214026736795824E-012
   14.4987821707176       7.995322400687852E-069
   14.5415855365067       2.798529608365485E-018
   14.6895081026640       8.452463249362690E-011
   14.7742655816955       1.013716586477572E-067
   14.7771664248579       1.256556070485190E-014
   14.9832799454448       7.015948442863455E-008
   15.5533380412521       9.040370203015144E-018
   21.3918364563687       3.235711967645872E-030
   21.4194451740537       2.470933438805238E-035
   21.4981710778819       3.097176359694836E-028
   21.5295081742099       1.578369070329221E-033
   21.5892106200011       9.744482965662737E-029
   21.6403174089113       1.715628365111782E-032
   21.6560652281637       3.739557102040685E-028
   21.7189277135116       1.864213088339868E-028
   21.8587757328636       5.751763836395239E-032
   22.1014236848886       1.724538860298271E-032
   22.2065363187725       1.502062324983943E-032
   22.3207455256594       1.294390631252472E-035
   22.3693690809450       3.540728464052064E-031
   22.4750581536081       2.302248397600451E-029
   22.6429351619754       1.841139560394789E-031
   23.1873056788186       7.727958101989292E-034
   22.6458887047792       2.076117990443301E-049
   22.7148694175503       7.523559952362247E-009
   22.7180823974383       1.088694097485118E-045
   22.7711531276308       1.762955280100441E-008
   22.7955680641224       4.996124987740657E-043
   22.7974638298116       5.211619223136243E-011
   22.8606651299122       1.577232938401656E-042
   22.8655042719585       7.073579291418875E-009
   23.0498738187765       3.533168166807861E-009
   23.3536670595279       1.551226901362774E-042
   23.3541682607787       7.189278868271997E-013
   23.5047069532093       1.128538594168866E-014
   23.6270278560147       3.240611055481316E-010
   23.6370709658880       2.168826533645702E-045
   23.8211385157657       4.456860339084742E-012
   24.3479564775259       3.815460732871312E-011
   23.8674902141111       8.078531495363808E-076
   23.9204991896724       2.177302301504656E-018
   23.9212611701901       8.158831935463528E-063
   23.9542280699115       1.030227288979909E-058
   23.9658934433465       1.742909867774430E-009
   23.9773747190326       9.050210513690455E-061
   24.0300004093774       2.963857347022401E-006
   24.0324894962899       6.666850950669764E-006
   24.1134156107914       1.053781312942141E-011
   24.5450681381836       4.496249326044357E-070
   24.5863641934198       5.384986417047334E-016
   24.6454846293064       9.582929831268301E-011
   24.8218107528912       1.326307106730920E-066
   24.8495320861952       4.923206546061501E-013
   24.9489435258758       3.533856295715901E-007
   25.5570261796461       1.941875902988558E-017
   25.3705878443762       3.110303699358257E-073
   25.4069521759554       2.812107804945000E-010
   25.4430117357712       1.280503537530829E-065
   25.5249591606613       7.463749349168424E-063
   25.5379883258075       9.463565899650379E-008
   25.5677124053591       1.109128553369581E-011
   25.5759857039370       5.775553995779784E-062
   25.6284555453684       4.540563675426078E-010
   25.8156863743422       7.675719028319010E-008
   26.1226925521567       2.913664127793113E-071
   26.1634221008953       1.432257238070250E-012
   26.3208983844199       2.614449911532972E-015
   26.3746717967256       3.485826877317731E-068
   26.3863999002022       1.524700656424692E-008
   26.6214222512924       4.478248227531351E-010
   27.1909078426445       1.345281019107031E-010
   57.5727743828108       1.973527864378820E-042
   57.6097842286599       1.172568277331526E-037
   57.6847516277962       1.558060254762381E-034
   57.7678139757390       7.559551673246452E-038
   57.8294071047133       1.454541831411338E-037
   57.8455889701066       1.021992541485691E-037
   57.8750627367547       7.692040516961013E-033
   57.9505160463860       6.261467150510969E-033
   58.1422238985668       1.110440757527833E-041
   58.3538029469055       1.404555544232714E-037
   58.4472383307405       1.552046004424695E-037
   58.5877404483882       1.158849245745188E-033
   58.6129668419007       7.542750355803286E-034
   58.6833946868094       4.059878918966844E-038
   58.9189037250288       2.199404901450002E-038
   59.4546709673325       9.277279406270608E-045
   58.1302853577167       5.256577145834228E-068
   58.1762593174052       2.429836719515949E-010
   58.2074359975993       1.559687730014372E-063
   58.2881608289902       1.932121561387206E-007
   58.3157667089536       6.774727213033135E-062
   58.3642872337196       1.953473942433738E-012
   58.3817849493107       1.217782857051550E-063
   58.4332349980497       7.855251738942742E-009
   58.6555316471646       6.458654762121946E-010
   58.8872936505788       3.091374658310605E-065
   58.9412024605177       1.298506199965571E-012
   59.1236012837137       3.639993843224065E-013
   59.1495903473591       9.856587835913022E-065
   59.1610285513517       1.886137722640475E-008
   59.4290238413407       3.659682141011511E-010
   59.9590010387581       1.825284773997607E-012
   58.5430025467402       1.615267524334187E-075
   58.5694812330487       5.319096236126022E-015
   58.6316509812725       6.727644082221814E-067
   58.6802368173220       4.179908060788097E-065
   58.7358831990930       1.653651469312637E-063
   58.7508864665819       1.139939416301834E-010
   58.7558526043274       9.245575470476261E-008
   58.8180128271508       1.463892320910249E-004
   58.9712235736822       1.100876426558640E-011
   59.2772861287408       9.801152053457222E-069
   59.3490320984883       7.268988505835126E-016
   59.4940249454577       5.755163697386842E-010
   59.5391922530196       2.744248117569287E-064
   59.5865058459257       3.324434151254791E-012
   59.7806942846211       4.390211886987895E-006
   60.3539428280888       2.805086689189721E-015
   65.1049941830795       2.561957691118806E-078
   65.1298612509580       6.575847263664307E-011
   65.1850458615731       4.040112563440093E-067
   65.2556675060657       1.311228565158908E-064
   65.2981059713387       3.683055256676172E-008
   65.3141680325562       4.388149465334908E-063
   65.3225196690720       6.081227946914878E-013
   65.3915470757509       6.216896018938735E-010
   65.5723818564585       3.776881920489067E-008
   65.8401203648556       6.254760660012824E-072
   65.9043705438349       3.328670583449023E-013
   66.0581322141046       4.232303497746327E-015
   66.1019043974039       5.867457268089777E-068
   66.1459381647735       5.488789905517437E-009
   66.3648034141029       2.218620109974858E-010
   66.9176285158880       3.180707328469373E-012
   90.1189583654446       4.746513474821169E-041
   90.1230545959547       2.652624770583224E-043
   90.1895298322973       9.214045528311140E-034
   90.3011934845754       1.535247807060715E-037
   90.3159476622066       1.275045803124898E-039
   90.3640552174987       4.073039038843439E-037
   90.3781667552872       1.295333889042557E-032
   90.4526220680161       6.916190796138208E-033
   90.6731928627960       8.525105950252985E-043
   90.8591433091172       1.468158532652033E-043
   90.9324538828149       2.112367101543533E-041
   91.1205969901181       4.406000963907382E-038
   91.1267344538647       2.411535154446762E-038
   91.1822360717446       3.997945816357691E-043
   91.4451243205743       2.020145617254516E-040
   91.9766896320575       5.303130641804148E-048
   90.1366485752763       3.885414292295149E-044
   90.1493551513136       1.789882168021504E-041
   90.2353918636240       7.248500524621123E-037
   90.2965496378678       5.484258403462246E-035
   90.3444665150612       4.262473007272981E-033
   90.3894592093420       3.312130158595845E-035
   90.3918567314753       1.756751745512094E-032
   90.4657404807541       4.312601580103422E-033
   90.6290756515900       1.282009329398468E-042
   90.8720868017397       5.836064329980759E-045
   90.9652765852776       1.205675104078992E-040
   91.1144861022527       3.906516750270768E-036
   91.1392449317376       1.025097666458339E-040
   91.2232472344791       6.152781684282792E-043
   91.4291454044494       7.121858777108392E-038
   91.9922245199926       3.206756120952497E-046
   90.1197504895128       1.609212266303212E-009
   90.1409903142876       1.074874406592055E-072
   90.2178460645351       9.092483559574591E-069
   90.3071429912173       5.079814047900374E-066
   90.3650358268311       3.101435376250256E-064
   90.3721732667613       2.007738239404451E-008
   90.4064933694121       8.295090164124757E-013
   90.4819043516030       1.044875085082363E-008
   90.6785563049566       8.539409341782403E-009
   90.8718122818259       1.460757262288890E-073
   90.9651871618762       9.440189986128733E-019
   91.1351033765949       8.609278766014972E-067
   91.1366365119219       2.826203791054494E-017
   91.2195600400977       3.106917639783356E-011
   91.4585591692093       2.879750288682822E-012
   91.9996512853809       1.346504611959706E-016
   90.2203914297308       2.824801866840548E-073
   90.2715253146289       4.013213590955175E-012
   90.3075960141495       3.540701051138913E-068
   90.3827280416419       2.425776223695498E-066
   90.3998452504908       1.080212173405668E-007
   90.4372657146229       7.647479148592860E-015
   90.4453559469685       2.004156465205938E-064
   90.4984264860583       3.885635500919104E-009
   90.6885620962345       2.135445068699583E-008
   90.9588957575652       3.831975974035308E-074
   91.0096804522792       1.627216448826356E-019
   91.1753646945090       9.858285030380442E-021
   91.2401507449440       8.444135753973676E-068
   91.2604692903191       2.914882614327079E-011
   91.4889210915747       2.949554633940107E-012
   92.0506683356387       4.675432887063475E-017
   90.2753146930057       2.993665265047154E-069
   90.3281407057346       3.190439289784391E-014
   90.3620814586245       9.315372956569945E-064
   90.4408431523575       5.297101601296340E-061
   90.4519478210291       1.327412904033823E-011
   90.4933921960568       2.127250056032705E-010
   90.5038970156464       2.087276685506128E-059
   90.5545303440827       1.235636971771095E-004
   90.7487543973784       7.049274300370543E-014
   91.0156097177363       1.635955176083809E-070
   91.0645928801503       7.242932819506909E-023
   91.2331792064709       2.868784929962144E-015
   91.2969142023415       4.235639970938773E-068
   91.3147733000223       1.342176613273943E-015
   91.5472795176824       1.304710054769195E-008
   92.1070043911454       1.643494699325835E-018
   141.193043072835       1.381314127204418E-073
   141.219995174548       3.381029533332831E-011
   141.282003602167       6.951728547615612E-065
   141.353554666582       6.043997181716202E-064
   141.402505077169       8.107127749820210E-009
   141.419375475614       5.136354101255932E-062
   141.427277537916       3.084022730202561E-014
   141.503597483035       5.978380252731025E-010
   141.692701254935       1.264370245332916E-008
   141.928666585092       2.408395156702322E-069
   141.999813647641       1.039882927749988E-013
   142.163455090132       1.284462661537701E-015
   142.197512756237       1.494732368656966E-063
   142.246971986390       2.866981751887323E-009
   142.476585053221       1.169433244916673E-010
   143.021185145668       2.083465927046864E-012
   268.869771920079       1.857506863713973E-039
   268.877297574746       2.936479148971378E-041
   268.963777045447       2.521872140923418E-034
   269.046429653643       6.035684598496388E-039
   269.109599768916       7.050153167036897E-038
   269.115582760391       3.741766762891845E-038
   269.137951600541       4.029561074191826E-034
   269.221252117507       4.771089418745556E-036
   269.424295395669       4.619686258868942E-041
   269.580153689077       2.106541615781245E-040
   269.668305078477       1.515293652091351E-037
   269.837222100383       1.041784125115335E-032
   269.848818236440       9.349522515430585E-033
   269.900227983784       3.360414741445751E-037
   270.159158450387       4.420668848522392E-038
   270.657063985947       3.961567100116058E-043
   269.055255218862       1.994311501390359E-067
   269.105127546976       4.151708235982496E-014
   269.150700440205       2.264279472535730E-061
   269.247383906962       2.186889375540066E-058
   269.254312677726       1.176020837796348E-008
   269.304843703380       3.256977500485100E-012
   269.321829664787       7.730767783455571E-061
   269.384342375557       1.625004433527481E-009
   269.606132691793       4.672365505936893E-012
   269.778510406214       3.224371029849151E-065
   269.835197992644       2.539967568803963E-012
   270.029513952419       1.021855615659229E-012
   270.044051886596       4.776795263523004E-061
   270.063671627788       2.199783796747675E-009
   270.339761005698       4.774806425953539E-010
   270.835034243591       1.908744874901665E-012
   269.194081658191       1.581302847689968E-068
   269.230436429526       6.202490265007740E-016
   269.294361303271       2.229319398846315E-061
   269.356656671995       5.291167223749112E-060
   269.416484682044       3.664108429575461E-011
   269.426910694576       4.225356709817219E-060
   269.429891545828       1.506763209228582E-012
   269.508320144325       9.578439714610648E-006
   269.693933769845       6.810889858933941E-013
   269.902907830283       3.306658380407012E-067
   269.973748553140       3.479469170016896E-015
   270.140356169453       4.808182192222544E-010
   270.168010589328       7.812655176152823E-066
   270.206029305087       3.320208438302664E-012
   270.445193161371       4.578895977918693E-007
   270.961465743993       2.637433754175535E-015
   290.093708533544       1.836911425446117E-073
   290.125488586833       6.921103204237054E-012
   290.190147704800       4.680259468364808E-067
   290.263745864970       7.723166110585411E-064
   290.313729040447       1.135057719941298E-009
   290.335100749110       3.643545635244319E-061
   290.338803746097       1.872877605462270E-015
   290.420594163740       2.254145849857705E-010
   290.617506225219       2.974223763396347E-009
   290.821244533010       2.329450173340111E-070
   290.893822691664       2.698592417567271E-014
   291.067080847414       2.176828433111929E-016
   291.094936730229       4.295843661062090E-063
   291.142458829704       1.084630909182561E-009
   291.385272508332       4.109634879746961E-011
   291.915402774670       4.054581484254984E-012
   362.322663653322       1.226885809396274E-045
   362.352956578071       4.358710799312125E-042
   362.419386353667       1.464467082499111E-038
   362.513303570501       2.614133356311551E-040
   362.545387879225       2.462133504216138E-038
   362.586189794499       4.219216929950860E-036
   362.587862229919       9.416867660884024E-036
   362.671803074178       4.988381244249402E-037
   362.889386359094       8.931921145196404E-041
   363.037600456986       1.212665267356315E-043
   363.109807356020       2.573022744886322E-039
   363.303738392525       4.073610872443016E-038
   363.309607144797       4.508456848524996E-038
   363.353561309310       6.147688645327852E-040
   363.624675019800       1.219846266243891E-042
   364.123831424995       6.815457014792593E-045
   362.344505609059       5.903899550761358E-049
   362.363208941359       2.444891405306268E-044
   362.444639465275       2.540247176136256E-041
   362.511053746013       8.890870967461854E-040
   362.581139145271       2.632073636866100E-037
   362.585060165780       1.093358284482016E-036
   362.598159172029       3.440889403978932E-038
   362.681992407613       5.746270324584558E-036
   362.871326518869       6.221350796820047E-042
   363.047735813491       2.184723519750407E-049
   363.132209890967       1.672539561004829E-040
   363.302298633932       2.176593811582770E-037
   363.319326675541       1.759466278248007E-040
   363.377161726543       9.393302609622240E-042
   363.620418361770       6.250334037081120E-039
   364.135448145779       1.933178697465094E-046
   362.337834566982       7.888354308803469E-074
   362.354885061354       7.464407826524164E-012
   362.435355021714       1.034923387408953E-067
   362.518689309577       5.438279116113177E-066
   362.575350489563       1.744725050568992E-010
   362.589933190677       8.409344207155641E-065
   362.605407729159       1.754835075184884E-015
   362.690054916623       9.254933324311346E-011
   362.896138615127       7.850414794501165E-011
   363.046419142670       1.091770780154805E-073
   363.130420293863       1.307003144814214E-017
   363.314772131531       2.820363775643231E-019
   363.316922506978       3.903114705908608E-066
   363.374794664802       6.575646697499725E-013
   363.635037595243       5.970785127352766E-014
   364.138613269617       1.196521253867435E-016
   362.392293700068       6.872286434256697E-076
   362.441849807381       2.450249177515838E-017
   362.493068335541       2.810114369864854E-067
   362.568750773958       7.153789600701922E-063
   362.602717041137       1.005012531901708E-009
   362.629475413105       1.798819008027804E-015
   362.642154693512       8.129263615298689E-068
   362.710537684345       1.699391090662479E-011
   362.911951998681       2.401884093176254E-010
   363.105395039530       3.569582377437485E-074
   363.163883561521       2.709374530215192E-017
   363.343614875123       1.954397643966266E-018
   363.381348225073       4.057016917751210E-065
   363.407950808399       7.174041837358668E-013
   363.661436383990       8.388272259708571E-014
   364.176003167310       6.120194183830865E-017
   362.428900598599       4.350947841215825E-070
   362.479855439480       7.541447968891369E-019
   362.529398426855       7.826635965710095E-063
   362.607817908442       3.743288250900608E-062
   362.637377402860       7.728276148747643E-014
   362.667026467651       1.191754679766921E-012
   362.681470571054       1.181456708212033E-059
   362.748066473117       1.187369876131990E-006
   362.952307023271       2.016674660823247E-016
   363.143258622701       3.125929534560318E-072
   363.200282561739       2.767824676187741E-022
   363.382406303408       7.594478420213487E-015
   363.419292728957       4.915303702520004E-069
   363.444232999344       1.110479134040931E-016
   363.700478236048       3.134741449950886E-010
   364.213528565035       4.988696413305131E-019
   587.201647526232       1.085301043397219E-071
   587.239600925284       6.765768256021246E-013
   587.304149374861       2.047068400744536E-063
   587.380840784510       6.800668108366724E-062
   587.427603083706       8.561646106582950E-011
   587.452894433209       4.275492740958744E-017
   587.455788957673       1.395805353229380E-061
   587.538377080297       5.423216851430447E-011
   587.741883285586       4.559186120217172E-010
   587.905018047225       1.031327217917394E-067
   587.974750820364       5.162075687773112E-015
   588.157310408617       4.851509378274305E-017
   588.179883314017       1.378318396382884E-060
   588.219308588855       2.722735508735598E-010
   588.477816778495       9.371736213573559E-012
   588.979343890297       3.508573283295417E-012
   1638.90352476221       1.305488897015859E-072
   1638.95025044845       2.072085282537458E-014
   1639.01200623463       2.130115743101549E-065
   1639.09346778926       2.397262930844973E-064
   1639.13225177442       4.135232328916306E-012
   1639.15702795770       9.519525719158526E-018
   1639.17042072675       3.858493743326105E-062
   1639.24545487623       5.308647070468470E-012
   1639.45492606015       4.433265509315305E-011
   1639.56467389532       3.772987016992363E-068
   1639.62613116858       5.825273133343496E-016
   1639.81966587564       2.377561106312105E-018
   1639.83894323212       5.089955659403532E-059
   1639.86272110472       4.057072139246303E-011
   1640.14192762483       1.317602586761418E-012
   1640.60029981515       1.178491304469686E-012
