                  1104
  -19.2186392222188       4.395464266044944E-039
  -19.1770814957468       1.037206967062592E-033
  -19.1721737301148       1.951830462253762E-038
  -19.1574167737341       5.076784518294268E-037
  -19.1240518517179       4.311722832487506E-035
  -19.1235029726394       2.052829653289451E-036
  -19.0975581032633       3.926536366106332E-034
  -19.0756334164189       2.979762513067837E-038
  -18.9911670668184       1.291050743291203E-034
  -18.5337701181152       1.176694385293201E-041
  -18.4874734669620       6.408327660531693E-036
  -18.4408520186597       4.398198900914073E-040
  -18.2718764192137       1.410301988486628E-042
  -18.2343328895121       3.492991699695944E-037
  -18.1570540075173       1.221938290946080E-039
  -17.5603675024367       5.648899934291822E-038
  -19.1714827239516       1.923803786197372E-038
  -19.1142454770276       2.019937850751693E-037
  -19.1002133638013       1.002688219020698E-035
  -19.0979879717871       1.159733862709670E-033
  -19.0507503982508       1.219872206182496E-033
  -19.0361329926878       4.926032762097739E-037
  -19.0040488610380       2.844978094548138E-038
  -18.9692332474997       2.098677057832562E-036
  -18.9039961589042       2.782646030960281E-038
  -18.4935863277500       5.724724910297447E-042
  -18.4558952070679       1.015007751331914E-043
  -18.3449409784939       2.622416091039362E-037
  -18.2128412192740       2.270250840933146E-039
  -18.1815231802995       6.453360110804480E-041
  -18.0777184262699       7.696252318606125E-038
  -17.5005800160087       1.962037848609491E-040
  -18.8539974619070       4.677030958002856E-035
  -18.8123384675983       8.743399963408213E-036
  -18.8052555012254       2.019364374892215E-035
  -18.7773217405478       5.469617507406933E-033
  -18.7451328243968       1.014644486029294E-033
  -18.7242324556650       4.501688106948803E-033
  -18.6990601020339       1.043146900015611E-035
  -18.6749380070977       1.621519716200684E-034
  -18.6257703602889       4.201072072218205E-036
  -18.1884436493592       8.092196509651181E-041
  -18.1278544460263       4.931879536601240E-038
  -18.0478263241486       2.333494321235576E-036
  -17.9142036849159       1.074571298537698E-037
  -17.8830236990325       3.664124440247011E-039
  -17.7996135080866       6.218976166701538E-037
  -17.2178494283762       6.926245727760183E-040
  -18.8177271055214       5.376013884457221E-039
  -18.7946230592555       1.564354235689949E-033
  -18.7853543268877       4.359843525559714E-036
  -18.7648964821922       3.293717823530766E-034
  -18.7337067212555       2.740077616507631E-034
  -18.7270873319952       2.386668605925862E-033
  -18.7037091803328       3.068896456150601E-034
  -18.6968826681912       9.800419031288938E-034
  -18.6287025750961       3.428395524261343E-035
  -18.1503350036918       4.200913944801079E-035
  -18.0914648262616       1.283343118807862E-035
  -18.0483095377561       2.876568974848172E-036
  -17.9018710555714       4.296451555686662E-038
  -17.8599192483319       3.803360408540758E-038
  -17.8008970543725       1.890252009225857E-038
  -17.2054233886241       5.498461363571341E-038
  -18.7640331490858       6.696822360795823E-038
  -18.7218976571953       5.127323513534431E-034
  -18.6723149385354       2.679494552629921E-036
  -18.6601499535330       8.818367400458313E-035
  -18.6534655828111       2.865049160649560E-034
  -18.6426306816929       2.315457799969630E-033
  -18.6246334762242       2.263415836818302E-038
  -18.5395286284532       8.033834641705989E-038
  -18.4591151827802       2.816881746212791E-034
  -18.0442433901462       1.196382441035703E-036
  -17.9786714507314       1.186009457693078E-035
  -17.9232956110510       2.970009901333633E-040
  -17.7867816188374       5.534039937138082E-038
  -17.7808356903625       9.693363744839960E-037
  -17.6211823355849       1.752605828494950E-040
  -17.0198198035235       2.179029509018514E-038
  -18.8377299695813       5.309093739073186E-005
  -18.7775003167080       1.953755462785563E-068
  -18.7682337857302       4.663457480837156E-012
  -18.7213977229810       2.787214965956837E-066
  -18.6968615972193       1.235120144221944E-067
  -18.6585768673425       3.154420467628166E-068
  -18.6467012318084       3.831927752907499E-005
  -18.5689870421657       4.236119782017381E-012
  -18.5429692687374       7.430391895729335E-070
  -18.1111826532854       6.409882482094879E-066
  -18.0625116013260       1.431660230347289E-007
  -18.0266850358901       2.834274390997664E-070
  -17.8542832640475       1.700031686259538E-067
  -17.8385262039424       6.647476414059533E-008
  -17.7269116737656       3.403455604338156E-069
  -17.1505698618802       5.744851799974429E-071
  -18.6024422466741       3.032321927313776E-040
  -18.5458604763057       1.954143677957646E-037
  -18.5269533790748       1.069677971265106E-033
  -18.5149104918746       2.439354427325196E-036
  -18.4762602762466       2.527289220981884E-034
  -18.4579591526292       4.309158354336410E-037
  -18.4081999703032       1.781903302711882E-038
  -18.3743755438234       4.447949270009253E-034
  -18.3074356053599       8.917615689988772E-037
  -17.9021773029576       6.394637593912775E-043
  -17.8728505173776       1.078417095251701E-039
  -17.7335279208930       3.028196564270666E-035
  -17.6356098713337       2.412847686440536E-040
  -17.6168591552398       1.056422170663008E-041
  -17.4789683678690       1.799183440726820E-037
  -16.9016443715209       1.555199437122717E-040
  -18.5425398214999       1.267699495897068E-038
  -18.5162500148693       1.534627019004921E-035
  -18.4943252264931       2.799731699717491E-035
  -18.4893944133707       1.360738812974254E-035
  -18.4503445196997       4.771316526994991E-038
  -18.4366402297006       3.738828242194535E-035
  -18.4271703731220       2.264736909029011E-039
  -18.4031450379309       1.450037273159070E-039
  -18.3179773851871       3.543664109111514E-034
  -17.8793719123946       8.888246298514209E-039
  -17.8255222391704       6.955108841774815E-036
  -17.7692793132742       2.246849991421252E-040
  -17.6204292122180       5.978464203515992E-040
  -17.5738913492090       1.034712112070016E-037
  -17.5022635207262       7.620895220516121E-040
  -16.9227320890701       1.041824750975317E-037
  -18.3015561973687       1.416748477037078E-009
  -18.2656991791412       2.260744842108771E-064
  -18.2400382649758       1.153962567817051E-005
  -18.2321627391790       8.538568142515423E-006
  -18.2280100331979       1.144066194332302E-056
  -18.2003185040146       2.248640509197645E-009
  -18.1939964739355       7.900225036194217E-062
  -18.1473451356425       5.911713119980010E-063
  -18.1005318084961       1.060719642865951E-065
  -17.6227966081893       5.422672507314967E-012
  -17.6177747805515       2.102069035274736E-066
  -17.5346380663880       1.890699571093555E-068
  -17.3819062533166       1.466004634824370E-011
  -17.3396197685630       6.685424171012946E-068
  -17.2795620321682       3.267880837447236E-072
  -16.6945463458090       1.047152693640640E-072
  -18.2369519657838       1.843882354695132E-038
  -18.2142469954906       1.326490044209782E-033
  -18.1888294577242       2.309011074859054E-039
  -18.1831396003831       7.319123761093137E-038
  -18.1566393544140       2.415092105430425E-039
  -18.1462672664120       8.817762370449068E-035
  -18.1378871552946       2.895701537166992E-033
  -18.0989108723047       1.668624321760047E-036
  -18.0220060650580       3.372915784878837E-037
  -17.5744862604620       4.482662964998731E-039
  -17.5209231731840       1.437418285603964E-038
  -17.4841183747406       9.571000118781549E-049
  -17.3208638955949       7.646107328126646E-042
  -17.2902476064718       1.996444644559317E-038
  -17.1997144439434       2.366387835514220E-041
  -16.6141922770433       1.673707035173903E-039
  -18.1226287789277       4.117713840320478E-065
  -18.1144690652907       9.246447309683095E-008
  -18.1047634656721       3.501395447734772E-004
  -18.0933235121836       1.681960728778451E-008
  -18.0553837014848       2.509396142308246E-061
  -18.0526343524707       2.043243214424843E-011
  -18.0420912608584       3.390067795195772E-064
  -18.0076322901629       1.419942922295887E-063
  -17.9283708070980       2.239824101325166E-068
  -17.4659511005238       1.440036040877412E-010
  -17.4329533210946       2.457347725678441E-066
  -17.3971727971648       6.116394184818912E-073
  -17.2297594318391       1.574822078400041E-009
  -17.1940485694548       3.341081067939785E-070
  -17.1087502247811       2.883440840372231E-070
  -16.5262398989420       1.398121692826787E-071
  -17.7276657388400       5.405083071193475E-039
  -17.6856361978005       1.824222280152534E-039
  -17.6551341378033       2.384259182963315E-038
  -17.6510491633965       8.647892145625332E-032
  -17.6501808304444       8.683948763725330E-032
  -17.6208247695578       1.233810743653515E-037
  -17.6118467007684       1.072568461952157E-036
  -17.5963055375993       3.510176496563293E-037
  -17.5225717253937       3.071574874555766E-039
  -17.0687409358955       7.436677590416196E-044
  -17.0422045037086       3.755168076946445E-042
  -16.9926557132164       5.360669892596645E-040
  -16.7732160305938       3.587937606213658E-039
  -16.7502612261973       1.796469556851873E-041
  -16.6932934880894       4.369984827786432E-039
  -16.0947399326982       3.032580398529915E-044
  -17.6377054846321       2.381659856212642E-035
  -17.6179592113944       5.414003503586273E-033
  -17.5709827825410       5.820363943932446E-035
  -17.5647950877803       2.559426779039241E-034
  -17.5442711214996       3.254212920761182E-033
  -17.5246037558902       5.343131802625978E-035
  -17.5235261777045       8.344646211321111E-034
  -17.4975234175347       6.082265110372407E-035
  -17.4134455698808       2.388459615362015E-035
  -16.9354840775181       6.749523395668436E-036
  -16.9345111302732       1.010962018071020E-036
  -16.8606167450504       1.216100661083625E-038
  -16.7196115034468       2.009632521289293E-038
  -16.6800451042102       1.370732099402708E-039
  -16.5948230430486       2.682877230715156E-039
  -16.0121125802889       1.179378883616973E-038
  -17.5321490102661       5.541685593884108E-037
  -17.4885992282014       4.644665677464384E-036
  -17.4876022533119       2.339263830134174E-035
  -17.4614215508606       3.633938358018569E-034
  -17.4229610453885       8.121681526850414E-035
  -17.4079387567139       1.117325436030751E-033
  -17.4072501218909       3.542610375750010E-035
  -17.3848583233464       1.446666515662762E-034
  -17.3158069119371       1.646200656954056E-039
  -16.8665473227485       5.616475500545743E-041
  -16.8075788011881       1.014801188403806E-040
  -16.7437440400257       1.489328103985116E-035
  -16.5982294347885       4.390160263352222E-039
  -16.5683451273793       1.774539298497128E-039
  -16.4914445970529       5.267627749454838E-037
  -15.9050194689412       2.348876169119777E-041
  -17.3502198231761       9.564853080806477E-065
  -17.3407162803831       1.803914121732101E-005
  -17.3258809268257       3.102938546408659E-004
  -17.3107922300138       4.496849023919786E-011
  -17.2713357953568       1.004184502331639E-061
  -17.2580370052822       1.543383709999928E-063
  -17.2439059263053       6.308019040898603E-010
  -17.2053422895618       1.037604336334179E-063
  -17.1082957459255       4.082380253738372E-067
  -16.6756397217936       5.377070610653030E-011
  -16.6478244474584       2.992816345753761E-066
  -16.5961164873797       4.573395041334404E-069
  -16.4435179392885       2.510390787399122E-011
  -16.4109786009034       3.308470425136935E-071
  -16.2944663079731       1.959167786907212E-069
  -15.7211187191939       2.162384537140972E-071
  -17.3733869050198       1.651235158751822E-007
  -17.3492653588581       7.709102430048732E-065
  -17.3037553460309       1.559614140695475E-005
  -17.2766355870984       2.049825302731481E-006
  -17.2658283410198       3.217967138420559E-061
  -17.2539023240345       9.377842037415919E-007
  -17.2438678255464       1.093542915377702E-061
  -17.2107017002549       1.800000260502954E-067
  -17.1154594122575       7.713496245723471E-066
  -16.6645936621147       1.503741127427890E-011
  -16.6610967956191       2.197782220556615E-063
  -16.5638435474550       5.969273342692496E-065
  -16.4386674509476       1.023279061652537E-011
  -16.4087833022451       8.346131960526671E-070
  -16.2917212032904       2.334987767731580E-070
  -15.7053237063007       1.403908898056336E-071
  -17.1041822462502       1.465097048657942E-039
  -17.0528029253844       9.145886919673587E-034
  -17.0241383738824       1.032112153829061E-038
  -17.0226000261025       1.693270583680271E-037
  -16.9936875843169       3.521514845341135E-033
  -16.9824229659696       9.846989464251184E-036
  -16.9742726000170       3.917671695386777E-040
  -16.9404872143601       3.743801738485381E-037
  -16.8420118651811       1.911325324710219E-034
  -16.4138367786275       1.832650830241165E-043
  -16.3638730335198       3.846027662239495E-040
  -16.2975247347249       3.114702738483943E-043
  -16.1506170459204       6.787285518724918E-043
  -16.1461537853639       2.058749672312653E-039
  -16.0204573558683       4.093843036330008E-042
  -15.4372540246110       2.113939458113439E-040
  -16.8626602876067       8.318027045636573E-044
  -16.8500167810352       1.604488195720962E-035
  -16.8201396990744       1.604083853552519E-034
  -16.7984838085585       1.608230588675050E-038
  -16.7752600521577       3.725127168942253E-039
  -16.7489899881021       6.006572039926699E-034
  -16.7435091139086       1.546962501076988E-034
  -16.7127685036228       5.409552638313023E-037
  -16.6239269706538       6.708915186720854E-034
  -16.1742043996269       8.236562962644814E-040
  -16.1273098269379       2.533069005070838E-034
  -16.0585213438424       6.836444725111773E-040
  -15.9382426102938       1.724823420032654E-040
  -15.8860678045865       6.909042385016127E-037
  -15.8007596627562       1.002068586464113E-039
  -15.2169519516254       4.236957283082519E-037
  -16.6939651192715       1.019211427405159E-037
  -16.6563425419298       8.626832270948336E-034
  -16.6227035756040       5.717960596097105E-035
  -16.6015158883049       2.748640459813099E-036
  -16.5900566445304       3.045372272018484E-034
  -16.5886117504504       3.980559319754928E-033
  -16.5676985896507       1.140848468314650E-037
  -16.5191496757576       6.194968568794035E-036
  -16.4150951630548       3.095017327189833E-034
  -15.9746505996079       3.690514936408074E-037
  -15.9352454475435       5.502483424868476E-036
  -15.8630957019923       3.293018071926311E-039
  -15.7399070916863       3.223878260173852E-036
  -15.7256719645390       1.530088581086381E-038
  -15.5730840852170       2.720422652846095E-040
  -14.9657107468558       1.867150579018455E-038
  -16.6580837254583       3.767359218116512E-035
  -16.6041090416528       1.337180458735092E-035
  -16.5894752635908       5.122170302108911E-033
  -16.5672036810339       1.081444923871487E-037
  -16.5392881711761       2.707781583670506E-037
  -16.5180102706572       9.944532050510079E-033
  -16.4845295423588       4.140515688878877E-035
  -16.4806712598034       3.512340511671324E-032
  -16.3733075161275       1.607692826382430E-036
  -15.9533361456006       1.037346987094053E-037
  -15.9216901390457       2.321635187890377E-038
  -15.8018624879211       1.029049845313877E-037
  -15.6994681331214       1.002368389489667E-040
  -15.6919691490397       1.488257662607384E-038
  -15.5448664864232       6.777268501913557E-037
  -14.9584065382077       2.986321519929730E-041
  -15.4321963268123       5.448186683241493E-005
  -15.4092707663596       6.868044067956683E-070
  -15.3364768064013       1.341503472438180E-011
  -15.2404063623257       3.207417202874404E-066
  -15.2241313486714       1.520277714503152E-061
  -15.1992812846927       7.110989070277999E-005
  -15.1744990132623       1.260517549796568E-066
  -15.0899757585229       5.303279302620533E-012
  -15.0311086135805       9.973399466597610E-069
  -14.6366371312122       3.932073448775319E-065
  -14.6339540027437       2.458795029434434E-009
  -14.5229146545815       1.260675052107299E-066
  -14.4093608434152       2.494921385271872E-006
  -14.4070463910749       2.494561836247933E-066
  -14.2379821310926       4.957105414995644E-069
  -13.6865397677003       2.832941764769626E-073
  -14.8091820309311       1.434010940019239E-032
  -14.7794504891325       3.563513894012895E-038
  -14.7221506548010       3.205888769654455E-038
  -14.7122092325983       2.468466884034576E-038
  -14.6671515063436       2.526064096543433E-035
  -14.6402999896325       1.350486200682412E-037
  -14.6148440359415       2.172302327412152E-039
  -14.5912182397310       3.998096133737990E-037
  -14.4792525414937       1.353158359247136E-034
  -14.0625715137342       2.790329885656282E-039
  -14.0300418781195       5.772085949678974E-037
  -13.9557753840131       2.993243516349473E-039
  -13.8808284484404       4.034160597097028E-041
  -13.8281075611300       2.209283918168831E-038
  -13.6861719531146       2.423652733405428E-039
  -13.1379094795371       7.493287218601133E-038
  -14.7324302588931       4.127661394257210E-067
  -14.7031417578377       1.541937607987288E-003
  -14.6550278941507       7.510626005006460E-007
  -14.6449325844352       2.200062406493442E-012
  -14.6178971310700       1.204999911805475E-063
  -14.5944891213929       6.602663215877343E-059
  -14.5305216715421       6.305137982124757E-013
  -14.4924174543000       3.347170296125811E-060
  -14.3802565912084       8.661506511535750E-068
  -13.9828558168362       6.099203626657113E-012
  -13.9490984577041       2.159635273383750E-073
  -13.8750095487265       6.580713587119674E-067
  -13.8006654032321       3.112137374365066E-009
  -13.7725012922454       6.240808113773327E-073
  -13.5886263319961       4.917288892901233E-069
  -13.0447274762734       5.055028378342452E-070
  -14.7012270422397       4.056287080827288E-009
  -14.6975203432850       1.483102040685898E-064
  -14.5955262941617       1.122948472416179E-006
  -14.5911842418726       2.955485638058269E-007
  -14.5559437950060       8.642956958259709E-063
  -14.5383468850173       1.379945039057753E-062
  -14.5283856204504       8.802961048454743E-010
  -14.4755689442741       2.347446759505208E-063
  -14.4011568466819       3.227427120289458E-065
  -13.9537978864262       5.318303156956277E-012
  -13.9488081464244       4.380520807299453E-064
  -13.8205029919618       2.609842551074494E-069
  -13.7706291785473       1.226113426952015E-012
  -13.7152600268981       3.267361490340782E-067
  -13.5892169594508       3.141821395698429E-070
  -13.0150007394144       4.385799564440521E-068
  -14.6851667500263       9.951316110510916E-036
  -14.6524317496332       2.446892009897268E-035
  -14.6198714462275       1.251421176819322E-036
  -14.6148844204070       4.210716995937566E-034
  -14.5692941698398       1.622568140390734E-037
  -14.5412574724588       1.259118822997562E-033
  -14.5154369663064       3.924573397687522E-036
  -14.4861523376387       3.738877446806578E-035
  -14.4212034290688       1.769231160687171E-036
  -13.9965403742752       6.283525464373938E-038
  -13.9299265700406       4.596353506570090E-040
  -13.8265022098173       5.170507173173601E-036
  -13.7505605870317       7.907268881844917E-039
  -13.7294256629093       2.122482716352756E-041
  -13.6063522554535       3.895639859793234E-036
  -13.0353387594379       1.599402865686527E-043
  -14.5207883042574       1.062606756043894E-037
  -14.4838200351248       5.081732751023719E-037
  -14.4492544971908       1.240509448954026E-036
  -14.4448269488142       5.459323470259207E-036
  -14.4068652533533       7.756438108723299E-033
  -14.3725987468062       1.067543084685567E-034
  -14.3601397302896       1.342911133381355E-038
  -14.3381101605472       1.772968106466973E-035
  -14.2515755428256       8.371624678112545E-034
  -13.8249729869878       1.202661521200122E-040
  -13.7644260895241       5.383986891046981E-037
  -13.6640629316100       4.212583755554181E-040
  -13.5816373705622       7.721923651301439E-040
  -13.5711643427862       3.856089207296253E-039
  -13.4379011537698       2.629009607410098E-039
  -12.8638578991207       6.366109464847661E-039
  -14.5090082503420       1.018570914334709E-038
  -14.4872893064918       3.262407340912577E-033
  -14.4034956255699       3.655727846856675E-036
  -14.3995411204473       5.897731610886644E-037
  -14.3974638347074       2.229610182110354E-033
  -14.3798431305802       1.921472448938154E-036
  -14.3542460521601       2.810228425614967E-036
  -14.2453353403725       2.726531862347588E-037
  -14.1648226150414       1.992878875895794E-035
  -13.7958073958887       3.967219253103088E-039
  -13.7226113412359       7.389080591415121E-036
  -13.6587577656437       1.576963981886403E-040
  -13.5673842952140       4.619038336812244E-040
  -13.5351564413854       3.065919895115594E-038
  -13.3716197644611       2.566030385590934E-039
  -12.8235019690258       1.251189002133934E-037
  -13.9492352292324       7.937879119239512E-039
  -13.9183206130577       3.494420663837842E-040
  -13.8940812050091       9.917191374070112E-036
  -13.8636644754660       2.007166184720636E-037
  -13.8204996140445       1.687968103722260E-036
  -13.8133663853520       8.605231040526264E-035
  -13.7736064687581       2.862646168017635E-036
  -13.7409191473749       3.150622060515528E-034
  -13.6579153595350       5.283429735463699E-039
  -13.2496860370547       1.321538387419106E-040
  -13.2110732977177       2.653885773595259E-039
  -13.0775289969800       3.437882744420221E-038
  -13.0022075905156       1.416613762896033E-039
  -12.9881763161138       5.417628996652217E-040
  -12.8331283573371       4.093759853652862E-036
  -12.2541377722122       1.628532148215778E-041
  -13.1161240252610       9.497547078618552E-040
  -13.0928758790156       1.584170396749060E-033
  -13.0705821350949       5.470509087352733E-036
  -13.0144558366990       7.856808491596073E-039
  -12.9972018600457       4.420847116776330E-033
  -12.9823617834793       4.155317981874266E-036
  -12.9793413536508       1.794562002579272E-034
  -12.9399876998897       8.680529229194101E-037
  -12.8003455951221       1.218416193404512E-033
  -12.3895133676180       4.987765016646388E-039
  -12.3528446542307       7.896256171428851E-037
  -12.2506498210715       1.389874475843234E-041
  -12.1541491245058       2.878971406733975E-039
  -12.1444815057358       1.638160072382227E-036
  -11.9727038936436       2.181387498310766E-039
  -11.3845013213226       3.790523167218087E-037
  -7.88410559957348       1.970625294997555E-066
  -7.84416366329020       1.927104523400191E-003
  -7.81541792305328       6.376987572104172E-006
  -7.75344429815957       1.622434928589816E-011
  -7.74466173769153       8.751473122030855E-065
  -7.69182701212697       4.407955261037076E-060
  -7.65449859957137       7.598263178058103E-012
  -7.60380038838590       2.156061683296534E-061
  -7.45021814890762       4.841033137938787E-071
  -7.13475642123660       3.181428353365553E-012
  -7.08921840051043       1.608573213554179E-065
  -6.97247287639654       3.459089918472289E-068
  -6.92741375214698       4.677350336740220E-008
  -6.88951375668828       3.296109222253578E-068
  -6.67492764650667       1.100036216778890E-067
  -6.14368819593756       1.739198466946506E-069
  -7.86045361234849       1.612048052668184E-064
  -7.83905905210218       2.532652109007224E-008
  -7.74460402553116       1.278557112761038E-006
  -7.72620100873978       1.717420296261039E-008
  -7.67797403455680       5.708080799414950E-010
  -7.66361193283933       3.999661358271212E-059
  -7.64957771139479       6.822200173020079E-062
  -7.59524350888616       6.667571519747118E-062
  -7.50394307041830       1.217677387844170E-064
  -7.11543505662140       2.242685763661218E-015
  -7.07414899066412       1.561646609687674E-062
  -6.95128996717446       1.115162256702662E-064
  -6.90720621742668       2.309754879488120E-011
  -6.83456478669594       2.265221655407431E-066
  -6.69367772422748       2.488452902710170E-067
  -6.12184118868994       2.039572560787015E-068
  -7.89185834428522       2.498488762929541E-032
  -7.85443346435690       1.957106965421618E-038
  -7.75162129884503       1.154295786637520E-039
  -7.74903681116968       1.460554349136020E-038
  -7.66942083893973       3.041861117873847E-034
  -7.63900901236304       9.337546510792323E-036
  -7.63593804926977       1.678366418022192E-036
  -7.60004380904379       3.646119151951817E-038
  -7.45164439280848       6.442140018954838E-034
  -7.11571775023385       2.244062458156854E-043
  -7.06794030428666       4.886054422984132E-040
  -6.94732405413093       6.702769016569685E-042
  -6.91286319344077       4.434628484623425E-040
  -6.84317333871130       6.455906513895098E-038
  -6.66444990349975       2.709888667283185E-040
  -6.11689655549314       5.196815961157443E-038
  -7.70844761862448       2.472342563652251E-038
  -7.65744848210169       1.364444429501164E-033
  -7.62240345653282       2.359424828699276E-036
  -7.59353260102532       2.481499914975525E-036
  -7.59086775845542       1.092506527754285E-032
  -7.53518705275384       9.028651510783303E-036
  -7.52595224979556       1.614818340327249E-036
  -7.51046942293410       6.482694403511204E-036
  -7.38247718546714       1.302652823670929E-033
  -6.99730494128220       4.457364756449214E-046
  -6.94666440401599       6.265050844499156E-042
  -6.82960099765286       2.968115048248482E-042
  -6.74620783965113       4.093487027815208E-038
  -6.74157632270962       1.100233966236191E-037
  -6.57398084272554       2.454799610696701E-040
  -6.00593425875432       1.619937109153861E-039
  -7.64634607744565       2.160016521158164E-035
  -7.59506888313675       2.680663631336611E-036
  -7.56131536493010       1.969987146102622E-033
  -7.53246104299691       1.451060085806743E-037
  -7.52912129034573       5.097564587434741E-036
  -7.47386089864932       8.214104363019376E-032
  -7.46313532007644       2.768474699014428E-034
  -7.45077405763445       6.511784224587287E-032
  -7.32268808801740       1.594556714386540E-037
  -6.93387210319418       2.299582993438916E-040
  -6.88487911560812       6.376194028249342E-045
  -6.76661958347506       1.422775840097300E-040
  -6.68488288131853       4.664833650140616E-042
  -6.67865211125674       1.642271446857918E-039
  -6.51241263069049       1.032236274285802E-036
  -5.94256543227313       1.206722090080720E-041
  -6.76267775074839       2.210030000597164E-045
  -6.73892840780931       1.525956685131015E-033
  -6.70806975707125       1.349944054763494E-036
  -6.66275938987228       1.834937647123601E-041
  -6.62471011743638       2.650194323209453E-032
  -6.62458972351699       1.435067444170894E-032
  -6.61600208191011       3.762933287008193E-035
  -6.56908871462939       2.276659910363894E-038
  -6.43569691348626       1.149097177105303E-033
  -6.05377907116410       4.152945966055213E-042
  -6.00952443936446       1.546730247035652E-037
  -5.90703578770629       1.455362893600327E-042
  -5.80945627049500       3.701995661325931E-040
  -5.77633217198747       1.726781850017688E-036
  -5.62386033518663       4.438928713925634E-039
  -5.05357724273772       2.233053615156908E-037
  -1.31199894349572       2.144584673974182E-067
  -1.27329551848789       3.549735136968391E-006
  -1.15380072447693       1.298934258916468E-004
  -1.14890862761249       1.940498343961308E-011
  -1.05678660028372       1.070559912986821E-065
  -1.03025545455735       2.734489650632275E-059
  -1.02017903658275       1.104416226918778E-011
 -0.969358303062929       2.614999138074044E-064
 -0.799620793654473       1.052715618319170E-068
 -0.505916465175741       4.675249475165653E-011
 -0.452435996545198       2.067908346993130E-065
 -0.310577870478738       7.121682135327813E-060
 -0.300381410688203       8.686772727243306E-006
 -0.218825132345600       1.422867877161952E-067
 -1.302298607695107E-002  1.346804199003728E-067
  0.532685835816586       1.136359376090053E-068
  -1.05550572755293       7.349137527539659E-037
  -1.01120785693010       5.097468955158989E-034
 -0.956645869136739       2.729370189936790E-038
 -0.929688300383859       9.633818432487881E-034
 -0.887427007294324       2.524561985403493E-037
 -0.863268685879664       7.340442446287267E-035
 -0.836890306088275       1.246157433739266E-043
 -0.760213346158906       7.232756907960315E-036
 -0.598205642852289       4.403537398948856E-036
 -0.308057224916752       6.257985686513318E-039
 -0.243726299910271       1.837194970385080E-036
 -0.109411333556622       3.058122128829279E-038
 -5.574722184500658E-002  2.794940898251742E-035
 -4.892885071460285E-002  1.017890615126994E-034
  0.185923064996455       3.529851072627221E-038
  0.726482755734807       5.330133526511554E-037
 -0.889451714181867       4.759032973222083E-040
 -0.868793717950371       6.877732534341814E-037
 -0.818943314958876       5.997938744173385E-032
 -0.789756807234966       2.436895541482548E-037
 -0.723045537689551       2.270265933152625E-033
 -0.713685741954386       7.558762120313143E-035
 -0.710608026399374       3.551824152884203E-036
 -0.643574978520899       1.974517170485062E-032
 -0.552212206738879       5.361114158074146E-037
 -0.177035786596857       2.834744949918018E-039
 -0.116993422142638       1.521975760878980E-037
  2.168112129644229E-002  1.901122466724006E-032
  7.668665736396107E-002  1.727972718454854E-036
  0.119887240406548       1.233692427408991E-038
  0.275077655430898       7.759967262122358E-034
  0.860037323763855       2.319461276359505E-039
   4.46646683622695       2.650882917484827E-045
   4.48708128181411       1.759885720567235E-033
   4.52719049749604       2.231921981161283E-035
   4.58147791767243       9.436982287208056E-042
   4.62169802817432       6.823632936728638E-034
   4.62481128784987       1.560045423771742E-035
   4.63452381381480       1.467796539854335E-037
   4.68877886221891       1.295342131530619E-040
   4.83641545086107       9.617113073545462E-034
   5.17879017246937       1.999326194900140E-041
   5.22887662030442       9.009953451345478E-035
   5.34693470201247       9.673571750980931E-040
   5.42712444603534       2.479359867682448E-039
   5.46561355726826       6.807340025304120E-036
   5.63888334134635       9.165725030189709E-039
   6.20042136518424       1.099071011596599E-035
   13.5554051016053       2.162642792458745E-067
   13.5924064787311       6.797288168645392E-006
   13.6142729108582       1.313254242005568E-003
   13.7291661372182       1.478568637959567E-066
   13.7308462911885       3.498659335303679E-014
   13.8021268864345       2.309975865387088E-013
   13.8038796300820       3.738369967558177E-057
   13.8742514983223       5.820346887805365E-059
   14.0772441053773       3.312456360263517E-067
   14.3054289851522       3.885532719733285E-011
   14.3673254095123       2.858247763002395E-065
   14.5322493975511       4.524404148977127E-066
   14.5519359490996       5.745261163907327E-008
   14.6024137435540       2.598173825392435E-068
   14.8508815642634       1.464590224462377E-067
   15.3828438665381       3.282488228676454E-070
   13.5747276395838       2.083306284166227E-066
   13.6091401218280       3.751582191127397E-010
   13.6891422754095       1.700401149481040E-008
   13.7455090636944       1.216290699293135E-007
   13.7658233366263       1.790221674367568E-007
   13.8244136091559       6.133792869636073E-059
   13.8296471326740       4.441273526049260E-063
   13.8879459041602       1.032911774445371E-061
   14.0156075872264       8.439975715277170E-066
   14.3225287609803       1.259115839515427E-016
   14.4000595020741       1.751623772703150E-063
   14.5334676614087       1.688752328368431E-062
   14.5692542054255       4.892568238918029E-011
   14.6566176234983       8.691997574829927E-068
   14.8291969096361       1.098990654516850E-066
   15.4034164914774       2.464508449946675E-069
   13.5494744313270       1.678111880820080E-032
   13.6008871035965       4.312808391026610E-038
   13.6694663227535       5.534795545268097E-038
   13.7359973145105       8.572267181783994E-040
   13.8057036848817       2.907110959496181E-034
   13.8094664467945       6.893469089699739E-036
   13.8455322625020       8.547937835776190E-035
   13.9011973646508       1.486242304686312E-036
   14.0796027738319       5.232512250256105E-034
   14.3231583908491       3.018494323081038E-042
   14.4033795904325       3.547555158305972E-039
   14.5541184455963       4.193767190096479E-039
   14.5643069440399       3.824866571462422E-039
   14.6503202718065       2.918084786168532E-037
   14.8656409432423       1.790675290459411E-040
   15.4119253551589       2.764813674235223E-039
   13.7115531323393       2.497749830011026E-039
   13.7605375147474       4.649049175326621E-034
   13.7858329570695       7.791880651124474E-037
   13.8492326841430       7.026223856665630E-033
   13.8522737724850       1.405671011664537E-036
   13.9081033779554       3.305038587830449E-037
   13.9114659949131       3.336027357849419E-036
   13.9302109404650       1.355308165997809E-036
   14.1027213518252       1.148952556968650E-033
   14.4322971321344       3.124832289500755E-042
   14.4764164177632       1.055537462249073E-038
   14.6226029814448       3.985542928478962E-040
   14.7078340201584       2.157571694879509E-036
   14.7128870251761       1.132404245500444E-036
   14.9158203571422       3.331884971897883E-040
   15.4871721256260       7.577577190682134E-040
   13.7760139308678       2.624073961879132E-035
   13.8264008940696       1.051390414119653E-036
   13.8509260542407       7.213519956967567E-033
   13.9118291515808       9.175375418795513E-037
   13.9198491066538       9.407608427982135E-038
   13.9751263362705       9.686977466463962E-032
   13.9765163746954       7.299310784313180E-032
   13.9962206187742       2.388233245683765E-031
   14.1715566062955       2.866920627432633E-038
   14.4987821707176       5.746204345054861E-041
   14.5415855365067       8.381322771442007E-043
   14.6895081026640       2.011729197652884E-036
   14.7742655816955       8.336292157832035E-038
   14.7771664248579       1.785142785938125E-040
   14.9832799454448       6.469618851039803E-037
   15.5533380412521       1.306957269516275E-041
   21.3918364563687       1.019047121709271E-044
   21.4194451740537       8.257455986798602E-009
   21.4981710778819       1.303723641677623E-005
   21.5295081742099       5.536309429306982E-018
   21.5892106200011       1.276896527034808E-012
   21.6403174089113       3.242518809939064E-054
   21.6560652281637       1.799528339002786E-044
   21.7189277135116       3.557389491332190E-052
   21.8587757328636       4.485564808726782E-050
   22.1014236848886       1.253818159305142E-010
   22.2065363187725       5.548573222192178E-050
   22.3207455256594       2.191542466986930E-061
   22.3693690809450       3.310429707550508E-007
   22.4750581536081       1.541396168549615E-045
   22.6429351619754       2.928441806979239E-053
   23.1873056788186       8.094275307666337E-048
   22.6458887047792       1.580393036792580E-027
   22.7148694175503       2.167610558206137E-023
   22.7180823974383       3.107485458381011E-024
   22.7711531276308       9.499289251936622E-024
   22.7955680641224       6.029546759907907E-031
   22.7974638298116       8.732841353954788E-031
   22.8606651299122       6.530175043612214E-029
   22.8655042719585       6.751341389249907E-029
   23.0498738187765       8.818359166373311E-028
   23.3536670595279       3.851172736523542E-025
   23.3541682607787       3.853075335698955E-025
   23.5047069532093       2.748727399682510E-037
   23.6270278560147       1.891378946204089E-025
   23.6370709658880       8.205722768227524E-026
   23.8211385157657       3.347953387178804E-033
   24.3479564775259       9.536551679821743E-028
   23.8674902141111       9.902306065465592E-046
   23.9204991896724       6.424445170047003E-043
   23.9212611701901       1.528320236352341E-037
   23.9542280699115       2.754383435176702E-032
   23.9658934433465       1.358308894885597E-032
   23.9773747190326       1.380487706195133E-036
   24.0300004093774       3.387925203522565E-034
   24.0324894962899       7.955513128632548E-034
   24.1134156107914       3.995968228305581E-038
   24.5450681381836       4.133135142063679E-041
   24.5863641934198       1.894793656608347E-035
   24.6454846293064       1.051458681437443E-036
   24.8218107528912       8.368089979900360E-038
   24.8495320861952       7.192561224826241E-038
   24.9489435258758       1.680103897292877E-036
   25.5570261796461       1.580314450908502E-043
   25.3705878443762       7.588721305378780E-044
   25.4069521759554       1.201246110598105E-033
   25.4430117357712       5.361625705709074E-037
   25.5249591606613       1.408765103787945E-040
   25.5379883258075       9.387457058291966E-034
   25.5677124053591       2.755761974234383E-035
   25.5759857039370       7.259126591014409E-038
   25.6284555453684       5.151782807437321E-038
   25.8156863743422       6.194249329840014E-034
   26.1226925521567       3.468332560225192E-041
   26.1634221008953       2.863188007780900E-036
   26.3208983844199       4.164606688799070E-041
   26.3746717967256       2.688535341653760E-037
   26.3863999002022       1.035469313255649E-035
   26.6214222512924       1.817563258481787E-039
   27.1909078426445       6.548897251973521E-036
   57.5727743828108       1.797261404221246E-066
   57.6097842286599       4.291828146172668E-007
   57.6847516277962       1.272859249261169E-004
   57.7678139757390       2.930972109229564E-013
   57.8294071047133       9.990395023957538E-012
   57.8455889701066       3.651832035282337E-064
   57.8750627367547       2.156180013966150E-056
   57.9505160463860       6.102628837631568E-062
   58.1422238985668       8.375070741413529E-068
   58.3538029469055       3.697844983612288E-010
   58.4472383307405       4.148952503269923E-061
   58.5877404483882       8.170195313252599E-006
   58.6129668419007       8.545457388769745E-059
   58.6833946868094       5.863498415476727E-065
   58.9189037250288       9.044378489307893E-068
   59.4546709673325       4.202634175008247E-069
   58.1302853577167       9.052053211472169E-040
   58.1762593174052       2.716494704776695E-034
   58.2074359975993       5.299933693980034E-036
   58.2881608289902       1.241602464655182E-033
   58.3157667089536       7.256540753341906E-041
   58.3642872337196       6.392881231378484E-037
   58.3817849493107       1.326263578445885E-039
   58.4332349980497       1.430842338141545E-035
   58.6555316471646       6.069304293791300E-036
   58.8872936505788       1.662006284652710E-039
   58.9412024605177       2.613660515113399E-035
   59.1236012837137       2.120543344037692E-038
   59.1495903473591       3.336482332899432E-034
   59.1610285513517       2.957507007281908E-034
   59.4290238413407       1.304739245971545E-039
   59.9590010387581       4.437706881415289E-036
   58.5430025467402       6.467598469489703E-044
   58.5694812330487       6.303603134293748E-038
   58.6316509812725       3.410497392799481E-037
   58.6802368173220       4.255327747455122E-040
   58.7358831990930       2.287536776177429E-036
   58.7508864665819       1.538907993756981E-037
   58.7558526043274       2.165623380142611E-033
   58.8180128271508       2.163064950969638E-033
   58.9712235736822       5.168046391593140E-038
   59.2772861287408       1.627756629798279E-039
   59.3490320984883       3.213232437420843E-037
   59.4940249454577       1.870883644510245E-036
   59.5391922530196       2.500658885162177E-036
   59.5865058459257       2.242629165296734E-037
   59.7806942846211       1.216900054608327E-035
   60.3539428280888       2.287372134582882E-041
   65.1049941830795       2.523270346531996E-044
   65.1298612509580       4.903543827912996E-034
   65.1850458615731       1.171318731892305E-035
   65.2556675060657       1.290125838083820E-041
   65.2981059713387       5.981488649771827E-035
   65.3141680325562       1.699839585035747E-038
   65.3225196690720       1.016745964374618E-037
   65.3915470757509       1.618803073396670E-040
   65.5723818564585       3.449011064187756E-034
   65.8401203648556       6.505300695099121E-041
   65.9043705438349       2.570807970867980E-034
   66.0581322141046       5.754981723318779E-041
   66.1019043974039       5.747631308472515E-037
   66.1459381647735       7.539710001633790E-035
   66.3648034141029       8.228828238355424E-040
   66.9176285158880       1.320257467632861E-035
   90.1189583654446       5.598962800245160E-011
   90.1230545959547       7.577396352425576E-067
   90.1895298322973       1.791428305648540E-004
   90.3011934845754       1.477422787666949E-014
   90.3159476622066       6.128009348223507E-066
   90.3640552174987       3.233826048560516E-012
   90.3781667552872       1.767894752351688E-057
   90.4526220680161       2.672102377273478E-061
   90.6731928627960       7.974960524139360E-069
   90.8591433091172       4.960527460702990E-016
   90.9324538828149       2.801391615442094E-062
   91.1205969901181       2.998397754039047E-060
   91.1267344538647       1.131931395811688E-008
   91.1822360717446       4.045465983435434E-070
   91.4451243205743       1.574605116532465E-069
   91.9766896320575       2.488478766688244E-071
   90.1366485752763       4.621731655020141E-068
   90.1493551513136       4.366254313713228E-012
   90.2353918636240       3.111551485227823E-008
   90.2965496378678       5.129109147483383E-014
   90.3444665150612       9.116845445649998E-008
   90.3894592093420       1.536638699612767E-060
   90.3918567314753       4.229149742522723E-056
   90.4657404807541       4.595326774038301E-061
   90.6290756515900       7.785036233915703E-069
   90.8720868017397       1.016347136890743E-018
   90.9652765852776       1.896430626017488E-062
   91.1144861022527       9.670814837132870E-061
   91.1392449317376       1.320614522540248E-011
   91.2232472344791       8.248168580555603E-070
   91.4291454044494       6.932754787937042E-068
   91.9922245199926       9.741483801794781E-071
   90.1197504895128       2.020605557553866E-033
   90.1409903142876       1.202105796808515E-041
   90.2178460645351       3.221696211916934E-038
   90.3071429912173       7.333937703276246E-040
   90.3650358268311       3.338929013158321E-037
   90.3721732667613       4.720813142398854E-035
   90.4064933694121       9.888675471928227E-037
   90.4819043516030       1.710908629806415E-038
   90.6785563049566       5.321080943351176E-035
   90.8718122818259       9.495872226259872E-047
   90.9651871618762       1.643334554804309E-039
   91.1351033765949       3.464424373869995E-039
   91.1366365119219       2.409604194505373E-039
   91.2195600400977       4.832777507326394E-038
   91.4585591692093       1.657670139975685E-041
   91.9996512853809       4.618533513368906E-040
   90.2203914297308       3.235441067190967E-042
   90.2715253146289       1.509036272730982E-035
   90.3075960141495       6.857048419171203E-038
   90.3827280416419       2.036193750151294E-039
   90.3998452504908       5.817250344449802E-034
   90.4372657146229       3.829481851662919E-037
   90.4453559469685       1.567250778278536E-039
   90.4984264860583       8.414639969266369E-039
   90.6885620962345       1.569794827919984E-034
   90.9588957575652       1.693581374007628E-046
   91.0096804522792       3.167376267082394E-039
   91.1753646945090       3.326083313300188E-045
   91.2401507449440       2.758702311096586E-037
   91.2604692903191       4.113167343361136E-037
   91.4889210915747       1.237656875019458E-041
   92.0506683356387       1.852459024667280E-040
   90.2753146930057       7.756330756579871E-039
   90.3281407057346       1.336893589682158E-037
   90.3620814586245       3.099152847622133E-034
   90.4408431523575       9.898752090656681E-039
   90.4519478210291       6.388449509333635E-038
   90.4933921960568       3.282208300728380E-033
   90.5038970156464       1.720770206460172E-035
   90.5545303440827       1.906265993458902E-033
   90.7487543973784       6.584743736648560E-040
   91.0156097177363       2.874497122296478E-044
   91.0645928801503       1.818235425927415E-041
   91.2331792064709       7.307090287546435E-038
   91.2969142023415       2.325432987084934E-038
   91.3147733000223       2.146624403145706E-041
   91.5472795176824       8.310321870001283E-038
   92.1070043911454       1.816733225441757E-042
   141.193043072835       7.705449191302279E-044
   141.219995174548       8.340866031428729E-035
   141.282003602167       1.341763311779831E-035
   141.353554666582       2.056628204418624E-042
   141.402505077169       1.270498108312356E-035
   141.419375475614       4.887055088933061E-038
   141.427277537916       1.180766722028573E-036
   141.503597483035       1.347549655725324E-038
   141.692701254935       1.359483414921109E-034
   141.928666585092       1.982605371169988E-040
   141.999813647641       9.956769687857288E-034
   142.163455090132       2.886357566626622E-040
   142.197512756237       8.087627651430951E-036
   142.246971986390       6.200822832635659E-034
   142.476585053221       3.103750643319004E-040
   143.021185145668       2.519127149773078E-035
   268.869771920079       5.361923438400119E-010
   268.877297574746       6.897393062261123E-065
   268.963777045447       8.845260244450902E-006
   269.046429653643       2.955175570119853E-016
   269.109599768916       2.578085497922326E-063
   269.115582760391       7.652023621023159E-013
   269.137951600541       3.587465029427259E-056
   269.221252117507       8.866337765669078E-064
   269.424295395669       2.310507355781103E-067
   269.580153689077       5.039913546700180E-010
   269.668305078477       9.504818081305263E-059
   269.837222100383       7.475366320604554E-007
   269.848818236440       2.202029858333445E-056
   269.900227983784       1.965797823009106E-062
   270.159158450387       5.160373475101821E-068
   270.657063985947       4.216088823715884E-069
   269.055255218862       4.678752623902988E-039
   269.105127546976       1.279656837994142E-035
   269.150700440205       8.234146115615815E-034
   269.247383906962       1.879966815224155E-037
   269.254312677726       9.083020050582404E-035
   269.304843703380       7.947680459022424E-035
   269.321829664787       3.684063164366768E-037
   269.384342375557       1.855641689445980E-036
   269.606132691793       4.839160891193936E-038
   269.778510406214       4.667637868728612E-038
   269.835197992644       5.070585849998659E-035
   270.029513952419       4.188209367206352E-037
   270.044051886596       6.312627652328407E-033
   270.063671627788       1.047476538986856E-032
   270.339761005698       2.771825695314537E-039
   270.835034243591       1.222446280058639E-037
   269.194081658191       2.298082529998686E-038
   269.230436429526       1.874634981031974E-038
   269.294361303271       1.201972637400935E-031
   269.356656671995       8.282891140487102E-036
   269.416484682044       4.172148054563794E-036
   269.426910694576       3.654447871186146E-034
   269.429891545828       1.112156356086695E-031
   269.508320144325       8.662027931319842E-037
   269.693933769845       2.955627622566644E-039
   269.902907830283       2.853993186000603E-038
   269.973748553140       1.543558522236820E-037
   270.140356169453       1.128635177264503E-034
   270.168010589328       1.596866062556065E-036
   270.206029305087       1.123851116710700E-037
   270.445193161371       8.410758329940855E-036
   270.961465743993       5.260525682929822E-040
   290.093708533544       4.354934905143564E-044
   290.125488586833       1.650550851298554E-035
   290.190147704800       2.959529661101285E-038
   290.263745864970       2.362289618517362E-044
   290.313729040447       2.082022886076076E-038
   290.335100749110       2.933251938645664E-038
   290.338803746097       3.324907318683524E-037
   290.420594163740       1.240414483560951E-038
   290.617506225219       3.015594422629552E-035
   290.821244533010       8.663696433207557E-041
   290.893822691664       2.953245635602308E-034
   291.067080847414       5.249755714525237E-041
   291.094936730229       1.607580577244923E-035
   291.142458829704       2.681971209569859E-034
   291.385272508332       3.426369645599638E-040
   291.915402774670       4.657757038713703E-036
   362.322663653322       1.116867203227451E-016
   362.352956578071       3.294447357829894E-065
   362.419386353667       1.589874783261316E-006
   362.513303570501       8.280096098825707E-020
   362.545387879225       6.694845075233838E-064
   362.586189794499       4.729577923933597E-014
   362.587862229919       3.051849003081118E-059
   362.671803074178       1.560883648667282E-067
   362.889386359094       4.777016862539474E-067
   363.037600456986       1.320417389789570E-015
   363.109807356020       2.500532844420276E-059
   363.303738392525       3.740783327637033E-062
   363.309607144797       2.295358634020944E-010
   363.353561309310       1.657909141788491E-064
   363.624675019800       5.231060420228553E-072
   364.123831424995       1.009530475744144E-069
   362.344505609059       4.334532619244336E-017
   362.363208941359       3.118921365505235E-068
   362.444639465275       2.205991443668826E-010
   362.511053746013       2.160932271703423E-016
   362.581139145271       7.627582176666224E-010
   362.585060165780       1.676662012234499E-063
   362.598159172029       3.100344663305290E-057
   362.681992407613       1.884843941185703E-067
   362.871326518869       5.604217225837302E-068
   363.047735813491       1.640648131224378E-018
   363.132209890967       2.013879258647531E-060
   363.302298633932       1.241657525720330E-060
   363.319326675541       2.472584325011250E-013
   363.377161726543       6.611110742935992E-067
   363.620418361770       4.220499839953381E-068
   364.135448145779       3.807199886788940E-071
   362.337834566982       1.029310568921919E-043
   362.354885061354       1.187779777421471E-035
   362.435355021714       2.269690059785470E-038
   362.518689309577       2.634497497982223E-042
   362.575350489563       9.494610447249913E-038
   362.589933190677       1.116785879998056E-039
   362.605407729159       9.173313975931085E-038
   362.690054916623       2.301262720418022E-039
   362.896138615127       6.705404232958138E-037
   363.046419142670       4.659058023496922E-044
   363.130420293863       8.483035118521033E-038
   363.314772131531       1.335297279051266E-042
   363.316922506978       7.211819626458845E-039
   363.374794664802       1.437218534505163E-038
   363.635037595243       2.688025859488286E-043
   364.138613269617       6.044446838372987E-041
   362.392293700068       4.785212547755386E-044
   362.441849807381       3.148818089706007E-038
   362.493068335541       1.006160756615240E-036
   362.568750773958       1.406161919213415E-040
   362.602717041137       1.074089046214286E-035
   362.629475413105       8.138243906536385E-039
   362.642154693512       4.762688003419041E-042
   362.710537684345       1.042822396868202E-041
   362.911951998681       1.513063501490657E-036
   363.105395039530       2.428518043349579E-043
   363.163883561521       1.795558554771686E-039
   363.343614875123       1.132029523806379E-044
   363.381348225073       1.187322221650789E-036
   363.407950808399       1.186252344774889E-036
   363.661436383990       1.713054482980590E-043
   364.176003167310       3.743150248757341E-043
   362.428900598599       7.086001035565818E-041
   362.479855439480       1.073655358908742E-039
   362.529398426855       1.693719169043315E-034
   362.607817908442       8.361221522681495E-041
   362.637377402860       3.814285034554134E-040
   362.667026467651       5.960275657560484E-034
   362.681470571054       2.342058103471359E-036
   362.748066473117       1.693589715646252E-034
   362.952307023271       1.505938250821269E-042
   363.143258622701       2.146199405572648E-044
   363.200282561739       2.383770030480601E-046
   363.382406303408       1.138876022531691E-039
   363.419292728957       8.939480445024030E-040
   363.444232999344       2.174998975458369E-041
   363.700478236048       2.073340122073288E-039
   364.213528565035       9.743922457968973E-046
   587.201647526232       1.564913250078224E-043
   587.239600925284       2.873426121070070E-035
   587.304149374861       6.385391714489347E-036
   587.380840784510       1.407150980711870E-042
   587.427603083706       3.143406743318717E-035
   587.452894433209       2.570681482971463E-037
   587.455788957673       7.925612960158409E-040
   587.538377080297       7.006344707699737E-038
   587.741883285586       1.600347928643476E-037
   587.905018047225       3.963671094572577E-040
   587.974750820364       6.040849892027142E-034
   588.157310408617       6.656791660478875E-041
   588.179883314017       9.377550817146325E-034
   588.219308588855       2.839053817630876E-033
   588.477816778495       4.069485731772846E-040
   588.979343890297       1.291718467139242E-035
   1638.90352476221       5.895715020612516E-044
   1638.95025044845       8.284856042749473E-037
   1639.01200623463       1.410098299009145E-037
   1639.09346778926       6.663922947282939E-044
   1639.13225177442       1.307147971088886E-036
   1639.15702795770       4.937829481414042E-038
   1639.17042072675       5.343873769048422E-040
   1639.24545487623       2.569531979528777E-039
   1639.45492606015       1.554905489570756E-036
   1639.56467389532       1.356059425636123E-040
   1639.62613116858       3.761639281447903E-034
   1639.81966587564       8.908508649062345E-043
   1639.83894323212       3.740349125197616E-033
   1639.86272110472       2.029614440336547E-033
   1640.14192762483       1.562700196847846E-041
   1640.60029981515       1.153905115170484E-036
