                  1104
  -19.2186392222188       3.046166880126229E-067
  -19.1770814957468       2.374985167648196E-009
  -19.1721737301148       3.749843812941296E-063
  -19.1574167737341       2.324992283918247E-064
  -19.1240518517179       4.726873453647589E-008
  -19.1235029726394       4.066683993287487E-058
  -19.0975581032633       2.375400180327879E-007
  -19.0756334164189       7.233360557701101E-010
  -18.9911670668184       3.165149126617207E-009
  -18.5337701181152       2.195682549972826E-068
  -18.4874734669620       3.351310899732915E-010
  -18.4408520186597       1.451724064422783E-011
  -18.2718764192137       2.039269080348968E-070
  -18.2343328895121       4.426122484069209E-012
  -18.1570540075173       2.165497142729439E-011
  -17.5603675024367       1.837411687275716E-013
  -19.1714827239516       8.133940439492099E-068
  -19.1142454770276       1.861889332644833E-015
  -19.1002133638013       4.139988034701201E-061
  -19.0979879717871       5.452465051177845E-062
  -19.0507503982508       4.169960123858926E-005
  -19.0361329926878       4.680377197648492E-012
  -19.0040488610380       1.800122453826270E-061
  -18.9692332474997       6.075268249341944E-007
  -18.9039961589042       6.491952869620871E-014
  -18.4935863277500       2.564770599154684E-066
  -18.4558952070679       4.108209065787485E-017
  -18.3449409784939       7.691287760014301E-007
  -18.2128412192740       3.658452934712780E-067
  -18.1815231802995       7.278620381893040E-015
  -18.0777184262699       6.678300070185774E-012
  -17.5005800160087       1.485511074521827E-017
  -18.8539974619070       1.895775094578147E-065
  -18.8123384675983       2.854949358680555E-061
  -18.8052555012254       3.021694085401265E-009
  -18.7773217405478       9.414974622920432E-061
  -18.7451328243968       8.960201542689056E-006
  -18.7242324556650       1.791358284611913E-005
  -18.6990601020339       6.052624307739772E-060
  -18.6749380070977       3.657122540153018E-006
  -18.6257703602889       2.692388282195736E-008
  -18.1884436493592       2.669226090914507E-067
  -18.1278544460263       7.978891474926123E-010
  -18.0478263241486       4.879792115692818E-007
  -17.9142036849159       6.385751650153996E-065
  -17.8830236990325       1.868063064013421E-012
  -17.7996135080866       2.288298154466178E-009
  -17.2178494283762       3.332365261730643E-015
  -18.8177271055214       5.994391154952605E-068
  -18.7946230592555       7.548771848879606E-008
  -18.7853543268877       4.882160189385241E-062
  -18.7648964821922       1.029498215201223E-061
  -18.7337067212555       9.612968941215660E-059
  -18.7270873319952       9.476138100102267E-006
  -18.7037091803328       1.350532028169525E-006
  -18.6968826681912       7.807300034891117E-006
  -18.6287025750961       1.140021184564565E-007
  -18.1503350036918       7.293953511353711E-062
  -18.0914648262616       1.265167672757916E-007
  -18.0483095377561       6.827995712957224E-010
  -17.9018710555714       1.593702989915833E-065
  -17.8599192483319       1.210052463601892E-011
  -17.8008970543725       1.169665797256745E-009
  -17.2054233886241       1.391868995352056E-011
  -18.7640331490858       9.670486208448131E-068
  -18.7218976571953       1.167358709457677E-009
  -18.6723149385354       7.495203921190762E-062
  -18.6601499535330       2.384421641710373E-062
  -18.6534655828111       1.192345511293348E-006
  -18.6426306816929       1.097681955832371E-006
  -18.6246334762242       5.480383487630471E-063
  -18.5395286284532       2.529143949353507E-008
  -18.4591151827802       7.289421938880068E-009
  -18.0442433901462       6.992129206297523E-064
  -17.9786714507314       3.153679136714136E-010
  -17.9232956110510       9.409458246561616E-011
  -17.7867816188374       3.203180917258758E-066
  -17.7808356903625       2.760872626628708E-011
  -17.6211823355849       2.187761030903216E-011
  -17.0198198035235       7.592860484940946E-014
  -18.8377299695813       2.467736316113555E-036
  -18.7775003167080       6.343322578593505E-048
  -18.7682337857302       2.293158964232862E-035
  -18.7213977229810       1.130441279269849E-033
  -18.6968615972193       4.486118107721074E-044
  -18.6585768673425       5.605613947927051E-039
  -18.6467012318084       9.702020399582047E-036
  -18.5689870421657       6.559279995036016E-035
  -18.5429692687374       1.161034383544013E-048
  -18.1111826532854       2.548074215275549E-040
  -18.0625116013260       9.944667404165804E-033
  -18.0266850358901       3.891647512688127E-040
  -17.8542832640475       2.848139694649244E-042
  -17.8385262039424       2.227276057597891E-034
  -17.7269116737656       3.795578309148466E-042
  -17.1505698618802       9.609612840628968E-049
  -18.6024422466741       1.463062816452650E-069
  -18.5458604763057       6.303591797704890E-014
  -18.5269533790748       3.947170885862194E-062
  -18.5149104918746       8.171586163441478E-061
  -18.4762602762466       4.485459296208647E-006
  -18.4579591526292       5.068477156043661E-011
  -18.4081999703032       1.572712163114593E-061
  -18.3743755438234       7.010055467968731E-005
  -18.3074356053599       1.939058165739779E-011
  -17.9021773029576       3.885608384800394E-066
  -17.8728505173776       5.991436063412249E-014
  -17.7335279208930       7.310651955253081E-007
  -17.6356098713337       1.999668494143279E-071
  -17.6168591552398       8.526223673096367E-014
  -17.4789683678690       4.820118137219629E-010
  -16.9016443715209       5.464793505841662E-016
  -18.5425398214999       1.294543157462347E-068
  -18.5162500148693       1.168546234980003E-011
  -18.4943252264931       9.362104152069864E-064
  -18.4893944133707       2.819965168316201E-061
  -18.4503445196997       2.353422625538689E-061
  -18.4366402297006       1.375844355702124E-007
  -18.4271703731220       3.872072914147063E-010
  -18.4031450379309       2.082612934709023E-009
  -18.3179773851871       1.216482397100638E-008
  -17.8793719123946       1.057538802088723E-065
  -17.8255222391704       4.947709473417059E-010
  -17.7692793132742       2.255709749886996E-009
  -17.6204292122180       2.289149236058620E-069
  -17.5738913492090       3.713638453789586E-013
  -17.5022635207262       1.947520210336525E-011
  -16.9227320890701       1.717041157421954E-013
  -18.3015561973687       3.513926236587883E-038
  -18.2656991791412       2.038717909093753E-039
  -18.2400382649758       2.284685049495721E-033
  -18.2321627391790       3.682739079997376E-030
  -18.2280100331979       3.167226058420276E-030
  -18.2003185040146       2.351760300227934E-032
  -18.1939964739355       1.045497150679913E-035
  -18.1473451356425       2.253558520053047E-034
  -18.1005318084961       5.703978453552576E-039
  -17.6227966081893       1.804185950095937E-037
  -17.6177747805515       1.773450065475597E-040
  -17.5346380663880       3.657157858095517E-037
  -17.3819062533166       2.181575343665344E-042
  -17.3396197685630       8.052065595291788E-043
  -17.2795620321682       2.971531839537790E-044
  -16.6945463458090       7.733408646421108E-050
  -18.2369519657838       4.006807053638625E-067
  -18.2142469954906       6.400346015108746E-010
  -18.1888294577242       1.700571228696297E-064
  -18.1831396003831       1.521342069296370E-065
  -18.1566393544140       6.852844819644598E-064
  -18.1462672664120       9.386092094524600E-007
  -18.1378871552946       1.564145783227427E-006
  -18.0989108723047       7.608150384036777E-008
  -18.0220060650580       6.678940044452463E-012
  -17.5744862604620       1.204005722891278E-064
  -17.5209231731840       1.467901269329836E-013
  -17.4841183747406       7.476609550120706E-014
  -17.3208638955949       1.370587430916648E-067
  -17.2902476064718       2.194115782450571E-013
  -17.1997144439434       1.534893492767300E-013
  -16.6141922770433       3.886077940160320E-016
  -18.1226287789277       3.580222951881977E-041
  -18.1144690652907       1.326058217568606E-036
  -18.1047634656721       2.278284952885505E-032
  -18.0933235121836       3.166834412384699E-033
  -18.0553837014848       5.082014432879328E-033
  -18.0526343524707       9.316465345506378E-035
  -18.0420912608584       2.346763364487517E-037
  -18.0076322901629       1.620448239104585E-034
  -17.9283708070980       6.555910288224562E-043
  -17.4659511005238       3.705679310423744E-036
  -17.4329533210946       1.131906652681172E-040
  -17.3971727971648       9.663342176185872E-043
  -17.2297594318391       1.233881848211045E-037
  -17.1940485694548       1.119446618903808E-044
  -17.1087502247811       1.012251123343751E-042
  -16.5262398989420       1.448123956738924E-048
  -17.7276657388400       1.908928483213813E-068
  -17.6856361978005       1.118037987194546E-062
  -17.6551341378033       1.008917924364176E-011
  -17.6510491633965       2.626949834256662E-057
  -17.6501808304444       2.802924795327182E-006
  -17.6208247695578       1.172702442291040E-061
  -17.6118467007684       9.127228512704167E-012
  -17.5963055375993       5.265341275036934E-008
  -17.5225717253937       4.244917871244455E-014
  -17.0687409358955       1.222152068716696E-069
  -17.0422045037086       1.507697569394865E-014
  -16.9926557132164       3.820541526037077E-010
  -16.7732160305938       6.876196005084921E-067
  -16.7502612261973       2.017252120029581E-016
  -16.6932934880894       1.859049120613233E-011
  -16.0947399326982       9.072283383504131E-020
  -17.6377054846321       2.867050512263129E-063
  -17.6179592113944       8.685085539626248E-008
  -17.5709827825410       2.637689430165561E-064
  -17.5647950877803       1.181191374883504E-060
  -17.5442711214996       3.000774655117820E-006
  -17.5246037558902       5.513574648423490E-006
  -17.5235261777045       3.395233211370251E-058
  -17.4975234175347       3.530050079313092E-007
  -17.4134455698808       2.199256323799805E-008
  -16.9354840775181       1.586771053244171E-008
  -16.9345111302732       1.964383252530693E-060
  -16.8606167450504       6.811733603010916E-010
  -16.7196115034468       9.907761582740874E-066
  -16.6800451042102       1.611589357144794E-014
  -16.5948230430486       3.689633368836914E-013
  -16.0121125802889       4.957166875906596E-014
  -17.5321490102661       8.236014394941519E-067
  -17.4885992282014       1.386756427976261E-060
  -17.4876022533119       5.306444099762738E-010
  -17.4614215508606       7.156554161880975E-063
  -17.4229610453885       6.351184585027056E-007
  -17.4079387567139       8.749812756922209E-005
  -17.4072501218909       2.409465918098925E-056
  -17.3848583233464       3.852191649779879E-005
  -17.3158069119371       1.828807954250410E-012
  -16.8665473227485       3.133395654277218E-066
  -16.8075788011881       9.629478415489100E-012
  -16.7437440400257       4.355787345430587E-007
  -16.5982294347885       2.763084808786677E-068
  -16.5683451273793       1.180445475194843E-014
  -16.4914445970529       1.371716849409637E-009
  -15.9050194689412       5.544856712601889E-017
  -17.3502198231761       9.937825207685117E-040
  -17.3407162803831       1.287587271864935E-035
  -17.3258809268257       5.669963564555525E-033
  -17.3107922300138       1.432416580053130E-034
  -17.2713357953568       5.606338388686718E-033
  -17.2580370052822       2.520894296433436E-036
  -17.2439059263053       7.110276791317404E-035
  -17.2053422895618       9.148316738762849E-035
  -17.1082957459255       4.690171814826988E-041
  -16.6756397217936       1.165309159439971E-035
  -16.6478244474584       3.598550510324528E-039
  -16.5961164873797       1.083377454146181E-040
  -16.4435179392885       2.834059276540839E-037
  -16.4109786009034       3.239062395129383E-044
  -16.2944663079731       6.087399481791061E-043
  -15.7211187191939       9.597012445803732E-047
  -17.3733869050198       1.179700383528432E-037
  -17.3492653588581       1.484844192970321E-039
  -17.3037553460309       3.498785040581686E-034
  -17.2766355870984       3.053721580399937E-031
  -17.2658283410198       1.668614948158472E-031
  -17.2539023240345       3.352748382287629E-032
  -17.2438678255464       4.134889141831927E-034
  -17.2107017002549       2.687681195613841E-038
  -17.1154594122575       4.406639987520464E-039
  -16.6645936621147       4.629071091103920E-037
  -16.6610967956191       7.872341357964496E-039
  -16.5638435474550       3.539997587461957E-038
  -16.4386674509476       2.768455962790621E-038
  -16.4087833022451       6.574785244583275E-042
  -16.2917212032904       2.277124789092784E-042
  -15.7053237063007       7.457200259655913E-046
  -17.1041822462502       3.212651611324416E-069
  -17.0528029253844       7.616648553278839E-010
  -17.0241383738824       1.414405656601838E-063
  -17.0226000261025       1.707151997455476E-068
  -16.9936875843169       3.591517623908670E-007
  -16.9824229659696       7.182067591553139E-007
  -16.9742726000170       1.471706557541611E-063
  -16.9404872143601       8.471065896305731E-008
  -16.8420118651811       6.676153158024880E-010
  -16.4138367786275       1.346187934052025E-067
  -16.3638730335198       1.568368309835882E-014
  -16.2975247347249       2.417315259519542E-013
  -16.1506170459204       2.061595911489818E-068
  -16.1461537853639       6.738188080984873E-014
  -16.0204573558683       1.423294658594681E-015
  -15.4372540246110       1.491921578462960E-017
  -16.8626602876067       1.424720990235230E-070
  -16.8500167810352       3.064542165908454E-012
  -16.8201396990744       1.378756508493480E-062
  -16.7984838085585       3.175116063693816E-063
  -16.7752600521577       5.965547001221467E-061
  -16.7489899881021       6.292192634641031E-006
  -16.7435091139086       6.879686055216599E-006
  -16.7127685036228       1.346234727018066E-008
  -16.6239269706538       1.524524681703264E-008
  -16.1742043996269       2.981719049807042E-065
  -16.1273098269379       1.697906040533238E-011
  -16.0585213438424       9.114875257260340E-012
  -15.9382426102938       1.371250466649856E-066
  -15.8860678045865       3.443886619122401E-013
  -15.8007596627562       8.245293902785729E-012
  -15.2169519516254       1.270467598861297E-015
  -16.6939651192715       7.480382883057951E-067
  -16.6563425419298       8.977496623566638E-009
  -16.6227035756040       1.914494950518735E-063
  -16.6015158883049       1.746843641053690E-060
  -16.5900566445304       3.204940131086137E-006
  -16.5886117504504       5.403740922675291E-007
  -16.5676985896507       1.279981203653928E-062
  -16.5191496757576       4.757002711380255E-007
  -16.4150951630548       1.060416819073249E-008
  -15.9746505996079       3.254667823682429E-064
  -15.9352454475435       2.807857332783466E-009
  -15.8630957019923       3.989713598219810E-010
  -15.7399070916863       5.075363782924210E-010
  -15.7256719645390       3.844208827324726E-066
  -15.5730840852170       1.222219759583352E-011
  -14.9657107468558       3.553931139934482E-013
  -16.6580837254583       4.772567628739100E-063
  -16.6041090416528       3.466845198788970E-010
  -16.5894752635908       2.554882859012129E-060
  -16.5672036810339       4.740394033520528E-063
  -16.5392881711761       9.784607023324986E-011
  -16.5180102706572       2.736849021192140E-005
  -16.4845295423588       2.098737745744634E-057
  -16.4806712598034       1.804741416077855E-004
  -16.3733075161275       1.109536161389641E-009
  -15.9533361456006       1.239984605541034E-062
  -15.9216901390457       2.678030898699228E-011
  -15.8018624879211       8.223118532430730E-007
  -15.6994681331214       8.464145902632103E-014
  -15.6919691490397       6.703575604689303E-066
  -15.5448664864232       2.436069139543675E-009
  -14.9584065382077       9.549528003898556E-016
  -15.4321963268123       2.282447113518244E-035
  -15.4092707663596       1.233355974085094E-049
  -15.3364768064013       8.168201815360928E-036
  -15.2404063623257       3.158250536899075E-041
  -15.2241313486714       1.521117383174790E-032
  -15.1992812846927       6.409285239466344E-033
  -15.1744990132623       1.030329823266562E-037
  -15.0899757585229       6.104122430452652E-035
  -15.0311086135805       4.057169972243712E-046
  -14.6366371312122       5.814084854313592E-040
  -14.6339540027437       3.878331819406198E-033
  -14.5229146545815       2.150551997949174E-036
  -14.4093608434152       1.053368593130508E-032
  -14.4070463910749       2.079724770574878E-042
  -14.2379821310926       4.514673010387243E-042
  -13.6865397677003       7.731075799872198E-054
  -14.8091820309311       2.117487767361142E-009
  -14.7794504891325       7.535582763343116E-068
  -14.7221506548010       1.320852700155263E-063
  -14.7122092325983       1.423057694848075E-068
  -14.6671515063436       7.392009649279224E-009
  -14.6402999896325       1.625701081257243E-008
  -14.6148440359415       3.387706547741459E-061
  -14.5912182397310       1.039088085477110E-007
  -14.4792525414937       3.200129698448460E-009
  -14.0625715137342       1.254326377424650E-063
  -14.0300418781195       1.138614953763041E-009
  -13.9557753840131       9.978318691880978E-011
  -13.8808284484404       2.615179799627983E-065
  -13.8281075611300       5.456974615888845E-011
  -13.6861719531146       3.079359283377070E-012
  -13.1379094795371       7.589885710452796E-015
  -14.7324302588931       2.074996511051001E-046
  -14.7031417578377       3.274171263913657E-031
  -14.6550278941507       5.633285324671271E-034
  -14.6449325844352       8.143874471087876E-036
  -14.6178971310700       1.599859778014378E-038
  -14.5944891213929       1.786715994374206E-031
  -14.5305216715421       3.265478239667321E-036
  -14.4924174543000       3.365292548390343E-032
  -14.3802565912084       8.870178660204544E-045
  -13.9828558168362       2.284724572791155E-035
  -13.9490984577041       7.064628767305330E-047
  -13.8750095487265       3.139905620506105E-038
  -13.8006654032321       2.520500674732204E-036
  -13.7725012922454       1.146494185822570E-047
  -13.5886263319961       2.294926066617683E-042
  -13.0447274762734       5.817297654230796E-047
  -14.7012270422397       2.782680302872302E-038
  -14.6975203432850       1.331153359638797E-042
  -14.5955262941617       1.357554768000574E-034
  -14.5911842418726       4.619002825673516E-032
  -14.5559437950060       9.787713356647716E-035
  -14.5383468850173       2.776057546306704E-037
  -14.5283856204504       4.565783579933152E-032
  -14.4755689442741       1.825688932481097E-034
  -14.4011568466819       9.525914897117281E-042
  -13.9537978864262       1.466404425336979E-037
  -13.9488081464244       1.086856852397785E-038
  -13.8205029919618       3.038618277649509E-038
  -13.7706291785473       2.348523811618287E-039
  -13.7152600268981       2.615222202973812E-042
  -13.5892169594508       2.379962144638565E-042
  -13.0150007394144       1.178614143295586E-044
  -14.6851667500263       1.209211538124518E-066
  -14.6524317496332       1.602505254022771E-011
  -14.6198714462275       4.460238343524395E-061
  -14.6148844204070       9.655853016563906E-063
  -14.5692941698398       8.068428237121304E-012
  -14.5412574724588       1.110008743995925E-004
  -14.5154369663064       1.048510129544411E-058
  -14.4861523376387       1.412463424791042E-005
  -14.4212034290688       1.647561525488217E-010
  -13.9965403742752       1.141670370857554E-062
  -13.9299265700406       1.873128890321323E-012
  -13.8265022098173       7.116260987662609E-008
  -13.7505605870317       1.999672292307815E-062
  -13.7294256629093       5.160682967893223E-015
  -13.6063522554535       1.519359544999378E-009
  -13.0353387594379       1.145981651373307E-020
  -14.5207883042574       5.881197273533127E-066
  -14.4838200351248       6.615118408255783E-015
  -14.4492544971908       3.599062281312529E-064
  -14.4448269488142       1.458999994002740E-060
  -14.4068652533533       1.900938883338804E-008
  -14.3725987468062       3.529026105952024E-007
  -14.3601397302896       3.574875739438774E-061
  -14.3381101605472       1.267701430408448E-007
  -14.2515755428256       7.380865808549998E-010
  -13.8249729869878       5.008194806612931E-065
  -13.7644260895241       1.452502651584624E-011
  -13.6640629316100       3.353902185921973E-010
  -13.5816373705622       4.143711496689691E-066
  -13.5711643427862       4.148138942512314E-013
  -13.4379011537698       4.022232118510360E-013
  -12.8638578991207       1.382233636657436E-016
  -14.5090082503420       7.106519969355402E-069
  -14.4872893064918       4.314982862793180E-013
  -14.4034956255699       4.790336589280460E-065
  -14.3995411204473       2.017399892563438E-060
  -14.3974638347074       2.094249521605693E-008
  -14.3798431305802       9.602153577669424E-008
  -14.3542460521601       4.328530220814634E-060
  -14.2453353403725       2.592855170439498E-007
  -14.1648226150414       1.761645899941899E-012
  -13.7958073958887       6.937348877231714E-065
  -13.7226113412359       5.600864598102649E-009
  -13.6587577656437       4.464117887495195E-010
  -13.5673842952140       1.304505165192089E-065
  -13.5351564413854       3.227864245005258E-010
  -13.3716197644611       2.332206279445529E-011
  -12.8235019690258       8.239768698637395E-014
  -13.9492352292324       6.310591249895312E-068
  -13.9183206130577       1.388545492456770E-016
  -13.8940812050091       2.477883335505579E-065
  -13.8636644754660       1.284189232798765E-061
  -13.8204996140445       4.834636650077333E-010
  -13.8133663853520       4.621500313505120E-005
  -13.7736064687581       2.628153299484871E-059
  -13.7409191473749       2.880672962964067E-004
  -13.6579153595350       1.092933403375324E-013
  -13.2496860370547       2.907405988776409E-066
  -13.2110732977177       4.006544658685928E-016
  -13.0775289969800       1.483759746396867E-006
  -13.0022075905156       2.532698827737604E-067
  -12.9881763161138       5.850638867708418E-014
  -12.8331283573371       3.393382055405775E-008
  -12.2541377722122       1.244666440936782E-017
  -13.1161240252610       4.581225786952008E-067
  -13.0928758790156       4.431365245054815E-011
  -13.0705821350949       5.615409351492941E-063
  -13.0144558366990       1.166278051103268E-059
  -12.9972018600457       1.247022853454672E-007
  -12.9823617834793       2.044461307670816E-058
  -12.9793413536508       1.905148456488275E-007
  -12.9399876998897       1.677083959790095E-009
  -12.8003455951221       4.608467253901906E-010
  -12.3895133676180       2.698769281696096E-065
  -12.3528446542307       8.826646603287149E-013
  -12.2506498210715       8.541052473076796E-013
  -12.1541491245058       4.589325219584920E-066
  -12.1444815057358       1.079453234747748E-012
  -11.9727038936436       1.329864625134141E-011
  -11.3845013213226       1.485814457931447E-014
  -7.88410559957348       8.373194769697033E-045
  -7.84416366329020       9.531233129878261E-032
  -7.81541792305328       3.657450291309536E-034
  -7.75344429815957       2.851556629355584E-036
  -7.74466173769153       8.306263287311087E-040
  -7.69182701212697       5.142820865358833E-032
  -7.65449859957137       4.004246520203739E-035
  -7.60380038838590       8.620161981521543E-033
  -7.45021814890762       3.373344417478472E-047
  -7.13475642123660       1.024437060362033E-036
  -7.08921840051043       3.322698449095177E-041
  -6.97247287639654       1.562175339280989E-038
  -6.92741375214698       3.958148848074284E-035
  -6.88951375668828       4.027423059005049E-044
  -6.67492764650667       6.690763334432904E-041
  -6.14368819593756       1.652104429123742E-046
  -7.86045361234849       8.382512301110534E-044
  -7.83905905210218       8.932380076564271E-038
  -7.74460402553116       4.437229852519342E-035
  -7.72620100873978       4.371780082344035E-031
  -7.67797403455680       4.601203332026050E-030
  -7.66361193283933       1.897379498609732E-030
  -7.64957771139479       1.984273988202848E-035
  -7.59524350888616       7.474041638827442E-033
  -7.50394307041830       3.853519236251814E-040
  -7.11543505662140       2.470139150022774E-040
  -7.07414899066412       1.363762048112886E-038
  -6.95128996717446       5.064412075247923E-036
  -6.90720621742668       2.532850752849272E-037
  -6.83456478669594       3.049133427035977E-042
  -6.69367772422748       1.401994483923541E-039
  -6.12184118868994       3.349861993783479E-045
  -7.89185834428522       1.520192609656495E-010
  -7.85443346435690       2.774838908367663E-067
  -7.75162129884503       1.546416786767550E-064
  -7.74903681116968       4.161201138953482E-067
  -7.66942083893973       4.841680949357236E-008
  -7.63900901236304       1.003952333263181E-007
  -7.63593804926977       3.926190265015389E-058
  -7.60004380904379       1.561670379592001E-009
  -7.45164439280848       2.048625341416752E-009
  -7.11571775023385       5.546026469619348E-066
  -7.06794030428666       2.150243077478050E-015
  -6.94732405413093       7.255680815397129E-013
  -6.91286319344077       9.917011597903886E-067
  -6.84317333871130       7.609965814054469E-013
  -6.66444990349975       2.052724022115704E-013
  -6.11689655549314       1.021838916594569E-016
  -7.70844761862448       3.204139739760304E-066
  -7.65744848210169       2.595766486287213E-011
  -7.62240345653282       1.358546396506631E-063
  -7.59353260102532       6.682877683380030E-059
  -7.59086775845542       4.079525136047023E-009
  -7.53518705275384       2.820126514821158E-008
  -7.52595224979556       2.394911098506633E-058
  -7.51046942293410       1.278176076877492E-008
  -7.38247718546714       1.686951520416792E-010
  -6.99730494128220       1.385295934205803E-069
  -6.94666440401599       9.735297986717998E-017
  -6.82960099765286       7.114964336118426E-014
  -6.74620783965113       3.111093796955882E-013
  -6.74157632270962       8.080523896790073E-063
  -6.57398084272554       7.473252503854307E-015
  -6.00593425875432       1.519231446533545E-017
  -7.64634607744565       4.963273996374428E-063
  -7.59506888313675       2.106897451483996E-012
  -7.56131536493010       1.658532524119939E-060
  -7.53246104299691       3.886846518314453E-060
  -7.52912129034573       2.498244098448051E-011
  -7.47386089864932       9.204910256478574E-005
  -7.46313532007644       8.829035861917947E-057
  -7.45077405763445       9.769475493286074E-005
  -7.32268808801740       7.566842609261575E-013
  -6.93387210319418       1.916176878248875E-063
  -6.88487911560812       5.892980488498251E-019
  -6.76661958347506       9.619375367542865E-012
  -6.68488288131853       3.734289920255400E-017
  -6.67865211125674       3.904716804207531E-066
  -6.51241263069049       1.694654788084462E-011
  -5.94256543227313       3.757500691361363E-019
  -6.76267775074839       3.353907226492148E-074
  -6.73892840780931       5.568926683168243E-012
  -6.70806975707125       3.935281327667575E-064
  -6.66275938987228       2.063085817598658E-062
  -6.62471011743638       1.119161164160947E-007
  -6.62458972351699       1.752278410320741E-056
  -6.61600208191011       1.230486933429090E-007
  -6.56908871462939       1.646352040297414E-010
  -6.43569691348626       1.253579328062085E-010
  -6.05377907116410       1.274250551161443E-067
  -6.00952443936446       4.844233718025469E-015
  -5.90703578770629       3.843796398117271E-013
  -5.80945627049500       1.179126086015380E-067
  -5.77633217198747       2.953274300757306E-012
  -5.62386033518663       1.895191335881132E-012
  -5.05357724273772       7.292941668749067E-016
  -1.31199894349572       3.555371160818468E-048
  -1.27329551848789       2.162781855441891E-034
  -1.15380072447693       3.110636797225890E-032
  -1.14890862761249       5.292287112518988E-034
  -1.05678660028372       2.743010782910970E-041
  -1.03025545455735       1.991474968310275E-031
  -1.02017903658275       1.751626074876880E-036
 -0.969358303062929       3.129411858091083E-036
 -0.799620793654473       1.695639080821180E-046
 -0.505916465175741       3.131682094794606E-032
 -0.452435996545198       4.807144997729861E-041
 -0.310577870478738       9.731582163337177E-033
 -0.300381410688203       2.101121686306383E-031
 -0.218825132345600       3.851985218915846E-044
 -1.302298607695107E-002  1.036053650648007E-040
  0.532685835816586       5.172530826658209E-048
  -1.05550572755293       5.531858426229586E-065
  -1.01120785693010       1.163623649873280E-009
 -0.956645869136739       7.056708857687256E-066
 -0.929688300383859       4.214094603140611E-008
 -0.887427007294324       3.773645823341826E-060
 -0.863268685879664       1.949257477383928E-007
 -0.836890306088275       4.589472034904521E-067
 -0.760213346158906       6.833699495038303E-008
 -0.598205642852289       7.472861693324578E-011
 -0.308057224916752       6.709408497957262E-063
 -0.243726299910271       2.182291879207987E-010
 -0.109411333556622       3.170531966067549E-010
 -5.574722184500658E-002  2.447052096997045E-060
 -4.892885071460285E-002  7.753892960385490E-009
  0.185923064996455       1.061304861023442E-010
  0.726482755734807       8.002124008870921E-015
 -0.889451714181867       1.066816384298188E-069
 -0.868793717950371       6.829769573362895E-013
 -0.818943314958876       3.083340267706433E-059
 -0.789756807234966       2.625213911638930E-062
 -0.723045537689551       5.289588224041096E-006
 -0.713685741954386       9.847002507305133E-008
 -0.710608026399374       4.940150313588276E-059
 -0.643574978520899       1.050534302152633E-004
 -0.552212206738879       9.033930531650774E-011
 -0.177035786596857       1.082349677802681E-064
 -0.116993422142638       3.172152029797670E-013
  2.168112129644229E-002  8.715956232610971E-007
  7.668665736396107E-002  2.908072335184332E-062
  0.119887240406548       1.269475809720047E-011
  0.275077655430898       2.413923149978265E-007
  0.860037323763855       7.015805681759618E-017
   4.46646683622695       1.071496234175018E-071
   4.48708128181411       1.092578448979286E-012
   4.52719049749604       3.102388414380958E-064
   4.58147791767243       2.384959196799658E-062
   4.62169802817432       1.344719296048022E-008
   4.62481128784987       2.927909536938843E-059
   4.63452381381480       1.513066128325252E-008
   4.68877886221891       1.011073195832339E-011
   4.83641545086107       2.592916952642690E-011
   5.17879017246937       1.827016422266462E-066
   5.22887662030442       4.003706936533864E-014
   5.34693470201247       7.024809622548460E-013
   5.42712444603534       4.835763758061288E-065
   5.46561355726826       2.793163105387387E-012
   5.63888334134635       2.244835974803104E-012
   6.20042136518424       6.410552561556966E-019
   13.5554051016053       1.867639839229543E-046
   13.5924064787311       1.032623303670468E-032
   13.6142729108582       2.396146667171757E-030
   13.7291661372182       3.224228646224481E-045
   13.7308462911885       3.645007012324311E-038
   13.8021268864345       2.190716472291403E-036
   13.8038796300820       1.970789982607720E-030
   13.8742514983223       5.397684740947978E-032
   14.0772441053773       5.831349366841439E-045
   14.3054289851522       9.231135442184701E-036
   14.3673254095123       6.565501318332352E-041
   14.5322493975511       1.241850548214332E-036
   14.5519359490996       2.958615059905125E-034
   14.6024137435540       2.113927969711813E-044
   14.8508815642634       8.293053783430601E-041
   15.3828438665381       3.768540588048651E-048
   13.5747276395838       1.884372577193148E-045
   13.6091401218280       6.475200756338501E-038
   13.6891422754095       7.658312074935550E-036
   13.7455090636944       1.837411144751067E-031
   13.7658233366263       2.168067198990385E-034
   13.8244136091559       1.454221858119064E-031
   13.8296471326740       2.421565245930986E-037
   13.8879459041602       4.986882386262399E-034
   14.0156075872264       2.652360647944379E-042
   14.3225287609803       7.660244025027206E-039
   14.4000595020741       2.649176469433840E-042
   14.5334676614087       3.151741962641239E-034
   14.5692542054255       3.314894989793464E-037
   14.6566176234983       1.310880125204541E-043
   14.8291969096361       5.162971687655265E-039
   15.4034164914774       4.960350025001874E-047
   13.5494744313270       1.590760866653634E-011
   13.6008871035965       8.240470985389553E-065
   13.6694663227535       2.389854939265265E-064
   13.7359973145105       6.227447197435232E-063
   13.8057036848817       1.100927186394203E-008
   13.8094664467945       4.061525695778175E-058
   13.8455322625020       2.325946929918271E-008
   13.9011973646508       6.923605850599223E-010
   14.0796027738319       2.631598963855063E-010
   14.3231583908491       4.900073967853713E-065
   14.4033795904325       8.209099016100145E-017
   14.5541184455963       2.154220602862666E-012
   14.5643069440399       4.222700861002446E-064
   14.6503202718065       7.386574124947534E-013
   14.8656409432423       1.295949639292565E-015
   15.4119253551589       5.070721496622390E-019
   13.7115531323393       2.581491251636156E-066
   13.7605375147474       2.432158390567592E-013
   13.7858329570695       2.360954456637920E-063
   13.8492326841430       4.564641484933979E-010
   13.8522737724850       3.377580184897452E-059
   13.9081033779554       3.736162567183145E-058
   13.9114659949131       1.872485332134715E-009
   13.9302109404650       6.806721994137645E-010
   14.1027213518252       6.648363768336251E-012
   14.4322971321344       6.719507237092704E-066
   14.4764164177632       4.421557822238192E-015
   14.6226029814448       1.059498101619964E-012
   14.7078340201584       8.499667729786359E-062
   14.7128870251761       1.618938990877971E-013
   14.9158203571422       4.177008737872602E-015
   15.4871721256260       1.327861863481736E-017
   13.7760139308678       7.036760732255269E-062
   13.8264008940696       9.562782793403316E-014
   13.8509260542407       5.885792510098567E-059
   13.9118291515808       2.908599245065611E-012
   13.9198491066538       5.080911433859058E-060
   13.9751263362705       2.936613800748902E-051
   13.9765163746954       4.804820288373546E-005
   13.9962206187742       4.573295520129721E-005
   14.1715566062955       1.560063100219929E-014
   14.4987821707176       2.725101872651540E-064
   14.5415855365067       2.944537205077839E-018
   14.6895081026640       5.479898808427308E-009
   14.7742655816955       2.690732575090241E-063
   14.7771664248579       1.635015596529939E-017
   14.9832799454448       4.113395587621083E-013
   15.5533380412521       1.687361978946734E-019
   21.3918364563687       4.642217548763043E-036
   21.4194451740537       2.345409522074518E-032
   21.4981710778819       1.240278099535390E-030
   21.5295081742099       7.979154921781969E-032
   21.5892106200011       3.133403682359610E-029
   21.6403174089113       6.450764714116350E-029
   21.6560652281637       3.218768743813378E-030
   21.7189277135116       5.157831512269692E-032
   21.8587757328636       2.256748407975724E-036
   22.1014236848886       5.247650536571631E-032
   22.2065363187725       3.699971620786769E-032
   22.3207455256594       1.589420408421468E-033
   22.3693690809450       1.228553527131636E-032
   22.4750581536081       3.541357355093445E-033
   22.6429351619754       2.720537670209793E-034
   23.1873056788186       2.030047227399754E-038
   22.6458887047792       6.141797027965621E-050
   22.7148694175503       3.575319946200332E-011
   22.7180823974383       4.079092797814231E-048
   22.7711531276308       6.092584141543908E-010
   22.7955680641224       2.008744049213815E-041
   22.7974638298116       1.986350303708743E-009
   22.8606651299122       4.817061174512402E-044
   22.8655042719585       1.861803446132397E-010
   23.0498738187765       2.492489611390198E-012
   23.3536670595279       2.655015647507391E-041
   23.3541682607787       1.231218576258672E-011
   23.5047069532093       1.535971975859916E-013
   23.6270278560147       4.094948460251041E-013
   23.6370709658880       4.311569632707500E-048
   23.8211385157657       1.015016657567222E-013
   24.3479564775259       1.527847969168823E-015
   23.8674902141111       2.623047032492419E-072
   23.9204991896724       2.216520340657078E-019
   23.9212611701901       1.732684733377421E-062
   23.9542280699115       5.359787044107270E-057
   23.9658934433465       6.493287788269501E-008
   23.9773747190326       2.273365779909095E-059
   24.0300004093774       9.878321120347499E-008
   24.0324894962899       1.547677383556247E-007
   24.1134156107914       1.766257942642429E-013
   24.5450681381836       1.184343392344401E-065
   24.5863641934198       1.817155641430993E-014
   24.6454846293064       1.989609303454245E-008
   24.8218107528912       8.607628397480351E-063
   24.8495320861952       1.219302037534308E-015
   24.9489435258758       2.326783426623487E-009
   25.5570261796461       1.801339487123376E-021
   25.3705878443762       9.521927902220784E-070
   25.4069521759554       6.849469277404929E-013
   25.4430117357712       1.355229053879012E-062
   25.5249591606613       9.690841003441421E-061
   25.5379883258075       1.041597919296653E-009
   25.5677124053591       1.138642647495600E-009
   25.5759857039370       4.894189485215658E-060
   25.6284555453684       4.541020763405959E-012
   25.8156863743422       8.748255501978710E-012
   26.1226925521567       1.019720917831814E-066
   26.1634221008953       5.330324568511647E-015
   26.3208983844199       9.980917950724370E-014
   26.3746717967256       5.527222191932930E-064
   26.3863999002022       4.405472399556889E-013
   26.6214222512924       1.404851993616973E-012
   27.1909078426445       5.647751847549639E-015
   57.5727743828108       2.303990078923995E-047
   57.6097842286599       1.299318474509114E-033
   57.6847516277962       9.891155917004783E-031
   57.7678139757390       2.608138261745458E-035
   57.8294071047133       1.495083544070022E-036
   57.8455889701066       5.062344441693130E-040
   57.8750627367547       3.072422837405755E-030
   57.9505160463860       1.648438558014056E-035
   58.1422238985668       7.391504071971988E-046
   58.3538029469055       6.419074437192041E-034
   58.4472383307405       1.796284212226561E-039
   58.5877404483882       3.974391267814519E-031
   58.6129668419007       1.545626811730447E-032
   58.6833946868094       1.317254179965224E-041
   58.9189037250288       4.457957640701717E-041
   59.4546709673325       2.567767495883327E-047
   58.1302853577167       1.185228278624306E-065
   58.1762593174052       1.317934175455106E-012
   58.2074359975993       1.842039694084445E-061
   58.2881608289902       5.867124989328887E-011
   58.3157667089536       1.471632114071604E-060
   58.3642872337196       1.841801715137217E-011
   58.3817849493107       5.871829626565663E-063
   58.4332349980497       8.359645089253717E-010
   58.6555316471646       1.871398088402682E-013
   58.8872936505788       1.658240840788616E-062
   58.9412024605177       6.314259519482158E-013
   59.1236012837137       1.884113526266306E-011
   59.1495903473591       1.087499405201534E-062
   59.1610285513517       1.097945382484995E-010
   59.4290238413407       7.404023228336114E-014
   59.9590010387581       7.190639457609798E-015
   58.5430025467402       5.656934877486123E-071
   58.5694812330487       2.999529874496362E-016
   58.6316509812725       2.173117316593995E-064
   58.6802368173220       2.601211347107488E-062
   58.7358831990930       9.159114668122433E-061
   58.7508864665819       1.608310604753792E-010
   58.7558526043274       2.666689432904099E-006
   58.8180128271508       5.165072570540215E-006
   58.9712235736822       2.923813030521384E-014
   59.2772861287408       3.788854471054575E-067
   59.3490320984883       2.012880629530300E-016
   59.4940249454577       1.917273506074449E-008
   59.5391922530196       3.704473261081121E-061
   59.5865058459257       2.855934323717964E-015
   59.7806942846211       4.547568729393228E-008
   60.3539428280888       9.699878701050359E-021
   65.1049941830795       1.297688157554353E-070
   65.1298612509580       5.131102209970700E-014
   65.1850458615731       2.925540062175846E-063
   65.2556675060657       1.028940643119481E-062
   65.2981059713387       2.352070212722969E-010
   65.3141680325562       2.026195101568256E-060
   65.3225196690720       2.498216009730677E-010
   65.3915470757509       1.558656378632530E-012
   65.5723818564585       2.211123507209253E-012
   65.8401203648556       1.126840361605216E-066
   65.9043705438349       1.463046175649014E-015
   66.0581322141046       1.666086024037045E-013
   66.1019043974039       1.803479689748709E-063
   66.1459381647735       1.003035659653024E-012
   66.3648034141029       5.051643786703711E-013
   66.9176285158880       5.212826926768009E-015
   90.1189583654446       6.821815063240140E-039
   90.1230545959547       4.423919058395357E-046
   90.1895298322973       5.403585155395650E-031
   90.3011934845754       3.890070209958478E-035
   90.3159476622066       1.691601576088198E-042
   90.3640552174987       2.310575547414369E-035
   90.3781667552872       5.574524871842373E-031
   90.4526220680161       1.604962126680903E-034
   90.6731928627960       2.163317573556579E-046
   90.8591433091172       3.578413943154655E-039
   90.9324538828149       6.480707684219814E-040
   91.1205969901181       2.752319931212991E-034
   91.1267344538647       1.503565875110379E-033
   91.1822360717446       4.959480199781728E-046
   91.4451243205743       1.005341831368210E-043
   91.9766896320575       5.537476656519593E-050
   90.1366485752763       2.692763469637656E-047
   90.1493551513136       3.679258227174153E-038
   90.2353918636240       6.963996470972939E-034
   90.2965496378678       3.718750024527631E-032
   90.3444665150612       2.355548865837386E-030
   90.3894592093420       9.530216383829053E-035
   90.3918567314753       1.827106431136625E-030
   90.4657404807541       4.407145848626625E-035
   90.6290756515900       1.119194751316655E-045
   90.8720868017397       2.504176539217748E-041
   90.9652765852776       3.474666988251192E-040
   91.1144861022527       3.047169066015925E-033
   91.1392449317376       5.205903547111128E-037
   91.2232472344791       4.308872870216852E-046
   91.4291454044494       1.552741860312614E-040
   91.9922245199926       1.939883946921641E-049
   90.1197504895128       3.470786841387351E-013
   90.1409903142876       1.215982877760231E-068
   90.2178460645351       5.988645355785487E-065
   90.3071429912173       1.805183679611003E-061
   90.3650358268311       4.826626793779398E-066
   90.3721732667613       2.917001380038833E-010
   90.4064933694121       5.328500755351995E-010
   90.4819043516030       1.629619419680026E-011
   90.6785563049566       2.999982655207116E-012
   90.8718122818259       5.060078844720482E-069
   90.9651871618762       5.961024799189192E-020
   91.1351033765949       3.214951985905080E-064
   91.1366365119219       2.600540552634389E-014
   91.2195600400977       1.156336830670318E-014
   91.4585591692093       1.729690510013973E-016
   91.9996512853809       2.078915111676396E-019
   90.2203914297308       1.268987869845557E-068
   90.2715253146289       6.228402291775934E-016
   90.3075960141495       1.106269631293932E-063
   90.3827280416419       2.477635093651352E-062
   90.3998452504908       3.844712412870386E-011
   90.4372657146229       2.867032017729843E-011
   90.4453559469685       8.749243731146862E-061
   90.4984264860583       1.036354021071074E-012
   90.6885620962345       1.495567570916732E-013
   90.9588957575652       3.839917360789777E-069
   91.0096804522792       6.759099243324705E-019
   91.1753646945090       7.402454234704236E-016
   91.2401507449440       1.594327839845581E-063
   91.2604692903191       9.799380595419586E-016
   91.4889210915747       8.803076183747483E-016
   92.0506683356387       2.381301046902030E-019
   90.2753146930057       6.119225613973106E-065
   90.3281407057346       3.644391230746646E-016
   90.3620814586245       7.266982580153397E-060
   90.4408431523575       1.432320534988301E-057
   90.4519478210291       7.010101582293689E-014
   90.4933921960568       1.574565585873602E-007
   90.5038970156464       9.050657453226270E-057
   90.5545303440827       1.672423563479071E-007
   90.7487543973784       2.385252019072935E-017
   91.0156097177363       1.008371258878675E-065
   91.0645928801503       9.579449517223677E-020
   91.2331792064709       6.431878509602377E-011
   91.2969142023415       1.623606555718753E-063
   91.3147733000223       4.287190136728827E-019
   91.5472795176824       1.586192751517996E-012
   92.1070043911454       9.274180588672539E-022
   141.193043072835       7.688544332040263E-070
   141.219995174548       7.034078716670978E-015
   141.282003602167       5.816683192724452E-061
   141.353554666582       4.555394820098696E-061
   141.402505077169       2.732708678784913E-011
   141.419375475614       2.970354911868641E-059
   141.427277537916       2.562297375860446E-011
   141.503597483035       7.501461889153106E-013
   141.692701254935       3.970041036945616E-013
   141.928666585092       5.927121925614598E-065
   141.999813647641       2.401548357949496E-015
   142.163455090132       6.809688256318961E-014
   142.197512756237       1.427569654378109E-059
   142.246971986390       4.101606539145871E-013
   142.476585053221       1.271376734542810E-013
   143.021185145668       4.030938020183571E-015
   268.869771920079       1.874204451532088E-035
   268.877297574746       1.824937495878149E-045
   268.963777045447       1.520934118126215E-030
   269.046429653643       2.526030662749228E-035
   269.109599768916       3.547085746207993E-040
   269.115582760391       1.402083616677819E-036
   269.137951600541       2.011832696161287E-031
   269.221252117507       1.043071700854296E-038
   269.424295395669       2.792883465983925E-045
   269.580153689077       4.342480296765568E-037
   269.668305078477       1.207956691763555E-038
   269.837222100383       9.917970145826621E-032
   269.848818236440       2.229491309541547E-031
   269.900227983784       4.133813374004301E-041
   270.159158450387       1.849673258199596E-041
   270.657063985947       1.116247486368369E-046
   269.055255218862       3.408559809765792E-064
   269.105127546976       2.176423640914210E-014
   269.150700440205       2.022916945291263E-058
   269.247383906962       3.547128152525250E-056
   269.254312677726       2.374640020221770E-011
   269.304843703380       3.164040996519142E-010
   269.321829664787       8.581316364064190E-059
   269.384342375557       1.726123479931299E-011
   269.606132691793       9.503669164929073E-016
   269.778510406214       4.138070979019513E-062
   269.835197992644       1.470108480013924E-012
   270.029513952419       2.817747571089777E-011
   270.044051886596       5.870538043986635E-060
   270.063671627788       1.203645815073401E-011
   270.339761005698       4.948925482984769E-014
   270.835034243591       3.148949189624054E-016
   269.194081658191       4.879861650063013E-063
   269.230436429526       5.979710465745670E-017
   269.294361303271       4.411002841125250E-056
   269.356656671995       7.245388986067788E-055
   269.416484682044       7.254819126660304E-012
   269.426910694576       6.672591056453058E-055
   269.429891545828       3.437971717993476E-007
   269.508320144325       7.459374671362862E-012
   269.693933769845       5.641855985517710E-016
   269.902907830283       1.133359402404386E-062
   269.973748553140       2.845847786172978E-016
   270.140356169453       1.272283076169784E-008
   270.168010589328       5.870329097903974E-063
   270.206029305087       2.583731942651948E-015
   270.445193161371       5.485057094785809E-010
   270.961465743993       1.531287687013073E-018
   290.093708533544       6.415540744850940E-069
   290.125488586833       9.903229100265185E-016
   290.190147704800       5.328646732339973E-063
   290.263745864970       5.517186719429557E-060
   290.313729040447       2.484271698226562E-012
   290.335100749110       4.387631856740864E-058
   290.338803746097       2.549468398648523E-012
   290.420594163740       1.757856786428686E-013
   290.617506225219       6.018493465378843E-014
   290.821244533010       9.837430226049788E-066
   290.893822691664       2.883240515106787E-015
   291.067080847414       1.623970789869491E-014
   291.094936730229       1.848215956224049E-059
   291.142458829704       8.374377873379444E-014
   291.385272508332       1.781073838881120E-014
   291.915402774670       1.354959158573286E-015
   362.322663653322       4.441740916256346E-042
   362.352956578071       1.295879437909852E-046
   362.419386353667       4.485176508392338E-034
   362.513303570501       3.313557890797423E-037
   362.545387879225       2.282391839173323E-042
   362.586189794499       1.518082695643454E-033
   362.587862229919       3.281801200688532E-033
   362.671803074178       1.479383559869626E-039
   362.889386359094       3.489829598871986E-048
   363.037600456986       2.329814096556395E-040
   363.109807356020       2.297343258698317E-039
   363.303738392525       4.033588224620357E-036
   363.309607144797       1.723443869758232E-035
   363.353561309310       1.513897179838787E-043
   363.624675019800       3.266742420041744E-047
   364.123831424995       1.282241713155061E-048
   362.344505609059       2.357968276957669E-044
   362.363208941359       6.240205635838095E-048
   362.444639465275       3.039472406751599E-035
   362.511053746013       1.321046973765369E-033
   362.581139145271       3.389257747832458E-032
   362.585060165780       2.400996623154971E-038
   362.598159172029       2.246848042180364E-032
   362.681992407613       3.006590829634270E-043
   362.871326518869       5.148414296440628E-046
   363.047735813491       2.180776792475773E-043
   363.132209890967       6.925044074230254E-042
   363.302298633932       2.028074760615158E-035
   363.319326675541       1.771434541148735E-037
   363.377161726543       4.395378445719605E-047
   363.620418361770       2.341986496268071E-042
   364.135448145779       9.100444064354139E-051
   362.337834566982       2.607459535475351E-069
   362.354885061354       9.772735528160608E-016
   362.435355021714       1.176246478715036E-063
   362.518689309577       3.084490043132330E-062
   362.575350489563       6.609105840501693E-013
   362.589933190677       9.648377429899295E-062
   362.605407729159       1.840539467340406E-012
   362.690054916623       9.396333998187295E-014
   362.896138615127       4.325543908685020E-015
   363.046419142670       5.218547414092303E-069
   363.130420293863       2.349841371730263E-018
   363.314772131531       2.619972148447660E-017
   363.316922506978       6.743534138453059E-064
   363.374794664802       7.266212513015786E-020
   363.635037595243       6.568209012413251E-018
   364.138613269617       2.203666599132859E-020
   362.392293700068       9.553627309903419E-073
   362.441849807381       1.403735990104803E-018
   362.493068335541       2.920685494030289E-063
   362.568750773958       4.187521241097872E-059
   362.602717041137       1.651616997517502E-012
   362.629475413105       3.552114697168987E-012
   362.642154693512       8.045267630470522E-064
   362.710537684345       9.331525483123823E-015
   362.911951998681       4.242882517317965E-015
   363.105395039530       7.326460017752277E-069
   363.163883561521       7.539121554316700E-018
   363.343614875123       2.118350325151163E-016
   363.381348225073       1.170417982505718E-063
   363.407950808399       1.813118668615897E-017
   363.661436383990       1.830430026012228E-017
   364.176003167310       4.044410412243397E-021
   362.428900598599       8.799479354073683E-066
   362.479855439480       1.518575237920226E-022
   362.529398426855       7.765115232206801E-059
   362.607817908442       1.568259433655464E-058
   362.637377402860       1.230705963180975E-017
   362.667026467651       1.512403375101812E-009
   362.681470571054       2.788961942979033E-056
   362.748066473117       9.986456537774778E-010
   362.952307023271       8.902302694105549E-023
   363.143258622701       2.828897455470549E-068
   363.200282561739       1.547637983267486E-022
   363.382406303408       8.322120378920597E-013
   363.419292728957       3.396728064966914E-066
   363.444232999344       1.452991658393502E-020
   363.700478236048       5.489617699992119E-014
   364.213528565035       2.853251701188883E-023
   587.201647526232       3.740663631896606E-067
   587.239600925284       1.414834994365883E-016
   587.304149374861       3.120428683227514E-059
   587.380840784510       3.540328220420596E-058
   587.427603083706       1.691711687798771E-013
   587.452894433209       6.968161270012750E-014
   587.455788957673       2.546996943976454E-058
   587.538377080297       3.626094338704073E-014
   587.741883285586       8.450348098473813E-015
   587.905018047225       1.582145313278501E-063
   587.974750820364       1.869658976947357E-015
   588.157310408617       4.459474688689893E-015
   588.179883314017       1.716254490102050E-057
   588.219308588855       8.838598376320104E-015
   588.477816778495       1.167180975331453E-015
   588.979343890297       2.824009587146450E-016
   1638.90352476221       5.265451180883121E-068
   1638.95025044845       1.355642718795801E-017
   1639.01200623463       2.872713151052922E-061
   1639.09346778926       3.201736419659136E-060
   1639.13225177442       8.171726762112071E-015
   1639.15702795770       1.802184704378945E-014
   1639.17042072675       1.184777576830996E-058
   1639.24545487623       3.158263244465804E-015
   1639.45492606015       8.185393838402474E-016
   1639.56467389532       2.484694833366291E-064
   1639.62613116858       6.406218326799103E-016
   1639.81966587564       3.410450089459233E-016
   1639.83894323212       2.479969317753168E-056
   1639.86272110472       1.513553902224722E-016
   1640.14192762483       7.473218356845298E-018
   1640.60029981515       2.548603036086842E-017
