                  1104
  -19.2186392222188       1.015247601996081E-040
  -19.1770814957468       2.812391337085267E-038
  -19.1721737301148       3.296317790257417E-041
  -19.1574167737341       4.069167075696220E-040
  -19.1240518517179       4.711775943517696E-038
  -19.1235029726394       6.749125281834104E-040
  -19.0975581032633       2.774394291869861E-038
  -19.0756334164189       3.026619047938845E-040
  -18.9911670668184       1.513553397981118E-037
  -18.5337701181152       3.801690192861017E-041
  -18.4874734669620       1.051633790304613E-038
  -18.4408520186597       1.701261832721464E-041
  -18.2718764192137       1.609700516858177E-039
  -18.2343328895121       3.569458172496808E-037
  -18.1570540075173       5.101707063547364E-040
  -17.5603675024367       1.758271531270935E-039
  -19.1714827239516       1.224645291147010E-042
  -19.1142454770276       6.396061320111264E-043
  -19.1002133638013       3.326159257247606E-046
  -19.0979879717871       5.177510915945365E-037
  -19.0507503982508       1.849933498497910E-036
  -19.0361329926878       4.309469616554626E-041
  -19.0040488610380       5.520659217406821E-040
  -18.9692332474997       2.195737665732293E-038
  -18.9039961589042       1.933209391986383E-041
  -18.4935863277500       1.884079611302615E-039
  -18.4558952070679       4.378926512179296E-044
  -18.3449409784939       4.852561039463647E-037
  -18.2128412192740       5.329345532378721E-036
  -18.1815231802995       1.380120762622582E-040
  -18.0777184262699       1.932558846240845E-039
  -17.5005800160087       1.719238249885455E-041
  -18.8539974619070       9.505050418399180E-038
  -18.8123384675983       1.340114633690234E-037
  -18.8052555012254       8.627566857075136E-040
  -18.7773217405478       4.719279149868394E-036
  -18.7451328243968       8.771710541224326E-036
  -18.7242324556650       1.555394523846964E-035
  -18.6990601020339       4.301145034812633E-037
  -18.6749380070977       3.299473488037757E-036
  -18.6257703602889       2.289567651975258E-038
  -18.1884436493592       2.164897225125000E-039
  -18.1278544460263       5.518322136731527E-035
  -18.0478263241486       3.380675879044591E-035
  -17.9142036849159       9.665022254520985E-035
  -17.8830236990325       6.242099391570786E-037
  -17.7996135080866       6.555067002652034E-037
  -17.2178494283762       1.890104463720939E-040
  -18.8177271055214       6.296259724716083E-041
  -18.7946230592555       2.266746694851061E-038
  -18.7853543268877       2.031441554602761E-038
  -18.7648964821922       2.163535617426910E-037
  -18.7337067212555       2.854064536339338E-036
  -18.7270873319952       2.841935877273074E-035
  -18.7037091803328       1.599592096892501E-036
  -18.6968826681912       7.603480550926832E-036
  -18.6287025750961       1.025050470458070E-037
  -18.1503350036918       6.496498519003682E-035
  -18.0914648262616       2.008167585339384E-034
  -18.0483095377561       9.248275767259522E-039
  -17.9018710555714       2.338835255141376E-035
  -17.8599192483319       6.754262779350455E-039
  -17.8008970543725       6.439624336801995E-038
  -17.2054233886241       2.093863619951486E-037
  -18.7640331490858       5.972311898650822E-040
  -18.7218976571953       5.321124163741648E-039
  -18.6723149385354       2.279535015243441E-039
  -18.6601499535330       4.272714277472173E-038
  -18.6534655828111       2.981684931669960E-037
  -18.6426306816929       3.238602592431649E-038
  -18.6246334762242       1.904207304181951E-039
  -18.5395286284532       4.757672485186527E-040
  -18.4591151827802       3.938746196305859E-037
  -18.0442433901462       2.315154533066246E-037
  -17.9786714507314       2.653600971514289E-036
  -17.9232956110510       3.801378286631113E-040
  -17.7867816188374       1.846707535841287E-035
  -17.7808356903625       1.881091401959547E-035
  -17.6211823355849       3.410737349597250E-040
  -17.0198198035235       5.293446190856862E-038
  -18.8377299695813       5.507664096186803E-009
  -18.7775003167080       3.759919673017677E-074
  -18.7682337857302       4.497758000213733E-015
  -18.7213977229810       1.723625420647447E-065
  -18.6968615972193       5.079310001408027E-072
  -18.6585768673425       1.070909154975453E-070
  -18.6467012318084       1.579185280036799E-009
  -18.5689870421657       2.123892960267744E-015
  -18.5429692687374       4.575029020650737E-073
  -18.1111826532854       9.466901973789925E-063
  -18.0625116013260       2.916195810776253E-004
  -18.0266850358901       4.996082977782918E-068
  -17.8542832640475       3.826012181973401E-065
  -17.8385262039424       3.133125833152137E-004
  -17.7269116737656       6.797960560917342E-071
  -17.1505698618802       5.952203961422612E-072
  -18.6024422466741       6.689801538085860E-043
  -18.5458604763057       2.164098346455860E-043
  -18.5269533790748       5.013141863243265E-037
  -18.5149104918746       3.787624011735751E-040
  -18.4762602762466       9.288593778093099E-038
  -18.4579591526292       3.074659759161866E-041
  -18.4081999703032       6.277105584462881E-041
  -18.3743755438234       1.579274822186755E-037
  -18.3074356053599       5.136476152510260E-040
  -17.9021773029576       3.994888699791142E-039
  -17.8728505173776       2.939515484421422E-039
  -17.7335279208930       4.147804666425907E-037
  -17.6356098713337       5.155930501670434E-037
  -17.6168591552398       1.382190431020733E-040
  -17.4789683678690       2.190821644710628E-038
  -16.9016443715209       3.310828968490996E-043
  -18.5425398214999       2.113950317046171E-040
  -18.5162500148693       7.574605718580603E-041
  -18.4943252264931       8.714182195033160E-038
  -18.4893944133707       4.000828470971289E-038
  -18.4503445196997       7.928923487370099E-040
  -18.4366402297006       1.059916201532616E-038
  -18.4271703731220       3.719114034455816E-042
  -18.4031450379309       2.264279990610033E-041
  -18.3179773851871       2.606489125193161E-037
  -17.8793719123946       1.377585295093052E-038
  -17.8255222391704       4.973066931990954E-037
  -17.7692793132742       3.039664402412960E-039
  -17.6204292122180       1.605729661866706E-037
  -17.5738913492090       4.391332949153144E-038
  -17.5022635207262       1.499902956922789E-040
  -16.9227320890701       2.987428085478452E-043
  -18.3015561973687       1.121513171301128E-012
  -18.2656991791412       4.429136872257448E-069
  -18.2400382649758       4.185002692367972E-008
  -18.2321627391790       3.428321235916586E-008
  -18.2280100331979       4.355105230441836E-059
  -18.2003185040146       7.805816385201033E-013
  -18.1939964739355       2.438835835689939E-065
  -18.1473451356425       3.520785543634416E-065
  -18.1005318084961       3.994365688627409E-069
  -17.6227966081893       4.690867825702661E-011
  -17.6177747805515       5.875108057168265E-067
  -17.5346380663880       1.533185416511820E-069
  -17.3819062533166       4.788332093590882E-009
  -17.3396197685630       2.442276758220435E-068
  -17.2795620321682       6.645533811973002E-074
  -16.6945463458090       2.740242764842042E-072
  -18.2369519657838       1.213380472225827E-041
  -18.2142469954906       1.376179155412779E-039
  -18.1888294577242       3.427069987700030E-043
  -18.1831396003831       6.766278253045458E-042
  -18.1566393544140       4.080965781903355E-042
  -18.1462672664120       2.570193593971948E-036
  -18.1378871552946       5.967996181132660E-036
  -18.0989108723047       2.518810074403530E-037
  -18.0220060650580       4.418756841479005E-040
  -17.5744862604620       9.069378384815811E-039
  -17.5209231731840       1.301711480607168E-037
  -17.4841183747406       1.081990453554588E-041
  -17.3208638955949       3.876714881184091E-038
  -17.2902476064718       4.347337272530317E-038
  -17.1997144439434       7.170659657867519E-042
  -16.6141922770433       2.090115341307242E-040
  -18.1226287789277       2.796609068781088E-070
  -18.1144690652907       5.266270280211672E-010
  -18.1047634656721       1.806850024756387E-007
  -18.0933235121836       1.246152841834077E-011
  -18.0553837014848       4.099024626301800E-065
  -18.0526343524707       4.025014551221941E-013
  -18.0420912608584       2.672608205327097E-068
  -18.0076322901629       7.336379341676977E-067
  -17.9283708070980       1.400213914043227E-071
  -17.4659511005238       3.797748411751836E-009
  -17.4329533210946       2.873120006243450E-069
  -17.3971727971648       1.062575938118751E-072
  -17.2297594318391       2.608367699227207E-006
  -17.1940485694548       5.665871251577040E-070
  -17.1087502247811       6.100881791741562E-072
  -16.5262398989420       6.331671413044742E-075
  -17.7276657388400       4.942563971582816E-041
  -17.6856361978005       3.264691278766727E-042
  -17.6551341378033       4.142597776173629E-041
  -17.6510491633965       2.676277500920989E-034
  -17.6501808304444       2.921933127075524E-034
  -17.6208247695578       2.711896088928804E-039
  -17.6118467007684       1.455362786813516E-040
  -17.5963055375993       2.918538051276282E-038
  -17.5225717253937       8.487241906740577E-042
  -17.0687409358955       2.829426159927608E-043
  -17.0422045037086       5.642294498402218E-043
  -16.9926557132164       1.799015809140341E-039
  -16.7732160305938       1.134574270526164E-036
  -16.7502612261973       9.668628529593176E-042
  -16.6932934880894       2.500190523621152E-040
  -16.0947399326982       4.150005500276250E-044
  -17.6377054846321       6.582023585998295E-039
  -17.6179592113944       1.379112689772050E-037
  -17.5709827825410       7.932617402036512E-038
  -17.5647950877803       1.183617341975227E-037
  -17.5442711214996       7.475519461201488E-036
  -17.5246037558902       1.667321361244569E-035
  -17.5235261777045       1.566129262421783E-036
  -17.4975234175347       3.856845986257443E-037
  -17.4134455698808       5.311658597922434E-038
  -16.9354840775181       4.672250895148381E-033
  -16.9345111302732       4.006787903576914E-033
  -16.8606167450504       2.427731990472255E-040
  -16.7196115034468       3.975005596626936E-035
  -16.6800451042102       1.171673629346733E-038
  -16.5948230430486       5.056093975435573E-040
  -16.0121125802889       1.536729543756212E-041
  -17.5321490102661       8.517884280869404E-040
  -17.4885992282014       1.231255261995954E-037
  -17.4876022533119       2.363001138646686E-039
  -17.4614215508606       4.237862233336114E-037
  -17.4229610453885       6.141024617097006E-040
  -17.4079387567139       2.169972273619851E-034
  -17.4072501218909       2.804659371949713E-034
  -17.3848583233464       1.413132295478541E-036
  -17.3158069119371       1.087513859163033E-042
  -16.8665473227485       3.394013873912480E-039
  -16.8075788011881       7.683124588873534E-039
  -16.7437440400257       4.589409283197011E-036
  -16.5982294347885       3.581681007065260E-036
  -16.5683451273793       3.282558638183674E-039
  -16.4914445970529       2.307448660449478E-038
  -15.9050194689412       1.073639525776037E-042
  -17.3502198231761       2.561761794899119E-069
  -17.3407162803831       1.040951858252722E-009
  -17.3258809268257       4.324715802046366E-009
  -17.3107922300138       5.923459899152047E-012
  -17.2713357953568       3.195830948805778E-063
  -17.2580370052822       1.975835811861297E-066
  -17.2439059263053       7.205056665355844E-013
  -17.2053422895618       6.146815213773273E-065
  -17.1082957459255       7.282369204157101E-070
  -16.6756397217936       1.158093557607025E-008
  -16.6478244474584       4.122810699887841E-064
  -16.5961164873797       1.239935677786751E-070
  -16.4435179392885       1.524971902334582E-006
  -16.4109786009034       3.162729908447794E-069
  -16.2944663079731       4.371108888897045E-070
  -15.7211187191939       1.198717535725591E-074
  -17.3733869050198       3.686100974916114E-013
  -17.3492653588581       2.360153930731459E-069
  -17.3037553460309       8.748408174188556E-009
  -17.2766355870984       7.495974374542296E-009
  -17.2658283410198       1.906696389496086E-061
  -17.2539023240345       6.896781264328545E-010
  -17.2438678255464       3.833116850849226E-064
  -17.2107017002549       2.387024990105800E-068
  -17.1154594122575       2.848111048884935E-068
  -16.6645936621147       3.921501097463609E-010
  -16.6610967956191       4.612402978515326E-062
  -16.5638435474550       2.839956158216943E-066
  -16.4386674509476       2.686575509097790E-008
  -16.4087833022451       5.936618430137779E-067
  -16.2917212032904       5.620293363297927E-071
  -15.7053237063007       5.722571834505086E-073
  -17.1041822462502       3.913647011158208E-043
  -17.0528029253844       2.063897440084547E-039
  -17.0241383738824       8.434420406797879E-043
  -17.0226000261025       4.070625815246202E-042
  -16.9936875843169       3.441987344589106E-037
  -16.9824229659696       1.587106771355607E-036
  -16.9742726000170       2.323503697915722E-043
  -16.9404872143601       1.821423551028601E-037
  -16.8420118651811       1.766585060433824E-037
  -16.4138367786275       9.625514037645394E-041
  -16.3638730335198       3.286857330899308E-039
  -16.2975247347249       1.030560025779443E-040
  -16.1506170459204       9.814084454333719E-039
  -16.1461537853639       2.564122797754308E-038
  -16.0204573558683       1.157360180799711E-043
  -15.4372540246110       1.108984270398952E-040
  -16.8626602876067       3.552633682500309E-043
  -16.8500167810352       1.875283157220918E-041
  -16.8201396990744       1.447985306057046E-037
  -16.7984838085585       1.750041417830121E-041
  -16.7752600521577       1.989335319013012E-040
  -16.7489899881021       1.691798771431070E-035
  -16.7435091139086       2.291716712304183E-035
  -16.7127685036228       4.759350309532085E-038
  -16.6239269706538       1.115745188620656E-036
  -16.1742043996269       8.992270420305571E-039
  -16.1273098269379       9.876641521999523E-038
  -16.0585213438424       1.472312344929336E-039
  -15.9382426102938       2.138975314234448E-037
  -15.8860678045865       2.623575634195640E-037
  -15.8007596627562       1.222360658744592E-039
  -15.2169519516254       7.408095655459864E-039
  -16.6939651192715       1.033622608374951E-039
  -16.6563425419298       4.571326960351856E-037
  -16.6227035756040       9.028328223286230E-038
  -16.6015158883049       1.421022304683236E-039
  -16.5900566445304       6.214656570626213E-036
  -16.5886117504504       6.973523307573656E-037
  -16.5676985896507       2.577010528215696E-039
  -16.5191496757576       6.551002688073684E-037
  -16.4150951630548       3.665538902122258E-037
  -15.9746505996079       5.750254940882197E-038
  -15.9352454475435       1.072958860643210E-036
  -15.8630957019923       1.041338072488952E-038
  -15.7399070916863       7.979904928804793E-037
  -15.7256719645390       4.060737884403488E-036
  -15.5730840852170       1.523187718499213E-040
  -14.9657107468558       4.490709600852438E-038
  -16.6580837254583       1.413641143503461E-037
  -16.6041090416528       3.022153158316204E-039
  -16.5894752635908       6.477806573236797E-036
  -16.5672036810339       1.502176589558268E-041
  -16.5392881711761       2.425730072169033E-040
  -16.5180102706572       8.758459480410544E-035
  -16.4845295423588       2.802806737647212E-036
  -16.4806712598034       3.496700972037531E-034
  -16.3733075161275       3.787564668760169E-039
  -15.9533361456006       3.082314911719224E-036
  -15.9216901390457       1.819024527221428E-036
  -15.8018624879211       4.339490006218986E-035
  -15.6994681331214       5.607418308750837E-037
  -15.6919691490397       1.059551190740828E-035
  -15.5448664864232       2.720354212406039E-039
  -14.9584065382077       1.511432578162477E-042
  -15.4321963268123       5.945311392697626E-008
  -15.4092707663596       9.530439256627799E-077
  -15.3364768064013       1.221422504720559E-015
  -15.2404063623257       1.261803741917742E-071
  -15.2241313486714       1.208708853424220E-061
  -15.1992812846927       5.403766355138431E-008
  -15.1744990132623       1.080587655305497E-066
  -15.0899757585229       5.664849862929367E-016
  -15.0311086135805       4.546303997197832E-072
  -14.6366371312122       1.692882155340706E-060
  -14.6339540027437       3.383786797070925E-004
  -14.5229146545815       1.974067326756257E-066
  -14.4093608434152       1.503794743896991E-003
  -14.4070463910749       1.327095983366902E-064
  -14.2379821310926       3.953163975939941E-071
  -13.6865397677003       2.831848733876729E-075
  -14.8091820309311       4.161914593572872E-038
  -14.7794504891325       1.413884025593629E-042
  -14.7221506548010       1.482899669920440E-041
  -14.7122092325983       2.616192300345739E-042
  -14.6671515063436       4.400570281779220E-039
  -14.6402999896325       2.375086454676714E-038
  -14.6148440359415       1.389102077882707E-039
  -14.5912182397310       1.667647124764274E-037
  -14.4792525414937       3.130382335100274E-038
  -14.0625715137342       1.146686346883108E-035
  -14.0300418781195       4.774032433319548E-035
  -13.9557753840131       1.541458813165344E-038
  -13.8808284484404       9.968233162762718E-036
  -13.8281075611300       1.246000066866038E-036
  -13.6861719531146       3.953378252112070E-042
  -13.1379094795371       2.320395193510307E-038
  -14.7324302588931       3.010803926728519E-073
  -14.7031417578377       1.312217754110351E-006
  -14.6550278941507       1.136698390269865E-009
  -14.6449325844352       2.617474828352363E-015
  -14.6178971310700       3.557558397995208E-068
  -14.5944891213929       2.984850392148890E-063
  -14.5305216715421       1.006323574285296E-015
  -14.4924174543000       8.746886136572263E-063
  -14.3802565912084       3.517886999897836E-071
  -13.9828558168362       5.451703311506123E-007
  -13.9490984577041       2.654374009984536E-073
  -13.8750095487265       4.431127528961843E-066
  -13.8006654032321       3.464727594346245E-006
  -13.7725012922454       3.581685029405010E-072
  -13.5886263319961       7.463801932601882E-072
  -13.0447274762734       9.854880091537848E-072
  -14.7012270422397       2.399605483737965E-012
  -14.6975203432850       1.758907473126066E-070
  -14.5955262941617       1.567617524093005E-009
  -14.5911842418726       3.293390228447061E-009
  -14.5559437950060       3.109540070796116E-064
  -14.5383468850173       8.206360689307036E-069
  -14.5283856204504       2.757258552127487E-013
  -14.4755689442741       5.373334286102659E-064
  -14.4011568466819       1.604674475835847E-068
  -13.9537978864262       7.589358391610562E-010
  -13.9488081464244       1.457723816002282E-063
  -13.8205029919618       8.765493769368368E-066
  -13.7706291785473       1.093966884147434E-009
  -13.7152600268981       7.053762717282703E-066
  -13.5892169594508       1.683617427570761E-072
  -13.0150007394144       3.764760612770193E-070
  -14.6851667500263       5.992507189882768E-041
  -14.6524317496332       9.853752639307066E-040
  -14.6198714462275       2.614055382584440E-042
  -14.6148844204070       7.923806407028314E-039
  -14.5692941698398       4.719928834072096E-040
  -14.5412574724588       4.943669792281373E-033
  -14.5154369663064       8.002377443260755E-039
  -14.4861523376387       7.232269840525143E-034
  -14.4212034290688       4.281277037810533E-039
  -13.9965403742752       1.394509394253558E-035
  -13.9299265700406       3.235140610077953E-037
  -13.8265022098173       5.958945323357721E-034
  -13.7505605870317       3.591207005042458E-034
  -13.7294256629093       4.584988228905321E-040
  -13.6063522554535       1.023221981187103E-036
  -13.0353387594379       3.299453417116113E-043
  -14.5207883042574       2.810408324414795E-041
  -14.4838200351248       2.288151754264859E-043
  -14.4492544971908       3.653990221082797E-040
  -14.4448269488142       3.870052758779097E-039
  -14.4068652533533       8.519258360837706E-038
  -14.3725987468062       1.054242995578437E-036
  -14.3601397302896       4.477655546051307E-042
  -14.3381101605472       4.250896936160644E-037
  -14.2515755428256       3.819758291119031E-037
  -13.8249729869878       4.864131805358603E-038
  -13.7644260895241       2.250805643058997E-036
  -13.6640629316100       1.906698828405327E-038
  -13.5816373705622       2.423351874324526E-036
  -13.5711643427862       4.605393485177201E-038
  -13.4379011537698       2.256985139606150E-040
  -12.8638578991207       7.665716025672513E-041
  -14.5090082503420       1.582995401808004E-042
  -14.4872893064918       1.171386446909328E-038
  -14.4034956255699       2.436569644404110E-039
  -14.3995411204473       1.801838766993184E-041
  -14.3974638347074       9.214918815754484E-044
  -14.3798431305802       5.893039594282193E-037
  -14.3542460521601       4.897726282416380E-038
  -14.2453353403725       2.524829483870796E-036
  -14.1648226150414       9.865435643684714E-039
  -13.7958073958887       1.040524679106932E-038
  -13.7226113412359       6.433257826696030E-036
  -13.6587577656437       3.136397707825063E-037
  -13.5673842952140       1.439924035072930E-036
  -13.5351564413854       1.412395119883851E-035
  -13.3716197644611       4.064158628259656E-039
  -12.8235019690258       1.719186552463966E-038
  -13.9492352292324       6.211230683499719E-041
  -13.9183206130577       8.306692156528189E-046
  -13.8940812050091       1.678689167177393E-038
  -13.8636644754660       3.327711152533433E-040
  -13.8204996140445       1.769318748121527E-041
  -13.8133663853520       1.352130164868277E-035
  -13.7736064687581       1.108929107805091E-040
  -13.7409191473749       8.431291072195627E-035
  -13.6579153595350       3.504751473580700E-042
  -13.2496860370547       2.557715463706201E-039
  -13.2110732977177       1.421555217220239E-039
  -13.0775289969800       6.861841809028450E-035
  -13.0022075905156       8.087985148024764E-037
  -12.9881763161138       1.143741935237415E-039
  -12.8331283573371       6.633918176625468E-038
  -12.2541377722122       8.150913418049680E-043
  -13.1161240252610       1.784852342046731E-041
  -13.0928758790156       1.826733985308089E-038
  -13.0705821350949       1.036659903343648E-038
  -13.0144558366990       3.187551329515298E-044
  -12.9972018600457       1.203783417693425E-036
  -12.9823617834793       1.520699484940218E-039
  -12.9793413536508       2.035077102862099E-036
  -12.9399876998897       1.408596985842531E-038
  -12.8003455951221       1.007678507981155E-036
  -12.3895133676180       2.928109675865138E-038
  -12.3528446542307       4.274576801863132E-037
  -12.2506498210715       2.693792876742947E-040
  -12.1541491245058       1.405697651765401E-036
  -12.1444815057358       6.374735100481337E-036
  -11.9727038936436       6.214770585809600E-040
  -11.3845013213226       5.744500615557559E-037
  -7.88410559957348       1.778473680153429E-072
  -7.84416366329020       2.752655726750827E-006
  -7.81541792305328       5.389919947332390E-009
  -7.75344429815957       1.025374241556021E-014
  -7.74466173769153       1.074863679089820E-068
  -7.69182701212697       1.238016504670188E-061
  -7.65449859957137       8.778535366014936E-016
  -7.60380038838590       2.264543853296612E-062
  -7.45021814890762       1.499205458316306E-074
  -7.13475642123660       4.236276838886965E-009
  -7.08921840051043       8.249261864806185E-064
  -6.97247287639654       6.746782338404840E-066
  -6.92741375214698       3.323772412629084E-005
  -6.88951375668828       4.362499160204137E-066
  -6.67492764650667       1.678600105183043E-069
  -6.14368819593756       1.489780869019333E-071
  -7.86045361234849       6.030439214400739E-070
  -7.83905905210218       3.664704538525831E-011
  -7.74460402553116       2.757171005968131E-009
  -7.72620100873978       2.769484757258723E-009
  -7.67797403455680       6.289591285120564E-012
  -7.66361193283933       3.486696787526335E-059
  -7.64957771139479       4.391323410017612E-064
  -7.59524350888616       1.692506760431574E-061
  -7.50394307041830       1.218512101074197E-067
  -7.11543505662140       1.012523924282963E-012
  -7.07414899066412       1.891645928424887E-062
  -6.95128996717446       3.498773710484280E-062
  -6.90720621742668       1.132374786316368E-008
  -6.83456478669594       1.683199571812422E-065
  -6.69367772422748       4.551690825937812E-067
  -6.12184118868994       2.667992725672037E-070
  -7.89185834428522       2.270631229448960E-037
  -7.85443346435690       3.324532794972901E-041
  -7.75162129884503       4.249651986930756E-042
  -7.74903681116968       2.644257665734332E-041
  -7.66942083893973       1.992690174863002E-039
  -7.63900901236304       5.467541029148303E-038
  -7.63593804926977       5.934440666892284E-040
  -7.60004380904379       2.141831300030955E-039
  -7.45164439280848       1.417569544487869E-037
  -7.11571775023385       2.949076020560916E-038
  -7.06794030428666       2.499287103594813E-038
  -6.94732405413093       1.165105901181541E-039
  -6.91286319344077       2.221518775328245E-037
  -6.84317333871130       6.277906788042143E-038
  -6.66444990349975       3.321702999396566E-042
  -6.11689655549314       1.693977626032235E-039
  -7.70844761862448       3.342233071784360E-041
  -7.65744848210169       1.249566565947236E-038
  -7.62240345653282       2.655812806704225E-039
  -7.59353260102532       1.014119440156048E-039
  -7.59086775845542       3.058425524426950E-038
  -7.53518705275384       1.504231286035618E-036
  -7.52595224979556       3.079084989248838E-040
  -7.51046942293410       8.024230066267102E-037
  -7.38247718546714       9.932080760127312E-037
  -6.99730494128220       4.341502069750385E-043
  -6.94666440401599       4.124913018836959E-040
  -6.82960099765286       5.803376819565417E-040
  -6.74620783965113       8.202278959492734E-035
  -6.74157632270962       9.012039310808409E-035
  -6.57398084272554       4.922950326989287E-042
  -6.00593425875432       1.653321963253683E-040
  -7.64634607744565       3.014528179852313E-038
  -7.59506888313675       4.094355652763896E-041
  -7.56131536493010       2.459879709975583E-036
  -7.53246104299691       2.313331205985416E-039
  -7.52912129034573       4.502889396308752E-040
  -7.47386089864932       2.726631023981641E-037
  -7.46313532007644       9.523202831311822E-038
  -7.45077405763445       4.521838899271056E-036
  -7.32268808801740       5.488485909744847E-041
  -6.93387210319418       1.342676470769257E-037
  -6.88487911560812       8.198677328432980E-042
  -6.76661958347506       3.030476020517481E-039
  -6.68488288131853       5.909128448897384E-039
  -6.67865211125674       1.239959114741051E-036
  -6.51241263069049       4.464865470994174E-038
  -5.94256543227313       6.354008506856522E-043
  -6.76267775074839       5.372112058558565E-047
  -6.73892840780931       4.406951331328552E-040
  -6.70806975707125       6.919715492725101E-040
  -6.66275938987228       5.444625156435897E-044
  -6.62471011743638       1.060362075507731E-035
  -6.62458972351699       6.951788317742036E-036
  -6.61600208191011       6.156797116879899E-038
  -6.56908871462939       1.312213166628206E-041
  -6.43569691348626       6.776847494225111E-037
  -6.05377907116410       2.573627224848480E-040
  -6.00952443936446       1.947123526299500E-038
  -5.90703578770629       3.355097084912583E-042
  -5.80945627049500       7.321824603865880E-037
  -5.77633217198747       8.852481752066843E-037
  -5.62386033518663       1.443883605380077E-040
  -5.05357724273772       4.380513349370852E-037
  -1.31199894349572       2.709255822726460E-074
  -1.27329551848789       9.030898320790193E-009
  -1.15380072447693       3.953911560859924E-007
  -1.14890862761249       7.979555947026759E-013
  -1.05678660028372       4.429918251780987E-069
  -1.03025545455735       1.824808415410479E-059
  -1.02017903658275       2.717043812039311E-015
 -0.969358303062929       2.971996421396915E-064
 -0.799620793654473       3.634303565714637E-072
 -0.505916465175741       1.514382438174299E-005
 -0.452435996545198       2.393628678628133E-064
 -0.310577870478738       2.727091123390827E-057
 -0.300381410688203       2.747300113616717E-003
 -0.218825132345600       2.299603431479196E-067
 -1.302298607695107E-002  6.077024313680391E-068
  0.532685835816586       8.342101739947650E-070
  -1.05550572755293       1.264916543411530E-039
  -1.01120785693010       1.158352427139070E-037
 -0.956645869136739       4.846436362153299E-041
 -0.929688300383859       2.219731122303381E-036
 -0.887427007294324       8.845108383405960E-040
 -0.863268685879664       1.760245204433425E-035
 -0.836890306088275       4.176123360676580E-045
 -0.760213346158906       9.340736158047882E-036
 -0.598205642852289       4.569746243474252E-038
 -0.308057224916752       6.459077390455804E-037
 -0.243726299910271       4.365676451533700E-034
 -0.109411333556622       1.006207070142020E-035
 -5.574722184500658E-002  1.564711714446560E-032
 -4.892885071460285E-002  2.586477105865594E-032
  0.185923064996455       1.021044003627118E-037
  0.726482755734807       1.863459679277241E-037
 -0.889451714181867       2.545003779632944E-040
 -0.868793717950371       2.134492990288409E-041
 -0.818943314958876       1.386441339653166E-034
 -0.789756807234966       6.563451484871222E-040
 -0.723045537689551       2.428777956161873E-034
 -0.713685741954386       4.218120671637165E-036
 -0.710608026399374       3.173471531904724E-039
 -0.643574978520899       4.998627145075764E-033
 -0.552212206738879       3.446522690522210E-039
 -0.177035786596857       6.756602825634357E-038
 -0.116993422142638       5.847756651240438E-037
  2.168112129644229E-002  6.694264361351886E-033
  7.668665736396107E-002  7.566984028369342E-034
  0.119887240406548       1.053956474547407E-037
  0.275077655430898       2.316975773564295E-034
  0.860037323763855       1.093508986237295E-041
   4.46646683622695       4.021525858609604E-045
   4.48708128181411       1.035337395201710E-041
   4.52719049749604       2.813020079820026E-038
   4.58147791767243       1.111268526281681E-043
   4.62169802817432       1.251625405817528E-036
   4.62481128784987       7.945609766402245E-039
   4.63452381381480       3.396193686402119E-037
   4.68877886221891       2.803939638438938E-040
   4.83641545086107       3.355314683697478E-037
   5.17879017246937       4.172756765650466E-040
   5.22887662030442       9.157585909607010E-039
   5.34693470201247       2.087946403189494E-039
   5.42712444603534       2.007861228869507E-036
   5.46561355726826       2.393954373751973E-035
   5.63888334134635       1.156820397090150E-039
   6.20042136518424       7.199574253825689E-038
   13.5554051016053       1.932879574956830E-072
   13.5924064787311       3.055430306353099E-008
   13.6142729108582       3.199633173591629E-006
   13.7291661372182       4.191363879431678E-071
   13.7308462911885       2.833536427226089E-017
   13.8021268864345       1.702055573643796E-016
   13.8038796300820       6.624919533181855E-059
   13.8742514983223       1.638328491185265E-060
   14.0772441053773       1.171810862661243E-070
   14.3054289851522       8.408735457421971E-009
   14.3673254095123       4.287953011662386E-064
   14.5322493975511       1.416927350451345E-062
   14.5519359490996       2.271748232383694E-005
   14.6024137435540       5.420361791394999E-067
   14.8508815642634       5.886654752714597E-070
   15.3828438665381       2.147609858774409E-072
   13.5747276395838       4.282707180745576E-075
   13.6091401218280       1.320727723070482E-012
   13.6891422754095       5.642994933927725E-011
   13.7455090636944       4.391106307940579E-011
   13.7658233366263       1.060314557227584E-011
   13.8244136091559       9.459812357554209E-061
   13.8296471326740       2.767734240295868E-066
   13.8879459041602       5.235090483339202E-063
   14.0156075872264       4.171786772430339E-069
   14.3225287609803       5.794895706571489E-012
   14.4000595020741       1.944988407552259E-061
   14.5334676614087       2.677535362540732E-060
   14.5692542054255       1.420192925590906E-008
   14.6566176234983       3.801626389691671E-068
   14.8291969096361       7.829967913728544E-067
   15.4034164914774       6.052906331780540E-071
   13.5494744313270       6.450051936043218E-040
   13.6008871035965       1.552535851643097E-040
   13.6694663227535       1.569471129866410E-040
   13.7359973145105       1.890791035481804E-043
   13.8057036848817       4.756854619750360E-036
   13.8094664467945       4.479381791470316E-040
   13.8455322625020       9.108801091405847E-036
   13.9011973646508       2.977385659673348E-037
   14.0796027738319       3.351447106394738E-040
   14.3231583908491       3.237746990189075E-039
   14.4033795904325       8.341653610411488E-038
   14.5541184455963       2.159821349725568E-036
   14.5643069440399       1.219284004454023E-036
   14.6503202718065       1.255696785243546E-037
   14.8656409432423       1.876065887705157E-041
   15.4119253551589       5.777261637258057E-041
   13.7115531323393       5.067676411893742E-042
   13.7605375147474       3.751762578978736E-041
   13.7858329570695       1.939325178807933E-039
   13.8492326841430       8.757081499600108E-041
   13.8522737724850       6.930317494770524E-041
   13.9081033779554       4.420822579400734E-041
   13.9114659949131       7.927507726942030E-038
   13.9302109404650       3.640980251494630E-038
   14.1027213518252       4.370441664566453E-037
   14.4322971321344       9.604831503733989E-042
   14.4764164177632       6.331487913349875E-037
   14.6226029814448       8.255744999885347E-039
   14.7078340201584       8.867572882905351E-034
   14.7128870251761       7.826622535105421E-034
   14.9158203571422       1.159073161687687E-041
   15.4871721256260       1.922287510693058E-043
   13.7760139308678       5.187742905755262E-038
   13.8264008940696       7.543176438750400E-041
   13.8509260542407       1.798519589538380E-035
   13.9118291515808       5.894531407972448E-041
   13.9198491066538       1.602512375065105E-039
   13.9751263362705       6.466613731759424E-035
   13.9765163746954       3.433619619168476E-034
   13.9962206187742       9.166002734555018E-034
   14.1715566062955       1.303283225994320E-041
   14.4987821707176       1.633313606069168E-040
   14.5415855365067       2.755835821187012E-041
   14.6895081026640       3.921902666602953E-035
   14.7742655816955       3.437835629808154E-035
   14.7771664248579       1.231858493167949E-037
   14.9832799454448       3.015533871958261E-038
   15.5533380412521       6.410977055729337E-044
   21.3918364563687       3.018627885574824E-047
   21.4194451740537       6.849268750283761E-012
   21.4981710778819       1.854560565803183E-008
   21.5295081742099       9.710682393928655E-020
   21.5892106200011       1.217507816565887E-015
   21.6403174089113       5.448119979063852E-056
   21.6560652281637       3.445400425319646E-047
   21.7189277135116       4.644813058053946E-054
   21.8587757328636       3.211071404867400E-051
   22.1014236848886       8.385338083923873E-009
   22.2065363187725       2.481644994316492E-047
   22.3207455256594       9.678865497933768E-057
   22.3693690809450       2.339405084530036E-004
   22.4750581536081       8.209846277265244E-044
   22.6429351619754       7.142861801537970E-053
   23.1873056788186       2.736829130659635E-046
   22.6458887047792       1.021603152786619E-030
   22.7148694175503       4.467626616154059E-028
   22.7180823974383       5.127662209138673E-028
   22.7711531276308       3.835719778036350E-028
   22.7955680641224       1.309401489183739E-034
   22.7974638298116       2.341223279376444E-034
   22.8606651299122       7.696427480270601E-032
   22.8655042719585       7.690866631157600E-032
   23.0498738187765       4.700849285637836E-029
   23.3536670595279       9.358333641381275E-024
   23.3541682607787       9.405109871316946E-024
   23.5047069532093       1.118993524596336E-035
   23.6270278560147       4.981699660157968E-022
   23.6370709658880       4.869706761505722E-022
   23.8211385157657       1.838395556914292E-032
   24.3479564775259       5.408851965538208E-026
   23.8674902141111       4.670258163356613E-046
   23.9204991896724       9.398446430771286E-046
   23.9212611701901       3.321368546447158E-041
   23.9542280699115       4.296914282683301E-035
   23.9658934433465       6.173040926915077E-035
   23.9773747190326       8.255318411328922E-039
   24.0300004093774       2.720092104289872E-035
   24.0324894962899       3.738536551251855E-035
   24.1134156107914       1.481560407124123E-040
   24.5450681381836       1.354612547862967E-039
   24.5863641934198       6.389415050042605E-039
   24.6454846293064       8.526086751017713E-035
   24.8218107528912       5.367003576190541E-035
   24.8495320861952       5.201113924162021E-038
   24.9489435258758       2.134083464867190E-035
   25.5570261796461       2.578558472039428E-045
   25.3705878443762       1.029215957188616E-044
   25.4069521759554       7.755150288271005E-040
   25.4430117357712       3.458681823832779E-039
   25.5249591606613       3.646268989121730E-045
   25.5379883258075       1.886819952974250E-037
   25.5677124053591       2.932742792324171E-037
   25.5759857039370       2.125123041872203E-041
   25.6284555453684       6.455841088877305E-040
   25.8156863743422       1.841039775958070E-037
   26.1226925521567       2.346833309650123E-040
   26.1634221008953       6.015910626904604E-037
   26.3208983844199       2.858880517230892E-040
   26.3746717967256       4.187530673889058E-035
   26.3863999002022       8.650050123834813E-036
   26.6214222512924       4.519438243299244E-041
   27.1909078426445       1.741284845954341E-037
   57.5727743828108       3.141713173154040E-072
   57.6097842286599       8.454806737200815E-010
   57.6847516277962       6.258998121408098E-007
   57.7678139757390       1.024892629899489E-016
   57.8294071047133       4.044285233588490E-015
   57.8455889701066       1.264375689424783E-067
   57.8750627367547       1.768204410331504E-057
   57.9505160463860       9.964076708448284E-063
   58.1422238985668       1.660069735473832E-071
   58.3538029469055       2.114907004405373E-010
   58.4472383307405       1.378565175276352E-059
   58.5877404483882       1.751910894228244E-003
   58.6129668419007       5.049714894211156E-057
   58.6833946868094       1.778372260155340E-063
   58.9189037250288       1.722347284023076E-068
   59.4546709673325       2.195129777738652E-071
   58.1302853577167       5.324138653526998E-042
   58.1762593174052       2.491006759781473E-038
   58.2074359975993       1.668219239245513E-038
   58.2881608289902       1.041160016520348E-036
   58.3157667089536       1.543846033087814E-042
   58.3642872337196       3.060718206861510E-039
   58.3817849493107       1.498640754332480E-042
   58.4332349980497       8.194316714237249E-038
   58.6555316471646       2.017347100509014E-038
   58.8872936505788       1.629801843859120E-037
   58.9412024605177       1.112335481107987E-032
   59.1236012837137       1.839254823356429E-039
   59.1495903473591       1.024234590184244E-031
   59.1610285513517       4.696993163995402E-032
   59.4290238413407       1.178729749370404E-042
   59.9590010387581       1.756338211858099E-036
   58.5430025467402       1.833532698004551E-044
   58.5694812330487       1.543224152203398E-041
   58.6316509812725       1.536783546988486E-039
   58.6802368173220       4.052354907027481E-043
   58.7358831990930       7.478661353751595E-041
   58.7508864665819       8.212434218327982E-038
   58.7558526043274       1.211250997367761E-033
   58.8180128271508       3.013134502871899E-033
   58.9712235736822       9.914662219231423E-041
   59.2772861287408       3.911746417379234E-038
   59.3490320984883       5.697722347298989E-038
   59.4940249454577       3.438194119505320E-033
   59.5391922530196       5.652248491783181E-034
   59.5865058459257       4.719392001664807E-037
   59.7806942846211       2.417178484495702E-034
   60.3539428280888       2.774355466550270E-040
   65.1049941830795       1.883033048464214E-044
   65.1298612509580       9.720555469281372E-039
   65.1850458615731       4.171539867330876E-038
   65.2556675060657       9.885986298033923E-044
   65.2981059713387       2.331280886898900E-037
   65.3141680325562       4.381982470385849E-042
   65.3225196690720       3.689841672679577E-039
   65.3915470757509       1.999499320831121E-041
   65.5723818564585       4.928986444688392E-038
   65.8401203648556       1.155452593066384E-039
   65.9043705438349       1.335601352851207E-035
   66.0581322141046       5.588063060836492E-040
   66.1019043974039       1.629223650163794E-034
   66.1459381647735       5.887756099943275E-035
   66.3648034141029       4.428567024950780E-041
   66.9176285158880       4.749365285174258E-036
   90.1189583654446       2.483286520521424E-013
   90.1230545959547       6.909834923007857E-073
   90.1895298322973       7.005208234867528E-007
   90.3011934845754       3.381251989227700E-018
   90.3159476622066       2.567983106670331E-072
   90.3640552174987       3.589344641400585E-015
   90.3781667552872       5.011587014571188E-059
   90.4526220680161       2.258225050435684E-062
   90.6731928627960       3.460631535737708E-072
   90.8591433091172       5.858239862980158E-013
   90.9324538828149       3.420288488014055E-062
   91.1205969901181       8.623775698769204E-058
   91.1267344538647       2.895733489427467E-006
   91.1822360717446       3.124183042410768E-069
   91.4451243205743       7.873028206918650E-072
   91.9766896320575       2.915653902651886E-074
   90.1366485752763       9.986046502107727E-076
   90.1493551513136       1.496125775943376E-014
   90.2353918636240       1.458842932446533E-010
   90.2965496378678       3.882073597555558E-014
   90.3444665150612       2.927856388791506E-013
   90.3894592093420       4.662978251011057E-062
   90.3918567314753       8.755983208589245E-058
   90.4657404807541       1.735770024660997E-062
   90.6290756515900       1.184843551104619E-072
   90.8720868017397       1.116590290071832E-016
   90.9652765852776       1.063860406375133E-061
   91.1144861022527       3.592784801091834E-058
   91.1392449317376       2.825605586669218E-009
   91.2232472344791       2.575024937425008E-069
   91.4291454044494       1.439310259074930E-067
   91.9922245199926       6.884874181568700E-072
   90.1197504895128       2.478853530941237E-040
   90.1409903142876       4.832737520100853E-044
   90.2178460645351       1.409162671181105E-040
   90.3071429912173       5.953762939003588E-043
   90.3650358268311       8.006871835555485E-042
   90.3721732667613       1.742674044145783E-039
   90.4064933694121       2.652887957320098E-038
   90.4819043516030       1.382614937575002E-039
   90.6785563049566       1.881123098480793E-038
   90.8718122818259       4.923359830721065E-043
   90.9651871618762       2.100966554123084E-038
   91.1351033765949       7.911681805539962E-037
   91.1366365119219       6.159037263612375E-037
   91.2195600400977       1.598910485048861E-039
   91.4585591692093       2.604592573689278E-043
   91.9996512853809       8.658308037082830E-042
   90.2203914297308       1.619142363349769E-044
   90.2715253146289       2.099192010386325E-044
   90.3075960141495       2.656265052169940E-040
   90.3827280416419       4.112590133579091E-043
   90.3998452504908       9.419817153322185E-038
   90.4372657146229       4.745081013737353E-039
   90.4453559469685       2.352445163335321E-043
   90.4984264860583       1.118906282660820E-040
   90.6885620962345       2.801784459390711E-038
   90.9588957575652       8.435635064329698E-044
   91.0096804522792       1.568065227734832E-037
   91.1753646945090       3.057746701351291E-044
   91.2401507449440       7.105369842651273E-035
   91.2604692903191       6.628195134639479E-035
   91.4889210915747       4.668055792182594E-043
   92.0506683356387       8.274416720619853E-042
   90.2753146930057       3.621846101053632E-041
   90.3281407057346       1.141484772569588E-042
   90.3620814586245       1.187506526415981E-036
   90.4408431523575       1.844700293129317E-040
   90.4519478210291       4.321763724351367E-042
   90.4933921960568       4.420402972466066E-036
   90.5038970156464       1.017270117602102E-038
   90.5545303440827       1.650924100949689E-035
   90.7487543973784       2.193648313552686E-043
   91.0156097177363       4.317467965835597E-041
   91.0645928801503       7.645290970485043E-040
   91.2331792064709       2.733434070076376E-036
   91.2969142023415       6.055457014364354E-036
   91.3147733000223       3.496829332929734E-039
   91.5472795176824       1.443891907674211E-038
   92.1070043911454       5.545866185433634E-044
   141.193043072835       4.028096602659622E-044
   141.219995174548       1.207357682578932E-037
   141.282003602167       5.446931075925069E-038
   141.353554666582       2.089955083546538E-043
   141.402505077169       1.299536236201678E-036
   141.419375475614       1.384504097705187E-041
   141.427277537916       1.980386822230324E-037
   141.503597483035       6.220471111055609E-039
   141.692701254935       4.762901226146511E-038
   141.928666585092       4.254450378625583E-039
   141.999813647641       1.161845257068406E-034
   142.163455090132       2.176997373164109E-037
   142.197512756237       2.008894090831491E-033
   142.246971986390       1.122759263099580E-033
   142.476585053221       5.654955088434383E-039
   143.021185145668       6.060021915404221E-038
   268.869771920079       2.275554433605378E-011
   268.877297574746       2.166923460460480E-068
   268.963777045447       6.830190066478950E-008
   269.046429653643       1.335229725621995E-019
   269.109599768916       4.296830365981145E-068
   269.115582760391       6.070777767414543E-016
   269.137951600541       3.537803001388483E-058
   269.221252117507       4.244167693069122E-065
   269.424295395669       2.559555776058841E-070
   269.580153689077       6.728100046539117E-009
   269.668305078477       1.056929101784767E-058
   269.837222100383       9.947764557000949E-005
   269.848818236440       5.220180268869041E-054
   269.900227983784       7.788165567378712E-061
   270.159158450387       4.438115444695054E-067
   270.657063985947       2.053394575042196E-068
   269.055255218862       1.877561322612803E-040
   269.105127546976       1.875862176472059E-038
   269.150700440205       5.581929941802056E-036
   269.247383906962       1.480984616160773E-038
   269.254312677726       6.385666977639234E-036
   269.304843703380       6.715740190931996E-037
   269.321829664787       1.345307060669244E-039
   269.384342375557       1.894476423224052E-038
   269.606132691793       2.793156184033257E-039
   269.778510406214       1.238178860345547E-036
   269.835197992644       6.072660793362984E-032
   270.029513952419       4.721788086996613E-037
   270.044051886596       9.374770993017448E-031
   270.063671627788       1.458192360973865E-030
   270.339761005698       1.144884221861569E-039
   270.835034243591       2.513717330448129E-036
   269.194081658191       5.040259254036795E-039
   269.230436429526       1.917442022123799E-045
   269.294361303271       9.094136664657471E-034
   269.356656671995       1.990824343258764E-038
   269.416484682044       2.177793064517725E-038
   269.426910694576       5.906274180700928E-039
   269.429891545828       1.127836787912634E-033
   269.508320144325       6.143377509127541E-039
   269.693933769845       5.632236230367014E-044
   269.902907830283       5.607190760006355E-037
   269.973748553140       7.486621562565223E-037
   270.140356169453       2.629099349696087E-034
   270.168010589328       2.152378793482326E-034
   270.206029305087       5.033684939842325E-036
   270.445193161371       3.871379745419365E-038
   270.961465743993       4.320540931328367E-041
   290.093708533544       1.350196838376651E-044
   290.125488586833       1.377666045941159E-038
   290.190147704800       1.562686946385454E-040
   290.263745864970       3.185258535195145E-044
   290.313729040447       2.832301213652410E-038
   290.335100749110       1.163219546122003E-041
   290.338803746097       2.382297299800556E-038
   290.420594163740       1.477407711354119E-039
   290.617506225219       4.680166805768913E-039
   290.821244533010       1.802114311154095E-039
   290.893822691664       1.352894263852977E-034
   291.067080847414       5.861790363916201E-038
   291.094936730229       3.065473722926388E-033
   291.142458829704       1.968364848501963E-033
   291.385272508332       3.558303728831244E-040
   291.915402774670       3.508485244712707E-037
   362.322663653322       4.206312629624140E-017
   362.352956578071       9.515754678729405E-069
   362.419386353667       1.092970671297885E-008
   362.513303570501       2.489259074611395E-022
   362.545387879225       3.384257467899688E-066
   362.586189794499       5.579854284350442E-017
   362.587862229919       3.038432697925612E-061
   362.671803074178       2.571083582207995E-067
   362.889386359094       4.391402130082711E-069
   363.037600456986       2.177477786736271E-014
   363.109807356020       2.719675678714477E-059
   363.303738392525       5.750396017052389E-060
   363.309607144797       3.357195337689653E-008
   363.353561309310       1.994757867520584E-063
   363.624675019800       8.769727894302832E-074
   364.123831424995       5.592777006743625E-070
   362.344505609059       2.290539193532828E-018
   362.363208941359       3.545910788215845E-071
   362.444639465275       1.642570985941849E-012
   362.511053746013       6.001438379687736E-019
   362.581139145271       1.986830217356020E-013
   362.585060165780       5.095204408845336E-065
   362.598159172029       6.404098241062820E-060
   362.681992407613       3.324365460391205E-070
   362.871326518869       4.338354148848623E-071
   363.047735813491       1.996150526272404E-017
   363.132209890967       8.136279429556394E-061
   363.302298633932       1.003455259232763E-058
   363.319326675541       3.351093389471547E-011
   363.377161726543       2.036807386154411E-065
   363.620418361770       2.532672763850390E-068
   364.135448145779       4.482161865955464E-072
   362.337834566982       5.136857420921888E-045
   362.354885061354       8.060330988380877E-039
   362.435355021714       1.635813637657076E-040
   362.518689309577       6.689307390765895E-046
   362.575350489563       2.562858118440685E-039
   362.589933190677       4.432810023944785E-043
   362.605407729159       2.745992886523966E-040
   362.690054916623       1.543196036154320E-042
   362.896138615127       8.081598557786350E-040
   363.046419142670       5.474114257898519E-043
   363.130420293863       4.572114927563366E-038
   363.314772131531       8.798252419672201E-041
   363.316922506978       1.008874999431344E-036
   363.374794664802       7.516312959649323E-037
   363.635037595243       5.569874682299967E-045
   364.138613269617       1.060354926679959E-041
   362.392293700068       2.325007988816085E-045
   362.441849807381       5.359495817742328E-042
   362.493068335541       6.917883215030786E-039
   362.568750773958       8.439869994141767E-043
   362.602717041137       3.842782340454452E-037
   362.629475413105       5.469729493802831E-042
   362.642154693512       2.585496086668534E-045
   362.710537684345       1.489166700588499E-044
   362.911951998681       7.407240405199471E-038
   363.105395039530       5.799400864488233E-042
   363.163883561521       4.247462309353999E-036
   363.343614875123       7.402194375750004E-043
   363.381348225073       1.732801126148235E-034
   363.407950808399       1.302670998169873E-034
   363.661436383990       4.557172989593419E-044
   364.176003167310       8.091577908632161E-041
   362.428900598599       3.062423816483056E-042
   362.479855439480       4.466422754575042E-044
   362.529398426855       1.154094499585719E-036
   362.607817908442       3.255086712779558E-042
   362.637377402860       2.116802451451043E-042
   362.667026467651       5.269264676185044E-036
   362.681470571054       2.082786883931010E-039
   362.748066473117       1.398878442443221E-036
   362.952307023271       9.854041135639060E-045
   363.143258622701       5.326827591425384E-043
   363.200282561739       4.526398054676107E-042
   363.382406303408       1.545893996452058E-037
   363.419292728957       1.315843824619135E-037
   363.444232999344       2.380597712303756E-039
   363.700478236048       1.683031504058930E-039
   364.213528565035       5.255363282161219E-044
   587.201647526232       3.827569466955770E-044
   587.239600925284       2.843287727512862E-038
   587.304149374861       4.784415656036964E-038
   587.380840784510       1.388398043328993E-043
   587.427603083706       6.572794714026108E-037
   587.452894433209       5.881150633484012E-039
   587.455788957673       5.686015567140598E-043
   587.538377080297       1.870527042542252E-039
   587.741883285586       7.890365312082784E-037
   587.905018047225       7.068210871737943E-039
   587.974750820364       2.628974263831324E-033
   588.157310408617       2.826711887562074E-038
   588.179883314017       1.259594607149978E-031
   588.219308588855       9.538138180072049E-032
   588.477816778495       1.554392506952906E-040
   588.979343890297       1.180157848791718E-035
   1638.90352476221       1.452410064051752E-044
   1638.95025044845       9.060198818816395E-038
   1639.01200623463       1.641418727374516E-039
   1639.09346778926       3.731375007664867E-045
   1639.13225177442       3.583670571572388E-038
   1639.15702795770       2.048124451664412E-039
   1639.17042072675       7.990670374433313E-043
   1639.24545487623       3.114108014096365E-040
   1639.45492606015       7.332006494501572E-037
   1639.56467389532       1.759553573953006E-039
   1639.62613116858       2.481783755946850E-033
   1639.81966587564       7.579922628593910E-039
   1639.83894323212       3.229696072558143E-031
   1639.86272110472       2.737162164700854E-031
   1640.14192762483       6.460762339583958E-041
   1640.60029981515       1.723815047970568E-035
