                  1104
  -19.2186392222188       1.051956702873462E-043
  -19.1770814957468       1.071876861521356E-036
  -19.1721737301148       3.216503319347494E-036
  -19.1574167737341       3.410447725805844E-039
  -19.1240518517179       2.331788249205135E-034
  -19.1235029726394       7.551077730083067E-035
  -19.0975581032633       2.170289702680885E-034
  -19.0756334164189       7.024753904732756E-037
  -18.9911670668184       4.655421274805871E-036
  -18.5337701181152       5.805400256619834E-045
  -18.4874734669620       9.898032899132186E-036
  -18.4408520186597       8.766811892812444E-040
  -18.2718764192137       9.590838206901246E-046
  -18.2343328895121       4.467340592996953E-038
  -18.1570540075173       2.377026965322678E-038
  -17.5603675024367       7.225525774788276E-039
  -19.1714827239516       4.235838078355103E-041
  -19.1142454770276       2.564809044168167E-041
  -19.1002133638013       3.928116412964833E-034
  -19.0979879717871       7.895959372487907E-036
  -19.0507503982508       5.337542960526373E-032
  -19.0361329926878       2.858667886105457E-039
  -19.0040488610380       1.642231122973052E-034
  -18.9692332474997       5.152330823995666E-034
  -18.9039961589042       2.830405408062105E-041
  -18.4935863277500       3.870294397582336E-042
  -18.4558952070679       8.108497600810550E-041
  -18.3449409784939       7.519637928961852E-036
  -18.2128412192740       3.485722256675291E-042
  -18.1815231802995       2.416808991060025E-042
  -18.0777184262699       1.824888932368663E-038
  -17.5005800160087       1.761660191704238E-040
  -18.8539974619070       9.174836390647597E-037
  -18.8123384675983       3.005103015614348E-034
  -18.8052555012254       7.153241010874316E-037
  -18.7773217405478       6.401462457736492E-035
  -18.7451328243968       7.073950855200008E-033
  -18.7242324556650       1.020286760403914E-032
  -18.6990601020339       3.601514547415713E-033
  -18.6749380070977       6.201916573532319E-033
  -18.6257703602889       3.443656011950844E-035
  -18.1884436493592       6.856835111533832E-041
  -18.1278544460263       9.998656400571992E-037
  -18.0478263241486       4.015564081304357E-034
  -17.9142036849159       7.984961463723727E-040
  -17.8830236990325       7.684967543018789E-040
  -17.7996135080866       2.385041196593560E-036
  -17.2178494283762       7.123512127341158E-042
  -18.8177271055214       5.159618364866573E-041
  -18.7946230592555       6.596361544640375E-036
  -18.7853543268877       4.882320435684866E-035
  -18.7648964821922       1.259780005584502E-035
  -18.7337067212555       1.394128005151978E-032
  -18.7270873319952       7.343705295261697E-032
  -18.7037091803328       2.529057841748345E-033
  -18.6968826681912       1.364237069084649E-032
  -18.6287025750961       1.680727280754628E-034
  -18.1503350036918       2.098466697404413E-036
  -18.0914648262616       4.179726101361757E-034
  -18.0483095377561       2.815503912342084E-036
  -17.9018710555714       4.170513960517652E-040
  -17.8599192483319       1.203614095771762E-038
  -17.8008970543725       1.349929738394484E-036
  -17.2054233886241       2.737916249359885E-037
  -18.7640331490858       3.867465429062480E-042
  -18.7218976571953       5.977117813681911E-036
  -18.6723149385354       4.807230750446805E-034
  -18.6601499535330       1.894294239097104E-036
  -18.6534655828111       5.658717034586814E-036
  -18.6426306816929       7.429985600933167E-034
  -18.6246334762242       3.321749055854584E-036
  -18.5395286284532       1.995483573587908E-035
  -18.4591151827802       2.591011197366930E-035
  -18.0442433901462       2.328400760980849E-040
  -17.9786714507314       2.028068313251558E-033
  -17.9232956110510       1.138086237017806E-036
  -17.7867816188374       1.324375209024019E-041
  -17.7808356903625       2.989925946682230E-035
  -17.6211823355849       2.216254942180499E-038
  -17.0198198035235       5.866013424480507E-037
  -18.8377299695813       6.715340994855876E-011
  -18.7775003167080       3.066557128925074E-071
  -18.7682337857302       1.860640203815548E-008
  -18.7213977229810       1.283554262900185E-060
  -18.6968615972193       2.784699612251588E-070
  -18.6585768673425       6.348200932605997E-066
  -18.6467012318084       3.613004779480590E-011
  -18.5689870421657       5.989604776749125E-008
  -18.5429692687374       2.146835787107790E-072
  -18.1111826532854       2.764567576776981E-063
  -18.0625116013260       2.167580277706904E-010
  -18.0266850358901       1.925672942062506E-066
  -17.8542832640475       5.306900613821795E-069
  -17.8385262039424       2.688117257112635E-012
  -17.7269116737656       3.508106777827673E-069
  -17.1505698618802       4.400626924310068E-072
  -18.6024422466741       6.745858410609733E-042
  -18.5458604763057       8.804025318333045E-041
  -18.5269533790748       1.239485150623059E-036
  -18.5149104918746       7.141629886624646E-034
  -18.4762602762466       5.205550688555383E-033
  -18.4579591526292       5.920452408076764E-038
  -18.4081999703032       1.444027441442350E-034
  -18.3743755438234       7.527312275358652E-032
  -18.3074356053599       2.227673465602340E-038
  -17.9021773029576       4.983965031089872E-042
  -17.8728505173776       1.808920092991624E-037
  -17.7335279208930       1.231792711975958E-034
  -17.6356098713337       1.161184065728773E-042
  -17.6168591552398       7.065342264577894E-041
  -17.4789683678690       1.042939382939800E-037
  -16.9016443715209       3.811627625070895E-042
  -18.5425398214999       2.515911485300401E-042
  -18.5162500148693       2.139235761304181E-037
  -18.4943252264931       1.443488684797249E-036
  -18.4893944133707       2.379069244509620E-034
  -18.4503445196997       1.258295786888478E-034
  -18.4366402297006       9.085504061015922E-035
  -18.4271703731220       4.925069910672491E-037
  -18.4031450379309       2.541411547577362E-036
  -18.3179773851871       1.680042817897281E-036
  -17.8793719123946       1.969468361696528E-041
  -17.8255222391704       1.158419959103378E-033
  -17.7692793132742       1.937218954210638E-036
  -17.6204292122180       1.261843944555052E-043
  -17.5738913492090       3.574752245645634E-039
  -17.5022635207262       2.325647112704323E-038
  -16.9227320890701       4.123065771302820E-039
  -18.3015561973687       2.503621102921341E-013
  -18.2656991791412       4.216230237160504E-068
  -18.2400382649758       2.114782020557523E-007
  -18.2321627391790       4.668403765271232E-005
  -18.2280100331979       2.891654848468509E-056
  -18.2003185040146       7.388373904355743E-005
  -18.1939964739355       3.467567339691523E-061
  -18.1473451356425       5.714092820109308E-061
  -18.1005318084961       1.063142032811590E-065
  -17.6227966081893       2.765606097031400E-016
  -17.6177747805515       1.898327682841311E-064
  -17.5346380663880       4.254332248020555E-065
  -17.3819062533166       2.592716540568041E-017
  -17.3396197685630       3.744215268283764E-069
  -17.2795620321682       2.659138245242867E-071
  -16.6945463458090       1.350502661859764E-071
  -18.2369519657838       2.702671246004173E-042
  -18.2142469954906       1.014990850305244E-036
  -18.1888294577242       1.918776978450825E-037
  -18.1831396003831       1.620730311466170E-039
  -18.1566393544140       2.588034745707260E-038
  -18.1462672664120       8.834865581783536E-034
  -18.1378871552946       1.508737077874673E-033
  -18.0989108723047       7.642708307233366E-035
  -18.0220060650580       5.701372029884910E-039
  -17.5744862604620       1.325187199761036E-043
  -17.5209231731840       7.649662223583741E-037
  -17.4841183747406       2.777371004676377E-040
  -17.3208638955949       1.484480385529160E-045
  -17.2902476064718       4.252950711658651E-039
  -17.1997144439434       1.481124377311109E-040
  -16.6141922770433       4.094165531153364E-041
  -18.1226287789277       7.036098602102646E-069
  -18.1144690652907       4.168669341060722E-009
  -18.1047634656721       1.879715388885258E-006
  -18.0933235121836       2.371421591479038E-006
  -18.0553837014848       1.026859928889238E-061
  -18.0526343524707       3.971318150681724E-008
  -18.0420912608584       4.236046612818259E-064
  -18.0076322901629       2.122700074754644E-061
  -17.9283708070980       7.001083486654732E-070
  -17.4659511005238       4.381672721203707E-012
  -17.4329533210946       2.896649129597057E-066
  -17.3971727971648       2.294233555429820E-069
  -17.2297594318391       9.917683600208034E-013
  -17.1940485694548       2.587208004409850E-070
  -17.1087502247811       8.985468491315286E-070
  -16.5262398989420       8.087524313598604E-074
  -17.7276657388400       4.203670694489780E-041
  -17.6856361978005       1.187541547742404E-035
  -17.6551341378033       1.253071370689096E-038
  -17.6510491633965       3.541676588908918E-035
  -17.6501808304444       3.965784574311882E-033
  -17.6208247695578       3.489155328563815E-035
  -17.6118467007684       7.958856956491466E-039
  -17.5963055375993       4.539130142560084E-035
  -17.5225717253937       6.302305401812249E-041
  -17.0687409358955       8.394336811105280E-046
  -17.0422045037086       3.504605399298659E-040
  -16.9926557132164       1.547888783931553E-037
  -16.7732160305938       1.191398721588070E-043
  -16.7502612261973       9.557313000493170E-044
  -16.6932934880894       1.248510851751017E-038
  -16.0947399326982       1.480153709609372E-043
  -17.6377054846321       4.467142829909379E-038
  -17.6179592113944       1.137807537625661E-034
  -17.5709827825410       4.384758376322552E-035
  -17.5647950877803       9.970805875928874E-035
  -17.5442711214996       6.614135552714009E-033
  -17.5246037558902       1.581643031868846E-031
  -17.5235261777045       8.669041542592013E-032
  -17.4975234175347       2.977463530035141E-034
  -17.4134455698808       2.128239687325355E-035
  -16.9354840775181       3.467943570323359E-035
  -16.9345111302732       2.978092963752271E-035
  -16.8606167450504       2.271246714743183E-038
  -16.7196115034468       2.239053691863206E-040
  -16.6800451042102       6.675407362038048E-040
  -16.5948230430486       5.002872278616870E-040
  -16.0121125802889       1.451780555502107E-038
  -17.5321490102661       2.756465235026364E-039
  -17.4885992282014       1.112916135241621E-033
  -17.4876022533119       1.425903650152633E-035
  -17.4614215508606       1.500941849529452E-036
  -17.4229610453885       4.456253580347713E-034
  -17.4079387567139       1.918891369319195E-030
  -17.4072501218909       3.111224414482089E-030
  -17.3848583233464       6.130680979897388E-032
  -17.3158069119371       2.299233548657158E-039
  -16.8665473227485       5.920401511531548E-041
  -16.8075788011881       1.386988553957471E-039
  -16.7437440400257       1.084187297918179E-033
  -16.5982294347885       2.580167651633003E-043
  -16.5683451273793       9.142724194096937E-041
  -16.4914445970529       2.443963337936384E-036
  -15.9050194689412       2.311404884339975E-042
  -17.3502198231761       3.123495182088593E-066
  -17.3407162803831       3.170861677091859E-007
  -17.3258809268257       1.517621018072382E-009
  -17.3107922300138       6.986091844996351E-007
  -17.2713357953568       1.641223916645388E-060
  -17.2580370052822       8.709321239107955E-064
  -17.2439059263053       7.815301897723495E-008
  -17.2053422895618       7.411882965391048E-062
  -17.1082957459255       5.158437347838980E-068
  -16.6756397217936       5.374379678703911E-011
  -16.6478244474584       3.684879387055182E-065
  -16.5961164873797       3.291804605641531E-067
  -16.4435179392885       1.429672191093427E-013
  -16.4109786009034       1.969737254286923E-070
  -16.2944663079731       7.973648269417207E-070
  -15.7211187191939       2.095881086752862E-072
  -17.3733869050198       1.592819610530238E-010
  -17.3492653588581       1.036873600024891E-066
  -17.3037553460309       2.283700407726408E-008
  -17.2766355870984       9.089157681173606E-005
  -17.2658283410198       9.490271268745798E-059
  -17.2539023240345       8.720935027913125E-005
  -17.2438678255464       1.517016257342020E-060
  -17.2107017002549       4.695223591120277E-065
  -17.1154594122575       5.033807858020130E-066
  -16.6645936621147       1.597893602886069E-012
  -16.6610967956191       1.157229184698355E-064
  -16.5638435474550       2.202995180938618E-062
  -16.4386674509476       9.307925675463128E-015
  -16.4087833022451       1.272535152267610E-067
  -16.2917212032904       8.660129755527341E-070
  -15.7053237063007       2.340584284237709E-072
  -17.1041822462502       6.213647815275936E-044
  -17.0528029253844       1.388191279887271E-036
  -17.0241383738824       1.364828523333494E-036
  -17.0226000261025       2.205188002411587E-039
  -16.9936875843169       2.879185358963643E-034
  -16.9824229659696       6.128803209784159E-034
  -16.9742726000170       2.262404892277192E-036
  -16.9404872143601       9.136789353118639E-035
  -16.8420118651811       8.053987559343013E-037
  -16.4138367786275       4.201787760786697E-047
  -16.3638730335198       1.259817809654808E-037
  -16.2975247347249       7.265235852502509E-039
  -16.1506170459204       7.832061937633115E-046
  -16.1461537853639       1.440386870675434E-040
  -16.0204573558683       1.907873291809964E-042
  -15.4372540246110       1.942472263037032E-041
  -16.8626602876067       6.668436691998073E-044
  -16.8500167810352       1.336655207035172E-038
  -16.8201396990744       2.038582565237989E-037
  -16.7984838085585       1.011707948850499E-035
  -16.7752600521577       2.375435929872018E-035
  -16.7489899881021       5.281567051367902E-033
  -16.7435091139086       6.269262576469886E-033
  -16.7127685036228       1.146171445283143E-035
  -16.6239269706538       9.963960169489967E-036
  -16.1742043996269       3.295405714772838E-043
  -16.1273098269379       9.150550859402842E-035
  -16.0585213438424       2.929747137175584E-040
  -15.9382426102938       7.627278673083392E-046
  -15.8860678045865       5.736372946456925E-038
  -15.8007596627562       8.536858069891555E-039
  -15.2169519516254       4.432667730677330E-037
  -16.6939651192715       1.873696186998571E-041
  -16.6563425419298       1.257893393306917E-034
  -16.6227035756040       3.734171374477255E-037
  -16.6015158883049       8.658331484901337E-034
  -16.5900566445304       8.157197852063220E-033
  -16.5886117504504       1.642267608500109E-032
  -16.5676985896507       9.657696414317258E-037
  -16.5191496757576       6.312784670817977E-034
  -16.4150951630548       2.162034440675611E-036
  -15.9746505996079       1.358256236251252E-039
  -15.9352454475435       3.311723754816485E-033
  -15.8630957019923       2.562774283006741E-036
  -15.7399070916863       3.369025508091110E-035
  -15.7256719645390       5.414074183081458E-042
  -15.5730840852170       1.373474729127331E-038
  -14.9657107468558       1.260413837829346E-036
  -16.6580837254583       1.394956020543964E-037
  -16.6041090416528       1.283029607412537E-037
  -16.5894752635908       6.121331691769977E-035
  -16.5672036810339       2.790676276851035E-036
  -16.5392881711761       1.847894895871065E-037
  -16.5180102706572       3.630841481502060E-032
  -16.4845295423588       3.214586416088018E-031
  -16.4806712598034       1.090109717545505E-030
  -16.3733075161275       1.490052625865385E-036
  -15.9533361456006       1.173676034883679E-038
  -15.9216901390457       1.838665425873460E-035
  -15.8018624879211       1.683779495932459E-033
  -15.6994681331214       5.237718716658998E-039
  -15.6919691490397       1.071409490225759E-041
  -15.5448664864232       2.874339502073018E-036
  -14.9584065382077       5.935354591701866E-042
  -15.4321963268123       1.591811196333206E-009
  -15.4092707663596       2.955650428571063E-074
  -15.3364768064013       2.014554439419924E-008
  -15.2404063623257       4.546050756928906E-068
  -15.2241313486714       1.950125047729206E-059
  -15.1992812846927       1.002065317317985E-008
  -15.1744990132623       1.878933804619360E-064
  -15.0899757585229       3.235570683269872E-008
  -15.0311086135805       3.495058598140490E-071
  -14.6366371312122       1.353930009579761E-060
  -14.6339540027437       2.628914218476066E-010
  -14.5229146545815       1.191765112410232E-063
  -14.4093608434152       6.455982849950985E-012
  -14.4070463910749       1.436689508733203E-065
  -14.2379821310926       6.847815270450245E-069
  -13.6865397677003       5.984988213096405E-073
  -14.8091820309311       9.930596268276891E-036
  -14.7794504891325       1.074408587962041E-041
  -14.7221506548010       1.639539161656110E-036
  -14.7122092325983       7.643699848196417E-040
  -14.6671515063436       9.908961549823049E-036
  -14.6402999896325       2.832879960997526E-035
  -14.6148440359415       2.265893092702345E-034
  -14.5912182397310       4.298524025626518E-035
  -14.4792525414937       3.619086294407606E-036
  -14.0625715137342       1.013089688429614E-039
  -14.0300418781195       1.803678309849603E-034
  -13.9557753840131       7.065550329771783E-036
  -13.8808284484404       1.169339618528247E-041
  -13.8281075611300       1.316305516524733E-037
  -13.6861719531146       3.051918034976655E-040
  -13.1379094795371       2.580619301855763E-038
  -14.7324302588931       2.454071721113181E-070
  -14.7031417578377       3.666484113290575E-009
  -14.6550278941507       2.488019969074845E-009
  -14.6449325844352       1.516502650046339E-008
  -14.6178971310700       8.617990746911889E-066
  -14.5944891213929       1.044565737188437E-058
  -14.5305216715421       2.849105655386573E-009
  -14.4924174543000       3.868828775432852E-059
  -14.3802565912084       2.278375864428689E-071
  -13.9828558168362       4.119483892550673E-012
  -13.9490984577041       9.192287513573049E-070
  -13.8750095487265       4.262045414169073E-064
  -13.8006654032321       2.565667298564266E-013
  -13.7725012922454       1.882216486858444E-072
  -13.5886263319961       4.403597876550330E-068
  -13.0447274762734       2.483897897331550E-069
  -14.7012270422397       2.514783008180005E-013
  -14.6975203432850       1.835477887942784E-068
  -14.5955262941617       4.257765381366524E-010
  -14.5911842418726       5.424211376898209E-005
  -14.5559437950060       7.290246555064151E-062
  -14.5383468850173       3.295739075420493E-063
  -14.5283856204504       4.768667473876446E-005
  -14.4755689442741       2.347587434973548E-061
  -14.4011568466819       2.676232544678955E-068
  -13.9537978864262       3.237626758481792E-014
  -13.9488081464244       2.273750863692714E-061
  -13.8205029919618       1.676713873124570E-065
  -13.7706291785473       1.544376160834297E-018
  -13.7152600268981       1.715157076001893E-065
  -13.5892169594508       2.029840414412333E-069
  -13.0150007394144       2.270392093539402E-067
  -14.6851667500263       5.548267857250654E-039
  -14.6524317496332       6.268600356360475E-040
  -14.6198714462275       2.415025782081591E-034
  -14.6148844204070       1.612166201049139E-036
  -14.5692941698398       1.008999245411260E-038
  -14.5412574724588       6.240737728910229E-032
  -14.5154369663064       4.323003964662597E-032
  -14.4861523376387       3.637382611225197E-032
  -14.4212034290688       2.727412972102218E-037
  -13.9965403742752       1.233862724735052E-039
  -13.9299265700406       3.274976537967976E-036
  -13.8265022098173       1.215463961602533E-033
  -13.7505605870317       1.236028785158387E-040
  -13.7294256629093       6.509341906221210E-043
  -13.6063522554535       1.377589900147996E-036
  -13.0353387594379       3.923945333091583E-044
  -14.5207883042574       6.728017307849996E-042
  -14.4838200351248       9.619243438905109E-041
  -14.4492544971908       5.583293104520520E-039
  -14.4448269488142       8.842433036350599E-034
  -14.4068652533533       1.820986858097212E-034
  -14.3725987468062       1.586586075855078E-036
  -14.3601397302896       7.884843119711196E-035
  -14.3381101605472       4.672145062509584E-034
  -14.2515755428256       9.807408809189577E-037
  -13.8249729869878       1.281654009068118E-042
  -13.7644260895241       1.819339918763104E-037
  -13.6640629316100       6.899886496329680E-037
  -13.5816373705622       6.663486670031373E-045
  -13.5711643427862       7.671343618607878E-040
  -13.4379011537698       1.710585039722097E-040
  -12.8638578991207       2.529179225833855E-040
  -14.5090082503420       4.279649279934235E-043
  -14.4872893064918       1.084190984980333E-036
  -14.4034956255699       4.640752180011874E-039
  -14.3995411204473       2.840750343484295E-033
  -14.3974638347074       1.476948137924338E-032
  -14.3798431305802       7.163188562999015E-035
  -14.3542460521601       2.330023711583801E-033
  -14.2453353403725       2.368317780005901E-034
  -14.1648226150414       7.549655619796308E-040
  -13.7958073958887       7.110575559392785E-041
  -13.7226113412359       5.899926593021311E-034
  -13.6587577656437       3.667608303441237E-036
  -13.5673842952140       4.776081644853458E-044
  -13.5351564413854       1.727873157336023E-035
  -13.3716197644611       4.839433373534253E-038
  -12.8235019690258       4.660318724012049E-038
  -13.9492352292324       2.902744821979551E-041
  -13.9183206130577       2.402383496969078E-043
  -13.8940812050091       8.845679747014252E-040
  -13.8636644754660       1.265642371284007E-034
  -13.8204996140445       4.385985287640726E-037
  -13.8133663853520       3.321437559611906E-032
  -13.7736064687581       2.095793736061040E-032
  -13.7409191473749       4.332163774500002E-031
  -13.6579153595350       9.498521074496081E-041
  -13.2496860370547       2.227324316847522E-043
  -13.2110732977177       3.162531643828787E-037
  -13.0775289969800       5.023608402302144E-034
  -13.0022075905156       5.497069423363766E-044
  -12.9881763161138       7.711555459876712E-041
  -12.8331283573371       2.275407476388787E-035
  -12.2541377722122       4.458716099201464E-041
  -13.1161240252610       1.788486436160431E-042
  -13.0928758790156       6.027776774754001E-037
  -13.0705821350949       1.715346333751301E-041
  -13.0144558366990       1.654201792218008E-033
  -12.9972018600457       8.328920324684185E-033
  -12.9823617834793       7.311470753643280E-035
  -12.9793413536508       1.651798376564297E-033
  -12.9399876998897       6.034649113553426E-036
  -12.8003455951221       2.180820276107415E-036
  -12.3895133676180       2.981837274783521E-043
  -12.3528446542307       6.189230490039252E-035
  -12.2506498210715       9.715820806874710E-039
  -12.1541491245058       1.090099584569097E-043
  -12.1444815057358       1.197475018974536E-037
  -11.9727038936436       1.056590389940675E-038
  -11.3845013213226       2.150138259070546E-038
  -7.88410559957348       3.630915223561926E-070
  -7.84416366329020       4.162915196893336E-010
  -7.81541792305328       9.973278377594586E-009
  -7.75344429815957       5.885613149668450E-008
  -7.74466173769153       1.629277411330683E-065
  -7.69182701212697       9.468781127235034E-059
  -7.65449859957137       1.536057431767301E-008
  -7.60380038838590       3.206899161632718E-061
  -7.45021814890762       1.440185933251919E-074
  -7.13475642123660       1.394790225156866E-013
  -7.08921840051043       2.296385182807922E-063
  -6.97247287639654       5.919897623332416E-066
  -6.92741375214698       3.874064307748156E-013
  -6.88951375668828       2.306472717865443E-067
  -6.67492764650667       4.910361752517376E-070
  -6.14368819593756       2.437649842411615E-069
  -7.86045361234849       2.961320612880530E-069
  -7.83905905210218       5.170906729507317E-012
  -7.74460402553116       2.341660389208849E-010
  -7.72620100873978       1.501308111269823E-004
  -7.67797403455680       1.568767429165666E-004
  -7.66361193283933       8.157686447022700E-056
  -7.64957771139479       2.895969598091285E-061
  -7.59524350888616       3.111905462551672E-059
  -7.50394307041830       1.443059870081485E-066
  -7.11543505662140       3.221629803028237E-017
  -7.07414899066412       1.180198791825103E-060
  -6.95128996717446       7.033797677034482E-064
  -6.90720621742668       1.106108535840895E-016
  -6.83456478669594       7.036871571009948E-066
  -6.69367772422748       6.857275100020480E-067
  -6.12184118868994       1.510358255789877E-068
  -7.89185834428522       4.202665689341184E-038
  -7.85443346435690       5.169074391460202E-043
  -7.75162129884503       1.969531326181071E-037
  -7.74903681116968       1.454078463640254E-040
  -7.66942083893973       1.134643116935366E-035
  -7.63900901236304       4.616196368837855E-033
  -7.63593804926977       3.943146614049698E-033
  -7.60004380904379       3.338224652796742E-037
  -7.45164439280848       3.072505396766133E-036
  -7.11571775023385       2.516315730843598E-043
  -7.06794030428666       1.932083451767580E-036
  -6.94732405413093       4.749426547298844E-041
  -6.91286319344077       4.130900652703850E-048
  -6.84317333871130       4.283747309106669E-038
  -6.66444990349975       4.094676001491194E-040
  -6.11689655549314       2.757630754421912E-038
  -7.70844761862448       5.416205596621083E-042
  -7.65744848210169       4.564489725292564E-038
  -7.62240345653282       2.088709238172300E-040
  -7.59353260102532       2.021899713683146E-032
  -7.59086775845542       2.117130228921906E-032
  -7.53518705275384       1.379543056253678E-033
  -7.52595224979556       3.442338732169503E-033
  -7.51046942293410       4.102146338861889E-034
  -7.38247718546714       3.925282154816036E-037
  -6.99730494128220       4.945416812943479E-047
  -6.94666440401599       5.362135536266565E-038
  -6.82960099765286       4.393077011736774E-041
  -6.74620783965113       3.510184301969462E-036
  -6.74157632270962       3.706643044222355E-043
  -6.57398084272554       1.223727755716978E-041
  -6.00593425875432       1.209061006953550E-038
  -7.64634607744565       1.841397549274439E-039
  -7.59506888313675       5.326188362016781E-039
  -7.56131536493010       1.246595026866748E-036
  -7.53246104299691       1.533441608823257E-033
  -7.52912129034573       2.208851514555063E-036
  -7.47386089864932       8.541184811079370E-034
  -7.46313532007644       6.443709010514158E-031
  -7.45077405763445       6.459225465191758E-031
  -7.32268808801740       1.038481633622033E-039
  -6.93387210319418       1.575333099370407E-041
  -6.88487911560812       2.402341835882154E-040
  -6.76661958347506       3.913903131384305E-038
  -6.68488288131853       9.806533630923777E-041
  -6.67865211125674       2.256146497582318E-045
  -6.51241263069049       1.366411269161815E-037
  -5.94256543227313       4.285265350515369E-042
  -6.76267775074839       9.564789707453570E-047
  -6.73892840780931       1.139094087742261E-038
  -6.70806975707125       3.448788103648459E-042
  -6.66275938987228       8.937960382185669E-036
  -6.62471011743638       6.521507388591971E-032
  -6.62458972351699       7.550531967015972E-032
  -6.61600208191011       2.939709074140311E-034
  -6.56908871462939       2.209477318450809E-037
  -6.43569691348626       3.715888661356721E-037
  -6.05377907116410       6.406502699222728E-045
  -6.00952443936446       7.662570982546616E-037
  -5.90703578770629       1.813951016267696E-038
  -5.80945627049500       1.871375840782528E-044
  -5.77633217198747       1.404651121874091E-036
  -5.62386033518663       1.522711940952374E-038
  -5.05357724273772       3.865239860773157E-037
  -1.31199894349572       1.868282062325769E-071
  -1.27329551848789       4.490946247512440E-010
  -1.15380072447693       2.248867988079585E-007
  -1.14890862761249       1.451732142097321E-007
  -1.05678660028372       1.615781784608557E-066
  -1.03025545455735       8.788127936518000E-059
  -1.02017903658275       3.455908915822199E-008
 -0.969358303062929       6.456698214388363E-063
 -0.799620793654473       2.213396156987182E-071
 -0.505916465175741       2.055258342293145E-010
 -0.452435996545198       1.961946671166746E-061
 -0.310577870478738       3.499502454502507E-060
 -0.300381410688203       1.983948102519333E-010
 -0.218825132345600       7.086137628919638E-067
 -1.302298607695107E-002  1.981919725005710E-067
  0.532685835816586       3.565371232512344E-069
  -1.05550572755293       1.730147578777681E-041
  -1.01120785693010       8.172947382847148E-037
 -0.956645869136739       4.517658419395057E-041
 -0.929688300383859       7.061511467210584E-036
 -0.887427007294324       5.397969985577833E-034
 -0.863268685879664       2.675833838431609E-033
 -0.836890306088275       3.745057378245392E-042
 -0.760213346158906       1.546878729789532E-034
 -0.598205642852289       1.286934776450643E-037
 -0.308057224916752       4.863342026551486E-040
 -0.243726299910271       3.241225763146971E-033
 -0.109411333556622       3.271021767706230E-037
 -5.574722184500658E-002  2.485131599429105E-039
 -4.892885071460285E-002  4.533718015028068E-034
  0.185923064996455       1.183494391677123E-037
  0.726482755734807       5.448074729846302E-038
 -0.889451714181867       1.178832325923894E-039
 -0.868793717950371       7.694934014226630E-039
 -0.818943314958876       2.403315431901219E-034
 -0.789756807234966       1.205135248204368E-035
 -0.723045537689551       1.879158489305934E-034
 -0.713685741954386       5.712831319547319E-034
 -0.710608026399374       9.002358207560406E-033
 -0.643574978520899       8.602974917068355E-034
 -0.552212206738879       1.343555077059468E-038
 -0.177035786596857       3.753781825723356E-046
 -0.116993422142638       2.434272445419606E-035
  2.168112129644229E-002  7.428130694975980E-033
  7.668665736396107E-002  1.024849741434734E-040
  0.119887240406548       6.181103645451005E-038
  0.275077655430898       5.027976346759181E-035
  0.860037323763855       2.098698120789140E-042
   4.46646683622695       1.299201984905364E-044
   4.48708128181411       1.342156979354532E-036
   4.52719049749604       2.970839255537388E-041
   4.58147791767243       8.602985455796642E-035
   4.62169802817432       7.178435559062897E-035
   4.62481128784987       3.851669085434575E-034
   4.63452381381480       3.151473169319903E-036
   4.68877886221891       5.094386314171937E-039
   4.83641545086107       5.685918324377614E-037
   5.17879017246937       7.280260204741720E-044
   5.22887662030442       8.044841414491938E-035
   5.34693470201247       1.062297058044075E-039
   5.42712444603534       4.241357397231946E-044
   5.46561355726826       1.027997976499031E-035
   5.63888334134635       1.173174585207327E-038
   6.20042136518424       2.324881516600313E-036
   13.5554051016053       1.663771754344206E-074
   13.5924064787311       1.426598182598808E-008
   13.6142729108582       1.524553551273417E-008
   13.7291661372182       6.039198130677040E-067
   13.7308462911885       1.996395282057763E-010
   13.8021268864345       2.797984815636767E-010
   13.8038796300820       1.678177041016947E-057
   13.8742514983223       3.140014967353700E-059
   14.0772441053773       6.744367585170929E-072
   14.3054289851522       1.100607097329510E-012
   14.3673254095123       4.958492554010377E-063
   14.5322493975511       4.340385844524412E-063
   14.5519359490996       2.161828086032306E-013
   14.6024137435540       1.786191072694636E-067
   14.8508815642634       3.358544425445795E-068
   15.3828438665381       1.450586749249381E-070
   13.5747276395838       1.470347753570901E-071
   13.6091401218280       2.587191480393053E-013
   13.6891422754095       1.377627090792316E-012
   13.7455090636944       3.232638678134226E-004
   13.7658233366263       3.290457027061904E-004
   13.8244136091559       1.531371452741534E-059
   13.8296471326740       8.123049145721784E-065
   13.8879459041602       2.341710805759784E-061
   14.0156075872264       2.185224691613169E-068
   14.3225287609803       4.484991696472243E-016
   14.4000595020741       2.693389697417900E-059
   14.5334676614087       9.484164118217868E-061
   14.5692542054255       5.523538539706192E-018
   14.6566176234983       2.229520167288994E-068
   14.8291969096361       1.564780905925630E-065
   15.4034164914774       5.035081127482416E-070
   13.5494744313270       2.231446282311287E-037
   13.6008871035965       1.474009861690862E-041
   13.6694663227535       7.571254752293823E-042
   13.7359973145105       2.325671499436072E-036
   13.8057036848817       5.760313990882337E-033
   13.8094664467945       8.696296955602202E-033
   13.8455322625020       3.752121524410878E-034
   13.9011973646508       3.582170461857838E-036
   14.0796027738319       6.863539331174363E-037
   14.3231583908491       1.419051290943367E-043
   14.4033795904325       5.845236146783084E-036
   14.5541184455963       1.329117658071887E-038
   14.5643069440399       1.910790924300660E-046
   14.6503202718065       1.606658681590160E-037
   14.8656409432423       1.209530575897562E-044
   15.4119253551589       2.086815604107399E-040
   13.7115531323393       2.879257254772605E-042
   13.7605375147474       1.537313882238824E-036
   13.7858329570695       2.131081550063013E-041
   13.8492326841430       1.640775717752675E-032
   13.8522737724850       1.670656102131863E-032
   13.9081033779554       1.912139681349241E-034
   13.9114659949131       1.763574741518426E-034
   13.9302109404650       2.656520034418132E-036
   14.1027213518252       5.808160800615669E-038
   14.4322971321344       1.228057948636306E-043
   14.4764164177632       2.329468408445433E-035
   14.6226029814448       5.609646749155209E-040
   14.7078340201584       7.489896642734857E-042
   14.7128870251761       6.983983589168879E-036
   14.9158203571422       7.935127404426019E-041
   15.4871721256260       3.232008264170072E-043
   13.7760139308678       1.943794971357863E-038
   13.8264008940696       1.126443750518340E-039
   13.8509260542407       5.707279317881203E-037
   13.9118291515808       1.129020527760164E-039
   13.9198491066538       8.506474031429431E-033
   13.9751263362705       6.581578880919449E-029
   13.9765163746954       7.709795177436383E-029
   13.9962206187742       3.362662544578464E-031
   14.1715566062955       1.585724324993002E-041
   14.4987821707176       2.381466528773187E-042
   14.5415855365067       1.481285061246069E-039
   14.6895081026640       7.743829795886770E-037
   14.7742655816955       1.017568174600977E-043
   14.7771664248579       5.089222502089031E-040
   14.9832799454448       5.871849251761201E-039
   15.5533380412521       3.571481104580797E-042
   21.3918364563687       1.400330554746339E-049
   21.4194451740537       3.348378451154004E-011
   21.4981710778819       1.885746849450030E-010
   21.5295081742099       2.945997202606098E-012
   21.5892106200011       2.661668435177740E-010
   21.6403174089113       1.925812406641030E-048
   21.6560652281637       8.255455641541395E-050
   21.7189277135116       2.535848017371952E-050
   21.8587757328636       2.652866992752522E-056
   22.1014236848886       8.766720606291017E-012
   22.2065363187725       3.616014815074432E-051
   22.3207455256594       3.768250745411097E-052
   22.3693690809450       8.141484171011356E-013
   22.4750581536081       4.845005011308389E-052
   22.6429351619754       2.512870784085640E-053
   23.1873056788186       1.392701681259230E-054
   22.6458887047792       1.563927549678482E-029
   22.7148694175503       1.186096293719970E-030
   22.7180823974383       4.152282262720487E-031
   22.7711531276308       2.909099752962862E-029
   22.7955680641224       2.064083606613216E-025
   22.7974638298116       2.033566206321065E-025
   22.8606651299122       2.798002970540707E-030
   22.8655042719585       2.751615163617006E-029
   23.0498738187765       3.130062905839932E-033
   23.3536670595279       2.648644000490111E-026
   23.3541682607787       2.683834886066911E-026
   23.5047069532093       2.462786718788298E-031
   23.6270278560147       5.195519475312701E-031
   23.6370709658880       1.173358230521942E-030
   23.8211385157657       2.922892782166602E-033
   24.3479564775259       4.993819546687998E-034
   23.8674902141111       2.283989073045497E-045
   23.9204991896724       2.709922711836874E-041
   23.9212611701901       4.669078997465502E-034
   23.9542280699115       1.830155164635127E-035
   23.9658934433465       1.820103824014490E-035
   23.9773747190326       3.189960140239699E-035
   24.0300004093774       1.296613521022221E-036
   24.0324894962899       2.378329979842233E-035
   24.1134156107914       1.659039915087618E-039
   24.5450681381836       5.471061873358913E-042
   24.5863641934198       3.679804357321164E-036
   24.6454846293064       2.862023007387491E-036
   24.8218107528912       2.094969387487472E-043
   24.8495320861952       1.667028211924092E-038
   24.9489435258758       2.054001072039907E-036
   25.5570261796461       8.808070190032054E-045
   25.3705878443762       1.686319980383282E-044
   25.4069521759554       3.802756289800867E-037
   25.4430117357712       3.901655686325812E-044
   25.5249591606613       2.747750358165032E-034
   25.5379883258075       2.718561631385898E-034
   25.5677124053591       2.713643265408974E-036
   25.5759857039370       7.493260834533069E-037
   25.6284555453684       3.114184440629611E-040
   25.8156863743422       4.792655295788437E-037
   26.1226925521567       2.653831202701121E-043
   26.1634221008953       3.514336646373159E-035
   26.3208983844199       2.995484957752593E-042
   26.3746717967256       7.245165141505584E-043
   26.3863999002022       5.322972622469090E-036
   26.6214222512924       3.072755682779344E-039
   27.1909078426445       4.225274126603134E-036
   57.5727743828108       8.621934802671468E-069
   57.6097842286599       9.750106937845816E-010
   57.6847516277962       2.869776214579077E-009
   57.7678139757390       4.083733738413282E-009
   57.8294071047133       4.141989935706514E-009
   57.8455889701066       1.608909647532885E-062
   57.8750627367547       1.304929543840539E-056
   57.9505160463860       5.287032572414501E-063
   58.1422238985668       5.436552806512662E-069
   58.3538029469055       3.921229155216768E-012
   58.4472383307405       3.676051076275435E-058
   58.5877404483882       6.462665135432280E-011
   58.6129668419007       4.238118235390442E-058
   58.6833946868094       1.461465026457011E-062
   58.9189037250288       1.060464177221201E-066
   59.4546709673325       5.929070422560961E-068
   58.1302853577167       2.052311963300156E-042
   58.1762593174052       5.551404297115796E-037
   58.2074359975993       8.879183068978810E-041
   58.2881608289902       1.834575213119192E-033
   58.3157667089536       3.899463908015789E-035
   58.3642872337196       7.977827289733037E-037
   58.3817849493107       1.796439103382619E-039
   58.4332349980497       3.837052388413763E-036
   58.6555316471646       2.699873520537648E-038
   58.8872936505788       4.321802387124235E-041
   58.9412024605177       1.565156805819012E-033
   59.1236012837137       1.388131330283402E-038
   59.1495903473591       1.711154310582839E-039
   59.1610285513517       9.027807551613659E-036
   59.4290238413407       2.593531086817247E-040
   59.9590010387581       9.688883338882818E-037
   58.5430025467402       5.205808834778131E-044
   58.5694812330487       8.160413125124310E-040
   58.6316509812725       5.431545195374347E-042
   58.6802368173220       3.690259425744815E-036
   58.7358831990930       2.615379349375693E-034
   58.7508864665819       5.606873825325176E-038
   58.7558526043274       1.543755911363839E-032
   58.8180128271508       1.623245640367956E-032
   58.9712235736822       2.026185521924645E-039
   59.2772861287408       4.492419366750576E-042
   59.3490320984883       1.364254071844804E-036
   59.4940249454577       4.236872531064791E-035
   59.5391922530196       2.777674588312602E-042
   59.5865058459257       5.613758982688101E-037
   59.7806942846211       6.599262438148513E-035
   60.3539428280888       2.720165119341394E-039
   65.1049941830795       9.033801799287952E-044
   65.1298612509580       1.373434417132714E-036
   65.1850458615731       2.105880996699313E-042
   65.2556675060657       1.200791946639586E-034
   65.2981059713387       2.400534513947404E-034
   65.3141680325562       6.904625587962194E-038
   65.3225196690720       8.899974858701066E-038
   65.3915470757509       1.429578056481721E-040
   65.5723818564585       1.801354088517655E-036
   65.8401203648556       6.613763829321281E-043
   65.9043705438349       2.814542442526889E-034
   66.0581322141046       4.120878560876044E-041
   66.1019043974039       1.821078189442812E-042
   66.1459381647735       1.162306701305885E-034
   66.3648034141029       2.752834385105381E-039
   66.9176285158880       1.647335734308664E-036
   90.1189583654446       1.255726848395514E-011
   90.1230545959547       2.236698317523845E-072
   90.1895298322973       4.447344517428743E-012
   90.3011934845754       6.657439369299786E-010
   90.3159476622066       6.111958668394017E-067
   90.3640552174987       3.929401062180817E-010
   90.3781667552872       3.347253055199108E-056
   90.4526220680161       3.038043138546597E-060
   90.6731928627960       5.421254565408622E-074
   90.8591433091172       2.038675560229255E-015
   90.9324538828149       2.777546495187202E-061
   91.1205969901181       8.039219030348564E-061
   91.1267344538647       1.591168039095725E-014
   91.1822360717446       4.861205689363460E-070
   91.4451243205743       2.643904251414166E-070
   91.9766896320575       3.318659668393405E-074
   90.1366485752763       4.423557501146990E-072
   90.1493551513136       5.251987262006484E-014
   90.2353918636240       6.444687231788779E-013
   90.2965496378678       9.610100044536595E-007
   90.3444665150612       1.171606399535934E-006
   90.3894592093420       3.896617011157511E-060
   90.3918567314753       7.777264127709223E-056
   90.4657404807541       7.083781211008092E-061
   90.6290756515900       9.593172275871610E-073
   90.8720868017397       1.885368683075585E-019
   90.9652765852776       2.861695949943106E-060
   91.1144861022527       1.419251859130552E-058
   91.1392449317376       2.850153868418244E-019
   91.2232472344791       2.765583732803280E-069
   91.4291454044494       8.219397901126661E-067
   91.9922245199926       6.123702876885198E-071
   90.1197504895128       1.333656480342151E-037
   90.1409903142876       1.081651953629247E-043
   90.2178460645351       4.234403275812042E-043
   90.3071429912173       2.854022073257213E-035
   90.3650358268311       4.262289822075258E-035
   90.3721732667613       1.600266247807210E-034
   90.4064933694121       2.959897903585177E-036
   90.4819043516030       5.161540576857375E-038
   90.6785563049566       2.567653349690827E-037
   90.8718122818259       4.285857718420726E-046
   90.9651871618762       2.370087280452688E-037
   91.1351033765949       1.188826811226126E-045
   91.1366365119219       1.661592549302096E-041
   91.2195600400977       1.227266664437514E-038
   91.4585591692093       3.766382158424913E-042
   91.9996512853809       4.154455027894286E-041
   90.2203914297308       5.147930106701410E-044
   90.2715253146289       4.323912958219356E-041
   90.3075960141495       1.690226727069692E-043
   90.3827280416419       2.521501798544506E-034
   90.3998452504908       2.607404564735999E-034
   90.4372657146229       1.751244319906523E-037
   90.4453559469685       6.380767746443494E-038
   90.4984264860583       1.679160200112359E-040
   90.6885620962345       1.386879131286427E-037
   90.9588957575652       3.517713388496302E-046
   91.0096804522792       1.646408478377461E-037
   91.1753646945090       7.010304806532708E-043
   91.2401507449440       6.469129131600017E-045
   91.2604692903191       2.635211181299205E-037
   91.4889210915747       9.192024888472133E-046
   92.0506683356387       3.459896217470905E-042
   90.2753146930057       8.553501041659438E-041
   90.3281407057346       5.887512471563287E-043
   90.3620814586245       2.365769169902605E-039
   90.4408431523575       7.098188709765153E-033
   90.4519478210291       6.712940825082756E-037
   90.4933921960568       2.365330681349112E-032
   90.5038970156464       7.374920290131707E-034
   90.5545303440827       9.229571611806851E-033
   90.7487543973784       2.059095578995382E-042
   91.0156097177363       2.076971716167320E-043
   91.0645928801503       2.171309675544954E-039
   91.2331792064709       5.563989395252844E-037
   91.2969142023415       2.266313053345261E-046
   91.3147733000223       2.876320613075701E-041
   91.5472795176824       1.664128097302647E-038
   92.1070043911454       2.030408718564095E-043
   141.193043072835       2.458271563081555E-043
   141.219995174548       3.767459449200427E-036
   141.282003602167       1.021861414614323E-042
   141.353554666582       1.426911458861048E-034
   141.402505077169       3.972292024739272E-034
   141.419375475614       6.289338894151142E-038
   141.427277537916       5.135669406680116E-038
   141.503597483035       3.798336469979162E-041
   141.692701254935       5.273265371201707E-036
   141.928666585092       3.118142356619530E-042
   141.999813647641       1.211009751078972E-033
   142.163455090132       4.243611484709679E-040
   142.197512756237       1.668862462130322E-041
   142.246971986390       6.576963944989976E-034
   142.476585053221       3.287372149787047E-040
   143.021185145668       1.317110657696956E-035
   268.869771920079       1.126880738202883E-010
   268.877297574746       3.445804628856142E-066
   268.963777045447       8.848524460856975E-012
   269.046429653643       1.668697323893956E-010
   269.109599768916       1.644918370514829E-062
   269.115582760391       1.150474895702250E-011
   269.137951600541       3.008928791151900E-056
   269.221252117507       5.277141716328919E-064
   269.424295395669       9.282814076406213E-068
   269.580153689077       5.419744540379687E-012
   269.668305078477       8.991916812874073E-058
   269.837222100383       1.831001586405091E-012
   269.848818236440       2.957685253567514E-057
   269.900227983784       4.109587287218472E-061
   270.159158450387       1.612588500677845E-067
   270.657063985947       6.764470718164313E-067
   269.055255218862       1.217490027525176E-040
   269.105127546976       6.144046893884211E-036
   269.150700440205       2.551723254433524E-039
   269.247383906962       1.995494351700218E-031
   269.254312677726       4.831557883140833E-031
   269.304843703380       5.739191053966797E-035
   269.321829664787       4.015834876484869E-038
   269.384342375557       4.041773900542587E-037
   269.606132691793       2.403318560417120E-038
   269.778510406214       7.520749639729992E-040
   269.835197992644       3.620203310135090E-032
   270.029513952419       1.330062146775740E-037
   270.044051886596       1.395087594324227E-038
   270.063671627788       4.041018341252065E-033
   270.339761005698       1.122275838851861E-038
   270.835034243591       3.110225064172067E-036
   269.194081658191       1.111674094240373E-038
   269.230436429526       3.175431654258797E-040
   269.294361303271       6.778321897815669E-037
   269.356656671995       4.800819504846420E-031
   269.416484682044       2.188811208529797E-035
   269.426910694576       1.238179147417028E-033
   269.429891545828       4.782381741268835E-031
   269.508320144325       3.872909667063243E-037
   269.693933769845       1.650416779519067E-040
   269.902907830283       1.602275479950875E-040
   269.973748553140       1.002962910389936E-036
   270.140356169453       4.267297239899263E-034
   270.168010589328       1.600669263101186E-042
   270.206029305087       1.554056132213837E-037
   270.445193161371       1.698523239635349E-036
   270.961465743993       2.914560144359747E-040
   290.093708533544       8.652712412371412E-044
   290.125488586833       1.085603944147238E-036
   290.190147704800       6.842441984616360E-046
   290.263745864970       1.803020882726339E-035
   290.313729040447       1.195795670696611E-034
   290.335100749110       9.551553339302139E-039
   290.338803746097       8.857597967403748E-037
   290.420594163740       1.480379823238602E-038
   290.617506225219       1.598301515992611E-036
   290.821244533010       2.243473189986552E-042
   290.893822691664       5.768341181894988E-034
   291.067080847414       3.154542251746073E-040
   291.094936730229       1.737452891808310E-041
   291.142458829704       3.375444987919191E-034
   291.385272508332       3.304038953311612E-042
   291.915402774670       7.112720293849213E-036
   362.322663653322       2.766468047128731E-016
   362.352956578071       3.059492270992753E-067
   362.419386353667       2.135213860623259E-014
   362.513303570501       9.362888813625909E-014
   362.545387879225       5.163677272742442E-063
   362.586189794499       2.131501690747271E-013
   362.587862229919       1.408565108317017E-056
   362.671803074178       1.144925567048365E-063
   362.889386359094       3.969290932716268E-068
   363.037600456986       7.164884588352694E-017
   363.109807356020       4.541764399755651E-059
   363.303738392525       1.128866093855598E-061
   363.309607144797       1.812257754479315E-016
   363.353561309310       9.933062005402170E-065
   363.624675019800       1.197496088801649E-073
   364.123831424995       2.033824042182464E-069
   362.344505609059       3.880489457730436E-017
   362.363208941359       2.065665656680831E-069
   362.444639465275       2.234931530748063E-016
   362.511053746013       1.277104685891510E-009
   362.581139145271       3.417114613794954E-010
   362.585060165780       8.926931744747637E-063
   362.598159172029       2.378713331390358E-056
   362.681992407613       2.563053946098933E-067
   362.871326518869       3.973894328909174E-069
   363.047735813491       5.352633756282643E-020
   363.132209890967       4.537184858777458E-060
   363.302298633932       3.420336336426656E-061
   363.319326675541       1.321807894672284E-019
   363.377161726543       4.067351514118289E-066
   363.620418361770       3.487201237431620E-068
   364.135448145779       1.283266588019083E-070
   362.337834566982       9.568653333027923E-044
   362.354885061354       2.531223991275577E-037
   362.435355021714       1.368838011888205E-044
   362.518689309577       6.073920305288822E-036
   362.575350489563       7.445894923735362E-036
   362.589933190677       5.772767074890754E-039
   362.605407729159       6.654810200087496E-039
   362.690054916623       2.086873120838728E-040
   362.896138615127       2.409929574048424E-038
   363.046419142670       1.928272318760066E-045
   363.130420293863       1.773912198153674E-037
   363.314772131531       1.115544543636012E-045
   363.316922506978       5.001461666446575E-045
   363.374794664802       1.059566676176408E-037
   363.635037595243       1.498029374387324E-043
   364.138613269617       2.292752167551683E-041
   362.392293700068       7.864118538623953E-045
   362.441849807381       1.677802441002071E-039
   362.493068335541       1.060599531972888E-043
   362.568750773958       1.955918687126678E-034
   362.602717041137       1.975421217825044E-034
   362.629475413105       7.993579783211525E-037
   362.642154693512       8.060226286966332E-042
   362.710537684345       4.420904445727304E-040
   362.911951998681       1.594225585034382E-037
   363.105395039530       9.283995694226737E-045
   363.163883561521       8.572648869740371E-037
   363.343614875123       1.262706421392658E-042
   363.381348225073       4.443002249710004E-043
   363.407950808399       2.041903055487108E-037
   363.661436383990       1.666022971923701E-044
   364.176003167310       2.972201714854213E-041
   362.428900598599       9.069180936574966E-042
   362.479855439480       5.496273895147097E-042
   362.529398426855       6.310555669276432E-041
   362.607817908442       3.268954510164770E-034
   362.637377402860       2.224877446047031E-039
   362.667026467651       6.115414330167052E-034
   362.681470571054       3.594191828453140E-036
   362.748066473117       7.946728673090727E-035
   362.952307023271       1.141645570704102E-044
   363.143258622701       9.121607729890777E-046
   363.200282561739       6.351406418117963E-043
   363.382406303408       5.412784573391330E-039
   363.419292728957       3.751188214802666E-046
   363.444232999344       2.175063703863171E-042
   363.700478236048       5.585861233202390E-040
   364.213528565035       6.204891263869121E-045
   587.201647526232       2.017587685301310E-043
   587.239600925284       4.391482161247015E-036
   587.304149374861       3.085395924700366E-044
   587.380840784510       5.844134608279848E-035
   587.427603083706       1.913946793033740E-034
   587.452894433209       4.555414510915682E-037
   587.455788957673       4.764588421300572E-041
   587.538377080297       4.606984964955556E-038
   587.741883285586       5.892357791067039E-036
   587.905018047225       1.559501835321249E-041
   587.974750820364       2.284467568594819E-033
   588.157310408617       8.198890762837773E-041
   588.179883314017       4.552503318669782E-040
   588.219308588855       1.711995773671087E-033
   588.477816778495       3.839065301492707E-040
   588.979343890297       3.089661573724602E-035
   1638.90352476221       7.010655671813631E-044
   1638.95025044845       1.013957448279770E-036
   1639.01200623463       2.311082086770948E-047
   1639.09346778926       1.467548694757764E-036
   1639.13225177442       4.723723026700938E-035
   1639.15702795770       3.942030012165607E-038
   1639.17042072675       3.013096936359705E-042
   1639.24545487623       1.649167375777140E-039
   1639.45492606015       1.320290233573199E-036
   1639.56467389532       1.036427201923042E-041
   1639.62613116858       5.937307583973610E-034
   1639.81966587564       6.011816388175644E-041
   1639.83894323212       3.561213151475104E-040
   1639.86272110472       3.669314182674578E-034
   1640.14192762483       6.881996200051203E-041
   1640.60029981515       5.661991861863012E-036
