                  1200
  -19.1062793668898       5.788591592991760E-043
  -19.0594508275515       1.306762915573725E-040
  -19.0562345359018       3.037267678553157E-042
  -19.0416083745676       2.876216289427251E-041
  -19.0122223749715       3.795359501703955E-039
  -19.0039415748515       2.376672145472507E-045
  -18.9819714565783       3.752403763410061E-038
  -18.9579763176402       1.225219532934577E-040
  -18.8708474966497       8.053162164165994E-040
  -18.4265463829979       1.915077162535825E-037
  -18.3842321208453       2.725934747735034E-038
  -18.3339420594675       3.990950668323112E-040
  -18.1595797794194       2.455048502895418E-043
  -18.1254315095946       3.061286958461272E-040
  -18.0426667284934       1.291169874958733E-041
  -17.4524707481151       1.179956382610267E-040
  -19.0455574444586       1.147679875898938E-038
  -18.9840154739466       1.125877347132891E-044
  -18.9695703918705       1.072308442437539E-037
  -18.9688157368267       1.149982656204940E-037
  -18.9242761021690       3.105981956600543E-035
  -18.9081948997105       1.764334132235351E-042
  -18.8858199917139       7.484809270853539E-041
  -18.8515970347429       3.910835076874026E-038
  -18.7755152437403       1.026878814115448E-043
  -18.3720968641132       1.740639846867130E-036
  -18.3374517032749       1.653809766300328E-041
  -18.2318133351255       1.394324655171422E-037
  -18.0873726249330       9.092065276159086E-038
  -18.0589119309033       2.668526520453266E-043
  -17.9546044131609       3.490916036548261E-041
  -17.3798145842572       2.998044159635852E-042
  -18.8336439928446       2.416032480638870E-040
  -18.7781678540917       8.792826613065201E-041
  -18.7733416695098       6.477248851125146E-038
  -18.7584246778418       2.079399162253139E-041
  -18.7126213606166       2.734810025083768E-038
  -18.7014779468051       4.972004876944771E-040
  -18.6955209098916       6.362568208521242E-037
  -18.6724524714203       2.124171777106928E-037
  -18.5861451537440       2.722856864054423E-041
  -18.1696411247893       3.340226797993164E-036
  -18.1217887467371       2.005623028640798E-037
  -18.0423548048733       5.026647861382900E-037
  -17.8862416082269       2.378425074699236E-039
  -17.8614985644690       7.572663854086055E-042
  -17.7644630799937       2.190333237231301E-039
  -17.1837064549953       1.536318785435947E-042
  -18.8008532019453       1.080438226869512E-040
  -18.7663951762424       4.384925305084574E-038
  -18.7544253724892       1.159521393637124E-041
  -18.7448883194612       9.714515949816524E-039
  -18.7091697527099       7.514121319750306E-039
  -18.7000313722011       2.818819218944281E-037
  -18.6866503845998       7.668878074662544E-037
  -18.6681259142635       1.692894363345502E-039
  -18.5873645545039       1.497044377839105E-039
  -18.1392303230995       1.628575981674837E-033
  -18.0920933269949       1.689932599885943E-033
  -18.0386900408880       7.547922287140113E-040
  -17.8755642901108       1.617936366632506E-039
  -17.8388524487623       3.581617665875758E-041
  -17.7642072406102       3.027400485803487E-041
  -17.1767080080248       4.044061943774881E-040
  -18.7929554446059       2.897940661122388E-042
  -18.7471871408657       3.571340108624886E-040
  -18.7298195060293       5.390602878654906E-041
  -18.7105062856087       5.673873414488717E-044
  -18.6867804248672       2.032208063258006E-038
  -18.6714715439624       5.042663595720120E-040
  -18.6689174602625       2.226829620094395E-038
  -18.6126134553863       2.388610181496586E-041
  -18.5235863746505       5.735544518725864E-040
  -18.1210857462077       2.602197583344242E-034
  -18.0609803533697       2.541936770727958E-034
  -18.0135654113617       1.078889843797478E-039
  -17.8410675607979       7.083653600658101E-041
  -17.8234401710944       9.042179563712497E-038
  -17.6995750709485       2.389485719159856E-042
  -17.1132557061875       3.425707579201400E-039
  -18.8206891106033       4.011339307070025E-009
  -18.7709453294139       8.401407843401022E-077
  -18.7553815658509       4.857649452332406E-019
  -18.7347350634608       5.103905759634152E-067
  -18.7054640327332       7.825484144616358E-010
  -18.6947972125080       2.022123560842174E-074
  -18.6612268508872       2.127700243612904E-072
  -18.6381050240239       1.371762088868828E-014
  -18.5534657807067       3.401585465999638E-074
  -18.1277263970907       1.213754187650225E-059
  -18.0961094061720       1.162990361380076E-003
  -18.0511214459249       8.165318789442687E-065
  -17.8615945382448       2.741086267697072E-006
  -17.8527797500175       5.517218917662422E-069
  -17.7363524021055       1.467081854633673E-072
  -17.1581355346389       4.100270389590623E-071
  -18.6514207964770       4.647887004199499E-041
  -18.5813491103608       5.987293397674313E-046
  -18.5669786112952       2.061941978875015E-038
  -18.5515538206663       1.998097455785750E-040
  -18.5228850390261       5.487521770648264E-036
  -18.5025850340663       2.644513127821743E-041
  -18.4714245242332       2.911635154596057E-041
  -18.4406429597035       2.869362861721157E-036
  -18.3491540208608       2.721594500693206E-047
  -17.9545253311415       4.532481399181638E-036
  -17.9327187233101       1.255317797881438E-041
  -17.8040637121502       2.905280622132720E-038
  -17.6749724070388       7.298137023980092E-039
  -17.6616606168558       1.616134249793413E-046
  -17.5255808289050       4.838928557629423E-041
  -16.9471478340953       4.877519334135879E-046
  -18.6228749959758       3.959220441701549E-047
  -18.5642271128764       1.150426454359278E-041
  -18.5549905974369       2.343770092999366E-045
  -18.5535751650173       5.251241240123282E-046
  -18.5186727309177       6.154765633709118E-041
  -18.5030491430104       1.223113250237151E-040
  -18.4983335416966       2.999153736971000E-042
  -18.4683373186522       8.196384416069950E-040
  -18.3636163477127       2.782440015981725E-041
  -17.9436871956176       3.061616944644502E-037
  -17.9099345273555       5.000200510183968E-037
  -17.8425166752512       1.626617196370937E-040
  -17.6664356514118       6.616863681239995E-042
  -17.6504994057986       1.100084469037117E-039
  -17.5428008091756       3.977846872791259E-044
  -16.9611101332236       2.934959502916115E-039
  -18.5584081541879       9.080740029134535E-014
  -18.5069879437372       2.116004372704529E-071
  -18.4885785750991       8.352523405274833E-011
  -18.4868037584266       8.858368431194969E-014
  -18.4729425653711       1.092224662935154E-062
  -18.4562822320368       3.502514774121771E-011
  -18.4298684355796       1.512878507287007E-069
  -18.4027314146601       1.890138494571940E-066
  -18.3278045100019       2.677776762754064E-071
  -17.8927003783501       3.857210527298441E-008
  -17.8753989063059       3.079376187184424E-065
  -17.8052657463992       2.267700976128066E-067
  -17.6192384707115       6.855467544670784E-013
  -17.5806442314317       7.416707195749315E-071
  -17.5080206221966       5.849912216823259E-073
  -16.9243541283217       9.797374553863081E-073
  -18.5397984416691       1.128076787081021E-045
  -18.5106398047897       3.707277960622421E-048
  -18.4815970778619       1.469794238196672E-048
  -18.4810408115979       6.002414354382439E-044
  -18.4384088691201       3.181436247839049E-039
  -18.4284696303713       4.832146563558449E-045
  -18.4044750817711       7.705193183450492E-039
  -18.3718308371492       6.006997524721327E-040
  -18.2729469803423       1.518526962485571E-041
  -17.8612155616999       7.870236000896370E-040
  -17.8228441482882       5.260787454067505E-040
  -17.7608329352474       4.560343245204765E-046
  -17.6002227338338       2.899181014403203E-044
  -17.5570016403320       1.658745856788975E-040
  -17.4527761468297       1.333009352957264E-041
  -16.8724520577584       3.862135066765742E-039
  -18.4394459338497       1.130674565864039E-010
  -18.4029394971744       8.896439804966358E-073
  -18.3897116412047       3.841091339134036E-012
  -18.3854453645392       3.450175446907125E-009
  -18.3559967605556       1.158228289289935E-063
  -18.3361609000257       4.727058926743979E-014
  -18.3216358418783       1.352715830289037E-070
  -18.2913501569916       7.989139208018826E-068
  -18.1969097440311       5.300566451208774E-074
  -17.7803539605165       7.653287168003834E-007
  -17.7499975648510       7.781326618195659E-067
  -17.6959765869061       3.622079043344393E-067
  -17.5071465080382       5.888710493520932E-010
  -17.4755956061296       3.640160830868293E-074
  -17.3786853793916       3.956208422377814E-073
  -16.7985822470518       5.074335075612042E-073
  -18.1595159275005       5.787784761401068E-042
  -18.1030172583985       7.052798502855913E-041
  -18.0807450968097       3.511185601673335E-043
  -18.0769924864580       1.267259981737632E-036
  -18.0736099849681       3.988842157693134E-039
  -18.0357495130303       1.715047171080421E-042
  -18.0238017930104       1.547736682216581E-043
  -18.0047959776933       4.769302018530915E-041
  -17.9179556353149       7.966420354688844E-047
  -17.4926360906960       1.958269714475868E-040
  -17.4706017403090       9.397897091068688E-040
  -17.4110229801677       1.904252032965322E-038
  -17.1925876596966       1.684737675252627E-043
  -17.1725952914894       7.414118405280056E-046
  -17.0904186885468       7.768551238201633E-043
  -16.4983963070518       2.113015208053605E-045
  -18.0638578868357       6.585039504033343E-044
  -18.0253181859192       1.317442981367638E-038
  -18.0115979196828       6.412491156920454E-039
  -18.0081720271262       6.188028369637015E-039
  -17.9783880787860       2.134632089062782E-038
  -17.9694753552919       1.341613906654044E-040
  -17.9491788484909       5.613114564519317E-038
  -17.9248347372173       7.808203870387249E-041
  -17.8361964403128       1.326440736915573E-043
  -17.4001873329743       5.291805751578559E-036
  -17.3710648919658       4.401913282083095E-036
  -17.3152687875088       4.208758416085197E-039
  -17.1328689705911       1.759372176487156E-043
  -17.1000788977379       5.421102785309820E-043
  -17.0150864014416       2.530755313098338E-041
  -16.4303575062388       3.843218267371648E-039
  -18.0276435240062       7.197750312667610E-038
  -17.9744715692599       3.761316963333732E-041
  -17.9701225841583       2.554562221361132E-038
  -17.9572593736822       2.672344898284010E-037
  -17.9114301435266       1.177682092362481E-035
  -17.9025847132815       3.308074179214841E-036
  -17.9024216086530       2.484964327661402E-036
  -17.8727051231296       3.997867235573081E-036
  -17.7890997894553       8.858638411155053E-044
  -17.3657593350814       1.921757428871860E-036
  -17.3206311580697       4.805862146042877E-037
  -17.2481149137276       1.472830905590622E-035
  -17.0837779602464       9.638506468629152E-038
  -17.0542371052824       2.119139907717613E-042
  -16.9674987206214       1.993804362493044E-039
  -16.3850643283196       1.986600672912419E-042
  -17.8078801766602       1.168045441621486E-071
  -17.8046665804087       1.398446859150645E-009
  -17.7873259356575       8.300650772320243E-009
  -17.7688774762371       2.104127697833246E-012
  -17.7339756070195       1.158882722739634E-065
  -17.7184253169912       1.771534926444295E-069
  -17.6988772341397       1.253048670164901E-013
  -17.6617622698826       6.176372406916198E-067
  -17.5575199310614       3.595726890483313E-074
  -17.1401503041189       5.554069098065331E-007
  -17.1142392068612       7.031823385936326E-063
  -17.0569479267173       8.954458370377508E-070
  -16.9023793834441       1.674399824656291E-008
  -16.8778561906074       6.491037112283770E-070
  -16.7473086802447       1.563431771188725E-070
  -16.1781470154294       3.966199986363310E-074
  -17.8266542321910       5.691104901759037E-012
  -17.7920449057462       6.836604027036146E-071
  -17.7536699174386       1.137929919777564E-009
  -17.7176090600773       2.734315851673196E-010
  -17.7173267009835       2.071269231655440E-061
  -17.7038087742959       1.642427198772891E-010
  -17.6946284264403       5.921173003784829E-067
  -17.6561699554610       7.619822492059798E-068
  -17.5563086272147       1.420537073288002E-070
  -17.1201744116290       8.632037660892697E-011
  -17.1201372329834       1.298669232939888E-056
  -17.0155834707354       9.645635310643370E-070
  -16.8849558577344       2.690828933938443E-010
  -16.8624028016236       6.985729612043043E-071
  -16.7361427353017       3.387165419054189E-071
  -16.1536727691392       7.992015969366734E-071
  -17.6337123824579       6.071873003224719E-041
  -17.5826989353038       9.551999579915173E-041
  -17.5734212839022       1.412731649396657E-041
  -17.5615036782599       3.840101070071674E-038
  -17.5380490349648       6.043898026692338E-037
  -17.5221698183311       4.369455321050807E-041
  -17.5104239147323       4.301400504913057E-037
  -17.4874326314052       3.724170482355931E-038
  -17.4105260302509       3.191832222713465E-042
  -16.9737755495925       1.307958097246699E-036
  -16.9374498589064       1.085430240695340E-036
  -16.8771407504819       6.169450407192731E-040
  -16.6888322775268       1.693307577262249E-041
  -16.6580325427350       1.128988597637161E-043
  -16.5879390181196       2.338635944483801E-045
  -16.0004880379096       2.457586680356850E-039
  -17.6030841384365       1.076411420634781E-040
  -17.5403765041059       4.438468968272204E-041
  -17.5402204298300       1.455294732172286E-041
  -17.5258950765384       3.395417152961363E-039
  -17.4961725560901       6.922073870767785E-038
  -17.4788936084163       1.924561675709975E-040
  -17.4694900108607       7.296798213908726E-040
  -17.4443274600396       2.137904936026902E-036
  -17.3530019697652       4.056821859520033E-041
  -16.9364024512343       6.699234614443227E-037
  -16.8995407930088       1.467239137334170E-039
  -16.8307534643915       2.419714581866132E-040
  -16.6482331653366       2.090025250665469E-039
  -16.6227710816040       3.094377198772886E-043
  -16.5305344590823       3.227818049098143E-040
  -15.9453430354837       4.370838136447004E-042
  -17.6523290036327       5.303304356245680E-043
  -17.6021522542698       6.644967920865481E-039
  -17.5764129504419       6.284837970327140E-041
  -17.5713908326269       2.642188008780778E-042
  -17.5415600617761       1.903152383840383E-037
  -17.5310568956646       4.739777541346850E-037
  -17.5228640719727       1.628037263926114E-041
  -17.4905430996198       8.013878106166302E-038
  -17.3858297095209       1.226944948144241E-041
  -16.9672098992602       1.131933364567046E-034
  -16.9208658444526       1.063324364049903E-034
  -16.8515056684664       7.886399431858744E-041
  -16.7024677420496       2.024068519932646E-040
  -16.6982018718024       7.062123418248316E-038
  -16.5687072935410       1.919796991766124E-046
  -15.9903418143383       9.163693561617700E-039
  -17.6335506892624       9.328464800787800E-040
  -17.6292832336139       8.407757915147346E-041
  -17.6132312011379       2.670298165906597E-039
  -17.5734029232448       2.278022898567835E-041
  -17.5423801162426       4.821743714947492E-039
  -17.5412917410380       5.676644462941166E-041
  -17.5270770684661       1.665064658562690E-041
  -17.4907284719328       1.405128090969097E-039
  -17.3769371480056       5.324466268458617E-040
  -16.9531654904268       4.059157531267353E-036
  -16.9278948444288       5.442491849703169E-036
  -16.8547223780005       1.071697681040972E-040
  -16.7212334623826       3.287668871187532E-039
  -16.7086468126762       3.042127003334963E-041
  -16.5600811700738       4.705614176531235E-048
  -15.9805271222174       3.863381097364653E-045
  -17.4007958023257       9.476778324239689E-042
  -17.3394930879409       6.297121332786907E-045
  -17.3280022947155       3.186232183311558E-042
  -17.3077581666172       3.228818880235047E-042
  -17.2705195792029       1.511619587411986E-040
  -17.2687138698342       4.070945296642517E-039
  -17.2305507172460       8.986800198156325E-039
  -17.2176689604547       2.773518951707315E-035
  -17.1127551576285       3.880501228399239E-046
  -16.7036771920490       2.800528358417029E-037
  -16.6780244406055       1.414101373248709E-041
  -16.5579597147819       1.517650710858758E-038
  -16.4352257201774       6.089202717405732E-046
  -16.4331275996126       1.298305264870451E-039
  -16.2874710952858       9.018684273903164E-040
  -15.7042341332843       2.647423030462603E-044
  -17.3970306421326       5.422851848845808E-010
  -17.3589458728717       2.126544110956914E-083
  -17.3181146950608       2.102470631828949E-015
  -17.2596550688472       8.691276359617495E-064
  -17.2448636021693       1.336105312290338E-072
  -17.2331553385618       6.657873483664802E-008
  -17.1973434681852       1.692833219053663E-070
  -17.1466801816443       4.336034780987137E-015
  -17.0740049544174       5.552436493305330E-083
  -16.6634092576535       1.133115772512240E-065
  -16.6379090004460       1.433499234096106E-003
  -16.5697078441932       5.020229168133936E-066
  -16.4191588286026       5.589021296640031E-005
  -16.4108568421833       9.430545939686728E-070
  -16.2689809187510       4.575642833879891E-072
  -15.7041504080173       2.683931055157968E-072
  -17.2016494307239       1.602423906085940E-040
  -17.1815828268435       1.287498213443797E-040
  -17.1486842797198       2.502067104259383E-039
  -17.1037669723127       2.320565405698751E-040
  -17.0910705591218       4.661522271453747E-038
  -17.0751977367983       4.061253083308529E-038
  -17.0695871876517       8.994499896625375E-039
  -17.0132750637864       2.948650527581822E-041
  -16.8892548492833       2.682426086913638E-039
  -16.4776159749266       1.667357757013122E-034
  -16.4276588714659       1.640094287952322E-034
  -16.3426270948463       2.369401944863517E-040
  -16.2402995560060       1.122408702303408E-035
  -16.2400773853553       1.404490731610262E-035
  -16.0578016047007       6.569864726771437E-041
  -15.4639013661817       1.177629956103502E-040
  -16.6673452598502       8.192039590604765E-039
  -16.6413337473662       4.251762830106553E-042
  -16.6152229893776       4.242772062374577E-038
  -16.6103331584948       9.382549804698828E-039
  -16.5720142984457       5.216485149481652E-038
  -16.5685425469905       1.036768116314563E-036
  -16.5672451957415       1.255527782200389E-036
  -16.5071335519768       1.591922933176005E-040
  -16.4226753671837       1.019579122739599E-039
  -16.0038767255928       3.955254684042185E-034
  -15.9479794187959       3.982767570233805E-034
  -15.9072548867752       2.509496518749337E-038
  -15.7481137522101       4.422290787756776E-039
  -15.7124767100245       6.682363242291719E-039
  -15.6153620994797       6.446134532345872E-040
  -15.0489929125008       9.920249019271941E-041
  -16.5151795871688       1.755275196922836E-038
  -16.4752629450965       5.149057930060278E-041
  -16.4588981159170       4.707641718133918E-038
  -16.4538741010914       8.750340696762250E-037
  -16.4046842555456       7.900290568473847E-037
  -16.3910949937260       4.223020268547466E-037
  -16.3872886019391       5.693621569098801E-036
  -16.3482953837031       7.471584050494707E-040
  -16.2799456314508       2.550919347224948E-041
  -15.8508714430831       2.266858253700380E-035
  -15.8083204560972       2.077867367172335E-036
  -15.7227558818075       8.837191364759310E-036
  -15.5829020362187       8.931605552544182E-038
  -15.5484027591889       1.902675493239061E-043
  -15.4586337466945       2.495885328354423E-039
  -14.8786001105299       5.119252361419160E-042
  -16.2345198438195       1.180829958136050E-011
  -16.2004511839561       4.723336240327596E-015
  -16.1786650683804       8.903689129382997E-069
  -16.1706283956705       3.698092490935672E-059
  -16.1682654441668       4.868962551552881E-010
  -16.1512302675951       4.588757014075512E-013
  -16.1215255173707       2.164336548629572E-070
  -16.1101744915457       5.268333205566163E-067
  -16.0409499072676       1.660429869051918E-074
  -15.5856836198061       6.732725459343386E-007
  -15.5593072816766       2.556533979816972E-067
  -15.5227797106046       1.540865696244371E-068
  -15.3013811179243       2.050238122245894E-013
  -15.2685431003967       3.126709545162604E-076
  -15.2168766695762       1.069154862942434E-073
  -14.6212558907679       9.212275197825769E-074
  -16.1714791959558       4.947509084611807E-042
  -16.1345019965252       8.593669078926334E-042
  -16.1115288175369       2.106733901020768E-042
  -16.1032934533467       1.555768476750571E-037
  -16.1024010008546       1.721290878015997E-037
  -16.0809515720030       1.442137553783833E-042
  -16.0555503109520       2.943535407241842E-042
  -16.0401576716046       6.486348152966716E-041
  -15.9694920152353       6.639214056511333E-043
  -15.5213251984431       1.983620026305846E-038
  -15.4937801322285       7.968506712433500E-039
  -15.4543099968737       3.185538752097642E-039
  -15.2332622991643       3.386579135285872E-042
  -15.1995854884681       1.068696047119527E-044
  -15.1471392012598       9.790580268822121E-043
  -14.5545590084923       2.889893251610993E-042
  -16.1753135363805       4.134992419664395E-013
  -16.1283303713669       1.652804331985019E-071
  -16.1243596038318       1.638578930192243E-012
  -16.1217826503621       6.024423579613316E-012
  -16.1013220681157       1.440941720148660E-061
  -16.0899510096990       5.751236492620458E-013
  -16.0750979620758       2.102534691971755E-067
  -16.0472372352349       1.283963675966085E-066
  -15.9765682984270       1.736224044474260E-071
  -15.5237979033727       3.059540016478189E-009
  -15.5031435975838       4.985227944224114E-070
  -15.4487849355537       5.911506574906625E-067
  -15.2524361426320       8.875188025075537E-015
  -15.2168532215189       6.796056438509192E-072
  -15.1631950779238       1.030394705748974E-072
  -14.5804732972594       6.977133046486984E-072
  -16.0425955304294       7.668227012213295E-040
  -16.0041187609798       4.739611180698990E-042
  -15.9741026721336       2.671340300343014E-038
  -15.9737928823354       1.101120375077157E-039
  -15.9699026113433       1.889452601097592E-038
  -15.9441034247995       1.713639429217100E-044
  -15.9290206098747       2.488685522062805E-044
  -15.9120025673786       2.859184045835133E-039
  -15.8388246802487       2.124680454458363E-045
  -15.3914811629157       1.607774837004031E-038
  -15.3663520109379       4.851593726563332E-043
  -15.3250791178137       1.576911045629669E-037
  -15.0968177150123       1.115840937292312E-040
  -15.0701002646480       8.760658629126500E-047
  -15.0165719173335       1.396607628866561E-040
  -14.4240693068188       1.444041949341855E-047
  -15.8172139851009       1.636582590843454E-044
  -15.7753511950387       1.497614520689805E-041
  -15.7505596779729       7.217608917553755E-039
  -15.7459437719409       7.722709727151400E-039
  -15.7402010554374       9.950528346152959E-041
  -15.7171125594358       1.191131040343052E-043
  -15.6993795400485       6.768687691644314E-040
  -15.6867738786482       3.067424818158358E-039
  -15.6197753833746       1.739835915167291E-041
  -15.1570169025934       4.408414841851984E-038
  -15.1373699598399       5.847886744615378E-038
  -15.0869570945089       9.017713114447227E-042
  -14.8691792816858       1.149489134324281E-042
  -14.8464031025480       1.200563808125560E-042
  -14.7908715745682       1.407063631592007E-044
  -14.1906299744289       7.371785658779181E-043
  -15.8488804225983       5.176754306086606E-009
  -15.8229319583103       3.107605396191372E-070
  -15.8109794286422       3.331166865430272E-008
  -15.8081329156227       1.324456947253944E-011
  -15.7748890276029       4.669075251974025E-061
  -15.7679934828762       3.185879672883771E-013
  -15.7549110725518       1.915673543727263E-067
  -15.7235635661330       6.833571411394499E-066
  -15.6391190113412       7.083961785174268E-072
  -15.1997145575956       7.049552326128565E-006
  -15.1691176094432       7.409465120163098E-067
  -15.1252271046529       2.169487325390907E-065
  -14.9384171325051       1.783164226017271E-011
  -14.9026333634048       4.369392751989133E-071
  -14.8264508454057       1.150158673925285E-070
  -14.2503823670242       3.641365329166262E-074
  -15.8415436087689       1.313895263490480E-037
  -15.8121401428814       1.288170733448377E-040
  -15.7721936572452       4.352753132830568E-040
  -15.7689040914974       2.719196542701584E-036
  -15.7669918572867       2.537556681706732E-036
  -15.7419460594542       2.545696686868661E-040
  -15.7353108411378       7.027775897655987E-040
  -15.7214356040602       1.228055101978690E-035
  -15.6581525382404       1.975245979824413E-041
  -15.1919206814082       8.123469683283256E-037
  -15.1606079108253       7.035972483141651E-040
  -15.1184737582721       9.403787742612370E-037
  -14.9036143865706       2.180825209876450E-038
  -14.8815204551633       3.007261665456365E-044
  -14.8366396624122       6.924277102227293E-042
  -14.2405555570480       5.488845188580125E-045
  -15.7590496524368       2.358013970052406E-012
  -15.7184112432840       1.326914738650127E-011
  -15.7008618503158       4.274693355349856E-069
  -15.6908810342603       2.939183880243349E-061
  -15.6835026738739       3.098710586827042E-010
  -15.6708590141475       1.745866118729262E-010
  -15.6330243283263       2.415628183380497E-070
  -15.6204224613670       1.354616660003293E-067
  -15.5592208976506       3.612341523845287E-072
  -15.1048448853242       4.323839863713411E-009
  -15.0787708167165       7.442344783243772E-067
  -15.0335791014266       1.049510044461077E-066
  -14.8220819093196       1.690419865010399E-014
  -14.7823099899761       1.310285877372993E-076
  -14.7349844366604       2.713959777639141E-076
  -14.1376333298354       1.124383388234702E-074
  -15.6000786259882       1.999957759670202E-042
  -15.5508995846544       8.958291861934489E-041
  -15.5404370222518       1.061817339705243E-038
  -15.5348964413658       1.774713808432878E-037
  -15.5296994820587       6.666422473582857E-038
  -15.5028116269634       2.794974444442560E-045
  -15.4881458882557       4.356915624935613E-040
  -15.4669307694335       1.863857171551743E-040
  -15.3881403837592       7.285123578502128E-041
  -14.9425647879620       1.966918243511874E-037
  -14.9243533571509       3.390694785213761E-037
  -14.8731934046046       2.641153185825402E-042
  -14.6598495618023       9.033732382410251E-044
  -14.6319621565403       3.132840146187999E-042
  -14.5674552580327       3.051172433537968E-047
  -13.9799614696197       3.857022299871493E-043
  -15.4494464606245       3.799997305269586E-010
  -15.3975520263338       2.368557181751168E-062
  -15.3964152128130       3.414019129695254E-009
  -15.3829981558634       6.762289720829452E-009
  -15.3793439482042       4.496997454204473E-062
  -15.3577353835423       5.056207308845083E-009
  -15.3309300688124       1.335319575379654E-065
  -15.3113233674710       4.356913153299456E-066
  -15.2392975788255       1.126152401153919E-069
  -14.7865200336251       8.768852934794361E-008
  -14.7701115616247       8.413132056210022E-068
  -14.7158232535226       2.126651715509629E-065
  -14.5149163907796       2.504595163040857E-012
  -14.4772464853321       1.716631779095617E-071
  -14.4193701951959       6.774797663044253E-072
  -13.8286930289987       4.485949556651775E-073
  -15.4422099573067       3.477499188492843E-039
  -15.3989181675400       2.442758883333880E-042
  -15.3722211758901       1.096499289933824E-038
  -15.3691788560042       3.639851983139779E-037
  -15.3654034759360       5.544059702788949E-038
  -15.3395007861071       8.219900771813589E-041
  -15.3214993027270       1.932710450408320E-040
  -15.3085200377909       4.862403235945651E-037
  -15.2361858433221       4.128788804819778E-043
  -14.7843304249874       9.835415165100937E-038
  -14.7602734127441       1.011246054164264E-038
  -14.7106759523553       1.530078871539501E-036
  -14.4935436378608       1.055793030501095E-038
  -14.4697554574582       1.829668300142788E-045
  -14.4088277178934       8.524985604937592E-041
  -13.8122139364567       1.112465156618041E-045
  -15.4529166011713       1.191410668555483E-008
  -15.4340199338238       5.971457059470020E-067
  -15.4213742926107       1.038672277160604E-009
  -15.4177556602185       3.576320195069738E-008
  -15.3868957171593       4.932640478582283E-062
  -15.3722260816615       1.050458274887310E-010
  -15.3574340164104       1.282740464213552E-067
  -15.3277474924604       3.217848101448469E-065
  -15.2449030804426       1.241228190897805E-072
  -14.8001885712317       1.032235975361650E-005
  -14.7714847270008       4.782633805835298E-066
  -14.7323375173390       1.090527366978306E-067
  -14.5449268666404       4.506616489187999E-009
  -14.5079258823045       3.597062047474767E-071
  -14.4286508713954       1.523270030079802E-073
  -13.8478468539109       2.579827953075726E-072
  -15.5858778839204       1.899185026872229E-047
  -15.5563494667909       2.078962335090133E-039
  -15.5170982050235       2.448368118714135E-047
  -15.5001179212882       1.821941012064922E-040
  -15.4884426967218       2.326076055884049E-037
  -15.4726455668633       2.111108602723395E-037
  -15.4716985065044       2.691793310142314E-039
  -15.4088467504099       1.570467596752362E-038
  -15.3180817139546       8.374650566999723E-039
  -14.9014302319692       3.858495297662758E-036
  -14.8466831587185       4.504237720931520E-036
  -14.7871137541515       2.079949671578245E-041
  -14.6603477393362       2.591331198247454E-039
  -14.6438985193191       2.006561141812231E-040
  -14.5142275208609       6.455447109286498E-045
  -13.9518624829166       9.243276155348989E-041
  -15.2896662773122       6.917027556284781E-010
  -15.2731962220983       2.549540134545860E-068
  -15.2363249989594       2.645996296808630E-009
  -15.2115803163930       4.985753756883690E-008
  -15.1940439328661       8.422989911850404E-008
  -15.1929779178268       6.186791742847146E-059
  -15.1660832517264       1.968111642298547E-063
  -15.1427455171449       1.108323984779474E-064
  -15.0530569770977       7.085334008392456E-068
  -14.6085401179435       2.865630371225262E-013
  -14.5904378064727       2.826278236507993E-064
  -14.5143274806417       1.090334880414209E-064
  -14.3736410470099       2.442057142504336E-010
  -14.3352041833086       1.037327932511648E-071
  -14.2369564103678       5.274953679119659E-070
  -13.6541465658372       1.771518216872929E-071
  -15.1766697661056       3.401131597777516E-008
  -15.1669710990044       8.279924628383839E-067
  -15.1423043636769       7.899673535453565E-008
  -15.1334275578454       3.023550360520136E-009
  -15.0944245728137       4.511870748927074E-061
  -15.0923039849396       1.237035614209485E-011
  -15.0735958973703       5.963273428746954E-063
  -15.0417103631177       3.459338406240213E-064
  -14.9546997500710       4.475161251722268E-068
  -14.5250369222714       9.272767953864609E-007
  -14.4928290230915       1.502270869151185E-063
  -14.4431227549951       1.580472333370812E-066
  -14.2758487054210       9.013019036271391E-012
  -14.2290577113112       3.165037438340341E-073
  -14.1472580711055       1.134794183597772E-071
  -13.5758639811636       1.239683369806006E-076
  -15.1431117849743       6.834453933138643E-042
  -15.1155747854131       2.371961566818136E-038
  -15.0895312424183       8.439964018705086E-042
  -15.0760446504813       8.891168407322666E-041
  -15.0674737256547       1.378577181157932E-040
  -15.0632794105092       1.994133846298388E-039
  -15.0341596589970       2.517848110568077E-038
  -15.0114561531008       5.763192255902125E-038
  -14.9387814992861       7.564125573503300E-039
  -14.4751589094532       2.486951874985157E-036
  -14.4599393848658       2.128959310231034E-036
  -14.3970159087447       2.122035420278065E-042
  -14.2302413808422       2.310581499936818E-040
  -14.1902751799458       1.281994755327949E-039
  -14.1201186833985       2.025417455629281E-043
  -13.5359353072079       1.654529417661336E-040
  -15.0090403113274       2.601860120130856E-039
  -14.9675571404359       9.343592470728473E-041
  -14.9440601447512       4.271518316012243E-044
  -14.9365452921518       2.231980678966896E-037
  -14.9246572031049       3.941656368667329E-036
  -14.9055119055564       7.330149712854701E-040
  -14.8955103333666       3.826353447987540E-039
  -14.8790518393324       7.697175782485317E-036
  -14.8025869133957       1.977132979714220E-041
  -14.3547079219056       3.928981871793146E-038
  -14.3208316640827       6.210350574331556E-038
  -14.2739482693070       1.406074452464699E-037
  -14.0661318221790       3.185541732506975E-040
  -14.0422373259148       7.862336105347280E-044
  -13.9799690305584       2.075522081818360E-040
  -13.3892261919884       1.444600183396544E-043
  -14.8294302501980       1.818967873308983E-040
  -14.7788902320341       2.230324952078701E-037
  -14.7787353179865       6.075047040959074E-038
  -14.7625332521405       8.164951271679643E-037
  -14.7605561439407       4.887934607188382E-037
  -14.7431508619830       1.304395995289348E-044
  -14.7108333278110       4.585343644258794E-038
  -14.6947279686759       3.968073836649521E-038
  -14.6245580342011       1.795371490942662E-039
  -14.1684764049970       1.829469401337755E-037
  -14.1509985215151       2.520170973063539E-037
  -14.1001129894688       1.349426129509901E-038
  -13.8969952945451       1.834546025862183E-041
  -13.8602809258260       2.140018915191449E-042
  -13.8014428225655       9.586850636804737E-045
  -13.2097134701436       1.533623702149253E-039
  -14.8685329179464       5.402803164045161E-041
  -14.8179707068464       7.011897063418718E-039
  -14.8132170419835       1.782889547555468E-042
  -14.7996533720324       1.482169129524609E-039
  -14.7647312655878       6.790310219317442E-037
  -14.7588516475537       2.038981856622256E-038
  -14.7571858241327       3.769872076298140E-039
  -14.7403259743038       9.987825537272513E-036
  -14.6524202130869       7.626387384719619E-041
  -14.2051128995005       2.961751658404469E-037
  -14.1654361595992       1.325968878033383E-041
  -14.1087311978970       3.625526781240392E-038
  -13.9289299699246       1.129302839399867E-039
  -13.9129572469719       8.715256031042887E-044
  -13.8275109715936       3.653011643915454E-040
  -13.2382272705915       7.724599060324167E-044
  -14.6564435152438       6.012288570406897E-039
  -14.6187374085346       7.552716728529529E-040
  -14.5887039312708       1.230374167943239E-043
  -14.5861448586240       8.887946797788159E-046
  -14.5834894260276       2.396024363563915E-037
  -14.5565840081099       5.799857982412810E-042
  -14.5437334795926       2.910594316682773E-043
  -14.5235130428909       8.774494771681504E-038
  -14.4510803211970       4.543080045511556E-044
  -14.0062590000369       6.737108855839325E-037
  -13.9808450550375       4.342376636297170E-040
  -13.9410158585709       2.643615508086168E-037
  -13.7095311553250       1.391812581942529E-040
  -13.6815945249783       6.620521309844897E-048
  -13.6314830098348       4.311991208802428E-041
  -13.0402956494969       1.019678358476485E-048
  -14.5748175417649       1.899726517051086E-044
  -14.5278950970056       9.600737772872340E-041
  -14.5154284838438       2.630797678524463E-039
  -14.5090902363615       3.840514972701722E-040
  -14.4943856700149       7.978849055164796E-042
  -14.4743698965501       3.787422381122872E-042
  -14.4673112269978       2.102485439834950E-039
  -14.4505538281641       5.550988956601062E-040
  -14.3653634192863       4.075021167711228E-040
  -13.9174340180495       3.253097052824619E-038
  -13.8896214856337       6.208410281172238E-038
  -13.8411018547124       6.328238497344432E-046
  -13.6356584295304       5.655917330791453E-042
  -13.6199092557972       2.278572952245057E-043
  -13.5428483045245       4.599203489415105E-045
  -12.9546839544062       6.264083113409609E-043
  -13.8336424618173       1.259076854402753E-036
  -13.7887493713828       9.030577485406213E-038
  -13.7809198895619       2.605576180848636E-036
  -13.7606441439106       5.235578508477002E-035
  -13.7531605012081       5.908915147897309E-037
  -13.7226934518310       2.543891200000569E-032
  -13.7225317627112       2.209446273690553E-032
  -13.6915413850959       1.578656162381263E-035
  -13.6039618170924       1.248225284544469E-036
  -13.1679638159760       2.931120785887103E-035
  -13.1280685893917       9.394362784139275E-036
  -13.0815089972026       3.705842350835870E-036
  -12.8951833789762       3.834491631990393E-039
  -12.8714605379872       1.224347083163974E-041
  -12.7988634811908       7.466695515218040E-040
  -12.2116920841825       6.685058220961648E-039
  -13.8251270605689       1.226158953837881E-037
  -13.7784356447522       2.475617460485747E-036
  -13.7706461695715       1.239174906429615E-036
  -13.7404229182651       7.168837918115195E-036
  -13.7379019702495       4.947672534318191E-035
  -13.6962645967210       1.273772042265584E-033
  -13.6883670442556       7.843915348186896E-036
  -13.6788238090677       1.887082668859385E-039
  -13.5806188678023       2.592481096994827E-037
  -13.1490026225002       5.017335518577724E-033
  -13.1205723621703       1.975819431305738E-033
  -13.0418917043908       1.933504283056994E-036
  -12.8776477634122       6.259392977105325E-037
  -12.8602700422892       1.758640453614195E-037
  -12.7696630569737       4.445331845941883E-039
  -12.1745480606959       3.064421417678186E-042
  -13.8100893796487       4.263606134381892E-009
  -13.8078813967330       7.957111913383092E-044
  -13.7180267890296       7.266508484236984E-017
  -13.6736873939507       1.805737573947376E-007
  -13.6339967613507       1.775660306603789E-051
  -13.6313724521120       6.137697285695835E-046
  -13.5733687120946       6.786153130185054E-015
  -13.5710727403738       9.255516655791296E-051
  -13.4347059988893       1.100673783461677E-045
  -13.0646157753696       9.972741949960679E-004
  -13.0515710267203       1.796257235939439E-043
  -12.9441578062840       3.790847894954278E-056
  -12.8482517401247       7.992467072354084E-005
  -12.8033490937567       1.235105113127183E-042
  -12.6415384418029       2.461037078799266E-052
  -12.0889537211844       2.619765975038542E-044
  -13.7394926089829       6.868638378001948E-025
  -13.6955999486374       9.451480838776768E-026
  -13.6547779259837       3.185005450303939E-025
  -13.6228874036813       4.023543987484895E-025
  -13.5934105691343       2.105103933893450E-031
  -13.5838246905551       6.006222643111419E-032
  -13.5480807808864       2.441508255341767E-035
  -13.5036864969046       2.327441229568240E-035
  -13.3499888718885       1.375396367849687E-025
  -12.9626962859125       3.875426329204910E-022
  -12.9348338635027       1.961271775424056E-023
  -12.8046350168805       2.958798964720429E-034
  -12.7682897760898       1.107633305273713E-023
  -12.7226186443874       1.705466040483319E-025
  -12.5151888327112       1.358221551792058E-033
  -11.9109946019326       1.122162671659505E-025
  -12.5799212353759       2.861726426213153E-037
  -12.5642441730506       2.730301635750276E-038
  -12.5400028048474       5.321773120611862E-042
  -12.5203094018872       4.191994689283077E-038
  -12.4826191329946       1.447208863656072E-037
  -12.4748228726908       6.362814279480119E-039
  -12.4715615561344       1.905015962086723E-037
  -12.4114329576847       1.029620275983374E-038
  -12.3142996621827       2.665967009294493E-039
  -11.9232566848505       2.208023105310154E-035
  -11.8683561030894       1.310988243685987E-035
  -11.8140364791748       2.474206981243588E-038
  -11.6685825330842       2.205240953474060E-039
  -11.6208184235726       1.246728792337598E-038
  -11.5223464157295       1.562610378674941E-040
  -10.9711364084527       8.864763278936732E-039
  -12.3791514036407       1.895764810764275E-041
  -12.3538224379829       3.868443774496243E-043
  -12.3181882969213       1.428772279211907E-038
  -12.3148539509277       6.693354994880435E-038
  -12.2671603137371       5.963135986246350E-032
  -12.2668467869181       6.380468685455460E-032
  -12.2366340781330       1.952887079230109E-038
  -12.2026111067579       1.425598187507437E-036
  -12.1368259446729       3.403818537403942E-041
  -11.7145217844760       1.161077991472275E-037
  -11.6693907191336       2.206981234881600E-037
  -11.5867844426323       1.630913324213985E-036
  -11.4542285104332       4.185310704054561E-038
  -11.4042669604557       2.801679176420257E-041
  -11.3168596397292       1.681138649074262E-038
  -10.7350825879963       7.132027150121085E-041
  -10.9097526126850       2.493699224151689E-070
  -10.8757982268820       3.992328099889407E-008
  -10.8458432414250       1.008670374234757E-007
  -10.7985122874321       6.066848477501930E-013
  -10.7842943282062       2.763658901614559E-067
  -10.7435075389930       7.936295402058906E-061
  -10.6991720981620       2.886604201476949E-013
  -10.6536940935430       1.440153575726565E-061
  -10.5150053907513       4.768864011614375E-070
  -10.1724015323307       1.835336503660365E-007
  -10.1325776813364       1.230384568835782E-066
  -10.0329636431985       1.370136967784526E-065
  -9.97158127388809       4.034498768765003E-007
  -9.93866420129936       5.914129550457259E-073
  -9.73841885933463       2.461588420691828E-072
  -9.20741000752949       2.931711362985964E-073
  -10.8648605015769       3.035574693036635E-071
  -10.8543551221033       2.402009467475635E-010
  -10.7603424579253       2.566357710154437E-008
  -10.7450238435039       1.936525547486300E-008
  -10.6974553192460       4.948453003795764E-011
  -10.6949705539217       4.138422285241724E-063
  -10.6775602790482       6.443267009968872E-067
  -10.6256189741647       1.394360049394428E-063
  -10.5390229453676       5.573621250287998E-069
  -10.1309925151139       2.723092165691990E-009
  -10.1028330067469       1.935354339836557E-063
  -9.98329830741347       7.610014380446856E-065
  -9.92928193940753       1.284720584031512E-009
  -9.86597646608720       1.057326896560895E-068
  -9.73166398273884       7.705459234368776E-069
  -9.16168686940251       3.665618534696121E-072
  -10.6893529993567       1.205651654038986E-040
  -10.6467754721416       1.733295826026018E-039
  -10.6021264417240       4.061571096395904E-039
  -10.5851216971613       1.531838676190482E-037
  -10.5524012335551       1.196870510542921E-039
  -10.5397804464610       3.907777461788368E-037
  -10.5220241292578       4.988470230821029E-041
  -10.4674170204763       2.701664738394757E-037
  -10.3431308195150       2.852460185075314E-038
  -9.97390197755489       8.304822610932668E-038
  -9.92731802481576       1.540555248554201E-037
  -9.82191408945005       1.503913257710383E-042
  -9.73825717105574       1.478123343811227E-036
  -9.73213658827353       9.221926054008785E-037
  -9.55226545566954       1.908967685550515E-042
  -9.00234361184175       2.430566106642823E-041
  -10.5594369610691       1.672119979295301E-038
  -10.5444599065279       1.075943976270123E-041
  -10.4490933515654       4.617426446177027E-040
  -10.4381027452478       4.642205693336014E-040
  -10.3792995575210       4.432605239959096E-044
  -10.3731857979669       1.675222876143074E-036
  -10.3668910898378       3.948180633680957E-036
  -10.3180546253159       1.152262451403743E-036
  -10.2142994856602       7.518097898004624E-039
  -9.82032329958342       7.936648175814753E-036
  -9.78909901196455       8.967898075772573E-036
  -9.67307656748393       3.957258717799654E-039
  -9.61753678396843       1.350963586247219E-038
  -9.55348575339603       3.636905978141532E-044
  -9.41153881579164       5.422983690375520E-041
  -8.84602523080318       1.334921254837957E-039
  -10.2768438567914       3.906230850238291E-038
  -10.2255273726301       3.129330636186033E-042
  -10.1963855963967       3.027625664061431E-037
  -10.1686888397533       3.585101557153853E-041
  -10.1610197873867       9.753819781075195E-042
  -10.1113451969822       5.142668426796419E-034
  -10.1023466172092       6.345857447590210E-037
  -10.0949568078895       2.962609788625885E-034
  -9.96609752559784       1.276046438715326E-041
  -9.57130218730934       1.815358299912078E-035
  -9.52588918656185       5.949662449137341E-046
  -9.41300621823051       1.418979310038528E-036
  -9.32681245702691       2.630966596230458E-042
  -9.31659265733206       7.718909943141693E-039
  -9.15774858809163       6.613420483827487E-040
  -8.58855704498079       9.587011555094986E-045
  -6.07535370861294       4.454959956052055E-050
  -6.04080663340745       2.102699612740716E-009
  -5.94712574697871       1.812614418398799E-007
  -5.93491719193905       4.993061476127344E-015
  -5.83787636465013       6.718975834707190E-015
  -5.83636139660991       2.917271689742697E-052
  -5.83217468954854       1.081587428873436E-055
  -5.76655938737117       9.157359930028101E-063
  -5.61943187976384       1.667905055820240E-051
  -5.31977399144013       4.225810390202005E-004
  -5.26135573430654       3.885046419291211E-050
  -5.14174368029967       1.576125845333966E-056
  -5.09929451525857       3.458946823850348E-005
  -5.01507431244179       2.670213249835327E-047
  -4.83691982869371       4.294079569408465E-056
  -4.29492031048291       3.167143434897804E-049
  -5.99152525749492       3.252870422327595E-029
  -5.94770852493495       2.932416386359509E-031
  -5.92364695684997       7.568992054812436E-030
  -5.86988703540997       5.122262567772787E-029
  -5.82276234208504       2.906619861018119E-037
  -5.80018737483766       8.456798094019573E-038
  -5.76258070737382       2.158921504033385E-037
  -5.75291035071255       4.159423967325948E-038
  -5.54195601153064       2.321724451749023E-029
  -5.18041838488368       9.992380847139241E-022
  -5.17994236331170       9.971006954608384E-022
  -5.01916584616717       2.714479550856799E-027
  -5.00006754661372       7.515611224813411E-035
  -4.94353464938595       1.334368900208894E-027
  -4.70896927980496       2.837809842118259E-037
  -4.10278556332735       2.695977528773772E-030
  -5.22622767636421       1.881567105824880E-037
  -5.21047347864178       6.564112667265586E-038
  -5.18207782167331       5.014924340353271E-042
  -5.14131361239597       1.024103855598776E-039
  -5.11674222186923       5.884215223494882E-037
  -5.09725366450991       3.007551875215004E-038
  -5.08094012277174       7.142000665730229E-037
  -5.02653033618607       8.918408017338835E-038
  -4.91032065402948       1.511915877266393E-039
  -4.56746310368824       1.528457103887645E-035
  -4.50312701653034       1.182249134040336E-035
  -4.42460225733029       1.023169296152058E-037
  -4.30779802335638       9.169351045151413E-039
  -4.25027029688892       1.324907203158584E-040
  -4.13793843166124       4.480526431273296E-040
  -3.60559577646987       2.953560002735487E-039
  -5.04354955155692       1.842861171086632E-039
  -5.00388681439062       3.768163518131265E-043
  -4.97465329491580       2.288185495724714E-037
  -4.96793399151877       5.313930279589773E-037
  -4.92128754355070       5.545007073812300E-036
  -4.91128912717498       3.593083063827391E-037
  -4.88589211255125       1.147611824157485E-039
  -4.85689480120637       2.046319657384118E-036
  -4.78103704268472       4.380994511248387E-042
  -4.36310826827793       2.557740319030862E-036
  -4.31672182425875       1.364029041662268E-038
  -4.22494824477780       6.883993590461690E-037
  -4.09836905026359       2.493401725868021E-039
  -4.06520757362221       1.208103959761883E-041
  -3.95405237787014       1.555924279894407E-038
  -3.36251720776942       1.140588650344414E-043
 -4.663004544664062E-002  3.605906661703486E-070
 -6.213570963698345E-003  1.368955358164990E-006
  5.494208983662929E-003  1.338567878625467E-006
  0.105284064897450       6.083512511727380E-067
  0.106450081422157       2.084669435444107E-014
  0.171109682419040       2.645305621214463E-059
  0.186217162224363       7.766233519744500E-013
  0.246058850221907       1.611274691151410E-060
  0.428238471660215       3.873680800987768E-069
  0.690727988501379       4.743980925308696E-007
  0.742475036793433       7.207059447245207E-062
  0.886188310377360       3.617803273654437E-064
  0.922840279962166       4.255575326089980E-007
  0.964347966583500       8.301776457605931E-067
   1.19667824869259       2.851065695544137E-071
   1.72275545187420       1.010964105852696E-073
 -1.261830274955145E-002  1.594057738164362E-071
  1.649821757326109E-002  1.086968979393779E-009
  9.891108077819410E-002  1.092456646476215E-008
  0.136948995784685       2.083390952941409E-009
  0.163968131795794       1.010804075400353E-009
  0.206659887344095       3.544498903718825E-062
  0.220930990805183       2.481682082399271E-065
  0.270292446710695       2.048036097882265E-063
  0.377840111398683       2.941296320922533E-070
  0.721585866385720       1.983713940913491E-009
  0.784101114611488       6.389261525561588E-067
  0.904901750288897       5.020535432512208E-062
  0.954059444340352       1.282450947573657E-009
   1.03348093332534       3.482875538840909E-070
   1.18662834621662       1.607734303463869E-070
   1.75684483896858       1.040236821811807E-074
  0.149567527066683       3.636469816000984E-039
  0.194012718481776       6.646130467489358E-039
  0.221985172012943       1.094642754238429E-039
  0.260459284890185       2.713055698824894E-037
  0.304999173111817       4.955434133246509E-041
  0.326359565121667       9.110049308762647E-036
  0.343176154244766       9.506503073149658E-045
  0.380341951728067       6.038523506270095E-036
  0.548833224786861       3.724113216261917E-038
  0.867683781012619       2.316254880422728E-037
  0.903446816423465       3.156692688132779E-037
   1.04447632210034       1.751420743057620E-040
   1.12169642765699       1.244443817737230E-037
   1.12828440790321       3.617219675869556E-038
   1.33673191739312       3.923640782869530E-042
   1.88337071684555       4.326292047495995E-041
  0.244127414719877       3.642564941746117E-040
  0.280452408040833       1.803832479480318E-042
  0.366928284524121       3.988459576923387E-045
  0.398762138550460       6.598032527025641E-043
  0.444567567621018       4.141387121044975E-042
  0.485304355454286       3.863555394067904E-037
  0.489741911131151       8.263967920189167E-037
  0.542861715718217       1.954099927528736E-037
  0.664061037900492       2.187465545071563E-038
  0.989247700528864       3.640977604006050E-038
   1.05532601432151       6.322332549636262E-038
   1.17798741963328       3.779903988772790E-040
   1.21969448149870       3.988455021909560E-040
   1.30429407269221       1.133633580430557E-042
   1.46540797617767       1.132920316397637E-041
   2.02838343322539       2.945912093828784E-042
  0.503625361469787       4.510703711723006E-040
  0.554986091378421       2.575557413163984E-042
  0.578389117425871       4.071069293590404E-039
  0.623798108640155       4.577420226588603E-040
  0.625574524754423       9.176050445172859E-042
  0.682199824024142       2.305195759845559E-034
  0.683094909282872       1.971865988175248E-033
  0.693274367186724       8.673241426518114E-034
  0.844476568024056       2.105973808025724E-041
   1.20404817524503       4.439823096418046E-037
   1.24635846834734       5.701909076519624E-042
   1.37012701109311       4.728046246489481E-037
   1.47348714005302       1.918610866538974E-038
   1.47392473114325       8.994259997334260E-040
   1.65014572447783       4.374578485631024E-040
   2.21395752465500       3.794344533358112E-044
   16.3073697934264       3.267121920839345E-040
   16.3156238056973       1.537004011500608E-038
   16.3653331903595       1.410954101236422E-038
   16.4452946009075       4.453321260815062E-042
   16.4720241136042       2.846670592126599E-039
   16.4869763926464       5.601042059726953E-040
   16.5075323313611       1.710894947297587E-038
   16.5596348794904       2.338245556319881E-041
   16.7309634756116       3.871590049747982E-042
   17.0419573439840       1.913076309503052E-035
   17.1019872339459       2.422092856880456E-035
   17.2425593719887       2.813435805205878E-041
   17.2814393553221       1.683231129010335E-036
   17.3218012983960       3.336688813657975E-036
   17.5293828778214       2.700956277721245E-041
   18.0861367207704       2.879182035983043E-038
   22.8061331057825       8.795948921355772E-077
   22.8484259537146       3.588590321580064E-008
   22.9289104593729       4.891097725313890E-007
   22.9947695763018       1.520095193036311E-016
   23.0709634378589       2.385605508567570E-068
   23.0738103458180       3.251887410252851E-015
   23.1008464015573       2.844962015074293E-059
   23.1720752162591       1.743752229243897E-063
   23.3576391673017       1.396209092454796E-071
   23.6009444563280       7.233396447845504E-005
   23.6753550427650       5.234346689714841E-065
   23.8175916629386       2.260197661050385E-005
   23.8341138800538       2.203012486523518E-057
   23.9089550335636       7.841019484959698E-071
   24.1371115807485       1.151997270297188E-066
   24.6752664953475       1.429961726346993E-076
   22.9002840054345       1.156360146160856E-038
   22.9389641854487       2.351544279029287E-039
   22.9773377247934       7.674616927071026E-038
   23.0441144994331       7.210163650300419E-038
   23.0745392621419       2.308202745097185E-038
   23.1214090050406       2.731111947361132E-038
   23.1355452132861       2.522369914043076E-039
   23.1967275565167       5.699954906729365E-038
   23.3994735739946       6.033869710126498E-042
   23.6490591292233       2.411299280913601E-033
   23.7132945294378       3.953097090901251E-033
   23.8742977331528       6.127514560931143E-038
   23.9069251089248       4.212986990302838E-033
   23.9171914399045       6.171507874410809E-033
   24.1756957203849       1.550857259548749E-041
   24.7075843062025       1.474134324011070E-037
   22.9358756892605       4.330706620372261E-042
   22.9597875275574       1.774507253902579E-043
   23.0181430804843       6.906183007780645E-038
   23.0692598367736       5.198404231196140E-039
   23.1265128666205       6.363115520559430E-040
   23.1327852267108       5.233523857320648E-041
   23.1429181605679       7.190293559609435E-037
   23.2034896589321       3.998845084982928E-036
   23.3420070830926       2.772017394097758E-042
   23.6661588533977       1.156892970978867E-036
   23.7341672048102       1.945571014502904E-038
   23.8846037476991       1.194118972345179E-036
   23.9238345789613       7.233370641717058E-037
   23.9686559970708       2.376378626701025E-039
   24.1544803740693       3.913114772655492E-037
   24.7300686339858       7.865275263074502E-043
   47.9032550472001       6.128930176971134E-070
   47.9151361845450       1.642495375738296E-008
   47.9670306715074       9.616572326498888E-009
   48.0830927219920       1.101165046113234E-013
   48.0900189796362       1.975128776101663E-067
   48.1450190634799       4.867038022919358E-013
   48.1578584037822       8.625043532638258E-060
   48.2287480750433       2.919635961505594E-062
   48.4440239603397       3.232066044921963E-070
   48.6433930712784       1.236520801614339E-007
   48.7125496639631       1.663076962142395E-060
   48.8917095181677       8.523452612050947E-061
   48.9061035955773       5.789973106983145E-008
   48.9592706104960       1.791655811544646E-067
   49.2177451754937       1.347082810463491E-071
   49.7505750144505       8.202086573684675E-072
   47.9242370576683       7.376039041790625E-072
   47.9448378762419       3.566760344382498E-010
   48.0257444621567       1.250905444368246E-009
   48.0936318098581       1.429917809902623E-011
   48.1259915314798       5.489628601342665E-010
   48.1747457371144       2.003352397894236E-058
   48.1791226399472       1.393458682979318E-056
   48.2480526636094       5.944750557357110E-060
   48.4024228975746       9.470094611885906E-067
   48.6632323220666       5.024614705554737E-010
   48.7484239642268       1.755101548371260E-059
   48.8957715023387       1.949396836908344E-059
   48.9258356532948       2.351754239806700E-010
   49.0088051138449       5.650520761827243E-069
   49.2070070624671       7.701863178163602E-066
   49.7733468442594       1.143627979466056E-071
   48.0222607940499       5.023406006052919E-042
   48.0649780575538       2.473546128623026E-038
   48.0946166602358       4.577071870046106E-041
   48.1743059287219       1.948878705547807E-041
   48.1984336568314       3.627583927687706E-041
   48.2460933500525       4.897918807917956E-039
   48.2546114949384       1.655668172185681E-044
   48.3025138514558       2.380554947617493E-039
   48.5125819146497       1.314083697466982E-040
   48.7590051124890       6.652785577779081E-037
   48.8067870001962       7.675556753093288E-037
   48.9828577919016       5.247812468197253E-045
   49.0376958713415       5.596841409542124E-038
   49.0505084998541       1.005952072682680E-037
   49.3003749493817       1.689704139227811E-045
   49.8474145411578       3.015782870667465E-042
   48.0726441257297       1.814434558037508E-043
   48.0998731456521       6.533426755721347E-044
   48.1800850813982       2.426747382475941E-042
   48.2502029754067       9.838697839664819E-044
   48.2875818779773       8.022957581804267E-045
   48.3329947754577       1.891003543710125E-039
   48.3411549568098       4.401079696928548E-039
   48.4108560626100       1.052534977558041E-039
   48.5717841244835       5.785393757591654E-041
   48.8197667689703       6.675170980807075E-039
   48.9076139946307       9.453784668086997E-039
   49.0579106847258       6.759283834724414E-041
   49.0801528846094       7.583235205899957E-041
   49.1675726388132       1.753453194278430E-043
   49.3715538773912       1.416314063727743E-043
   49.9330472911434       6.108639885209653E-045
   48.2413997485358       2.665074791393921E-037
   48.2905910443714       1.331139951530024E-045
   48.3217203194075       2.555657702245214E-036
   48.4006397179626       4.103780688490961E-041
   48.4041214855609       5.150380604258580E-042
   48.4564495591062       4.044698312359249E-034
   48.4588674618629       8.800711178268269E-038
   48.5027061254932       4.978014680515266E-034
   48.6911951448350       3.345184101226133E-044
   48.9718139490424       4.177809526855250E-037
   49.0215831794097       2.268789913055587E-042
   49.1837011802733       2.899005149057374E-036
   49.2547002507588       1.917026703059172E-039
   49.2690798880428       5.346123638013896E-045
   49.4940521484440       2.541900307651908E-039
   50.0567061459374       4.101589886991910E-043
