                  1200
  -19.1062793668898       1.131042577231605E-040
  -19.0594508275515       1.132770525423072E-032
  -19.0562345359018       1.614258854063465E-039
  -19.0416083745676       2.958768541456715E-038
  -19.0122223749715       5.203686699149868E-037
  -19.0039415748515       9.436490135349328E-041
  -18.9819714565783       7.546818752576429E-033
  -18.9579763176402       2.280118546358317E-038
  -18.8708474966497       1.390999411064056E-033
  -18.4265463829979       2.187113955063363E-040
  -18.3842321208453       2.252266520001863E-035
  -18.3339420594675       2.051361800422003E-039
  -18.1595797794194       5.087869395888118E-044
  -18.1254315095946       1.758654726692792E-036
  -18.0426667284934       8.236144445793982E-040
  -17.4524707481151       1.087563598362984E-041
  -19.0455574444586       9.534058822763975E-038
  -18.9840154739466       1.333158726801785E-036
  -18.9695703918705       1.999166551582869E-033
  -18.9688157368267       8.984920219970414E-033
  -18.9242761021690       2.008969588498453E-032
  -18.9081948997105       6.619287264777562E-037
  -18.8858199917139       2.508326741374856E-037
  -18.8515970347429       3.019006807984701E-036
  -18.7755152437403       2.086012302155863E-037
  -18.3720968641132       7.053862709099472E-042
  -18.3374517032749       3.100042843408610E-042
  -18.2318133351255       2.041539472954608E-037
  -18.0873726249330       3.608399874286789E-038
  -18.0589119309033       5.329690490800701E-040
  -17.9546044131609       5.356713669760873E-038
  -17.3798145842572       2.908844925416286E-041
  -18.8336439928446       7.225159281392432E-038
  -18.7781678540917       1.015814006101165E-034
  -18.7733416695098       8.761563081804196E-035
  -18.7584246778418       5.320992136017173E-034
  -18.7126213606166       1.764825836007838E-033
  -18.7014779468051       3.138611068983021E-033
  -18.6955209098916       4.540077499889773E-035
  -18.6724524714203       3.276884315724587E-035
  -18.5861451537440       4.048904918309115E-036
  -18.1696411247893       1.667874294534402E-040
  -18.1217887467371       2.091357611595007E-040
  -18.0423548048733       8.346105401646704E-037
  -17.8862416082269       3.892596324260112E-040
  -17.8614985644690       3.610537399911622E-040
  -17.7644630799937       2.276518406759234E-037
  -17.1837064549953       2.799390806988596E-041
  -18.8008532019453       2.898101707073157E-038
  -18.7663951762424       1.678275939469069E-032
  -18.7544253724892       4.171019576802239E-039
  -18.7448883194612       1.127251469452672E-035
  -18.7091697527099       1.043477607343125E-036
  -18.7000313722011       1.441726064560528E-033
  -18.6866503845998       2.177699106811097E-033
  -18.6681259142635       5.954431877314896E-037
  -18.5873645545039       1.018992289098225E-034
  -18.1392303230995       1.993662536618730E-036
  -18.0920933269949       1.398743438160300E-035
  -18.0386900408880       1.189112445738071E-038
  -17.8755642901108       1.024685552728522E-039
  -17.8388524487623       5.220095496590671E-037
  -17.7642072406102       8.718288694154437E-041
  -17.1767080080248       2.359716162447850E-038
  -18.7929554446059       3.995403066783942E-039
  -18.7471871408657       3.608543177981626E-033
  -18.7298195060293       7.807571697904572E-038
  -18.7105062856087       4.862458016982509E-040
  -18.6867804248672       2.007121608372717E-037
  -18.6714715439624       3.659610725218571E-038
  -18.6689174602625       8.246417712437457E-033
  -18.6126134553863       8.496423749680976E-041
  -18.5235863746505       1.226141381317910E-034
  -18.1210857462077       6.196947761515461E-038
  -18.0609803533697       3.691414197718210E-035
  -18.0135654113617       5.485075033982945E-040
  -17.8410675607979       1.038389349269028E-040
  -17.8234401710944       1.695429953465964E-038
  -17.6995750709485       1.181455581836987E-040
  -17.1132557061875       3.419149672782825E-039
  -18.8206891106033       3.252359014174552E-005
  -18.7709453294139       1.145071638133386E-067
  -18.7553815658509       4.993932024840332E-012
  -18.7347350634608       6.067312663469236E-067
  -18.7054640327332       1.646429486143363E-005
  -18.6947972125080       5.451841802812515E-067
  -18.6612268508872       1.615761176150253E-069
  -18.6381050240239       7.769481749438112E-013
  -18.5534657807067       1.422496018841093E-067
  -18.1277263970907       2.007792417026457E-063
  -18.0961094061720       8.835442873454995E-008
  -18.0511214459249       1.133896257429539E-068
  -17.8615945382448       2.714799310970598E-010
  -17.8527797500175       3.014782698260301E-068
  -17.7363524021055       5.812569922393473E-070
  -17.1581355346389       1.142435614444864E-071
  -18.6514207964770       5.500769202236954E-042
  -18.5813491103608       2.845362088318020E-038
  -18.5669786112952       8.817680129207963E-033
  -18.5515538206663       2.014414769044934E-036
  -18.5228850390261       6.328181151786842E-033
  -18.5025850340663       8.277944998035176E-036
  -18.4714245242332       3.852436478551485E-038
  -18.4406429597035       4.256452595573304E-034
  -18.3491540208608       1.178786887572563E-039
  -17.9545253311415       2.128585151415593E-041
  -17.9327187233101       3.272507148752855E-041
  -17.8040637121502       1.255622425211584E-036
  -17.6749724070388       2.941516893975111E-039
  -17.6616606168558       8.381861590421262E-046
  -17.5255808289050       8.890130992398581E-038
  -16.9471478340953       2.390391091847080E-044
  -18.6228749959758       1.271965025380216E-044
  -18.5642271128764       7.869948260824932E-033
  -18.5549905974369       3.152382623954306E-041
  -18.5535751650173       7.829360201771522E-042
  -18.5186727309177       3.146491910517316E-040
  -18.5030491430104       3.094525320504287E-034
  -18.4983335416966       1.521206435160935E-041
  -18.4683373186522       4.919746853215963E-040
  -18.3636163477127       3.061748120001260E-033
  -17.9436871956176       4.021461903162481E-041
  -17.9099345273555       1.155075145726403E-037
  -17.8425166752512       9.175926220923059E-041
  -17.6664356514118       8.635454620202004E-043
  -17.6504994057986       2.833551495699805E-037
  -17.5428008091756       2.404580679494875E-040
  -16.9611101332236       8.034351873445404E-039
  -18.5584081541879       2.118316574241896E-012
  -18.5069879437372       4.096473594574703E-065
  -18.4885785750991       3.835904315146854E-007
  -18.4868037584266       3.856634408514869E-010
  -18.4729425653711       2.955933479839548E-061
  -18.4562822320368       6.714019098954929E-008
  -18.4298684355796       5.442713758531685E-063
  -18.4027314146601       1.578446927365229E-065
  -18.3278045100019       3.073571792464178E-066
  -17.8927003783501       1.276506934588708E-012
  -17.8753989063059       5.375860094106035E-068
  -17.8052657463992       3.944014240501583E-067
  -17.6192384707115       1.788029252552780E-012
  -17.5806442314317       2.478696473017328E-068
  -17.5080206221966       4.036090451961138E-071
  -16.9243541283217       2.252658761379702E-074
  -18.5397984416691       3.688469950699889E-044
  -18.5106398047897       4.321898466889096E-036
  -18.4815970778619       8.047651732208761E-040
  -18.4810408115979       6.078136243537748E-038
  -18.4384088691201       5.112065631274504E-037
  -18.4284696303713       1.336817569241441E-044
  -18.4044750817711       1.414604932752126E-032
  -18.3718308371492       3.363472999888025E-038
  -18.2729469803423       2.949603587469537E-033
  -17.8612155616999       2.951784901831951E-045
  -17.8228441482882       5.163511590176872E-041
  -17.7608329352474       4.023565179712710E-045
  -17.6002227338338       2.179961464576496E-043
  -17.5570016403320       4.925202143809841E-037
  -17.4527761468297       1.208776441186937E-040
  -16.8724520577584       3.516766116287682E-041
  -18.4394459338497       1.234670286261334E-013
  -18.4029394971744       1.098982526875231E-065
  -18.3897116412047       1.049495641738239E-008
  -18.3854453645392       1.201369830237040E-004
  -18.3559967605556       1.658252347664639E-063
  -18.3361609000257       2.760369627015785E-012
  -18.3216358418783       1.426603400359809E-065
  -18.2913501569916       2.474462490988982E-068
  -18.1969097440311       5.095662049853681E-068
  -17.7803539605165       1.956147059524135E-011
  -17.7499975648510       3.085081876192462E-067
  -17.6959765869061       5.501746844340172E-064
  -17.5071465080382       2.427483377821128E-010
  -17.4755956061296       1.712308305427393E-069
  -17.3786853793916       8.833073876323531E-070
  -16.7985822470518       4.853605023523390E-072
  -18.1595159275005       1.761334691557473E-041
  -18.1030172583985       3.218185408477768E-039
  -18.0807450968097       3.376810726136059E-037
  -18.0769924864580       7.240549461852035E-034
  -18.0736099849681       6.974014096139364E-034
  -18.0357495130303       4.753402658338278E-039
  -18.0238017930104       1.730971004570350E-036
  -18.0047959776933       1.595992450357137E-039
  -17.9179556353149       7.815253107486510E-039
  -17.4926360906960       3.413885206335323E-045
  -17.4706017403090       1.330129667382110E-039
  -17.4110229801677       8.542362469665140E-038
  -17.1925876596966       1.266093241465324E-042
  -17.1725952914894       2.537650849109848E-041
  -17.0904186885468       1.527650042065940E-039
  -16.4983963070518       3.959762439218736E-043
  -18.0638578868357       1.073227300252974E-045
  -18.0253181859192       1.987150136463525E-032
  -18.0115979196828       1.526235060243642E-035
  -18.0081720271262       1.247759773276076E-034
  -17.9783880787860       3.067100130143177E-036
  -17.9694753552919       2.900678118471825E-036
  -17.9491788484909       5.961213412512995E-033
  -17.9248347372173       2.910887587436368E-036
  -17.8361964403128       5.111140245796997E-037
  -17.4001873329743       8.982465312942800E-040
  -17.3710648919658       1.398837205141796E-035
  -17.3152687875088       8.385131996090103E-037
  -17.1328689705911       7.590473737899389E-042
  -17.1000788977379       3.511689048893960E-039
  -17.0150864014416       3.036640784048015E-039
  -16.4303575062388       7.609661807765259E-039
  -18.0276435240062       3.603661610407493E-036
  -17.9744715692599       9.632858529976635E-035
  -17.9701225841583       9.420777024246788E-036
  -17.9572593736822       9.836425123967264E-033
  -17.9114301435266       2.441100033575153E-032
  -17.9025847132815       1.748222019782409E-035
  -17.9024216086530       7.661497291750531E-034
  -17.8727051231296       1.325025711214986E-033
  -17.7890997894553       1.740338095765466E-039
  -17.3657593350814       4.140950261728702E-041
  -17.3206311580697       6.430435199385888E-038
  -17.2481149137276       3.301482456750520E-038
  -17.0837779602464       4.748037796854112E-038
  -17.0542371052824       9.006551897749519E-040
  -16.9674987206214       3.099733642517078E-038
  -16.3850643283196       4.907775403084138E-042
  -17.8078801766602       2.516461264398518E-065
  -17.8046665804087       1.191284281967641E-006
  -17.7873259356575       3.336729045637273E-004
  -17.7688774762371       8.229801647007020E-010
  -17.7339756070195       2.189866438835885E-065
  -17.7184253169912       1.674471075095784E-064
  -17.6988772341397       4.795983525939382E-011
  -17.6617622698826       3.466217828669083E-066
  -17.5575199310614       1.422757167275243E-066
  -17.1401503041189       3.126922817249914E-012
  -17.1142392068612       1.273072145537195E-064
  -17.0569479267173       2.069827813492354E-068
  -16.9023793834441       2.013395286698379E-010
  -16.8778561906074       5.176244634209609E-071
  -16.7473086802447       7.336816748336043E-069
  -16.1781470154294       3.380391561766892E-073
  -17.8266542321910       1.892098752142364E-008
  -17.7920449057462       7.201860512607918E-064
  -17.7536699174386       2.148145386903852E-006
  -17.7176090600773       1.757182319659892E-008
  -17.7173267009835       5.023099290975534E-058
  -17.7038087742959       2.828957673733011E-007
  -17.6946284264403       3.608811975647788E-061
  -17.6561699554610       4.996412233423030E-065
  -17.5563086272147       9.304085391249827E-065
  -17.1201744116290       1.500216955717251E-014
  -17.1201372329834       2.257846190915431E-060
  -17.0155834707354       6.789669758667197E-071
  -16.8849558577344       2.905556271068248E-011
  -16.8624028016236       8.415854622334052E-069
  -16.7361427353017       5.636225799716980E-070
  -16.1536727691392       1.698928287710087E-070
  -17.6337123824579       7.179277734690285E-040
  -17.5826989353038       8.900820720859095E-040
  -17.5734212839022       1.455674718877450E-033
  -17.5615036782599       2.504026654185832E-034
  -17.5380490349648       4.533585250929351E-034
  -17.5221698183311       8.555380396464566E-039
  -17.5104239147323       2.255292686173447E-032
  -17.4874326314052       4.358969297598179E-036
  -17.4105260302509       7.148083774427766E-037
  -16.9737755495925       4.826824709570402E-040
  -16.9374498589064       2.419457165149170E-036
  -16.8771407504819       1.345334319989114E-040
  -16.6888322775268       2.389023149850695E-041
  -16.6580325427350       1.476493258621207E-037
  -16.5879390181196       3.518424289036470E-041
  -16.0004880379096       9.973118223114460E-041
  -17.6030841384365       8.088627063449612E-039
  -17.5403765041059       7.586061798028503E-039
  -17.5402204298300       1.421348116754547E-036
  -17.5258950765384       1.319930573685295E-034
  -17.4961725560901       1.047744188943187E-035
  -17.4788936084163       7.707113572328185E-038
  -17.4694900108607       5.309441620236185E-035
  -17.4443274600396       2.728988001920580E-034
  -17.3530019697652       4.069153935910483E-036
  -16.9364024512343       4.320480260894365E-041
  -16.8995407930088       3.075432884196427E-040
  -16.8307534643915       4.262815349534365E-037
  -16.6482331653366       8.062159644387970E-040
  -16.6227710816040       6.167072467958390E-040
  -16.5305344590823       5.543388838359588E-038
  -15.9453430354837       4.011253974352883E-043
  -17.6523290036327       1.727271712017876E-039
  -17.6021522542698       1.634761547191846E-032
  -17.5764129504419       8.559074827492548E-037
  -17.5713908326269       6.978241952742370E-038
  -17.5415600617761       1.060145611478356E-032
  -17.5310568956646       7.853005371096345E-036
  -17.5228640719727       1.728020161996184E-038
  -17.4905430996198       2.269477453906233E-037
  -17.3858297095209       2.501438096426587E-033
  -16.9672098992602       1.607452434799301E-040
  -16.9208658444526       9.254090293498928E-037
  -16.8515056684664       1.005284829920978E-043
  -16.7024677420496       5.597976678044161E-042
  -16.6982018718024       3.906898530981330E-039
  -16.5687072935410       1.854451537281404E-042
  -15.9903418143383       5.214887297338206E-039
  -17.6335506892624       3.907755879392278E-032
  -17.6292832336139       4.032234729886520E-041
  -17.6132312011379       8.858291605126313E-035
  -17.5734029232448       6.453108649558200E-040
  -17.5423801162426       5.903262222011458E-038
  -17.5412917410380       4.370111725205767E-037
  -17.5270770684661       1.093930950394465E-037
  -17.4907284719328       3.269152212768006E-038
  -17.3769371480056       1.130591714430235E-033
  -16.9531654904268       1.522706448207320E-041
  -16.9278948444288       1.286885012720277E-034
  -16.8547223780005       7.445962260441713E-040
  -16.7212334623826       1.183674903466663E-039
  -16.7086468126762       9.166451073226041E-038
  -16.5600811700738       5.666580841151911E-043
  -15.9805271222174       1.372684693297952E-040
  -17.4007958023257       2.373289098740335E-040
  -17.3394930879409       2.372129011492940E-036
  -17.3280022947155       1.103524956374801E-036
  -17.3077581666172       2.109721726101204E-039
  -17.2705195792029       7.043985334585287E-036
  -17.2687138698342       1.991072668594889E-038
  -17.2305507172460       3.105675610384003E-036
  -17.2176689604547       3.016156919597744E-038
  -17.1127551576285       3.926966807783629E-037
  -16.7036771920490       1.020123536138398E-041
  -16.6780244406055       4.959661547208774E-041
  -16.5579597147819       2.994524951599557E-037
  -16.4352257201774       1.078352326623733E-043
  -16.4331275996126       7.842635158360480E-040
  -16.2874710952858       1.936426742700564E-037
  -15.7042341332843       3.575591535694280E-043
  -17.3970306421326       3.688821294860951E-005
  -17.3589458728717       3.360131310936579E-071
  -17.3181146950608       6.151920186033403E-012
  -17.2596550688472       1.082144041848419E-062
  -17.2448636021693       2.165587657639893E-065
  -17.2331553385618       5.196175496188570E-005
  -17.1973434681852       5.987101404083453E-069
  -17.1466801816443       3.608924816745395E-012
  -17.0740049544174       4.590723232420849E-070
  -16.6634092576535       7.363834704779344E-067
  -16.6379090004460       5.674070675813861E-008
  -16.5697078441932       2.458049884824777E-066
  -16.4191588286026       2.140965784666269E-007
  -16.4108568421833       6.038686886287895E-070
  -16.2689809187510       3.324612564944427E-069
  -15.7041504080173       1.475587899953596E-069
  -17.2016494307239       2.285472031356090E-038
  -17.1815828268435       5.041668257484424E-033
  -17.1486842797198       3.741567876210625E-036
  -17.1037669723127       8.360672954546754E-037
  -17.0910705591218       2.455434276674256E-032
  -17.0751977367983       1.307190364400086E-034
  -17.0695871876517       3.383462927610724E-036
  -17.0132750637864       1.046768947018959E-037
  -16.8892548492833       1.196998573556195E-032
  -16.4776159749266       3.276166757637777E-037
  -16.4276588714659       1.628480901254460E-035
  -16.3426270948463       7.368438170174216E-043
  -16.2402995560060       1.122932786973806E-034
  -16.2400773853553       2.695757231494682E-035
  -16.0578016047007       5.464323823247012E-040
  -15.4639013661817       1.159632761695457E-038
  -16.6673452598502       2.103489100183786E-036
  -16.6413337473662       2.089213108966521E-032
  -16.6152229893776       4.986795956957329E-035
  -16.6103331584948       5.601049937900786E-035
  -16.5720142984457       5.710364167887005E-035
  -16.5685425469905       4.000961590443922E-034
  -16.5672451957415       4.994088815533250E-033
  -16.5071335519768       2.222259751792207E-035
  -16.4226753671837       5.571377828924150E-034
  -16.0038767255928       4.404625042461604E-037
  -15.9479794187959       6.373252720046267E-035
  -15.9072548867752       5.827046900952538E-039
  -15.7481137522101       5.860278229499303E-039
  -15.7124767100245       3.844046864141899E-036
  -15.6153620994797       2.303652847368935E-038
  -15.0489929125008       1.422452798620793E-038
  -16.5151795871688       4.329729003900695E-037
  -16.4752629450965       1.896602868078577E-034
  -16.4588981159170       5.712656949093366E-034
  -16.4538741010914       1.407629037526250E-032
  -16.4046842555456       1.924086614851320E-032
  -16.3910949937260       1.367611829721456E-033
  -16.3872886019391       1.442334944983017E-036
  -16.3482953837031       2.707470427208678E-034
  -16.2799456314508       2.866180941829630E-036
  -15.8508714430831       1.678916474100031E-042
  -15.8083204560972       3.040100627175550E-037
  -15.7227558818075       9.418899841402627E-036
  -15.5829020362187       2.629175028643877E-038
  -15.5484027591889       9.566931568235691E-039
  -15.4586337466945       2.532688173269422E-037
  -14.8786001105299       2.722287321052807E-040
  -16.2345198438195       4.698153828277618E-013
  -16.2004511839561       2.604034762461453E-013
  -16.1786650683804       1.254042250054008E-062
  -16.1706283956705       2.630113132791842E-054
  -16.1682654441668       9.127128272306921E-005
  -16.1512302675951       1.441824555432043E-008
  -16.1215255173707       7.395332270059222E-064
  -16.1101744915457       1.356534530052810E-064
  -16.0409499072676       2.337158907985062E-067
  -15.5856836198061       6.566127134261739E-012
  -15.5593072816766       2.532055190665385E-065
  -15.5227797106046       2.307887158845650E-068
  -15.3013811179243       4.036787423965583E-010
  -15.2685431003967       1.624929983866186E-070
  -15.2168766695762       1.606594552092026E-069
  -14.6212558907679       1.274311931026297E-070
  -16.1714791959558       1.361305470822884E-042
  -16.1345019965252       5.218539890939541E-042
  -16.1115288175369       3.839574674270007E-033
  -16.1032934533467       2.818780847450044E-033
  -16.1024010008546       2.777815760303599E-033
  -16.0809515720030       7.329654222384352E-039
  -16.0555503109520       8.171531157090677E-033
  -16.0401576716046       9.345041527889199E-038
  -15.9694920152353       1.305559535485597E-035
  -15.5213251984431       2.268567104528699E-042
  -15.4937801322285       7.638882728563937E-038
  -15.4543099968737       8.239829001968618E-039
  -15.2332622991643       2.126902093273546E-040
  -15.1995854884681       5.074297751629628E-039
  -15.1471392012598       3.111342894321908E-040
  -14.5545590084923       7.629642604080877E-039
  -16.1753135363805       1.550301383406149E-013
  -16.1283303713669       1.058013267599857E-062
  -16.1243596038318       2.131012793162423E-007
  -16.1217826503621       9.573083695450731E-009
  -16.1013220681157       2.407903056476865E-059
  -16.0899510096990       1.561606121209578E-008
  -16.0750979620758       1.339144354806748E-061
  -16.0472372352349       2.730160625799406E-065
  -15.9765682984270       4.006564418565982E-065
  -15.5237979033727       1.235921563370397E-012
  -15.5031435975838       6.921263821816443E-066
  -15.4487849355537       1.984327120802414E-067
  -15.2524361426320       7.401413903466149E-012
  -15.2168532215189       6.831039605260625E-068
  -15.1631950779238       1.205003531941594E-069
  -14.5804732972594       3.560162699723159E-069
  -16.0425955304294       1.198744082203742E-039
  -16.0041187609798       2.167602183026966E-041
  -15.9741026721336       8.762067335256243E-033
  -15.9737928823354       4.254268500825797E-034
  -15.9699026113433       8.688457631790817E-033
  -15.9441034247995       2.924962846616507E-038
  -15.9290206098747       2.455027284133101E-035
  -15.9120025673786       2.422320171397998E-034
  -15.8388246802487       1.708145833067183E-037
  -15.3914811629157       1.764024992429633E-042
  -15.3663520109379       1.114156267522522E-042
  -15.3250791178137       2.006998774982964E-041
  -15.0968177150123       2.096251829985961E-039
  -15.0701002646480       1.796733292278562E-040
  -15.0165719173335       9.190747387924329E-039
  -14.4240693068188       1.757110444511697E-043
  -15.8172139851009       7.631958931786377E-045
  -15.7753511950387       1.584488891044019E-040
  -15.7505596779729       1.059332678270583E-035
  -15.7459437719409       3.687716219799750E-033
  -15.7402010554374       2.231156510897724E-036
  -15.7171125594358       7.402529480439852E-040
  -15.6993795400485       2.046922254080414E-032
  -15.6867738786482       2.205336728103458E-037
  -15.6197753833746       6.408726913943954E-036
  -15.1570169025934       3.506871781472009E-042
  -15.1373699598399       2.938202000501991E-038
  -15.0869570945089       5.815417726669611E-041
  -14.8691792816858       3.845571635977860E-042
  -14.8464031025480       4.565935786934242E-038
  -14.7908715745682       4.650609730024208E-042
  -14.1906299744289       2.894706302855940E-039
  -15.8488804225983       7.932713991710220E-009
  -15.8229319583103       1.581376720844438E-062
  -15.8109794286422       3.677449928300628E-004
  -15.8081329156227       6.445622505185030E-007
  -15.7748890276029       7.268842554442336E-057
  -15.7679934828762       1.033237009356208E-011
  -15.7549110725518       1.762205172164355E-061
  -15.7235635661330       3.414801633315830E-061
  -15.6391190113412       1.872410004832466E-065
  -15.1997145575956       9.950310145507027E-010
  -15.1691176094432       4.070318919337739E-066
  -15.1252271046529       7.231333941155415E-065
  -14.9384171325051       3.656415727725200E-010
  -14.9026333634048       1.005674127548167E-067
  -14.8264508454057       2.105142949237526E-068
  -14.2503823670242       1.922838997319072E-072
  -15.8415436087689       1.364878267521477E-036
  -15.8121401428814       9.027598004700178E-038
  -15.7721936572452       5.705937988438910E-035
  -15.7689040914974       6.600473384927238E-032
  -15.7669918572867       3.739331168022757E-032
  -15.7419460594542       2.011491921332837E-037
  -15.7353108411378       1.756664657064605E-035
  -15.7214356040602       5.011692688371323E-033
  -15.6581525382404       1.439878178561224E-039
  -15.1919206814082       4.623110466175314E-040
  -15.1606079108253       4.559804625473261E-040
  -15.1184737582721       1.195974279964763E-036
  -14.9036143865706       3.006638756198191E-038
  -14.8815204551633       1.761728945823265E-039
  -14.8366396624122       1.654802660970076E-038
  -14.2405555570480       4.304093956323887E-043
  -15.7590496524368       5.671865932073826E-012
  -15.7184112432840       7.114267894994773E-009
  -15.7008618503158       2.385347319054343E-064
  -15.6908810342603       1.124756036592315E-057
  -15.6835026738739       2.897557734364863E-006
  -15.6708590141475       1.249749801397050E-006
  -15.6330243283263       8.106462166104019E-065
  -15.6204224613670       8.263267484900463E-065
  -15.5592208976506       3.074416549368791E-068
  -15.1048448853242       1.871138100881276E-013
  -15.0787708167165       8.758828688350665E-067
  -15.0335791014266       7.178575583261112E-066
  -14.8220819093196       1.731998001266270E-012
  -14.7823099899761       1.904567081623756E-070
  -14.7349844366604       3.892227944896881E-070
  -14.1376333298354       2.017529058139101E-072
  -15.6000786259882       9.472373899085258E-044
  -15.5508995846544       6.874971168544468E-039
  -15.5404370222518       1.834065036032414E-032
  -15.5348964413658       1.492886677907221E-033
  -15.5296994820587       1.741191190073677E-034
  -15.5028116269634       3.654865210963959E-042
  -15.4881458882557       2.338785521441213E-033
  -15.4669307694335       3.550461491312837E-038
  -15.3881403837592       1.586428459450131E-034
  -14.9425647879620       1.957788217662309E-041
  -14.9243533571509       6.528223735668816E-035
  -14.8731934046046       7.068542206343271E-040
  -14.6598495618023       6.995828085015959E-040
  -14.6319621565403       4.446591650487685E-038
  -14.5674552580327       2.758119224479760E-044
  -13.9799614696197       3.951730374900855E-041
  -15.4494464606245       3.043155332776582E-009
  -15.3975520263338       4.319504942849160E-062
  -15.3964152128130       7.083109346677442E-007
  -15.3829981558634       4.283100666697001E-005
  -15.3793439482042       5.167432561414306E-059
  -15.3577353835423       2.305993707562141E-005
  -15.3309300688124       5.396680799890178E-061
  -15.3113233674710       2.827926839797919E-062
  -15.2392975788255       6.747684067379663E-065
  -14.7865200336251       3.747597124740367E-012
  -14.7701115616247       1.658932902660423E-065
  -14.7158232535226       4.656929359262964E-064
  -14.5149163907796       5.339388227710962E-011
  -14.4772464853321       9.328927491703960E-068
  -14.4193701951959       1.657820775482460E-068
  -13.8286930289987       1.154824067704616E-070
  -15.4422099573067       7.381040789083455E-039
  -15.3989181675400       1.083783328347780E-037
  -15.3722211758901       1.175632519644620E-034
  -15.3691788560042       1.899670918849293E-032
  -15.3654034759360       5.155079324425612E-033
  -15.3395007861071       1.262308412914304E-036
  -15.3214993027270       3.344595996134262E-034
  -15.3085200377909       1.606543467607555E-033
  -15.2361858433221       7.008758781117271E-037
  -14.7843304249874       4.937635456762971E-042
  -14.7602734127441       2.613786312356282E-038
  -14.7106759523553       4.877280956732389E-036
  -14.4935436378608       4.159678502165454E-038
  -14.4697554574582       2.720830976372873E-040
  -14.4088277178934       4.572170689965843E-038
  -13.8122139364567       6.747626411152958E-042
  -15.4529166011713       4.669234461361769E-008
  -15.4340199338238       2.478094261683261E-061
  -15.4213742926107       3.945859910949301E-008
  -15.4177556602185       4.649212998100727E-004
  -15.3868957171593       1.080875481602266E-059
  -15.3722260816615       3.633810820892677E-008
  -15.3574340164104       6.848724873299842E-063
  -15.3277474924604       1.460224157259240E-063
  -15.2449030804426       7.981798536781912E-068
  -14.8001885712317       2.568184380826865E-010
  -14.7714847270008       1.021789340266840E-063
  -14.7323375173390       3.994137355170455E-063
  -14.5449268666404       7.418535793123779E-009
  -14.5079258823045       6.964673878312067E-069
  -14.4286508713954       2.976431826893821E-069
  -13.8478468539109       4.855101946458190E-072
  -15.5858778839204       1.129487990990918E-042
  -15.5563494667909       5.954952039213099E-032
  -15.5170982050235       1.033207877788858E-043
  -15.5001179212882       2.857955597534058E-038
  -15.4884426967218       4.750758089986906E-032
  -15.4726455668633       8.154786789009686E-036
  -15.4716985065044       3.060942584253363E-036
  -15.4088467504099       1.191060687295302E-038
  -15.3180817139546       1.991258814932755E-033
  -14.9014302319692       4.330189095999923E-040
  -14.8466831587185       3.005513921398458E-039
  -14.7871137541515       2.177744646087387E-041
  -14.6603477393362       8.329987167947156E-042
  -14.6438985193191       1.331848313937597E-037
  -14.5142275208609       2.109915793463519E-043
  -13.9518624829166       1.837857910896744E-041
  -15.2896662773122       3.557895757173998E-007
  -15.2731962220983       2.355917156673312E-063
  -15.2363249989594       6.175616551762917E-005
  -15.2115803163930       1.282106900272827E-006
  -15.1940439328661       1.400435643432741E-005
  -15.1929779178268       3.881456936367785E-057
  -15.1660832517264       1.836260843151164E-061
  -15.1427455171449       1.415873865756948E-065
  -15.0530569770977       2.571711395216343E-065
  -14.6085401179435       7.088139514993286E-017
  -14.5904378064727       1.393442698154187E-066
  -14.5143274806417       1.521765012881191E-065
  -14.3736410470099       6.544910375226979E-014
  -14.3352041833086       9.715145794238678E-069
  -14.2369564103678       2.861528512191518E-068
  -13.6541465658372       4.728069999302685E-072
  -15.1766697661056       8.254863692447421E-007
  -15.1669710990044       5.875166944216051E-062
  -15.1423043636769       3.110781778434277E-004
  -15.1334275578454       2.412709587153478E-008
  -15.0944245728137       4.911742842424489E-058
  -15.0923039849396       1.070494710825429E-008
  -15.0735958973703       1.266532384893848E-059
  -15.0417103631177       3.268549184936602E-061
  -14.9546997500710       7.755583681306802E-064
  -14.5250369222714       2.155941414965103E-012
  -14.4928290230915       1.126581985086108E-063
  -14.4431227549951       6.468746562827668E-067
  -14.2758487054210       9.847501198635046E-012
  -14.2290577113112       3.641242618476355E-069
  -14.1472580711055       8.223768749976280E-069
  -13.5758639811636       1.721401930914316E-075
  -15.1431117849743       5.439342975478112E-040
  -15.1155747854131       6.477965797258528E-032
  -15.0895312424183       3.626832001890069E-038
  -15.0760446504813       3.418016387369984E-038
  -15.0674737256547       1.358911145580991E-037
  -15.0632794105092       2.219666495161987E-039
  -15.0341596589970       2.584726681823248E-033
  -15.0114561531008       6.168701922319569E-039
  -14.9387814992861       9.312372117050391E-034
  -14.4751589094532       2.557761251662124E-042
  -14.4599393848658       2.690726972314270E-039
  -14.3970159087447       4.917334454980719E-046
  -14.2302413808422       2.497826328128309E-040
  -14.1902751799458       8.969889583482368E-038
  -14.1201186833985       1.753728055977932E-040
  -13.5359353072079       2.245008215920930E-039
  -15.0090403113274       3.173904649435354E-038
  -14.9675571404359       2.467735312112785E-039
  -14.9440601447512       3.988066666632869E-038
  -14.9365452921518       1.158170028264529E-032
  -14.9246572031049       2.147522037377600E-032
  -14.9055119055564       5.032204914371352E-036
  -14.8955103333666       8.998004826384094E-034
  -14.8790518393324       2.933755741593621E-033
  -14.8025869133957       7.770573003394763E-036
  -14.3547079219056       3.915745067903659E-042
  -14.3208316640827       1.461401812518028E-038
  -14.2739482693070       6.068810791187689E-037
  -14.0661318221790       5.495884192952732E-040
  -14.0422373259148       1.680310451155194E-040
  -13.9799690305584       1.590304979312523E-037
  -13.3892261919884       5.584958022849479E-041
  -14.8294302501980       1.800435454469387E-039
  -14.7788902320341       3.731805713541203E-032
  -14.7787353179865       2.308232524810910E-035
  -14.7625332521405       6.678883739253258E-033
  -14.7605561439407       5.647697199065187E-033
  -14.7431508619830       7.722576562063834E-041
  -14.7108333278110       1.341909486186981E-032
  -14.6947279686759       1.367325902499614E-035
  -14.6245580342011       1.221802998412186E-034
  -14.1684764049970       3.836688596388966E-043
  -14.1509985215151       3.301410970828943E-037
  -14.1001129894688       3.729398703426747E-039
  -13.8969952945451       1.895001006483093E-040
  -13.8602809258260       6.849238822739697E-038
  -13.8014428225655       1.689748265889132E-041
  -13.2097134701436       1.868509887780874E-039
  -14.8685329179464       9.807585315171503E-039
  -14.8179707068464       3.104036760571402E-037
  -14.8132170419835       6.218272162648338E-037
  -14.7996533720324       1.781491449858759E-035
  -14.7647312655878       2.233502433834944E-036
  -14.7588516475537       1.082862898537716E-036
  -14.7571858241327       2.983829308787868E-035
  -14.7403259743038       1.651908669153341E-035
  -14.6524202130869       1.026137700149556E-036
  -14.2051128995005       6.381126825322431E-044
  -14.1654361595992       2.581279598559670E-040
  -14.1087311978970       5.581588363725357E-039
  -13.9289299699246       1.713157790405788E-040
  -13.9129572469719       3.523360752224988E-040
  -13.8275109715936       8.567202825057029E-039
  -13.2382272705915       4.376807722195588E-041
  -14.6564435152438       7.310045894874754E-039
  -14.6187374085346       7.202443245652769E-041
  -14.5887039312708       1.596750888164726E-032
  -14.5861448586240       2.895575813743102E-036
  -14.5834894260276       1.732984388837388E-032
  -14.5565840081099       6.250736358303363E-038
  -14.5437334795926       2.336499658692899E-035
  -14.5235130428909       5.422391999628507E-035
  -14.4510803211970       2.851382129986226E-037
  -14.0062590000369       1.631014622864097E-040
  -13.9808450550375       3.758018839252169E-040
  -13.9410158585709       1.167722081667159E-036
  -13.7095311553250       2.880291405373493E-039
  -13.6815945249783       6.547003338480155E-040
  -13.6314830098348       3.318665631768161E-038
  -13.0402956494969       1.118047197316502E-044
  -14.5748175417649       4.778141791748099E-043
  -14.5278950970056       7.159399064764337E-041
  -14.5154284838438       6.606178867959121E-033
  -14.5090902363615       2.695800232171104E-036
  -14.4943856700149       4.489368074792038E-039
  -14.4743698965501       1.118898840783963E-041
  -14.4673112269978       8.421447591946531E-033
  -14.4505538281641       1.184205427501006E-038
  -14.3653634192863       3.482196272832488E-034
  -13.9174340180495       1.408863237454593E-044
  -13.8896214856337       4.296945824209403E-038
  -13.8411018547124       1.725161652281582E-043
  -13.6356584295304       8.552685870776227E-042
  -13.6199092557972       7.341497716929308E-038
  -13.5428483045245       6.045773484789389E-042
  -12.9546839544062       2.822174187346667E-038
  -13.8336424618173       2.487022102290186E-035
  -13.7887493713828       8.872146852935518E-035
  -13.7809198895619       1.780811194553997E-035
  -13.7606441439106       3.389543143083021E-032
  -13.7531605012081       1.978566987449022E-031
  -13.7226934518310       6.660668259681627E-029
  -13.7225317627112       6.441003786942199E-029
  -13.6915413850959       1.132059275621217E-034
  -13.6039618170924       4.549148542649381E-035
  -13.1679638159760       1.906983212285724E-038
  -13.1280685893917       1.695396274496976E-034
  -13.0815089972026       9.738150252189706E-035
  -12.8951833789762       6.747128552353043E-039
  -12.8714605379872       1.663980308391355E-037
  -12.7988634811908       7.904095972242614E-036
  -12.2116920841825       5.688216935037642E-038
  -13.8251270605689       6.294026208213281E-036
  -13.7784356447522       7.403514417181696E-034
  -13.7706461695715       2.126822759553045E-034
  -13.7404229182651       1.475751922486235E-033
  -13.7379019702495       1.415146135460670E-032
  -13.6962645967210       3.236877413719855E-031
  -13.6883670442556       2.613409942520576E-031
  -13.6788238090677       1.450184308975318E-037
  -13.5806188678023       1.005170502290363E-036
  -13.1490026225002       1.713398634224412E-038
  -13.1205723621703       5.626304103866156E-036
  -13.0418917043908       5.164859134114940E-033
  -12.8776477634122       5.455384419955920E-038
  -12.8602700422892       6.856297560831379E-037
  -12.7696630569737       6.320703106044939E-035
  -12.1745480606959       3.386320221336501E-038
  -13.8100893796487       1.211523539717721E-005
  -13.8078813967330       3.985417103824284E-039
  -13.7180267890296       6.079245111910837E-012
  -13.6736873939507       7.599657259466173E-005
  -13.6339967613507       5.602958993934067E-049
  -13.6313724521120       1.629946382814044E-043
  -13.5733687120946       5.296297397799720E-012
  -13.5710727403738       8.022902410882363E-049
  -13.4347059988893       6.521896783343446E-046
  -13.0646157753696       1.406713895224129E-008
  -13.0515710267203       7.017044910528692E-046
  -12.9441578062840       5.180362589215878E-055
  -12.8482517401247       1.008040918592766E-006
  -12.8033490937567       3.974390429223938E-043
  -12.6415384418029       4.088867496877234E-051
  -12.0889537211844       2.715109106752173E-045
  -13.7394926089829       3.292098665785935E-023
  -13.6955999486374       8.256655354354887E-023
  -13.6547779259837       3.199720058770929E-022
  -13.6228874036813       3.360531491342097E-022
  -13.5934105691343       5.289603491899869E-029
  -13.5838246905551       3.129287956268943E-031
  -13.5480807808864       7.617998203088022E-030
  -13.5036864969046       3.315718923147786E-032
  -13.3499888718885       4.523979593131751E-026
  -12.9626962859125       6.862164835195750E-025
  -12.9348338635027       1.962774752022380E-025
  -12.8046350168805       1.005856949565500E-033
  -12.7682897760898       3.795199608683190E-023
  -12.7226186443874       2.625067120688898E-024
  -12.5151888327112       3.396697826478611E-032
  -11.9109946019326       4.809143304652857E-026
  -12.5799212353759       1.126029265722432E-035
  -12.5642441730506       2.018984916490945E-032
  -12.5400028048474       8.922130063881043E-035
  -12.5203094018872       1.588354934398822E-037
  -12.4826191329946       6.725422819530476E-033
  -12.4748228726908       7.516562642175884E-037
  -12.4715615561344       1.185253821360425E-033
  -12.4114329576847       2.354477486726515E-034
  -12.3142996621827       1.992862742734203E-033
  -11.9232566848505       2.276135718711388E-038
  -11.8683561030894       8.732989987736132E-035
  -11.8140364791748       7.538395891797972E-042
  -11.6685825330842       1.406387316465863E-038
  -11.6208184235726       4.745245285694651E-035
  -11.5223464157295       3.332599516068261E-038
  -10.9711364084527       1.709563510228532E-037
  -12.3791514036407       1.760901135495818E-039
  -12.3538224379829       9.509760534416616E-035
  -12.3181882969213       2.704049114289556E-034
  -12.3148539509277       2.138326998790520E-034
  -12.2671603137371       7.626213764089781E-031
  -12.2668467869181       7.703250647948902E-031
  -12.2366340781330       2.226997438429569E-034
  -12.2026111067579       4.421697262440102E-037
  -12.1368259446729       2.391862466320201E-036
  -11.7145217844760       1.625172451426981E-043
  -11.6693907191336       4.641823455286787E-038
  -11.5867844426323       5.794721634830660E-035
  -11.4542285104332       1.249467284445832E-038
  -11.4042669604557       6.906701429998741E-039
  -11.3168596397292       2.086388393786121E-039
  -10.7350825879963       3.025075095800326E-042
  -10.9097526126850       4.862578456029414E-063
  -10.8757982268820       1.688545297168446E-003
  -10.8458432414250       2.955049406306176E-006
  -10.7985122874321       3.010442725304903E-011
  -10.7842943282062       4.383566200616760E-062
  -10.7435075389930       1.308985922994173E-058
  -10.6991720981620       3.592876770560703E-013
  -10.6536940935430       6.318013296125957E-060
  -10.5150053907513       1.801791949588621E-064
  -10.1724015323307       1.876666582985839E-013
  -10.1325776813364       2.305498116515183E-067
  -10.0329636431985       3.049362231042676E-065
  -9.97158127388809       2.312602851783453E-008
  -9.93866420129936       2.979565759750316E-069
  -9.73841885933463       8.896998897291304E-069
  -9.20741000752949       4.601624405195134E-070
  -10.8648605015769       5.425075595949252E-065
  -10.8543551221033       2.074855334702545E-007
  -10.7603424579253       1.198023444459905E-005
  -10.7450238435039       8.446118178306535E-006
  -10.6974553192460       8.075035980559458E-008
  -10.6949705539217       7.509124331344863E-061
  -10.6775602790482       4.368524771555700E-063
  -10.6256189741647       2.785775249667719E-062
  -10.5390229453676       1.028572210365060E-064
  -10.1309925151139       2.604302793837140E-013
  -10.1028330067469       2.340817130828168E-065
  -9.98329830741347       6.635028107403709E-066
  -9.92928193940753       1.277868898953672E-010
  -9.86597646608720       1.329533865235961E-066
  -9.73166398273884       3.777227134341981E-067
  -9.16168686940251       2.943511026897049E-071
  -10.6893529993567       9.576733484218462E-038
  -10.6467754721416       6.453053477801042E-032
  -10.6021264417240       2.458105605685669E-036
  -10.5851216971613       6.823883729717453E-032
  -10.5524012335551       4.734195101763646E-037
  -10.5397804464610       2.582301382295795E-035
  -10.5220241292578       1.107684376638949E-037
  -10.4674170204763       1.658255781228785E-036
  -10.3431308195150       7.481479169023222E-033
  -9.97390197755489       1.052329254079764E-042
  -9.92731802481576       6.999759808290611E-039
  -9.82191408945005       1.831589357370151E-043
  -9.73825717105574       6.727621341746794E-039
  -9.73213658827353       2.110383623632356E-037
  -9.55226545566954       2.662239377716776E-041
  -9.00234361184175       9.424244989629072E-040
  -10.5594369610691       2.279175789308813E-031
  -10.5444599065279       9.952969961171524E-039
  -10.4490933515654       1.963890037704247E-037
  -10.4381027452478       3.176687536544430E-038
  -10.3792995575210       5.810327930778947E-042
  -10.3731857979669       2.820083805900354E-035
  -10.3668910898378       4.504437463600254E-034
  -10.3180546253159       5.265652456280252E-036
  -10.2142994856602       1.182171564761403E-032
  -9.82032329958342       5.338064303808023E-040
  -9.78909901196455       5.039997501943449E-037
  -9.67307656748393       1.802487455794402E-040
  -9.61753678396843       9.636115077613161E-040
  -9.55348575339603       1.226375379166269E-038
  -9.41153881579164       8.839998620287131E-041
  -8.84602523080318       3.725784560617799E-040
  -10.2768438567914       7.979230157964749E-036
  -10.2255273726301       5.033975011040211E-036
  -10.1963855963967       3.699694980912981E-034
  -10.1686888397533       5.888302154752595E-037
  -10.1610197873867       9.237118595505108E-035
  -10.1113451969822       7.008612175216612E-033
  -10.1023466172092       8.473060320811772E-034
  -10.0949568078895       1.067878545891886E-033
  -9.96609752559784       3.420850237073901E-036
  -9.57130218730934       1.241759835750598E-040
  -9.52588918656185       2.912578220491285E-043
  -9.41300621823051       1.939444262139023E-037
  -9.32681245702691       3.085009660422693E-041
  -9.31659265733206       1.733654626530708E-039
  -9.15774858809163       5.924240905212493E-038
  -8.58855704498079       1.146061481240937E-043
  -6.07535370861294       4.370604406684088E-047
  -6.04080663340745       1.019693316625609E-006
  -5.94712574697871       8.074486939494212E-005
  -5.93491719193905       2.470868805920948E-015
  -5.83787636465013       5.980724816480814E-012
  -5.83636139660991       3.676245278627469E-049
  -5.83217468954854       6.350040994052373E-053
  -5.76655938737117       1.935383044130732E-056
  -5.61943187976384       7.347329170551598E-051
  -5.31977399144013       7.962279108440318E-009
  -5.26135573430654       9.397221423856091E-053
  -5.14174368029967       6.754232587309308E-058
  -5.09929451525857       2.054653063420706E-006
  -5.01507431244179       1.935415316381976E-046
  -4.83691982869371       7.487132958948540E-054
  -4.29492031048291       1.956655917209580E-048
  -5.99152525749492       5.221587954824644E-028
  -5.94770852493495       8.447079063348893E-026
  -5.92364695684997       3.757477701524160E-027
  -5.86988703540997       4.892085013001977E-026
  -5.82276234208504       1.823958732672152E-033
  -5.80018737483766       8.052577354389763E-036
  -5.76258070737382       9.153067657997251E-032
  -5.75291035071255       6.435100233202623E-032
  -5.54195601153064       1.308127631634351E-027
  -5.18041838488368       8.817248589219186E-025
  -5.17994236331170       9.245090504525837E-025
  -5.01916584616717       7.339669552286939E-025
  -5.00006754661372       5.728353020982999E-034
  -4.94353464938595       5.797471316079258E-026
  -4.70896927980496       3.424312566760323E-033
  -4.10278556332735       6.258700164208357E-027
  -5.22622767636421       2.992004909826222E-036
  -5.21047347864178       1.595480656107617E-032
  -5.18207782167331       6.841245722064537E-038
  -5.14131361239597       7.750710357644026E-039
  -5.11674222186923       1.079686604709350E-032
  -5.09725366450991       5.989425135643101E-036
  -5.08094012277174       1.008418235701909E-033
  -5.02653033618607       6.477176026118290E-035
  -4.91032065402948       4.571340548570556E-033
  -4.56746310368824       1.888653744053565E-038
  -4.50312701653034       2.308296050175732E-035
  -4.42460225733029       8.317671625290636E-039
  -4.30779802335638       3.742980033124276E-038
  -4.25027029688892       1.795868532057902E-034
  -4.13793843166124       2.797923100525389E-038
  -3.60559577646987       1.449874256099684E-036
  -5.04354955155692       3.759728531187456E-040
  -5.00388681439062       4.557499616386185E-035
  -4.97465329491580       1.453667488768854E-034
  -4.96793399151877       2.010743134183966E-032
  -4.92128754355070       1.036287667157944E-032
  -4.91128912717498       1.558820632644192E-035
  -4.88589211255125       1.807939206490216E-034
  -4.85689480120637       1.400971723099881E-033
  -4.78103704268472       1.395491683391977E-036
  -4.36310826827793       4.988422775904810E-041
  -4.31672182425875       2.307008284474084E-037
  -4.22494824477780       1.979200395106874E-034
  -4.09836905026359       1.301637588277261E-039
  -4.06520757362221       7.833329173491902E-041
  -3.95405237787014       9.588154403223548E-037
  -3.36251720776942       3.593526316134391E-039
 -4.663004544664062E-002  7.893146631936868E-063
 -6.213570963698345E-003  3.186059566250592E-004
  5.494208983662929E-003  6.238423557875882E-004
  0.105284064897450       5.165782509408991E-062
  0.106450081422157       3.386844508371650E-011
  0.171109682419040       6.570719451088300E-057
  0.186217162224363       5.833613593109793E-012
  0.246058850221907       1.705592219489728E-058
  0.428238471660215       5.117781968302835E-064
  0.690727988501379       1.614977830693667E-011
  0.742475036793433       1.238039315208299E-062
  0.886188310377360       1.003110776825110E-063
  0.922840279962166       4.743338264435207E-008
  0.964347966583500       2.798762816627042E-066
   1.19667824869259       6.109681501364626E-069
   1.72275545187420       5.540323744318853E-069
 -1.261830274955145E-002  3.330251265867509E-064
  1.649821757326109E-002  1.358386935113880E-007
  9.891108077819410E-002  5.303205872494132E-006
  0.136948995784685       1.684118473058262E-006
  0.163968131795794       4.188800794245660E-007
  0.206659887344095       3.251954533027823E-059
  0.220930990805183       2.049188792269582E-061
  0.270292446710695       3.853002760667182E-061
  0.377840111398683       9.128525442669992E-065
  0.721585866385720       1.804608038856548E-014
  0.784101114611488       7.385448565374322E-067
  0.904901750288897       9.436638912094012E-063
  0.954059444340352       2.021914155380648E-010
   1.03348093332534       6.731960925370040E-067
   1.18662834621662       3.173619110978903E-066
   1.75684483896858       2.288657057413603E-072
  0.149567527066683       7.611130333562572E-037
  0.194012718481776       6.700705820916819E-032
  0.221985172012943       6.234457766944186E-037
  0.260459284890185       7.915329503839345E-032
  0.304999173111817       2.298654160765780E-038
  0.326359565121667       2.535452954425219E-034
  0.343176154244766       7.392604666615412E-041
  0.380341951728067       5.873268529015102E-035
  0.548833224786861       8.736529665245629E-033
  0.867683781012619       1.097358745503749E-041
  0.903446816423465       2.205928620757726E-038
   1.04447632210034       1.148405866942452E-041
   1.12169642765699       2.655760648572640E-036
   1.12828440790321       5.343594297300469E-037
   1.33673191739312       1.857861717746400E-041
   1.88337071684555       3.775610313603400E-039
  0.244127414719877       2.457602514665781E-031
  0.280452408040833       3.067303482649335E-040
  0.366928284524121       1.637777270228046E-042
  0.398762138550460       4.703802250532948E-040
  0.444567567621018       1.131039590711938E-039
  0.485304355454286       4.096675981167542E-036
  0.489741911131151       1.990153093545899E-034
  0.542861715718217       7.092641133346065E-037
  0.664061037900492       1.311934288151246E-032
  0.989247700528864       1.353158572093038E-043
   1.05532601432151       7.877344715422893E-039
   1.17798741963328       2.413488789903322E-042
   1.21969448149870       4.236484642618896E-041
   1.30429407269221       1.545704692398648E-037
   1.46540797617767       5.014123659247531E-041
   2.02838343322539       4.957201579190040E-040
  0.503625361469787       7.128747539796021E-038
  0.554986091378421       1.048764057728635E-036
  0.578389117425871       5.611891953908230E-036
  0.623798108640155       6.345196289175707E-036
  0.625574524754423       4.219038050497781E-035
  0.682199824024142       7.332543504286376E-031
  0.683094909282872       8.730189602545734E-031
  0.693274367186724       5.424013263774380E-033
  0.844476568024056       2.596511207992002E-036
   1.20404817524503       1.040615007344660E-041
   1.24635846834734       1.784646176086041E-043
   1.37012701109311       1.362781326713343E-037
   1.47348714005302       1.753467282084524E-038
   1.47392473114325       5.380721000212390E-040
   1.65014572447783       5.059550425476450E-037
   2.21395752465500       1.797137852249461E-042
   16.3073697934264       1.899043428148919E-041
   16.3156238056973       3.499354296967201E-032
   16.3653331903595       1.228156267475084E-034
   16.4452946009075       1.404404218396305E-038
   16.4720241136042       9.365807192314981E-033
   16.4869763926464       5.122663945798229E-036
   16.5075323313611       1.578213089781808E-037
   16.5596348794904       7.418752913651972E-041
   16.7309634756116       1.328767616913481E-032
   17.0419573439840       4.010007924037057E-039
   17.1019872339459       1.346791271113051E-033
   17.2425593719887       2.318955125700108E-040
   17.2814393553221       1.229691813606291E-036
   17.3218012983960       6.966340062669502E-035
   17.5293828778214       1.856115803328619E-039
   18.0861367207704       3.510243438601542E-035
   22.8061331057825       6.315693175153157E-067
   22.8484259537146       3.423770187958019E-006
   22.9289104593729       1.875745358541402E-004
   22.9947695763018       1.506690622027253E-012
   23.0709634378589       6.258042857697634E-064
   23.0738103458180       1.164742671539983E-011
   23.1008464015573       8.939147999496666E-058
   23.1720752162591       1.788500177641609E-062
   23.3576391673017       6.349614741490535E-066
   23.6009444563280       4.092392726324023E-009
   23.6753550427650       1.300173608477352E-065
   23.8175916629386       1.292791881659074E-005
   23.8341138800538       3.052851108377533E-058
   23.9089550335636       1.272028386548563E-066
   24.1371115807485       7.025555776576434E-066
   24.6752664953475       4.122029580036540E-073
   22.9002840054345       8.344621998993314E-037
   22.9389641854487       7.302863934574567E-033
   22.9773377247934       8.571995112914247E-035
   23.0441144994331       2.851533563505386E-032
   23.0745392621419       2.478577128904857E-036
   23.1214090050406       5.178070878387442E-037
   23.1355452132861       4.797297925816969E-036
   23.1967275565167       3.592444905468056E-037
   23.3994735739946       1.226443586584370E-034
   23.6490591292233       1.602365554930475E-038
   23.7132945294378       2.588419001581594E-034
   23.8742977331528       1.845070342964363E-038
   23.9069251089248       1.938044644324179E-033
   23.9171914399045       1.361821084122755E-033
   24.1756957203849       7.494981195569666E-039
   24.7075843062025       3.551434642744956E-036
   22.9358756892605       1.688073608789612E-043
   22.9597875275574       1.523924524939697E-036
   23.0181430804843       9.414169293638387E-034
   23.0692598367736       5.587229539799658E-036
   23.1265128666205       6.178649574270479E-036
   23.1327852267108       1.126682157661526E-035
   23.1429181605679       3.965804068513916E-036
   23.2034896589321       4.260795878930679E-035
   23.3420070830926       7.671455864498183E-037
   23.6661588533977       2.200235890516235E-040
   23.7341672048102       3.250374566743632E-036
   23.8846037476991       1.116096295197619E-033
   23.9238345789613       5.267004880782213E-037
   23.9686559970708       5.483998262797573E-037
   24.1544803740693       1.074738519034447E-034
   24.7300686339858       1.522285377005990E-041
   47.9032550472001       1.228664211797485E-063
   47.9151361845450       1.514796506979530E-008
   47.9670306715074       7.435487247040874E-004
   48.0830927219920       9.495266981938078E-012
   48.0900189796362       4.864414461983588E-062
   48.1450190634799       5.490744097123138E-011
   48.1578584037822       1.913020862333454E-056
   48.2287480750433       2.431006046180340E-059
   48.4440239603397       1.780933145110975E-064
   48.6433930712784       3.610120816072767E-012
   48.7125496639631       3.353987422681786E-060
   48.8917095181677       1.356434330473560E-060
   48.9061035955773       4.077983312240931E-008
   48.9592706104960       1.013603178174995E-066
   49.2177451754937       2.074672264877033E-069
   49.7505750144505       7.071609293648632E-068
   47.9242370576683       1.164559968948113E-064
   47.9448378762419       4.014103067726785E-009
   48.0257444621567       2.125504948145402E-006
   48.0936318098581       1.680183142443908E-010
   48.1259915314798       7.662368024564964E-007
   48.1747457371144       2.694294392564656E-056
   48.1791226399472       1.439134954232817E-054
   48.2480526636094       1.926507294212152E-058
   48.4024228975746       4.211897717686019E-064
   48.6632323220666       9.534052589454838E-017
   48.7484239642268       4.429416535195679E-060
   48.8957715023387       1.680055963693013E-059
   48.9258356532948       1.955743451383339E-010
   49.0088051138449       1.187329147963263E-066
   49.2070070624671       5.763623843445619E-065
   49.7733468442594       2.875829496392242E-068
   48.0222607940499       6.781651348713156E-041
   48.0649780575538       3.053120463289909E-032
   48.0946166602358       9.055936889006673E-038
   48.1743059287219       2.968717473864381E-032
   48.1984336568314       1.987923969843021E-039
   48.2460933500525       7.860259773269602E-038
   48.2546114949384       9.172306337014167E-040
   48.3025138514558       1.212104876683684E-038
   48.5125819146497       3.739853420454262E-033
   48.7590051124890       1.881498138834305E-041
   48.8067870001962       2.314662814779662E-037
   48.9828577919016       1.385733239444736E-043
   49.0376958713415       3.532288302699829E-036
   49.0505084998541       9.457719882973245E-036
   49.3003749493817       1.378146380289297E-041
   49.8474145411578       4.697144263061365E-039
   48.0726441257297       9.910700437704410E-032
   48.0998731456521       9.726274791235480E-043
   48.1800850813982       3.242969616801298E-039
   48.2502029754067       1.085183664285070E-040
   48.2875818779773       1.120472166293970E-040
   48.3329947754577       1.481470036128448E-034
   48.3411549568098       4.050235880987064E-037
   48.4108560626100       3.476724657471701E-038
   48.5717841244835       6.573604575034516E-033
   48.8197667689703       6.061931349881927E-045
   48.9076139946307       4.419603448560473E-039
   49.0579106847258       8.710121893244820E-041
   49.0801528846094       4.721517427101393E-041
   49.1675726388132       3.917242203439162E-037
   49.3715538773912       3.893148704263328E-041
   49.9330472911434       5.733400347626160E-042
   48.2413997485358       2.294213297924324E-036
   48.2905910443714       7.345264490660464E-039
   48.3217203194075       7.660708299146928E-033
   48.4006397179626       1.412106642172199E-037
   48.4041214855609       4.174178479367705E-036
   48.4564495591062       7.570895122303695E-032
   48.4588674618629       1.424069810382925E-033
   48.5027061254932       5.190172173931387E-032
   48.6911951448350       5.476698700094834E-037
   48.9718139490424       5.048564128929524E-042
   49.0215831794097       2.092696508797488E-042
   49.1837011802733       2.146279748993444E-036
   49.2547002507588       1.872537660406759E-037
   49.2690798880428       2.963087840961809E-040
   49.4940521484440       3.015881800787116E-037
   50.0567061459374       2.732959000325975E-041
