                  1200
  -19.1062793668898       1.013470822982128E-071
  -19.0594508275515       1.040435229292890E-009
  -19.0562345359018       5.188458626598492E-068
  -19.0416083745676       5.536521985049578E-069
  -19.0122223749715       2.205107561268011E-011
  -19.0039415748515       1.814628360547590E-067
  -18.9819714565783       5.337486929043256E-008
  -18.9579763176402       1.508017161209487E-007
  -18.8708474966497       2.007001010278132E-008
  -18.4265463829979       8.789481219080106E-072
  -18.3842321208453       1.459359385430061E-011
  -18.3339420594675       2.762483499102022E-010
  -18.1595797794194       3.010508466398969E-075
  -18.1254315095946       1.645220981490150E-011
  -18.0426667284934       2.134912866047383E-011
  -17.4524707481151       3.059127276829384E-013
  -19.0455574444586       9.075662340971736E-068
  -18.9840154739466       2.633292787852772E-016
  -18.9695703918705       3.694853393918265E-062
  -18.9688157368267       4.232287454120382E-061
  -18.9242761021690       2.051714026171149E-005
  -18.9081948997105       8.244506208634149E-012
  -18.8858199917139       3.300589131179567E-061
  -18.8515970347429       8.631073041258399E-008
  -18.7755152437403       6.844295495664615E-014
  -18.3720968641132       8.398063468696696E-070
  -18.3374517032749       3.127051655368542E-015
  -18.2318133351255       1.456417281799925E-008
  -18.0873726249330       2.069937576112734E-067
  -18.0589119309033       4.882834618697220E-014
  -17.9546044131609       8.598015453961662E-010
  -17.3798145842572       9.946410172869764E-017
  -18.8336439928446       7.638772238246875E-069
  -18.7781678540917       8.257455629178088E-011
  -18.7733416695098       8.470156357695844E-064
  -18.7584246778418       5.055284342635964E-064
  -18.7126213606166       3.251100610088325E-006
  -18.7014779468051       7.817323635410285E-006
  -18.6955209098916       1.750360655697708E-058
  -18.6724524714203       3.371522439734918E-005
  -18.5861451537440       2.330844767384482E-010
  -18.1696411247893       1.206540962808968E-069
  -18.1217887467371       8.062189248054842E-012
  -18.0423548048733       3.550995464413772E-009
  -17.8862416082269       2.507375475215891E-071
  -17.8614985644690       3.181569888831159E-013
  -17.7644630799937       1.239245373840698E-009
  -17.1837064549953       6.632054262590144E-017
  -18.8008532019453       6.355185313438135E-069
  -18.7663951762424       1.807968956191635E-009
  -18.7544253724892       3.124479731089965E-069
  -18.7448883194612       1.065126081184386E-065
  -18.7091697527099       1.963022389568446E-061
  -18.7000313722011       2.374174458871098E-007
  -18.6866503845998       1.155826478082414E-007
  -18.6681259142635       3.796833412400660E-007
  -18.5873645545039       4.417120288591109E-009
  -18.1392303230995       4.221238592893787E-067
  -18.0920933269949       3.374194794264123E-009
  -18.0386900408880       5.380345380723826E-009
  -17.8755642901108       5.796928847766210E-071
  -17.8388524487623       3.520128182913103E-010
  -17.7642072406102       8.604157332623785E-011
  -17.1767080080248       1.470529574353896E-013
  -18.7929554446059       5.532009230277600E-070
  -18.7471871408657       3.123539505259243E-012
  -18.7298195060293       8.665886948576256E-067
  -18.7105062856087       7.434001633906074E-070
  -18.6867804248672       9.355510153585000E-008
  -18.6714715439624       1.636049510550638E-062
  -18.6689174602625       3.069119089673888E-007
  -18.6126134553863       4.888439228221623E-010
  -18.5235863746505       2.398817099069904E-011
  -18.1210857462077       1.614813315783630E-067
  -18.0609803533697       3.985696289471625E-010
  -18.0135654113617       1.650855215318343E-010
  -17.8410675607979       6.422357404242484E-071
  -17.8234401710944       7.121017852682796E-011
  -17.6995750709485       1.611739526121075E-012
  -17.1132557061875       1.893052827413253E-013
  -18.8206891106033       2.230533920809513E-036
  -18.7709453294139       1.339812666240493E-046
  -18.7553815658509       2.172621754643624E-040
  -18.7347350634608       1.138215989675281E-039
  -18.7054640327332       8.626231281149944E-037
  -18.6947972125080       9.525965517084071E-044
  -18.6612268508872       4.449851593840386E-038
  -18.6381050240239       1.930891599706894E-043
  -18.5534657807067       3.449929479718402E-044
  -18.1277263970907       8.828642702644859E-039
  -18.0961094061720       6.978176646819258E-039
  -18.0511214459249       6.413022746930856E-039
  -17.8615945382448       9.312951451462791E-040
  -17.8527797500175       3.059101293535298E-043
  -17.7363524021055       3.912911715263056E-044
  -17.1581355346389       1.227277597444122E-047
  -18.6514207964770       4.585919318308462E-072
  -18.5813491103608       1.576956143088834E-016
  -18.5669786112952       1.508676513470803E-061
  -18.5515538206663       1.497524522889106E-062
  -18.5228850390261       1.150566082340144E-005
  -18.5025850340663       2.368049258631082E-010
  -18.4714245242332       8.569154399671146E-062
  -18.4406429597035       3.141700616437885E-005
  -18.3491540208608       1.717642659400904E-015
  -17.9545253311415       7.040750297693486E-070
  -17.9327187233101       8.843707498624412E-017
  -17.8040637121502       1.223662782020498E-010
  -17.6749724070388       1.113193596231423E-068
  -17.6616606168558       8.106689876285151E-016
  -17.5255808289050       1.246758738597956E-009
  -16.9471478340953       5.398202986825202E-022
  -18.6228749959758       9.844582756078971E-076
  -18.5642271128764       1.724183920560153E-010
  -18.5549905974369       7.911052243740218E-068
  -18.5535751650173       1.139500137643724E-072
  -18.5186727309177       3.449426195104954E-012
  -18.5030491430104       1.771488684156379E-010
  -18.4983335416966       1.432859562590698E-067
  -18.4683373186522       8.558728535960495E-008
  -18.3636163477127       1.188644084986166E-010
  -17.9436871956176       1.723622403981599E-072
  -17.9099345273555       6.332638838986263E-012
  -17.8425166752512       5.870090442457283E-012
  -17.6664356514118       7.840896535624115E-074
  -17.6504994057986       2.449638239948578E-012
  -17.5428008091756       2.474104109312902E-012
  -16.9611101332236       3.010551582930051E-013
  -18.5584081541879       6.734963774522309E-044
  -18.5069879437372       7.989198134313210E-042
  -18.4885785750991       1.699467951274352E-034
  -18.4868037584266       1.033452235402327E-038
  -18.4729425653711       2.598615352451995E-033
  -18.4562822320368       2.002243775845126E-033
  -18.4298684355796       3.464869955907570E-039
  -18.4027314146601       5.227913473287851E-035
  -18.3278045100019       8.815892400389920E-041
  -17.8927003783501       1.243606859136210E-043
  -17.8753989063059       5.173693577716727E-041
  -17.8052657463992       1.729520281645481E-039
  -17.6192384707115       1.426239153001345E-043
  -17.5806442314317       9.978012775468181E-044
  -17.5080206221966       3.907954124689459E-042
  -16.9243541283217       2.497301401251132E-048
  -18.5397984416691       5.390969788623329E-076
  -18.5106398047897       1.376812176184675E-013
  -18.4815970778619       5.255868691502841E-070
  -18.4810408115979       2.060864237908612E-068
  -18.4384088691201       3.699304062934212E-011
  -18.4284696303713       1.288082238326283E-066
  -18.4044750817711       3.557041179933518E-009
  -18.3718308371492       9.007655680223276E-008
  -18.2729469803423       3.465670672510687E-011
  -17.8612155616999       3.236082548403520E-075
  -17.8228441482882       1.228934677676834E-015
  -17.7608329352474       6.732374976335947E-018
  -17.6002227338338       1.067626114417164E-073
  -17.5570016403320       3.473290819427177E-012
  -17.4527761468297       1.285806194145305E-012
  -16.8724520577584       1.085968613243749E-013
  -18.4394459338497       4.198284312196593E-041
  -18.4029394971744       2.884977228065651E-044
  -18.3897116412047       3.014021682361186E-036
  -18.3854453645392       3.159301556723487E-036
  -18.3559967605556       9.922832909951408E-036
  -18.3361609000257       6.170174179855266E-038
  -18.3216358418783       3.995581026477598E-041
  -18.2913501569916       1.068839218878381E-036
  -18.1969097440311       6.490744325668385E-045
  -17.7803539605165       4.612148946385859E-040
  -17.7499975648510       1.812064674839412E-042
  -17.6959765869061       1.108840866891861E-038
  -17.5071465080382       3.670846977343387E-040
  -17.4755956061296       1.298845657902372E-043
  -17.3786853793916       9.850492251238404E-042
  -16.7985822470518       2.223326416513284E-046
  -18.1595159275005       1.526543063236872E-072
  -18.1030172583985       5.758903354511162E-066
  -18.0807450968097       2.139553802179259E-014
  -18.0769924864580       1.513185430186337E-008
  -18.0736099849681       7.462040999252691E-064
  -18.0357495130303       6.671312774224928E-066
  -18.0238017930104       8.210270770413120E-013
  -18.0047959776933       1.860094525194862E-008
  -17.9179556353149       6.004474692516290E-014
  -17.4926360906960       4.320980394909743E-076
  -17.4706017403090       1.258315993253763E-015
  -17.4110229801677       9.493340201539555E-011
  -17.1925876596966       4.091174594316995E-074
  -17.1725952914894       7.026747406198983E-016
  -17.0904186885468       5.178081896262475E-011
  -16.4983963070518       2.463251275477720E-021
  -18.0638578868357       4.219084749463415E-078
  -18.0253181859192       1.266966403121187E-008
  -18.0115979196828       1.791466711861263E-067
  -18.0081720271262       8.300255565644531E-066
  -17.9783880787860       8.244401433806340E-012
  -17.9694753552919       5.384718625063796E-065
  -17.9491788484909       3.455993171038090E-007
  -17.9248347372173       2.341199829432251E-006
  -17.8361964403128       4.787178217684453E-011
  -17.4001873329743       3.208973562929061E-071
  -17.3710648919658       1.748684080241879E-010
  -17.3152687875088       1.437433106573491E-010
  -17.1328689705911       3.880341049638552E-073
  -17.1000788977379       1.584948211841944E-012
  -17.0150864014416       4.705076024946844E-011
  -16.4303575062388       3.536283683011619E-014
  -18.0276435240062       2.570049234491225E-066
  -17.9744715692599       3.957069688637436E-011
  -17.9701225841583       8.366880682011869E-065
  -17.9572593736822       1.024273429196387E-061
  -17.9114301435266       9.803331265324205E-006
  -17.9025847132815       8.141775030758043E-059
  -17.9024216086530       1.538544334904989E-007
  -17.8727051231296       7.088445864301336E-005
  -17.7890997894553       7.334087312184994E-014
  -17.3657593350814       2.047101388845275E-069
  -17.3206311580697       1.056273229203422E-012
  -17.2481149137276       2.828156593439545E-010
  -17.0837779602464       1.807808767417415E-068
  -17.0542371052824       5.568018602496686E-013
  -16.9674987206214       9.030650931845143E-009
  -16.3850643283196       8.545049175655284E-018
  -17.8078801766602       1.881364237900872E-042
  -17.8046665804087       4.156264735286182E-038
  -17.7873259356575       5.331511017854364E-037
  -17.7688774762371       4.053737035529331E-035
  -17.7339756070195       1.089639104777712E-035
  -17.7184253169912       5.943135244751485E-039
  -17.6988772341397       2.328586762131458E-035
  -17.6617622698826       1.125587338227723E-035
  -17.5575199310614       3.520899697285673E-042
  -17.1401503041189       1.351560546167560E-040
  -17.1142392068612       4.986354662904181E-042
  -17.0569479267173       7.918203676320707E-042
  -16.9023793834441       1.480338333831248E-040
  -16.8778561906074       5.255886277822872E-043
  -16.7473086802447       1.644932435269364E-041
  -16.1781470154294       1.070428956569826E-046
  -17.8266542321910       8.005112094701363E-039
  -17.7920449057462       2.029243277495982E-040
  -17.7536699174386       1.351825056266989E-035
  -17.7176090600773       1.330642270881306E-030
  -17.7173267009835       1.451261966509204E-030
  -17.7038087742959       2.492652902786162E-033
  -17.6946284264403       6.352007988329011E-036
  -17.6561699554610       2.449371868260840E-035
  -17.5563086272147       3.088778164473225E-039
  -17.1201744116290       3.979208282329576E-040
  -17.1201372329834       9.999414615283869E-040
  -17.0155834707354       4.155188309095626E-041
  -16.8849558577344       1.804719853877537E-041
  -16.8624028016236       5.433856291160040E-041
  -16.7361427353017       9.043447372681864E-042
  -16.1536727691392       8.734089160846670E-047
  -17.6337123824579       8.989958122805040E-070
  -17.5826989353038       1.956265263836409E-065
  -17.5734212839022       1.483596323345076E-010
  -17.5615036782599       3.654960985860627E-062
  -17.5380490349648       6.846971270214110E-009
  -17.5221698183311       2.987393560955773E-063
  -17.5104239147323       5.178354502755859E-008
  -17.4874326314052       1.209499218023244E-007
  -17.4105260302509       2.670312321937992E-012
  -16.9737755495925       2.814393447626190E-070
  -16.9374498589064       5.856287973815166E-011
  -16.8771407504819       5.924924460098201E-012
  -16.6888322775268       8.423719317360131E-074
  -16.6580325427350       2.480690435079040E-011
  -16.5879390181196       4.554454895576733E-012
  -16.0004880379096       1.145094200319008E-013
  -17.6030841384365       8.829323141939517E-071
  -17.5403765041059       1.293060215750278E-067
  -17.5402204298300       4.703622002740030E-013
  -17.5258950765384       1.069318264846620E-064
  -17.4961725560901       1.261112143066035E-009
  -17.4788936084163       8.381901322697875E-064
  -17.4694900108607       5.622602856863246E-010
  -17.4443274600396       1.293218761820616E-004
  -17.3530019697652       1.232407859588488E-010
  -16.9364024512343       1.182774923007136E-071
  -16.8995407930088       1.258480818241657E-014
  -16.8307534643915       1.456000223478957E-009
  -16.6482331653366       3.548832000540451E-071
  -16.6227710816040       1.100085954378734E-013
  -16.5305344590823       3.250465538965616E-010
  -15.9453430354837       1.251514874362812E-017
  -17.6523290036327       2.926574495413589E-070
  -17.6021522542698       4.142664011999154E-009
  -17.5764129504419       1.103947201850913E-066
  -17.5713908326269       1.507841039488443E-068
  -17.5415600617761       9.243813777840806E-009
  -17.5310568956646       2.572384213171345E-007
  -17.5228640719727       4.447372902574832E-063
  -17.4905430996198       1.311791506858826E-007
  -17.3858297095209       5.924835239828418E-009
  -16.9672098992602       4.024276174989438E-067
  -16.9208658444526       1.100338036140605E-012
  -16.8515056684664       6.999934718174065E-016
  -16.7024677420496       4.409454653444136E-071
  -16.6982018718024       2.557797499707793E-013
  -16.5687072935410       6.373563249058862E-015
  -15.9903418143383       2.668955830698167E-014
  -17.6335506892624       1.478244601494114E-010
  -17.6292832336139       3.585921815499344E-071
  -17.6132312011379       1.124829033825895E-064
  -17.5734029232448       4.489249842954104E-064
  -17.5423801162426       3.993787367499026E-009
  -17.5412917410380       6.192400633133718E-011
  -17.5270770684661       1.400619293913349E-061
  -17.4907284719328       1.626911727786054E-008
  -17.3769371480056       2.400995259746057E-009
  -16.9531654904268       9.825316400105077E-071
  -16.9278948444288       3.947178233573272E-011
  -16.8547223780005       4.703317085467911E-013
  -16.7212334623826       3.059363623646212E-071
  -16.7086468126762       5.548256753136998E-012
  -16.5600811700738       2.664114059037356E-014
  -15.9805271222174       6.673876595898540E-015
  -17.4007958023257       1.452110585660448E-071
  -17.3394930879409       6.534077476830906E-013
  -17.3280022947155       4.231416025884429E-068
  -17.3077581666172       2.507290105715090E-063
  -17.2705195792029       1.124491861672622E-010
  -17.2687138698342       5.916861455704284E-009
  -17.2305507172460       6.355239707402736E-060
  -17.2176689604547       1.262101982818168E-004
  -17.1127551576285       1.871797251384136E-012
  -16.7036771920490       2.522686429197575E-074
  -16.6780244406055       1.821959989214810E-016
  -16.5579597147819       3.641767181856524E-009
  -16.4352257201774       2.811662571148099E-017
  -16.4331275996126       1.632517027025385E-070
  -16.2874710952858       1.031529710212927E-008
  -15.7042341332843       2.066731786663020E-017
  -17.3970306421326       2.354700615952898E-036
  -17.3589458728717       1.078459012958317E-049
  -17.3181146950608       6.477081147326136E-041
  -17.2596550688472       7.012806999831161E-036
  -17.2448636021693       7.192627322266870E-041
  -17.2331553385618       1.426002037292473E-035
  -17.1973434681852       7.652829044305403E-037
  -17.1466801816443       5.966118145352711E-040
  -17.0740049544174       1.357392929774500E-045
  -16.6634092576535       2.439970684280038E-041
  -16.6379090004460       1.214424635494589E-037
  -16.5697078441932       5.200183083603091E-039
  -16.4191588286026       1.360934509176296E-038
  -16.4108568421833       1.917302706489222E-042
  -16.2689809187510       3.577403360053092E-041
  -15.7041504080173       4.817258954539082E-047
  -17.2016494307239       6.665241904477365E-068
  -17.1815828268435       3.314292774312199E-010
  -17.1486842797198       5.731535018045397E-065
  -17.1037669723127       2.344184226728803E-061
  -17.0910705591218       3.381134223469459E-009
  -17.0751977367983       3.361075041076089E-007
  -17.0695871876517       8.074770511611109E-061
  -17.0132750637864       2.303381748993582E-009
  -16.8892548492833       6.335990924299437E-008
  -16.4776159749266       3.524025832465985E-067
  -16.4276588714659       1.073589583664762E-009
  -16.3426270948463       8.130976364988755E-011
  -16.2402995560060       3.078955434452952E-009
  -16.2400773853553       4.619021570158758E-065
  -16.0578016047007       1.468971074094313E-010
  -15.4639013661817       1.554271988736116E-011
  -16.6673452598502       5.428376114154802E-067
  -16.6413337473662       5.384263107897192E-009
  -16.6152229893776       2.926763845909760E-063
  -16.6103331584948       1.433298232439440E-064
  -16.5720142984457       2.396574502620738E-006
  -16.5685425469905       3.531805291243988E-062
  -16.5672451957415       3.984802268878317E-006
  -16.5071335519768       2.375977489187033E-006
  -16.4226753671837       1.484748057659115E-008
  -16.0038767255928       1.861495687416483E-067
  -15.9479794187959       9.376726289499577E-014
  -15.9072548867752       6.718305552770203E-009
  -15.7481137522101       4.235675914622483E-070
  -15.7124767100245       1.279088302014080E-009
  -15.6153620994797       7.540289836254895E-010
  -15.0489929125008       1.424989797071286E-011
  -16.5151795871688       4.754532730412991E-067
  -16.4752629450965       5.700875811579082E-011
  -16.4588981159170       1.987971811641030E-063
  -16.4538741010914       3.006402321885866E-061
  -16.4046842555456       4.870809705581756E-005
  -16.3910949937260       4.466771397935197E-007
  -16.3872886019391       5.561601366906879E-058
  -16.3482953837031       1.732265678960829E-005
  -16.2799456314508       2.196268454390232E-010
  -15.8508714430831       4.879206107073860E-068
  -15.8083204560972       1.473435722417187E-011
  -15.7227558818075       4.517224498069490E-009
  -15.5829020362187       8.129288643241653E-068
  -15.5484027591889       1.073172245503481E-011
  -15.4586337466945       2.764309126183147E-008
  -14.8786001105299       3.856216630758889E-015
  -16.2345198438195       8.220461778274276E-042
  -16.2004511839561       2.295546261259249E-038
  -16.1786650683804       1.462190882201431E-038
  -16.1706283956705       1.301746618895601E-031
  -16.1682654441668       1.387164452069231E-031
  -16.1512302675951       1.869397931731958E-036
  -16.1215255173707       1.840909207660203E-038
  -16.1101744915457       2.450989406197692E-034
  -16.0409499072676       2.101241460109649E-040
  -15.5856836198061       1.665112699389225E-042
  -15.5593072816766       2.719687172719005E-042
  -15.5227797106046       8.776167088032437E-042
  -15.3013811179243       3.579952669555810E-041
  -15.2685431003967       9.454125866250618E-047
  -15.2168766695762       2.075132399979165E-040
  -14.6212558907679       2.032928105036699E-046
  -16.1714791959558       7.343884896777309E-074
  -16.1345019965252       2.016824990750831E-067
  -16.1115288175369       4.109027425142895E-010
  -16.1032934533467       1.488059773430945E-011
  -16.1024010008546       2.373914895344754E-059
  -16.0809515720030       2.990336985935853E-067
  -16.0555503109520       2.387248324465184E-010
  -16.0401576716046       3.671128448201563E-008
  -15.9694920152353       1.319220187074483E-009
  -15.5213251984431       2.418438329193220E-073
  -15.4937801322285       6.083986193974524E-013
  -15.4543099968737       8.145071848974602E-012
  -15.2332622991643       3.078155373856568E-072
  -15.1995854884681       1.439410710386272E-013
  -15.1471392012598       3.278536620438159E-011
  -14.5545590084923       3.584865321725563E-014
  -16.1753135363805       3.015430714692196E-046
  -16.1283303713669       2.261792141222690E-040
  -16.1243596038318       3.334099844862424E-034
  -16.1217826503621       1.677557812888270E-038
  -16.1013220681157       6.356309350833653E-033
  -16.0899510096990       4.236454991093851E-033
  -16.0750979620758       4.909750378902769E-037
  -16.0472372352349       2.054785854222353E-035
  -15.9765682984270       7.000051531102489E-040
  -15.5237979033727       2.516708059415471E-044
  -15.5031435975838       8.026503262002211E-040
  -15.4487849355537       1.109169847889644E-038
  -15.2524361426320       8.846215515998829E-043
  -15.2168532215189       2.027056632197509E-042
  -15.1631950779238       6.573014902918153E-040
  -14.5804732972594       5.631146047107186E-044
  -16.0425955304294       1.488213850582114E-069
  -16.0041187609798       4.296079581557344E-067
  -15.9741026721336       1.659808622967320E-010
  -15.9737928823354       3.096061253624140E-012
  -15.9699026113433       8.667143628494066E-060
  -15.9441034247995       5.037907053869505E-065
  -15.9290206098747       3.522300294895548E-012
  -15.9120025673786       7.338510454672283E-005
  -15.8388246802487       2.489156087720058E-011
  -15.3914811629157       1.264853207415072E-073
  -15.3663520109379       2.708508898183256E-017
  -15.3250791178137       8.086110019481938E-011
  -15.0968177150123       1.366925495533823E-070
  -15.0701002646480       2.033678048799771E-015
  -15.0165719173335       3.772466392201882E-009
  -14.4240693068188       3.359988048892407E-019
  -15.8172139851009       3.344098548920599E-076
  -15.7753511950387       1.723088554479383E-065
  -15.7505596779729       1.813442485513417E-009
  -15.7459437719409       8.435621389754051E-010
  -15.7402010554374       1.087938352811189E-064
  -15.7171125594358       5.458627893119660E-065
  -15.6993795400485       4.164282070832754E-008
  -15.6867738786482       1.652068305347904E-007
  -15.6197753833746       2.053623427428483E-009
  -15.1570169025934       1.725903691725300E-072
  -15.1373699598399       1.169696575079288E-011
  -15.0869570945089       3.222452237226691E-014
  -14.8691792816858       5.198800013988282E-074
  -14.8464031025480       5.154114994890762E-012
  -14.7908715745682       3.905245184891319E-013
  -14.1906299744289       4.972176612266593E-014
  -15.8488804225983       8.230901048617621E-038
  -15.8229319583103       4.356208261302282E-043
  -15.8109794286422       1.769916212768451E-032
  -15.8081329156227       5.770021633106112E-034
  -15.7748890276029       6.458862024603708E-032
  -15.7679934828762       1.649685590786256E-035
  -15.7549110725518       1.051514009162678E-036
  -15.7235635661330       1.149913165305386E-032
  -15.6391190113412       6.958587431992153E-044
  -15.1997145575956       2.176623630497054E-039
  -15.1691176094432       1.926814486494707E-041
  -15.1252271046529       3.272315605708612E-038
  -14.9384171325051       4.244873792542739E-040
  -14.9026333634048       5.222183725891040E-042
  -14.8264508454057       1.601274018365614E-039
  -14.2503823670242       5.963796168058313E-049
  -15.8415436087689       8.076907211377733E-066
  -15.8121401428814       2.130411223306938E-063
  -15.7721936572452       6.356981398275065E-011
  -15.7689040914974       8.386010662161031E-009
  -15.7669918572867       3.920914211037942E-057
  -15.7419460594542       2.383017378671688E-064
  -15.7353108411378       1.078285122095801E-012
  -15.7214356040602       2.360961808934266E-005
  -15.6581525382404       1.629194556398858E-010
  -15.1919206814082       1.107288465558616E-070
  -15.1606079108253       3.304026812519734E-015
  -15.1184737582721       1.867360052987956E-009
  -14.9036143865706       1.655060366969845E-070
  -14.8815204551633       2.528370230682159E-014
  -14.8366396624122       8.318522538125573E-010
  -14.2405555570480       1.550471946581354E-018
  -15.7590496524368       3.544500686865611E-041
  -15.7184112432840       2.528686076656850E-035
  -15.7008618503158       4.506970684284254E-040
  -15.6908810342603       2.675199405218901E-033
  -15.6835026738739       8.200573823399616E-033
  -15.6708590141475       1.061318202594675E-033
  -15.6330243283263       3.847848491658829E-043
  -15.6204224613670       2.450806591826637E-036
  -15.5592208976506       6.290777480216167E-041
  -15.1048448853242       3.789182803774618E-043
  -15.0787708167165       4.627708666254654E-042
  -15.0335791014266       5.285493733334087E-039
  -14.8220819093196       3.819607329141629E-045
  -14.7823099899761       1.313629678966830E-045
  -14.7349844366604       3.378537122915679E-041
  -14.1376333298354       3.925191420640190E-048
  -15.6000786259882       3.148783509797106E-074
  -15.5508995846544       1.276026765109453E-064
  -15.5404370222518       3.822524567693291E-009
  -15.5348964413658       7.228611963727990E-062
  -15.5296994820587       1.490544845062996E-010
  -15.5028116269634       2.319455914381445E-069
  -15.4881458882557       1.159750770160339E-009
  -15.4669307694335       3.718429517848627E-008
  -15.3881403837592       8.464093009017066E-009
  -14.9425647879620       9.960808910197462E-073
  -14.9243533571509       1.317154135671921E-011
  -14.8731934046046       5.489641750249121E-012
  -14.6598495618023       8.450871862604853E-071
  -14.6319621565403       6.082765984104975E-013
  -14.5674552580327       6.523157190438242E-015
  -13.9799614696197       4.721454004562536E-017
  -15.4494464606245       2.116134769986831E-040
  -15.3975520263338       8.788557538104336E-035
  -15.3964152128130       1.270515764633028E-034
  -15.3829981558634       1.041821591779090E-035
  -15.3793439482042       7.038481093855378E-033
  -15.3577353835423       2.912344499245249E-032
  -15.3309300688124       2.322082195388614E-034
  -15.3113233674710       2.266212486876743E-033
  -15.2392975788255       4.658292341186107E-037
  -14.7865200336251       6.241286355262464E-042
  -14.7701115616247       1.036941134798190E-039
  -14.7158232535226       1.165830173716354E-038
  -14.5149163907796       1.844870448463491E-042
  -14.4772464853321       3.291659298768275E-040
  -14.4193701951959       2.243056380521994E-040
  -13.8286930289987       3.819593506583594E-044
  -15.4422099573067       1.650730579719799E-068
  -15.3989181675400       1.187416092073256E-063
  -15.3722211758901       7.486185476643032E-010
  -15.3691788560042       5.329238122368185E-009
  -15.3654034759360       3.209696642700364E-059
  -15.3395007861071       1.544122411666736E-062
  -15.3214993027270       2.549378930023548E-009
  -15.3085200377909       8.844230742801049E-005
  -15.2361858433221       3.234813638366444E-010
  -14.7843304249874       4.047681904433177E-072
  -14.7602734127441       2.184557009175706E-020
  -14.7106759523553       2.026512742475140E-009
  -14.4935436378608       1.816417986733129E-068
  -14.4697554574582       9.369562398729039E-017
  -14.4088277178934       3.152538398506369E-009
  -13.8122139364567       2.464508419703905E-018
  -15.4529166011713       1.262055678595665E-039
  -15.4340199338238       1.687940107691967E-036
  -15.4213742926107       2.256168788193940E-036
  -15.4177556602185       1.828227945470234E-034
  -15.3868957171593       2.977006094179930E-033
  -15.3722260816615       4.731874815269725E-037
  -15.3574340164104       5.145224126148678E-036
  -15.3277474924604       1.247989398388323E-033
  -15.2449030804426       7.809772802813738E-041
  -14.8001885712317       7.740617814006811E-038
  -14.7714847270008       1.304537326328477E-038
  -14.7323375173390       7.045938842107994E-038
  -14.5449268666404       4.207764209485982E-037
  -14.5079258823045       2.923805657335006E-041
  -14.4286508713954       1.041949905190675E-039
  -13.8478468539109       9.535365435945731E-046
  -15.5858778839204       1.252764317122134E-073
  -15.5563494667909       1.915726532718436E-008
  -15.5170982050235       3.514893252463614E-074
  -15.5001179212882       5.328642269904821E-066
  -15.4884426967218       8.686510882682737E-008
  -15.4726455668633       5.889225112758512E-007
  -15.4716985065044       1.115852636715402E-058
  -15.4088467504099       4.216561984274892E-008
  -15.3180817139546       1.697755321784600E-008
  -14.9014302319692       1.284867247109057E-068
  -14.8466831587185       4.812871751219304E-013
  -14.7871137541515       7.342157764933595E-012
  -14.6603477393362       3.326838275921415E-071
  -14.6438985193191       3.001882049778181E-011
  -14.5142275208609       1.131021821079842E-016
  -13.9518624829166       2.234180170214861E-014
  -15.2896662773122       5.160089005483673E-037
  -15.2731962220983       1.173980019117941E-038
  -15.2363249989594       9.542231272411143E-034
  -15.2115803163930       5.589883820964529E-034
  -15.1940439328661       3.433543213336628E-031
  -15.1929779178268       2.677631290246817E-031
  -15.1660832517264       9.604561580532946E-036
  -15.1427455171449       1.259052945988287E-034
  -15.0530569770977       3.027701953229043E-038
  -14.6085401179435       1.923399172745759E-045
  -14.5904378064727       2.348710627364059E-040
  -14.5143274806417       6.908798218504038E-037
  -14.3736410470099       2.909347157839050E-041
  -14.3352041833086       4.068748067300322E-040
  -14.2369564103678       2.353253898638811E-042
  -13.6541465658372       4.690802310427228E-043
  -15.1766697661056       1.452286878965710E-036
  -15.1669710990044       2.738857660164043E-037
  -15.1423043636769       2.160653048335414E-033
  -15.1334275578454       6.840640300400395E-035
  -15.0944245728137       2.472048521503476E-033
  -15.0923039849396       1.027596678405512E-034
  -15.0735958973703       3.923271964727233E-033
  -15.0417103631177       5.244998119445367E-033
  -14.9546997500710       9.070398199571499E-037
  -14.5250369222714       3.611843541502064E-040
  -14.4928290230915       4.018526765733384E-040
  -14.4431227549951       4.127296834202087E-042
  -14.2758487054210       4.880480413284294E-042
  -14.2290577113112       1.391917602520917E-041
  -14.1472580711055       5.782697689362826E-040
  -13.5758639811636       6.927957649602222E-047
  -15.1431117849743       5.147545053865063E-071
  -15.1155747854131       1.393892186983021E-008
  -15.0895312424183       9.396779049873369E-069
  -15.0760446504813       2.166200486937090E-063
  -15.0674737256547       6.438688013995298E-063
  -15.0632794105092       9.675263141646815E-010
  -15.0341596589970       2.840590082817048E-008
  -15.0114561531008       1.480483323933551E-006
  -14.9387814992861       3.872100535970983E-008
  -14.4751589094532       9.800461912540833E-071
  -14.4599393848658       9.659239623213345E-012
  -14.3970159087447       9.855959831696053E-018
  -14.2302413808422       1.703635282501724E-070
  -14.1902751799458       2.955133717588199E-012
  -14.1201186833985       8.513129299897630E-012
  -13.5359353072079       4.483501255909391E-014
  -15.0090403113274       2.164531928148666E-069
  -14.9675571404359       9.772515525416178E-066
  -14.9440601447512       9.565215004406904E-014
  -14.9365452921518       8.305210700586473E-061
  -14.9246572031049       3.232777104899367E-008
  -14.9055119055564       4.484390360136241E-063
  -14.8955103333666       3.358460743769369E-008
  -14.8790518393324       2.604542104050481E-004
  -14.8025869133957       3.593393535804053E-009
  -14.3547079219056       3.018961732110881E-073
  -14.3208316640827       9.759646798651705E-015
  -14.2739482693070       9.528642434181827E-011
  -14.0661318221790       3.556288892549870E-071
  -14.0422373259148       9.389358650294234E-015
  -13.9799690305584       6.708643116657285E-009
  -13.3892261919884       5.029690591099768E-016
  -14.8294302501980       2.126249399043066E-068
  -14.7788902320341       1.024102098063725E-008
  -14.7787353179865       4.249479772042646E-060
  -14.7625332521405       3.574896052024017E-058
  -14.7605561439407       1.714230592822024E-010
  -14.7431508619830       2.599326963822309E-066
  -14.7108333278110       4.248718793769525E-008
  -14.6947279686759       3.052133650131589E-007
  -14.6245580342011       1.492401430387486E-008
  -14.1684764049970       1.429737347425019E-070
  -14.1509985215151       6.880649055036170E-013
  -14.1001129894688       2.142299668290797E-013
  -13.8969952945451       6.885671418606383E-072
  -13.8602809258260       4.086136398236951E-013
  -13.8014428225655       1.531973284640685E-012
  -13.2097134701436       3.912426236170567E-015
  -14.8685329179464       5.668129508166164E-070
  -14.8179707068464       1.957774825058888E-063
  -14.8132170419835       4.206489350772299E-013
  -14.7996533720324       1.355270899097244E-066
  -14.7647312655878       3.180203313360647E-009
  -14.7588516475537       6.686241091718955E-063
  -14.7571858241327       8.627202387511053E-011
  -14.7403259743038       4.314511725814315E-004
  -14.6524202130869       1.616738519578627E-011
  -14.2051128995005       3.915559408754718E-071
  -14.1654361595992       3.050961153218683E-016
  -14.1087311978970       1.380348400544481E-010
  -13.9289299699246       3.739957693513560E-070
  -13.9129572469719       5.220951601942445E-014
  -13.8275109715936       2.553314841988728E-010
  -13.2382272705915       3.207664617575596E-016
  -14.6564435152438       1.936672362255457E-070
  -14.6187374085346       1.296828792128422E-065
  -14.5887039312708       2.985756836571267E-010
  -14.5861448586240       3.892454719926133E-014
  -14.5834894260276       2.433394985516491E-060
  -14.5565840081099       1.736618147228171E-064
  -14.5437334795926       1.819792687547675E-011
  -14.5235130428909       5.582485763440857E-005
  -14.4510803211970       1.843199646833546E-011
  -14.0062590000369       2.696721817537199E-071
  -13.9808450550375       2.396302552599269E-015
  -13.9410158585709       2.329978206786052E-009
  -13.7095311553250       1.889715943253343E-070
  -13.6815945249783       1.404207917721174E-014
  -13.6314830098348       1.714342641014960E-008
  -13.0402956494969       9.153554362666832E-020
  -14.5748175417649       4.425574442248902E-074
  -14.5278950970056       6.088276109586762E-066
  -14.5154284838438       9.094581067570990E-010
  -14.5090902363615       2.410030282301517E-066
  -14.4943856700149       4.778383773475775E-014
  -14.4743698965501       3.689180000479096E-065
  -14.4673112269978       8.887239926938282E-009
  -14.4505538281641       5.425318053325146E-007
  -14.3653634192863       1.375192317792026E-010
  -13.9174340180495       2.930274245039586E-075
  -13.8896214856337       1.622665017306959E-013
  -13.8411018547124       2.289729832745620E-017
  -13.6356584295304       3.318623063927047E-073
  -13.6199092557972       6.488824787334466E-012
  -13.5428483045245       5.405377007879162E-013
  -12.9546839544062       9.313374159446625E-015
  -13.8336424618173       1.058479753286596E-064
  -13.7887493713828       5.054787386176657E-062
  -13.7809198895619       7.155189531512194E-008
  -13.7606441439106       9.414486824255394E-060
  -13.7531605012081       1.116055719879716E-006
  -13.7226934518310       2.773423284226049E-005
  -13.7225317627112       6.421729178072718E-052
  -13.6915413850959       4.293961452816218E-006
  -13.6039618170924       8.780702371333050E-006
  -13.1679638159760       7.156738024777895E-071
  -13.1280685893917       4.829093291702778E-008
  -13.0815089972026       2.598499536428039E-009
  -12.8951833789762       5.158115312408049E-070
  -12.8714605379872       2.649553968120874E-007
  -12.7988634811908       1.592872719102881E-008
  -12.2116920841825       6.440702458854962E-010
  -13.8251270605689       5.826561801242533E-065
  -13.7784356447522       1.149836060947100E-061
  -13.7706461695715       2.240660145207305E-008
  -13.7404229182651       2.063345455833218E-007
  -13.7379019702495       9.905942966092601E-060
  -13.6962645967210       9.244823092657512E-056
  -13.6883670442556       1.679437633715726E-005
  -13.6788238090677       3.965233115851312E-009
  -13.5806188678023       4.748690289223038E-008
  -13.1490026225002       5.421463754786825E-064
  -13.1205723621703       1.494140439795489E-008
  -13.0418917043908       1.547904047191259E-008
  -12.8776477634122       4.288395138541754E-068
  -12.8602700422892       8.162452767050934E-008
  -12.7696630569737       1.076002841648562E-010
  -12.1745480606959       1.114398502461941E-010
  -13.8100893796487       9.955221448796860E-028
  -13.8078813967330       1.801146906231041E-027
  -13.7180267890296       2.218536071901334E-027
  -13.6736873939507       2.819268446816225E-027
  -13.6339967613507       2.533752159307628E-029
  -13.6313724521120       1.215149912283777E-027
  -13.5733687120946       3.045438680088595E-026
  -13.5710727403738       3.324128843173850E-026
  -13.4347059988893       3.420070961574745E-028
  -13.0646157753696       7.532250221656512E-029
  -13.0515710267203       1.874943663992049E-031
  -12.9441578062840       1.453963630212063E-034
  -12.8482517401247       5.056338493004748E-027
  -12.8033490937567       3.416032265479271E-028
  -12.6415384418029       1.921686223717449E-030
  -12.0889537211844       7.061294441165431E-033
  -13.7394926089829       3.397632055991178E-045
  -13.6955999486374       7.633518184571443E-009
  -13.6547779259837       2.383829699875167E-043
  -13.6228874036813       6.087233909372403E-008
  -13.5934105691343       4.214520179204709E-008
  -13.5838246905551       1.287439302777830E-042
  -13.5480807808864       1.092938243358213E-044
  -13.5036864969046       4.035884471100322E-009
  -13.3499888718885       9.922305310224645E-008
  -12.9626962859125       4.862013221230979E-048
  -12.9348338635027       1.733960329090541E-010
  -12.8046350168805       5.773590601067963E-012
  -12.7682897760898       3.035882379933607E-008
  -12.7226186443874       5.922735691575272E-045
  -12.5151888327112       1.377234863536263E-010
  -11.9109946019326       7.795438337661717E-011
  -12.5799212353759       1.415436071092201E-064
  -12.5642441730506       7.941573525690282E-009
  -12.5400028048474       5.754765272603182E-063
  -12.5203094018872       2.042443944688804E-063
  -12.4826191329946       2.001110796386566E-008
  -12.4748228726908       1.921418458135813E-061
  -12.4715615561344       1.500018542697067E-007
  -12.4114329576847       1.708108117262353E-006
  -12.3142996621827       6.666913211695003E-008
  -11.9232566848505       4.288733021334898E-069
  -11.8683561030894       1.980387307463255E-009
  -11.8140364791748       1.004529251773626E-009
  -11.6685825330842       1.714901455858169E-068
  -11.6208184235726       1.659405760743638E-008
  -11.5223464157295       4.969116414235194E-009
  -10.9711364084527       5.150677987733803E-010
  -12.3791514036407       1.691096909864588E-071
  -12.3538224379829       5.803111203761818E-014
  -12.3181882969213       2.770437504726084E-063
  -12.3148539509277       1.027359222151649E-062
  -12.2671603137371       7.911451429169831E-051
  -12.2668467869181       2.290032545286546E-005
  -12.2366340781330       1.160364659455981E-010
  -12.2026111067579       2.892872759976280E-006
  -12.1368259446729       1.990363321337672E-010
  -11.7145217844760       1.732465609359902E-072
  -11.6693907191336       1.231418669750669E-011
  -11.5867844426323       1.574556500189404E-009
  -11.4542285104332       1.518154413363583E-066
  -11.4042669604557       4.647327391473270E-011
  -11.3168596397292       5.904136182670605E-009
  -10.7350825879963       2.782954143768229E-014
  -10.9097526126850       1.252791713826852E-040
  -10.8757982268820       3.120424278978640E-032
  -10.8458432414250       1.263232639631268E-034
  -10.7985122874321       9.552853112368181E-040
  -10.7842943282062       1.660180989794227E-037
  -10.7435075389930       1.926306320276377E-031
  -10.6991720981620       2.785378725699817E-035
  -10.6536940935430       6.610320225679440E-032
  -10.5150053907513       1.762895366718794E-040
  -10.1724015323307       1.613430827614686E-039
  -10.1325776813364       2.066352772573131E-041
  -10.0329636431985       1.183194196363980E-039
  -9.97158127388809       1.761163621115786E-038
  -9.93866420129936       3.610662781410556E-043
  -9.73841885933463       4.006677172692458E-040
  -9.20741000752949       1.049185942127104E-045
  -10.8648605015769       2.470744206628172E-043
  -10.8543551221033       1.617332119627588E-037
  -10.7603424579253       1.288826247980804E-034
  -10.7450238435039       9.336819157407765E-034
  -10.6974553192460       8.321912791660983E-034
  -10.6949705539217       3.215614070281589E-033
  -10.6775602790482       2.040818228552111E-037
  -10.6256189741647       2.144418135927514E-033
  -10.5390229453676       4.750266263751813E-039
  -10.1309925151139       2.697430587685002E-041
  -10.1028330067469       8.177362239005624E-040
  -9.98329830741347       8.328370167603988E-037
  -9.92928193940753       2.967922709574469E-040
  -9.86597646608720       1.391981197075875E-040
  -9.73166398273884       3.058240937798751E-038
  -9.16168686940251       5.055636324039785E-046
  -10.6893529993567       1.203798400360441E-067
  -10.6467754721416       1.070792451961811E-007
  -10.6021264417240       4.111040648356474E-065
  -10.5851216971613       2.119488971315412E-007
  -10.5524012335551       4.488359755705733E-059
  -10.5397804464610       2.242614073346966E-007
  -10.5220241292578       5.821193579316868E-061
  -10.4674170204763       3.815120000057803E-008
  -10.3431308195150       5.940581937131256E-008
  -9.97390197755489       1.943453396303727E-069
  -9.92731802481576       3.041161492976841E-014
  -9.82191408945005       6.528398877842379E-016
  -9.73825717105574       5.169269638881753E-011
  -9.73213658827353       2.829795150959165E-065
  -9.55226545566954       6.376544141710079E-013
  -9.00234361184175       1.370254627945460E-014
  -10.5594369610691       1.248133722843921E-008
  -10.5444599065279       2.156445761744126E-068
  -10.4490933515654       1.098397267124438E-065
  -10.4381027452478       2.939251696663871E-065
  -10.3792995575210       3.258921248200981E-064
  -10.3731857979669       6.531769438739345E-009
  -10.3668910898378       3.740975767004480E-008
  -10.3180546253159       4.391669047345316E-008
  -10.2142994856602       4.094552160395624E-008
  -9.82032329958342       1.090623881485319E-066
  -9.78909901196455       7.312726061377723E-012
  -9.67307656748393       3.415984886202328E-013
  -9.61753678396843       9.509756702663727E-069
  -9.55348575339603       9.383765607049374E-013
  -9.41153881579164       7.490720683997100E-012
  -8.84602523080318       4.441069828930192E-014
  -10.2768438567914       2.366294584214168E-067
  -10.2255273726301       4.135579849724241E-012
  -10.1963855963967       3.205943478383013E-066
  -10.1686888397533       7.452685859654947E-062
  -10.1610197873867       2.583679077079657E-010
  -10.1113451969822       1.128405452819369E-003
  -10.1023466172092       3.453998070927613E-056
  -10.0949568078895       5.947742111149028E-006
  -9.96609752559784       2.233734163616270E-011
  -9.57130218730934       2.677222397248886E-069
  -9.52588918656185       7.994410644346128E-020
  -9.41300621823051       8.800362255207898E-013
  -9.32681245702691       9.303272893345204E-015
  -9.31659265733206       7.331609361022344E-070
  -9.15774858809163       2.893386394359884E-009
  -8.58855704498079       5.149175256394466E-018
  -6.07535370861294       2.542080709207638E-030
  -6.04080663340745       1.000846478769223E-032
  -5.94712574697871       1.277740711950820E-029
  -5.93491719193905       1.501642384398267E-031
  -5.83787636465013       1.442223523681531E-031
  -5.83636139660991       5.638803277048246E-030
  -5.83217468954854       4.419065199460265E-031
  -5.76655938737117       4.489633546540497E-031
  -5.61943187976384       1.954050185306000E-030
  -5.31977399144013       5.704478643564184E-031
  -5.26135573430654       1.463336097999104E-034
  -5.14174368029967       7.124852041915997E-034
  -5.09929451525857       6.576105984775949E-029
  -5.01507431244179       8.910361958271436E-030
  -4.83691982869371       1.705434482382726E-031
  -4.29492031048291       4.807783984335190E-034
  -5.99152525749492       6.094431364402313E-053
  -5.94770852493495       3.677230576813170E-008
  -5.92364695684997       4.153057430866024E-052
  -5.86988703540997       1.225583607922813E-007
  -5.82276234208504       3.670617362929121E-009
  -5.80018737483766       5.819959811755418E-050
  -5.76258070737382       1.537445681967792E-048
  -5.75291035071255       5.601371981903340E-009
  -5.54195601153064       1.477965363150723E-007
  -5.18041838488368       5.670243613575396E-012
  -5.17994236331170       8.131420497588153E-046
  -5.01916584616717       9.118403306947715E-008
  -5.00006754661372       3.422321585608099E-011
  -4.94353464938595       3.856017826131503E-049
  -4.70896927980496       4.515949392881557E-010
  -4.10278556332735       3.641812564681252E-010
  -5.22622767636421       1.538285778960518E-065
  -5.21047347864178       3.884879161814115E-009
  -5.18207782167331       1.486475817081943E-066
  -5.14131361239597       4.089249697784018E-066
  -5.11674222186923       1.452978072891334E-008
  -5.09725366450991       6.279480474634564E-061
  -5.08094012277174       7.765106114946199E-008
  -5.02653033618607       5.609822888891921E-007
  -4.91032065402948       6.414577517818405E-008
  -4.56746310368824       4.525912949567575E-068
  -4.50312701653034       6.632915306728546E-010
  -4.42460225733029       5.074392681468950E-010
  -4.30779802335638       3.097160985975820E-069
  -4.25027029688892       2.631892145233413E-008
  -4.13793843166124       1.292239429928538E-008
  -3.60559577646987       1.884105563404295E-009
  -5.04354955155692       1.409263394687756E-069
  -5.00388681439062       1.588797793357034E-012
  -4.97465329491580       3.486408841885276E-062
  -4.96793399151877       1.071260711794757E-060
  -4.92128754355070       3.518737562752711E-006
  -4.91128912717498       2.542214018596030E-059
  -4.88589211255125       3.952562420561297E-010
  -4.85689480120637       2.528939727083574E-005
  -4.78103704268472       1.197267641198138E-010
  -4.36310826827793       1.481939000556724E-070
  -4.31672182425875       5.410105682539735E-012
  -4.22494824477780       1.593952048106478E-009
  -4.09836905026359       5.373994088983684E-071
  -4.06520757362221       2.720933760469277E-011
  -3.95405237787014       6.583432969923285E-007
  -3.36251720776942       7.245002364091744E-013
 -4.663004544664062E-002  3.094068936472289E-040
 -6.213570963698345E-003  1.276852832225763E-032
  5.494208983662929E-003  3.224843608605701E-032
  0.105284064897450       1.835511831047584E-037
  0.106450081422157       1.833509131219862E-035
  0.171109682419040       9.463558590207109E-031
  0.186217162224363       2.069117933398781E-033
  0.246058850221907       4.147531645483737E-031
  0.428238471660215       7.513784927644070E-040
  0.690727988501379       9.602777629722527E-039
  0.742475036793433       1.520352252687950E-039
  0.886188310377360       2.133409160609427E-038
  0.922840279962166       9.940913541377517E-037
  0.964347966583500       1.604119871062252E-040
   1.19667824869259       3.119531749281252E-040
   1.72275545187420       9.903098108249700E-045
 -1.261830274955145E-002  6.569111598780441E-042
  1.649821757326109E-002  1.209996158456702E-037
  9.891108077819410E-002  2.595822116528876E-035
  0.136948995784685       3.234192671690962E-032
  0.163968131795794       1.069017624511975E-032
  0.206659887344095       4.324711355624137E-032
  0.220930990805183       2.693026764753746E-036
  0.270292446710695       2.000276476364584E-032
  0.377840111398683       4.464163435816758E-039
  0.721585866385720       1.473042659079064E-042
  0.784101114611488       7.229659461796088E-041
  0.904901750288897       9.224495952496586E-037
  0.954059444340352       4.564748927454891E-039
   1.03348093332534       4.489000752672734E-041
   1.18662834621662       7.319189886930612E-037
   1.75684483896858       3.571249220367376E-047
  0.149567527066683       1.297642122815425E-065
  0.194012718481776       1.081820916963737E-007
  0.221985172012943       8.586316256472102E-065
  0.260459284890185       3.905643376950019E-007
  0.304999173111817       3.704953489758551E-060
  0.326359565121667       4.969069245195715E-008
  0.343176154244766       7.325234462145310E-067
  0.380341951728067       4.763971554393965E-008
  0.548833224786861       9.097561937135546E-008
  0.867683781012619       9.537663542042601E-068
  0.903446816423465       1.619311780741514E-013
   1.04447632210034       2.118152542052691E-015
   1.12169642765699       1.155922705217489E-010
   1.12828440790321       1.506226889626790E-066
   1.33673191739312       1.352727389821050E-012
   1.88337071684555       3.115121560693810E-014
  0.244127414719877       1.961067745991393E-008
  0.280452408040833       3.365947781418227E-071
  0.366928284524121       3.500034851154223E-072
  0.398762138550460       1.160811681341232E-064
  0.444567567621018       1.481937993348315E-063
  0.485304355454286       2.294470520463012E-009
  0.489741911131151       1.449060710956566E-008
  0.542861715718217       5.827635349264250E-008
  0.664061037900492       6.321706916771010E-008
  0.989247700528864       1.485827576943777E-069
   1.05532601432151       6.135866689439865E-014
   1.17798741963328       2.320078851140942E-015
   1.21969448149870       1.608393628143024E-070
   1.30429407269221       8.041069088047561E-012
   1.46540797617767       1.031957194374649E-011
   2.02838343322539       5.040031267947121E-015
  0.503625361469787       3.886426998949643E-069
  0.554986091378421       6.240625763439245E-013
  0.578389117425871       2.099380063774423E-067
  0.623798108640155       3.870215235121564E-060
  0.625574524754423       2.318692282460020E-010
  0.682199824024142       8.533522460349129E-051
  0.683094909282872       6.201800518675774E-005
  0.693274367186724       7.857510694727192E-004
  0.844476568024056       2.296420539895870E-011
   1.20404817524503       5.925225622274815E-071
   1.24635846834734       6.014031890235060E-018
   1.37012701109311       1.513446751288375E-010
   1.47348714005302       3.446388988484207E-068
   1.47392473114325       5.218605740001614E-015
   1.65014572447783       1.492655685591530E-008
   2.21395752465500       2.247057988057939E-017
   16.3073697934264       9.879264114880908E-073
   16.3156238056973       1.138694617946644E-010
   16.3653331903595       5.914794922928370E-068
   16.4452946009075       1.113051713321626E-062
   16.4720241136042       1.741663745062982E-007
   16.4869763926464       1.068213784195450E-061
   16.5075323313611       3.957509862446165E-011
   16.5596348794904       2.488551265939275E-010
   16.7309634756116       1.190657125097785E-007
   17.0419573439840       7.496935837932249E-069
   17.1019872339459       5.991311171573181E-012
   17.2425593719887       1.446043695622712E-013
   17.2814393553221       4.294892967957904E-067
   17.3218012983960       7.442427970968424E-009
   17.5293828778214       4.078941260782277E-010
   18.0861367207704       4.032640135257691E-014
   22.8061331057825       3.999088141106258E-044
   22.8484259537146       1.393587971103066E-036
   22.9289104593729       5.637890553867317E-034
   22.9947695763018       3.503123577466650E-038
   23.0709634378589       1.140354661695667E-038
   23.0738103458180       1.530785325377051E-036
   23.1008464015573       2.179871152980457E-034
   23.1720752162591       8.267633891471020E-034
   23.3576391673017       6.489847961808909E-041
   23.6009444563280       6.206120219844285E-036
   23.6753550427650       6.029295617121106E-040
   23.8175916629386       6.746470634112785E-033
   23.8341138800538       4.938460457364921E-033
   23.9089550335636       6.071327797381602E-041
   24.1371115807485       4.850211929774251E-037
   24.6752664953475       2.535113301312435E-050
   22.9002840054345       2.504787709083029E-067
   22.9389641854487       3.973654887207998E-010
   22.9773377247934       2.634216428609198E-064
   23.0441144994331       2.550694509617122E-007
   23.0745392621419       8.866412022154303E-058
   23.1214090050406       1.664718897994998E-009
   23.1355452132861       5.117718028834623E-060
   23.1967275565167       2.123431013943950E-008
   23.3994735739946       9.316656139285225E-010
   23.6490591292233       9.489733550566938E-065
   23.7132945294378       1.260676157112189E-011
   23.8742977331528       3.320833576440719E-013
   23.9069251089248       2.048707493453116E-061
   23.9171914399045       2.506455603767066E-008
   24.1756957203849       7.850200185509211E-010
   24.7075843062025       3.286396235048322E-012
   22.9358756892605       6.710345287589901E-074
   22.9597875275574       2.891758220212439E-015
   23.0181430804843       5.360697343909704E-064
   23.0692598367736       5.981339661990540E-062
   23.1265128666205       1.883900636689059E-059
   23.1327852267108       5.722919724740626E-010
   23.1429181605679       1.451851392406675E-006
   23.2034896589321       2.194706722435149E-004
   23.3420070830926       1.373986052724080E-011
   23.6661588533977       2.121957087002354E-071
   23.7341672048102       5.259225490538300E-015
   23.8846037476991       8.146726542243438E-009
   23.9238345789613       1.797177807365480E-066
   23.9686559970708       7.309043070160448E-012
   24.1544803740693       6.946584644148614E-006
   24.7300686339858       4.535925229158419E-016
   47.9032550472001       5.568934121417919E-041
   47.9151361845450       1.155850361444957E-037
   47.9670306715074       1.527497050760954E-032
   48.0830927219920       2.107534944881111E-035
   48.0900189796362       4.723478703182464E-037
   48.1450190634799       2.132712259349723E-035
   48.1578584037822       2.307444210907374E-031
   48.2287480750433       1.288018906938245E-031
   48.4440239603397       5.516140251911251E-040
   48.6433930712784       2.206528554421407E-040
   48.7125496639631       1.752117101889766E-039
   48.8917095181677       6.379516184048837E-037
   48.9061035955773       4.315428704538798E-036
   48.9592706104960       7.767188685557900E-041
   49.2177451754937       3.113229434229928E-040
   49.7505750144505       4.928881911679811E-044
   47.9242370576683       2.848335462546021E-042
   47.9448378762419       2.343924935831711E-037
   48.0257444621567       6.441698725070169E-034
   48.0936318098581       1.626866021383088E-033
   48.1259915314798       4.017338286421695E-031
   48.1747457371144       3.382379100907277E-032
   48.1791226399472       5.451926597651698E-031
   48.2480526636094       1.258979910708277E-031
   48.4024228975746       1.549071598084453E-038
   48.6632323220666       5.328979516446993E-040
   48.7484239642268       5.760108068852731E-038
   48.8957715023387       4.715721482448253E-038
   48.9258356532948       2.460828660300431E-041
   49.0088051138449       8.133509341626842E-041
   49.2070070624671       1.695516190378208E-036
   49.7733468442594       9.034939125178477E-044
   48.0222607940499       1.025198901032238E-072
   48.0649780575538       2.794827882469602E-009
   48.0946166602358       1.787670177301981E-071
   48.1743059287219       3.655799435125565E-007
   48.1984336568314       6.837021062517544E-062
   48.2460933500525       4.392928957075778E-010
   48.2546114949384       1.313016211504750E-065
   48.3025138514558       3.120313475731617E-008
   48.5125819146497       4.345884842354147E-008
   48.7590051124890       8.537992638037669E-071
   48.8067870001962       3.177511787802795E-014
   48.9828577919016       4.821680015285518E-017
   49.0376958713415       2.127882100368601E-065
   49.0505084998541       1.529234635295268E-010
   49.3003749493817       1.613448928674768E-012
   49.8474145411578       1.129431219716524E-014
   48.0726441257297       6.611312584439250E-009
   48.0998731456521       4.840111122670540E-075
   48.1800850813982       7.814355413698477E-070
   48.2502029754067       1.795929198347585E-065
   48.2875818779773       6.110922871548800E-066
   48.3329947754577       1.868308263095168E-009
   48.3411549568098       3.454004649728444E-011
   48.4108560626100       1.228877310775860E-008
   48.5717841244835       5.834317583646137E-008
   48.8197667689703       8.661954060467319E-073
   48.9076139946307       2.266288115389339E-017
   49.0579106847258       5.364845546792652E-021
   49.0801528846094       3.448646203424681E-070
   49.1675726388132       1.908005633078532E-011
   49.3715538773912       7.022567440902359E-012
   49.9330472911434       1.344628010817831E-017
   48.2413997485358       5.770917969388895E-066
   48.2905910443714       3.934974234722014E-016
   48.3217203194075       1.021529746498012E-061
   48.4006397179626       7.716170027028134E-062
   48.4041214855609       5.368124652213362E-011
   48.4564495591062       7.010150215116009E-009
   48.4588674618629       2.412410051177976E-056
   48.5027061254932       5.228326633972408E-004
   48.6911951448350       6.059155825524248E-012
   48.9718139490424       2.473732744472485E-069
   49.0215831794097       2.348360776661345E-018
   49.1837011802733       7.620738260879328E-012
   49.2547002507588       6.115962820568784E-067
   49.2690798880428       1.583026457134992E-014
   49.4940521484440       4.125846109231258E-008
   50.0567061459374       3.384973326983650E-018
