                  1200
  -19.1062793668898       5.383420593315408E-074
  -19.0594508275515       2.481133247872880E-013
  -19.0562345359018       3.537450195144978E-067
  -19.0416083745676       1.432629237780935E-070
  -19.0122223749715       5.386305922775708E-013
  -19.0039415748515       2.585612049488556E-067
  -18.9819714565783       8.523706338838305E-011
  -18.9579763176402       1.285805029034479E-010
  -18.8708474966497       1.843828160882860E-010
  -18.4265463829979       2.193427830097052E-070
  -18.3842321208453       1.302816084436502E-008
  -18.3339420594675       2.947010397621846E-007
  -18.1595797794194       2.035200033256163E-077
  -18.1254315095946       1.660684582385419E-010
  -18.0426667284934       5.906579931096245E-011
  -17.4524707481151       3.989449510625981E-011
  -19.0455574444586       1.998860339673555E-069
  -18.9840154739466       1.222183757275813E-017
  -18.9695703918705       3.678161719815396E-064
  -18.9688157368267       9.087351549093680E-063
  -18.9242761021690       3.808353803412624E-008
  -18.9081948997105       4.191009142371344E-015
  -18.8858199917139       4.228232342485249E-065
  -18.8515970347429       2.606679687029464E-011
  -18.7755152437403       3.412084695844237E-014
  -18.3720968641132       5.677773030833857E-070
  -18.3374517032749       4.395434290982270E-014
  -18.2318133351255       7.084808303755289E-004
  -18.0873726249330       8.924938506729800E-067
  -18.0589119309033       1.036069705903874E-014
  -17.9546044131609       3.709187485339078E-008
  -17.3798145842572       1.181021797395987E-014
  -18.8336439928446       7.511176581413405E-071
  -18.7781678540917       5.007094105548169E-014
  -18.7733416695098       6.872036461342699E-064
  -18.7584246778418       2.873392986688831E-065
  -18.7126213606166       2.235906108116640E-009
  -18.7014779468051       2.526419108541199E-009
  -18.6955209098916       1.448287413172741E-063
  -18.6724524714203       7.187083566595303E-009
  -18.5861451537440       3.233418083263573E-012
  -18.1696411247893       2.435070176027068E-069
  -18.1217887467371       8.770560465931494E-010
  -18.0423548048733       2.742568022136717E-004
  -17.8862416082269       6.374200386064575E-069
  -17.8614985644690       2.529575252414039E-012
  -17.7644630799937       3.720446291544840E-008
  -17.1837064549953       2.531225239736395E-013
  -18.8008532019453       1.529235752278111E-071
  -18.7663951762424       9.160952454530928E-013
  -18.7544253724892       1.827504927837702E-069
  -18.7448883194612       2.032774674137169E-067
  -18.7091697527099       3.091751553974378E-065
  -18.7000313722011       2.656237758391381E-011
  -18.6866503845998       6.345577164588573E-011
  -18.6681259142635       3.957580041356024E-010
  -18.5873645545039       2.123162259367854E-010
  -18.1392303230995       5.675972398239008E-066
  -18.0920933269949       8.908275215260604E-007
  -18.0386900408880       5.860589581751962E-006
  -17.8755642901108       7.272786978915403E-073
  -17.8388524487623       9.396312880903003E-010
  -17.7642072406102       2.465915738958140E-011
  -17.1767080080248       1.797661982472203E-010
  -18.7929554446059       3.639519723830166E-073
  -18.7471871408657       8.715557928682188E-014
  -18.7298195060293       8.709217548294065E-065
  -18.7105062856087       1.354932805592793E-072
  -18.6867804248672       6.200700065562108E-011
  -18.6714715439624       6.656666208787546E-064
  -18.6689174602625       9.183512447835376E-011
  -18.6126134553863       4.817603146129316E-014
  -18.5235863746505       3.196605371167886E-012
  -18.1210857462077       1.555778630033743E-067
  -18.0609803533697       9.001731165562815E-008
  -18.0135654113617       7.308678499377349E-007
  -17.8410675607979       4.291336713166414E-071
  -17.8234401710944       4.914455072874969E-010
  -17.6995750709485       2.547706559262640E-014
  -17.1132557061875       9.703343483662830E-013
  -18.8206891106033       1.019144044874849E-040
  -18.7709453294139       2.768784659052999E-050
  -18.7553815658509       2.566060230138999E-038
  -18.7347350634608       2.446480696294371E-041
  -18.7054640327332       3.211226017491372E-039
  -18.6947972125080       8.602092007780602E-047
  -18.6612268508872       9.440695231027019E-043
  -18.6381050240239       1.408588210066877E-038
  -18.5534657807067       4.984640001045479E-046
  -18.1277263970907       2.264836944244128E-037
  -18.0961094061720       3.041956935280204E-034
  -18.0511214459249       3.056285656912270E-034
  -17.8615945382448       1.773226780266047E-037
  -17.8527797500175       5.947316649427808E-044
  -17.7363524021055       1.700279720286726E-041
  -17.1581355346389       5.413358239991966E-045
  -18.6514207964770       4.988486370764600E-075
  -18.5813491103608       9.186704116902612E-019
  -18.5669786112952       5.396816166816388E-064
  -18.5515538206663       2.866490933073530E-064
  -18.5228850390261       9.170293242493854E-009
  -18.5025850340663       4.650815843937503E-014
  -18.4714245242332       2.457960966384938E-067
  -18.4406429597035       7.999383912789704E-009
  -18.3491540208608       1.157882901183369E-018
  -17.9545253311415       3.297820674222074E-072
  -17.9327187233101       6.036371253344835E-012
  -17.8040637121502       7.948826124494862E-004
  -17.6749724070388       7.440674148735408E-068
  -17.6616606168558       6.337004491494843E-014
  -17.5255808289050       5.375625749448329E-008
  -16.9471478340953       1.073376233173947E-019
  -18.6228749959758       1.372764718339010E-079
  -18.5642271128764       1.867108244449469E-014
  -18.5549905974369       4.197193363855171E-067
  -18.5535751650173       1.880416726520437E-075
  -18.5186727309177       2.469939825452903E-014
  -18.5030491430104       6.293691017661480E-015
  -18.4983335416966       2.616718329322199E-068
  -18.4683373186522       4.979361407942616E-012
  -18.3636163477127       7.823224247491709E-011
  -17.9436871956176       1.698185693426294E-070
  -17.9099345273555       1.272264227362765E-011
  -17.8425166752512       6.640159732941308E-008
  -17.6664356514118       5.199472555334241E-074
  -17.6504994057986       5.306239195969074E-013
  -17.5428008091756       2.199491915207219E-012
  -16.9611101332236       2.082932613145058E-012
  -18.5584081541879       1.055932003837627E-045
  -18.5069879437372       1.232251762742600E-044
  -18.4885785750991       3.622566453620882E-038
  -18.4868037584266       1.168195772237086E-041
  -18.4729425653711       4.359688228706812E-035
  -18.4562822320368       1.703533614592441E-034
  -18.4298684355796       7.964452471991599E-041
  -18.4027314146601       2.206175628464779E-038
  -18.3278045100019       2.381510717003567E-044
  -17.8927003783501       4.121921828786669E-041
  -17.8753989063059       1.040488335374201E-039
  -17.8052657463992       4.699198033655286E-035
  -17.6192384707115       4.423302463693852E-045
  -17.5806442314317       1.014747045395805E-042
  -17.5080206221966       5.013443966398934E-042
  -16.9243541283217       4.270864092032366E-049
  -18.5397984416691       6.857765326185364E-077
  -18.5106398047897       4.138303571984514E-018
  -18.4815970778619       6.565198866581742E-070
  -18.4810408115979       9.699391247796282E-069
  -18.4384088691201       7.898606928090127E-013
  -18.4284696303713       3.043214884349171E-069
  -18.4044750817711       5.774734773725932E-012
  -18.3718308371492       1.201292573224373E-012
  -18.2729469803423       2.594312789548121E-012
  -17.8612155616999       3.643966923836760E-074
  -17.8228441482882       1.249954681618297E-012
  -17.7608329352474       1.653910797612384E-012
  -17.6002227338338       2.066053099820930E-072
  -17.5570016403320       3.658422741929304E-012
  -17.4527761468297       2.515908959297216E-011
  -16.8724520577584       3.812513841606840E-013
  -18.4394459338497       2.229929725050374E-042
  -18.4029394971744       6.057581379173450E-047
  -18.3897116412047       2.886621188092884E-039
  -18.3854453645392       2.334572294899335E-034
  -18.3559967605556       9.331091787185200E-038
  -18.3361609000257       3.362694929679059E-039
  -18.3216358418783       9.233179911133007E-046
  -18.2913501569916       1.924266552829593E-041
  -18.1969097440311       1.108863391209861E-045
  -17.7803539605165       3.582674818356703E-039
  -17.7499975648510       2.970843294721033E-040
  -17.6959765869061       2.563620679344767E-034
  -17.5071465080382       2.018146343474046E-039
  -17.4755956061296       9.995383247835805E-044
  -17.3786853793916       4.416827106071902E-042
  -16.7985822470518       3.326314214345614E-045
  -18.1595159275005       4.305654110801053E-074
  -18.1030172583985       1.428416954495004E-065
  -18.0807450968097       6.584204714614152E-016
  -18.0769924864580       2.275733348458211E-009
  -18.0736099849681       2.374809001236676E-064
  -18.0357495130303       8.916867071550647E-065
  -18.0238017930104       1.483306643146404E-015
  -18.0047959776933       6.457525617463394E-013
  -17.9179556353149       1.576801272853283E-016
  -17.4926360906960       1.411130847349965E-073
  -17.4706017403090       1.717363936075198E-013
  -17.4110229801677       9.467102936250343E-006
  -17.1925876596966       6.565862900243091E-076
  -17.1725952914894       5.539690325106917E-017
  -17.0904186885468       3.841458293508132E-011
  -16.4983963070518       3.740754199476519E-018
  -18.0638578868357       1.288257428722477E-076
  -18.0253181859192       2.695656834308730E-012
  -18.0115979196828       4.452002097245001E-065
  -18.0081720271262       2.088198468593793E-065
  -17.9783880787860       7.294188827008181E-011
  -17.9694753552919       5.788975160387681E-064
  -17.9491788484909       3.410395763656004E-010
  -17.9248347372173       3.996597618893755E-010
  -17.8361964403128       8.636656202409233E-014
  -17.4001873329743       1.985572603112313E-068
  -17.3710648919658       8.557060832073321E-009
  -17.3152687875088       8.147165998231168E-007
  -17.1328689705911       4.838918523808817E-072
  -17.1000788977379       3.174237780978993E-012
  -17.0150864014416       7.173093390505628E-013
  -16.4303575062388       1.790147661679397E-011
  -18.0276435240062       1.052307932382744E-067
  -17.9744715692599       5.656488214654570E-014
  -17.9701225841583       2.726168535548702E-064
  -17.9572593736822       3.920910330534881E-063
  -17.9114301435266       5.029965009136968E-008
  -17.9025847132815       4.844534002012681E-061
  -17.9024216086530       1.032303292525869E-009
  -17.8727051231296       2.054741182985854E-008
  -17.7890997894553       4.087317780954761E-016
  -17.3657593350814       9.043845630408273E-068
  -17.3206311580697       2.135898277678900E-011
  -17.2481149137276       3.469339079336951E-004
  -17.0837779602464       7.982397250807217E-067
  -17.0542371052824       7.134741777056960E-013
  -16.9674987206214       5.921285038154368E-008
  -16.3850643283196       6.906697842045772E-014
  -17.8078801766602       1.275245824854288E-045
  -17.8046665804087       3.476553875039173E-039
  -17.7873259356575       3.452864601746482E-036
  -17.7688774762371       3.841755489401566E-038
  -17.7339756070195       4.248986393415380E-039
  -17.7184253169912       1.985431370663907E-042
  -17.6988772341397       8.372015170660012E-039
  -17.6617622698826       1.045902119820914E-040
  -17.5575199310614       1.216793227399780E-044
  -17.1401503041189       1.835081083279485E-039
  -17.1142392068612       9.314212516050483E-038
  -17.0569479267173       3.188569894587524E-036
  -16.9023793834441       1.016488524868322E-039
  -16.8778561906074       2.085575041525133E-041
  -16.7473086802447       7.496594279706618E-040
  -16.1781470154294       1.575215534888647E-047
  -17.8266542321910       1.849253369054612E-041
  -17.7920449057462       5.398240093925291E-044
  -17.7536699174386       2.223848047147382E-038
  -17.7176090600773       7.042991927756257E-034
  -17.7173267009835       8.732145484116286E-034
  -17.7038087742959       5.892488711929381E-036
  -17.6946284264403       5.145403992575698E-039
  -17.6561699554610       9.676169211744976E-039
  -17.5563086272147       1.222037907113022E-042
  -17.1201744116290       1.245886063669994E-038
  -17.1201372329834       3.171000669071382E-038
  -17.0155834707354       2.779879727056701E-037
  -16.8849558577344       5.408296897286007E-040
  -16.8624028016236       6.976133602081593E-040
  -16.7361427353017       2.677993028301829E-041
  -16.1536727691392       2.666378884388868E-044
  -17.6337123824579       1.680203266635961E-070
  -17.5826989353038       1.178549276854680E-065
  -17.5734212839022       1.759600569421577E-013
  -17.5615036782599       1.342267186133980E-063
  -17.5380490349648       1.045409978079638E-010
  -17.5221698183311       8.537545681603005E-066
  -17.5104239147323       1.910966537898109E-011
  -17.4874326314052       8.253325748501491E-011
  -17.4105260302509       2.660469678540929E-013
  -16.9737755495925       4.922843333160976E-068
  -16.9374498589064       2.374014958811128E-011
  -16.8771407504819       2.897359280916699E-008
  -16.6888322775268       3.155901209417510E-071
  -16.6580325427350       3.725064061331794E-012
  -16.5879390181196       3.945724961734817E-012
  -16.0004880379096       1.082391995071383E-011
  -17.6030841384365       2.120639626421834E-071
  -17.5403765041059       1.057961469810745E-066
  -17.5402204298300       1.746193488292519E-017
  -17.5258950765384       1.160228259684738E-067
  -17.4961725560901       1.190077842145168E-011
  -17.4788936084163       2.827388832939339E-064
  -17.4694900108607       3.321034477677154E-013
  -17.4443274600396       9.673614010656236E-009
  -17.3530019697652       1.983433687882360E-013
  -16.9364024512343       1.682186131700006E-071
  -16.8995407930088       5.487463686550230E-012
  -16.8307534643915       4.192872829156394E-005
  -16.6482331653366       1.294778165675959E-069
  -16.6227710816040       5.446862598829366E-014
  -16.5305344590823       1.223141241031342E-009
  -15.9453430354837       2.151882506645043E-015
  -17.6523290036327       1.801211088138395E-073
  -17.6021522542698       7.205650549396844E-014
  -17.5764129504419       3.138613943833237E-069
  -17.5713908326269       6.439454171650005E-066
  -17.5415600617761       1.514464139038155E-011
  -17.5310568956646       6.070182105928652E-011
  -17.5228640719727       2.403028365680444E-065
  -17.4905430996198       9.948385716750872E-012
  -17.3858297095209       6.247661537708974E-013
  -16.9672098992602       1.683417570165359E-066
  -16.9208658444526       5.205311951081145E-011
  -16.8515056684664       1.151172867385986E-008
  -16.7024677420496       5.976425959378393E-070
  -16.6982018718024       1.503454890011401E-011
  -16.5687072935410       3.992274409995712E-018
  -15.9903418143383       2.368458087333541E-014
  -17.6335506892624       4.004848017529960E-014
  -17.6292832336139       8.040716218663042E-073
  -17.6132312011379       8.239174380739265E-067
  -17.5734029232448       2.427596146895520E-064
  -17.5423801162426       3.118036031943202E-011
  -17.5412917410380       3.752631282490313E-013
  -17.5270770684661       1.421543579494786E-063
  -17.4907284719328       6.559609158654811E-012
  -17.3769371480056       4.131782859848679E-013
  -16.9531654904268       1.080193181337634E-069
  -16.9278948444288       1.528497432224858E-008
  -16.8547223780005       4.277664422244230E-008
  -16.7212334623826       2.264201228548975E-068
  -16.7086468126762       7.535454377893928E-014
  -16.5600811700738       1.305139155440445E-014
  -15.9805271222174       1.673492452744953E-015
  -17.4007958023257       1.202697206660186E-075
  -17.3394930879409       2.427300855456186E-019
  -17.3280022947155       7.628750437644788E-072
  -17.3077581666172       4.396042746687236E-065
  -17.2705195792029       4.196507262306269E-013
  -17.2687138698342       1.024501786691887E-011
  -17.2305507172460       2.636027472255328E-063
  -17.2176689604547       1.264123631020445E-007
  -17.1127551576285       4.671405762734675E-015
  -16.7036771920490       6.125262614341356E-071
  -16.6780244406055       2.365488728014340E-013
  -16.5579597147819       6.359543618548822E-004
  -16.4352257201774       1.208167850198368E-017
  -16.4331275996126       3.999662157208713E-070
  -16.2874710952858       1.062741477135318E-007
  -15.7042341332843       3.569786467381881E-016
  -17.3970306421326       3.882624639197385E-039
  -17.3589458728717       6.220069958408415E-053
  -17.3181146950608       1.999567072786746E-038
  -17.2596550688472       1.808128842826258E-036
  -17.2448636021693       1.941419047387947E-047
  -17.2331553385618       2.045727736401898E-036
  -17.1973434681852       3.337174760383156E-041
  -17.1466801816443       7.578189421535359E-038
  -17.0740049544174       1.278627447592618E-048
  -16.6634092576535       3.863522030991739E-039
  -16.6379090004460       1.020619494760027E-034
  -16.5697078441932       8.198125500919963E-035
  -16.4191588286026       1.337194881785338E-036
  -16.4108568421833       9.674798831277962E-044
  -16.2689809187510       1.561821254943782E-040
  -15.7041504080173       4.782926097229449E-044
  -17.2016494307239       1.092990769965355E-069
  -17.1815828268435       1.033910776282994E-013
  -17.1486842797198       7.293535914551396E-067
  -17.1037669723127       3.465219408429728E-062
  -17.0910705591218       1.226843335284980E-009
  -17.0751977367983       1.861968431229782E-009
  -17.0695871876517       5.295824223298397E-062
  -17.0132750637864       1.148465829142721E-012
  -16.8892548492833       4.687766068117721E-010
  -16.4776159749266       7.911137221941914E-067
  -16.4276588714659       2.634488165009072E-009
  -16.3426270948463       4.107559322877548E-008
  -16.2402995560060       3.429186563396481E-009
  -16.2400773853553       3.174241088610086E-064
  -16.0578016047007       9.701938088595370E-011
  -15.4639013661817       8.310833184060903E-011
  -16.6673452598502       2.423476283592097E-068
  -16.6413337473662       5.162153845816038E-013
  -16.6152229893776       1.648373482206520E-064
  -16.6103331584948       4.879436878155287E-065
  -16.5720142984457       1.010881344936006E-008
  -16.5685425469905       3.508005786911062E-061
  -16.5672451957415       1.171620045640147E-008
  -16.5071335519768       8.960988484679305E-010
  -16.4226753671837       2.548082726241977E-010
  -16.0038767255928       1.941498595001454E-066
  -15.9479794187959       4.725435172137251E-007
  -15.9072548867752       6.050556419102094E-006
  -15.7481137522101       4.195480054428290E-069
  -15.7124767100245       3.029884555500107E-009
  -15.6153620994797       1.588142505815368E-009
  -15.0489929125008       3.743918015436969E-010
  -16.5151795871688       5.865647765563636E-069
  -16.4752629450965       4.993541423154870E-014
  -16.4588981159170       7.821331649781815E-064
  -16.4538741010914       2.741767787069161E-064
  -16.4046842555456       6.224733565755815E-008
  -16.3910949937260       3.678957997648080E-010
  -16.3872886019391       1.653610823160914E-061
  -16.3482953837031       6.748177594721682E-009
  -16.2799456314508       1.835679958693888E-012
  -15.8508714430831       3.214830327046972E-067
  -15.8083204560972       1.548270352682380E-010
  -15.7227558818075       6.367911532370840E-004
  -15.5829020362187       4.527355544412985E-067
  -15.5484027591889       2.384283980864603E-011
  -15.4586337466945       7.835929832382992E-007
  -14.8786001105299       1.178744278910321E-012
  -16.2345198438195       1.175151827861236E-041
  -16.2004511839561       2.044719817586545E-038
  -16.1786650683804       4.311557029323216E-041
  -16.1706283956705       5.651012045822714E-032
  -16.1682654441668       5.649916582479138E-032
  -16.1512302675951       5.262262768301710E-037
  -16.1215255173707       6.530899971467577E-042
  -16.1101744915457       1.863705456694280E-038
  -16.0409499072676       3.746138330460535E-044
  -15.5856836198061       3.029243223926097E-039
  -15.5593072816766       4.600108914245417E-038
  -15.5227797106046       1.572833449798659E-036
  -15.3013811179243       2.118243936520834E-039
  -15.2685431003967       7.057088472925850E-046
  -15.2168766695762       3.360017813293429E-041
  -14.6212558907679       3.184484434094983E-045
  -16.1714791959558       5.544384452631475E-073
  -16.1345019965252       9.486232463364011E-067
  -16.1115288175369       3.969017384538377E-015
  -16.1032934533467       9.780013358143429E-012
  -16.1024010008546       1.491793647738461E-059
  -16.0809515720030       4.616501407144145E-065
  -16.0555503109520       1.829307452291291E-011
  -16.0401576716046       8.773729453904462E-012
  -15.9694920152353       3.313169287636356E-012
  -15.5213251984431       5.003875210086421E-070
  -15.4937801322285       2.803187909596758E-010
  -15.4543099968737       9.483870172959926E-008
  -15.2332622991643       5.627505245213848E-069
  -15.1995854884681       1.772629728284458E-018
  -15.1471392012598       2.112887879418922E-012
  -14.5545590084923       1.918001397922677E-013
  -16.1753135363805       1.126090735281883E-044
  -16.1283303713669       7.405053366874526E-042
  -16.1243596038318       1.360403559157232E-034
  -16.1217826503621       6.004830417393886E-039
  -16.1013220681157       7.402995616109997E-034
  -16.0899510096990       4.611440959658163E-034
  -16.0750979620758       1.857607773383210E-039
  -16.0472372352349       3.553355971492721E-038
  -15.9765682984270       4.175140312400580E-042
  -15.5237979033727       1.437765069239069E-040
  -15.5031435975838       3.118218818502937E-039
  -15.4487849355537       3.455094940417730E-035
  -15.2524361426320       9.077777556431991E-041
  -15.2168532215189       1.796514898810933E-043
  -15.1631950779238       5.946126780308967E-041
  -14.5804732972594       2.793810288606281E-044
  -16.0425955304294       4.751052929427124E-069
  -16.0041187609798       2.116672070730398E-067
  -15.9741026721336       2.496855833742267E-010
  -15.9737928823354       9.074371502327800E-012
  -15.9699026113433       1.209233118161467E-059
  -15.9441034247995       2.470252742321936E-064
  -15.9290206098747       9.042022703029996E-014
  -15.9120025673786       1.431172940761686E-008
  -15.8388246802487       1.098756871221086E-014
  -15.3914811629157       1.685121433661898E-069
  -15.3663520109379       8.130914759758802E-014
  -15.3250791178137       1.293701677345224E-006
  -15.0968177150123       1.277679450774039E-068
  -15.0701002646480       2.894071980320771E-016
  -15.0165719173335       2.955175399384414E-010
  -14.4240693068188       2.314906024512894E-019
  -15.8172139851009       4.192529700751852E-078
  -15.7753511950387       1.711233659745077E-066
  -15.7505596779729       3.827113785215847E-011
  -15.7459437719409       2.647054377248732E-011
  -15.7402010554374       7.745018139380084E-067
  -15.7171125594358       1.238030373161598E-065
  -15.6993795400485       7.958111669623413E-011
  -15.6867738786482       6.800351854267560E-011
  -15.6197753833746       2.739443044135545E-011
  -15.1570169025934       2.175588566984664E-070
  -15.1373699598399       4.824091019551593E-011
  -15.0869570945089       9.948644518617817E-010
  -14.8691792816858       1.376605506168360E-071
  -14.8464031025480       1.769685853741910E-013
  -14.7908715745682       4.785767785566684E-013
  -14.1906299744289       5.192733920565214E-013
  -15.8488804225983       2.707240531859282E-038
  -15.8229319583103       3.734352209731703E-042
  -15.8109794286422       6.478975269079672E-033
  -15.8081329156227       2.488905727791947E-036
  -15.7748890276029       5.022122555313162E-033
  -15.7679934828762       1.635379526875676E-037
  -15.7549110725518       3.440973974507637E-039
  -15.7235635661330       7.087054230638862E-038
  -15.6391190113412       1.188135800325516E-042
  -15.1997145575956       9.465946749921385E-037
  -15.1691176094432       3.695796459903202E-039
  -15.1252271046529       1.700130436826708E-034
  -14.9384171325051       4.008255384805820E-038
  -14.9026333634048       2.040305638782372E-042
  -14.8264508454057       2.476484454117561E-040
  -14.2503823670242       1.523022104931667E-045
  -15.8415436087689       1.905887139778256E-066
  -15.8121401428814       4.208228029691212E-065
  -15.7721936572452       8.511341702769107E-013
  -15.7689040914974       2.013028556246967E-010
  -15.7669918572867       8.605679798031535E-059
  -15.7419460594542       8.504070040782165E-064
  -15.7353108411378       8.967829029615115E-013
  -15.7214356040602       3.581156176967830E-008
  -15.6581525382404       1.105111095041901E-013
  -15.1919206814082       1.450734091232990E-067
  -15.1606079108253       7.815038078412937E-012
  -15.1184737582721       7.774029892065140E-006
  -14.9036143865706       2.422537524855345E-067
  -14.8815204551633       6.662982656827847E-014
  -14.8366396624122       5.032223639876454E-010
  -14.2405555570480       3.452382533181801E-019
  -15.7590496524368       3.098124162782193E-042
  -15.7184112432840       9.242329943137649E-038
  -15.7008618503158       2.797894129582809E-042
  -15.6908810342603       8.076326255419670E-035
  -15.6835026738739       2.081306938205479E-034
  -15.6708590141475       5.723383647085767E-035
  -15.6330243283263       1.335735774894804E-042
  -15.6204224613670       1.028971180928209E-039
  -15.5592208976506       2.536123836037971E-044
  -15.1048448853242       6.316527231627033E-041
  -15.0787708167165       1.864661768944056E-039
  -15.0335791014266       2.226308384772173E-034
  -14.8220819093196       2.172368307703399E-042
  -14.7823099899761       1.067816660138726E-044
  -14.7349844366604       2.533841598408056E-041
  -14.1376333298354       1.348389401188380E-048
  -15.6000786259882       1.526984963749558E-073
  -15.5508995846544       1.053064179099822E-064
  -15.5404370222518       3.235188386652922E-011
  -15.5348964413658       5.170850753930631E-062
  -15.5296994820587       8.044229054939435E-011
  -15.5028116269634       8.626792020728933E-069
  -15.4881458882557       1.531382812990052E-011
  -15.4669307694335       8.921166463998048E-012
  -15.3881403837592       1.796471043383554E-011
  -14.9425647879620       3.207877690980774E-070
  -14.9243533571509       4.866758199894053E-009
  -14.8731934046046       6.127211903077815E-008
  -14.6598495618023       2.031333826441479E-069
  -14.6319621565403       8.468137359862533E-014
  -14.5674552580327       3.128265100566417E-016
  -13.9799614696197       1.251336332886596E-015
  -15.4494464606245       2.418859552081023E-040
  -15.3975520263338       4.338660730386442E-037
  -15.3964152128130       1.507817755077599E-034
  -15.3829981558634       1.421510359370295E-035
  -15.3793439482042       4.362210550522910E-034
  -15.3577353835423       4.768152842095438E-034
  -15.3309300688124       6.744259256411930E-037
  -15.3113233674710       1.058344924938597E-036
  -15.2392975788255       2.763750655305741E-041
  -14.7865200336251       2.763753253236335E-039
  -14.7701115616247       6.822797769783940E-037
  -14.7158232535226       3.002203791857538E-034
  -14.5149163907796       8.443118829887486E-041
  -14.4772464853321       1.386504695780147E-040
  -14.4193701951959       3.351072992775158E-041
  -13.8286930289987       3.160060802856423E-043
  -15.4422099573067       1.817666279849952E-069
  -15.3989181675400       4.079556159165319E-064
  -15.3722211758901       1.632632547629417E-011
  -15.3691788560042       2.507670939756591E-010
  -15.3654034759360       1.248841304130748E-060
  -15.3395007861071       1.077717135025677E-062
  -15.3214993027270       5.016924204334986E-012
  -15.3085200377909       1.943652071504593E-008
  -15.2361858433221       2.366165885775218E-015
  -14.7843304249874       1.232279012821054E-069
  -14.7602734127441       1.113874070170035E-011
  -14.7106759523553       1.031359486261126E-004
  -14.4935436378608       5.322916314702440E-067
  -14.4697554574582       1.115030852915761E-014
  -14.4088277178934       2.804028598312718E-009
  -13.8122139364567       1.434573491369347E-017
  -15.4529166011713       4.226467339857176E-040
  -15.4340199338238       2.306175951509491E-041
  -15.4213742926107       1.029894373299402E-035
  -15.4177556602185       3.325196249273291E-034
  -15.3868957171593       1.043908433713254E-034
  -15.3722260816615       1.510333695656664E-038
  -15.3574340164104       2.349238287077910E-040
  -15.3277474924604       2.879788288727950E-039
  -15.2449030804426       1.818677348423882E-043
  -14.8001885712317       2.475272271329200E-040
  -14.7714847270008       4.211497749550995E-036
  -14.7323375173390       1.316933216834465E-033
  -14.5449268666404       3.459747918728462E-038
  -14.5079258823045       3.734258213358620E-042
  -14.4286508713954       9.398988622632168E-040
  -13.8478468539109       3.098159010563285E-042
  -15.5858778839204       5.298475928621359E-081
  -15.5563494667909       5.090795945098085E-013
  -15.5170982050235       1.241059549078458E-077
  -15.5001179212882       1.002334159229902E-065
  -15.4884426967218       2.415856599348560E-012
  -15.4726455668633       6.024759100321119E-012
  -15.4716985065044       8.327724319973289E-065
  -15.4088467504099       8.820508097274882E-012
  -15.3180817139546       5.672461843800656E-011
  -14.9014302319692       6.080016635245019E-069
  -14.8466831587185       6.794630908910307E-011
  -14.7871137541515       9.070413746189379E-008
  -14.6603477393362       9.682936151653175E-071
  -14.6438985193191       8.878597268737499E-011
  -14.5142275208609       3.026124453482205E-014
  -13.9518624829166       6.014790616792710E-014
  -15.2896662773122       8.500995358531709E-039
  -15.2731962220983       2.862940010852567E-042
  -15.2363249989594       2.143286863081175E-035
  -15.2115803163930       4.103827575974307E-033
  -15.1940439328661       1.779875875099391E-033
  -15.1929779178268       7.194825744469635E-034
  -15.1660832517264       8.721179157186060E-039
  -15.1427455171449       1.339514684474987E-038
  -15.0530569770977       1.513490445468299E-041
  -14.6085401179435       9.172355917616836E-046
  -14.5904378064727       4.698935772292593E-038
  -14.5143274806417       3.111420835903235E-033
  -14.3736410470099       3.054864315629350E-040
  -14.3352041833086       1.091879124450995E-039
  -14.2369564103678       1.376092028545070E-040
  -13.6541465658372       1.090488514151715E-043
  -15.1766697661056       1.215406685802657E-036
  -15.1669710990044       1.211354486414590E-040
  -15.1423043636769       8.362040394996346E-034
  -15.1334275578454       2.650374660398801E-034
  -15.0944245728137       1.341742151989189E-033
  -15.0923039849396       6.384256001364171E-035
  -15.0735958973703       4.863271797651246E-036
  -15.0417103631177       2.939981087371374E-037
  -14.9546997500710       8.666368251643303E-045
  -14.5250369222714       3.862393543347702E-037
  -14.4928290230915       3.050788862907552E-036
  -14.4431227549951       3.972548390712501E-036
  -14.2758487054210       9.242400529054586E-040
  -14.2290577113112       8.739884911993859E-042
  -14.1472580711055       1.801751891128117E-040
  -13.5758639811636       5.181241166089074E-046
  -15.1431117849743       7.123618237706304E-074
  -15.1155747854131       2.055013815171172E-011
  -15.0895312424183       5.927036422253869E-071
  -15.0760446504813       3.170037382221638E-065
  -15.0674737256547       9.669317960557828E-065
  -15.0632794105092       1.332024848465007E-011
  -15.0341596589970       1.237351703114718E-010
  -15.0114561531008       3.532453939844067E-010
  -14.9387814992861       4.453432767860167E-011
  -14.4751589094532       2.071226984245939E-068
  -14.4599393848658       2.418318330512665E-009
  -14.3970159087447       1.386673546312104E-010
  -14.2302413808422       1.246627014167076E-068
  -14.1902751799458       1.173606893076568E-011
  -14.1201186833985       5.367983747985129E-012
  -13.5359353072079       2.212982270568615E-014
  -15.0090403113274       1.825744271280876E-068
  -14.9675571404359       1.708907051480056E-064
  -14.9440601447512       7.186155271453311E-018
  -14.9365452921518       2.768531033796729E-061
  -14.9246572031049       8.091434411305768E-009
  -14.9055119055564       1.037366453912929E-062
  -14.8955103333666       1.574574276071215E-011
  -14.8790518393324       4.785732324676440E-008
  -14.8025869133957       2.047510253955599E-013
  -14.3547079219056       4.524597612106731E-069
  -14.3208316640827       1.009516400938874E-010
  -14.2739482693070       3.058950942537176E-006
  -14.0661318221790       2.142462150830907E-072
  -14.0422373259148       6.518872089072211E-016
  -13.9799690305584       2.145273945573584E-009
  -13.3892261919884       6.991790230668893E-016
  -14.8294302501980       4.454149629172310E-069
  -14.7788902320341       9.813512714438328E-012
  -14.7787353179865       6.067803535233585E-061
  -14.7625332521405       2.529951218255864E-059
  -14.7605561439407       1.151374090906027E-011
  -14.7431508619830       4.990864251840278E-068
  -14.7108333278110       8.134192551360503E-011
  -14.6947279686759       5.533352171730875E-011
  -14.6245580342011       3.908875828446832E-012
  -14.1684764049970       5.547782872102136E-068
  -14.1509985215151       1.204528415417118E-009
  -14.1001129894688       6.663715938576437E-008
  -13.8969952945451       2.084616038404510E-069
  -13.8602809258260       1.361007318404146E-013
  -13.8014428225655       3.223339756144562E-013
  -13.2097134701436       4.415917644854216E-014
  -14.8685329179464       5.514360211731069E-072
  -14.8179707068464       1.110479144025627E-064
  -14.8132170419835       1.603129283168814E-016
  -14.7996533720324       7.067748769291055E-068
  -14.7647312655878       2.292567907386488E-010
  -14.7588516475537       6.842184909404730E-062
  -14.7571858241327       1.287363284146245E-012
  -14.7403259743038       3.127995257767133E-010
  -14.6524202130869       1.270515928878977E-014
  -14.2051128995005       1.019181899246655E-074
  -14.1654361595992       5.956644395047037E-013
  -14.1087311978970       3.289017401999974E-005
  -13.9289299699246       9.043276636256549E-070
  -13.9129572469719       4.473178044314740E-014
  -13.8275109715936       1.114225559229024E-009
  -13.2382272705915       1.325626445781208E-015
  -14.6564435152438       2.606166302528179E-068
  -14.6187374085346       2.268628183712504E-064
  -14.5887039312708       1.872516764183938E-009
  -14.5861448586240       3.138756130785347E-017
  -14.5834894260276       1.273611416314349E-059
  -14.5565840081099       6.976055346710103E-068
  -14.5437334795926       7.675661895955905E-015
  -14.5235130428909       1.639552078194616E-008
  -14.4510803211970       1.461080423408775E-014
  -14.0062590000369       3.414637578368192E-068
  -13.9808450550375       2.598983050589798E-012
  -13.9410158585709       1.450934803805730E-005
  -13.7095311553250       5.780820479708348E-069
  -13.6815945249783       1.705739943029122E-018
  -13.6314830098348       3.205159371788361E-010
  -13.0402956494969       1.298891015286303E-020
  -14.5748175417649       2.263903212757877E-075
  -14.5278950970056       3.777678956762484E-064
  -14.5154284838438       2.576593480590406E-012
  -14.5090902363615       2.614190304368139E-066
  -14.4943856700149       3.405839482060820E-014
  -14.4743698965501       5.332246118909686E-065
  -14.4673112269978       3.625905751844741E-012
  -14.4505538281641       1.108068473913012E-011
  -14.3653634192863       9.921876658506796E-012
  -13.9174340180495       4.396639642097272E-071
  -13.8896214856337       6.620243430101544E-011
  -13.8411018547124       3.600810321183410E-012
  -13.6356584295304       2.230083038039897E-072
  -13.6199092557972       1.532855443215535E-013
  -13.5428483045245       1.124500597689989E-013
  -12.9546839544062       5.835698785266589E-013
  -13.8336424618173       9.771288362501570E-065
  -13.7887493713828       2.794760825054340E-063
  -13.7809198895619       5.711885873321697E-011
  -13.7606441439106       4.683509154464917E-061
  -13.7531605012081       4.013813230731217E-008
  -13.7226934518310       1.768796390821466E-007
  -13.7225317627112       3.967433559287892E-054
  -13.6915413850959       2.761133370555318E-010
  -13.6039618170924       3.206647405376652E-009
  -13.1679638159760       7.247842397810562E-066
  -13.1280685893917       1.423225910474103E-005
  -13.0815089972026       1.461629034695590E-005
  -12.8951833789762       4.074778875642019E-067
  -12.8714605379872       2.044027198701209E-007
  -12.7988634811908       2.233781228467662E-010
  -12.2116920841825       1.266162777334409E-008
  -13.8251270605689       7.590853815689440E-067
  -13.7784356447522       5.271442245703759E-064
  -13.7706461695715       2.079760299264456E-012
  -13.7404229182651       1.047382436367050E-010
  -13.7379019702495       8.081711063399894E-061
  -13.6962645967210       9.282368331750458E-059
  -13.6883670442556       1.267449575306558E-008
  -13.6788238090677       1.307241936434604E-012
  -13.5806188678023       1.651817248063696E-010
  -13.1490026225002       7.218855207531569E-064
  -13.1205723621703       7.043997978138817E-007
  -13.0418917043908       3.624186603661859E-004
  -12.8776477634122       4.328291297961846E-064
  -12.8602700422892       1.942272912593304E-007
  -12.7696630569737       4.887856804151443E-007
  -12.1745480606959       1.164613252261108E-009
  -13.8100893796487       2.771319866398693E-030
  -13.8078813967330       6.903316414491165E-032
  -13.7180267890296       1.516075756854999E-028
  -13.6736873939507       9.506120862908562E-030
  -13.6339967613507       1.073445527570018E-029
  -13.6313724521120       1.357127246029993E-030
  -13.5733687120946       1.207287828957502E-028
  -13.5710727403738       1.162802273439042E-030
  -13.4347059988893       1.133455325254340E-031
  -13.0646157753696       1.189165125614724E-026
  -13.0515710267203       4.802944207090888E-029
  -12.9441578062840       1.940112929281763E-030
  -12.8482517401247       6.026396328894430E-029
  -12.8033490937567       6.403410024550345E-030
  -12.6415384418029       3.059314935023660E-030
  -12.0889537211844       2.184743778541368E-030
  -13.7394926089829       1.403278836767394E-047
  -13.6955999486374       9.814882086754172E-013
  -13.6547779259837       5.103389290477955E-047
  -13.6228874036813       1.851778078471695E-010
  -13.5934105691343       6.317140236479672E-010
  -13.5838246905551       1.366127561681582E-044
  -13.5480807808864       1.041686987273574E-046
  -13.5036864969046       9.632631858521224E-012
  -13.3499888718885       2.379625997357699E-011
  -12.9626962859125       1.825414009394685E-045
  -12.9348338635027       2.480060461333466E-008
  -12.8046350168805       3.538179963691148E-009
  -12.7682897760898       6.746998142302519E-009
  -12.7226186443874       1.228123157554608E-045
  -12.5151888327112       6.320869770865571E-012
  -11.9109946019326       1.785315434070108E-011
  -12.5799212353759       2.731245304544725E-065
  -12.5642441730506       2.320287011350884E-013
  -12.5400028048474       6.852138682735998E-064
  -12.5203094018872       3.801050937372540E-063
  -12.4826191329946       1.668025786586661E-009
  -12.4748228726908       1.054400453115047E-062
  -12.4715615561344       3.987174092810380E-009
  -12.4114329576847       1.148727146347279E-012
  -12.3142996621827       1.124912239642377E-009
  -11.9232566848505       4.838600018792519E-067
  -11.8683561030894       1.657884817252332E-007
  -11.8140364791748       8.673707984172423E-007
  -11.6685825330842       2.105730819026027E-066
  -11.6208184235726       1.139126126825355E-009
  -11.5223464157295       4.119437484022426E-009
  -10.9711364084527       1.358062412680888E-009
  -12.3791514036407       3.843775633029048E-072
  -12.3538224379829       3.135855563621082E-019
  -12.3181882969213       2.868565686377675E-063
  -12.3148539509277       7.918872171434299E-063
  -12.2671603137371       1.836690582470815E-054
  -12.2668467869181       4.822777989395975E-009
  -12.2366340781330       2.005136985197420E-013
  -12.2026111067579       4.655678231289463E-011
  -12.1368259446729       2.597204621781396E-012
  -11.7145217844760       7.063352273997246E-073
  -11.6693907191336       9.155305856206860E-011
  -11.5867844426323       5.267992004646475E-004
  -11.4542285104332       1.265170549395467E-066
  -11.4042669604557       9.042504937530999E-012
  -11.3168596397292       2.042771157213212E-006
  -10.7350825879963       9.908008566986113E-013
  -10.9097526126850       1.691487630994702E-043
  -10.8757982268820       1.417575201308784E-034
  -10.8458432414250       1.292110087518727E-037
  -10.7985122874321       4.631867336484352E-036
  -10.7842943282062       5.660619222018828E-041
  -10.7435075389930       4.203419595691697E-034
  -10.6991720981620       2.522833319642116E-036
  -10.6536940935430       5.924235078486526E-035
  -10.5150053907513       1.334900669461713E-041
  -10.1724015323307       1.597174269659599E-038
  -10.1325776813364       1.870353688515943E-039
  -10.0329636431985       2.448339654093812E-034
  -9.97158127388809       2.226453691782213E-037
  -9.93866420129936       1.158759058825330E-041
  -9.73841885933463       3.735271121794222E-039
  -9.20741000752949       2.838757126381945E-044
  -10.8648605015769       1.284092461751521E-045
  -10.8543551221033       3.093568833796475E-039
  -10.7603424579253       4.938565043726213E-036
  -10.7450238435039       1.760405837709660E-032
  -10.6974553192460       1.880206950440572E-033
  -10.6949705539217       6.026068094153350E-036
  -10.6775602790482       8.958409923204522E-040
  -10.6256189741647       3.304899150202463E-036
  -10.5390229453676       1.272814305913656E-041
  -10.1309925151139       2.118191128808984E-040
  -10.1028330067469       1.390586795252888E-037
  -9.98329830741347       7.963762598706496E-033
  -9.92928193940753       7.057317790026245E-038
  -9.86597646608720       3.447090474617131E-039
  -9.73166398273884       5.425160373317689E-038
  -9.16168686940251       1.469102077447763E-044
  -10.6893529993567       1.393594480130632E-069
  -10.6467754721416       2.527442312726981E-012
  -10.6021264417240       2.394822777097055E-067
  -10.5851216971613       1.666636911523560E-011
  -10.5524012335551       3.367521334899720E-061
  -10.5397804464610       1.757816692218486E-010
  -10.5220241292578       1.398025985634311E-064
  -10.4674170204763       9.133606394108716E-011
  -10.3431308195150       3.065852503174299E-012
  -9.97390197755489       1.437567818111069E-068
  -9.92731802481576       9.011602171120554E-011
  -9.82191408945005       6.643240233265985E-011
  -9.73825717105574       3.390058796995601E-010
  -9.73213658827353       1.363583344533786E-063
  -9.55226545566954       6.013216995658523E-013
  -9.00234361184175       8.839945363964151E-016
  -10.5594369610691       3.868134652690146E-013
  -10.5444599065279       2.255301861958725E-069
  -10.4490933515654       3.434616953771983E-067
  -10.4381027452478       1.423837801098979E-067
  -10.3792995575210       8.827245971223493E-067
  -10.3731857979669       2.695981332410854E-011
  -10.3668910898378       6.140432850561669E-011
  -10.3180546253159       4.578296652904634E-011
  -10.2142994856602       2.495446870315650E-011
  -9.82032329958342       2.637996928176152E-065
  -9.78909901196455       1.360921244318620E-009
  -9.67307656748393       3.212876257624755E-009
  -9.61753678396843       1.853615359374053E-066
  -9.55348575339603       3.375837866135947E-013
  -9.41153881579164       3.475818256839072E-012
  -8.84602523080318       1.007732626937038E-014
  -10.2768438567914       1.016768980054407E-067
  -10.2255273726301       5.503837104661686E-019
  -10.1963855963967       2.761452768431080E-065
  -10.1686888397533       2.092747435446102E-061
  -10.1610197873867       1.376238277913469E-017
  -10.1113451969822       2.630736491657032E-007
  -10.1023466172092       4.847652873885266E-059
  -10.0949568078895       1.246152894524615E-007
  -9.96609752559784       1.659275261779186E-016
  -9.57130218730934       1.933027840779205E-066
  -9.52588918656185       3.901631996864336E-015
  -9.41300621823051       4.358883848679229E-005
  -9.32681245702691       2.401851274025765E-015
  -9.31659265733206       5.709244478564675E-067
  -9.15774858809163       5.752120499364015E-009
  -8.58855704498079       8.378613296115045E-018
  -6.07535370861294       3.276670855797806E-035
  -6.04080663340745       1.681379632621723E-032
  -5.94712574697871       7.317431744318797E-030
  -5.93491719193905       2.824150000190875E-030
  -5.83787636465013       8.906585514701913E-030
  -5.83636139660991       7.412426055606574E-033
  -5.83217468954854       3.964144165110651E-031
  -5.76655938737117       1.456310261422465E-035
  -5.61943187976384       3.573504935119045E-034
  -5.31977399144013       8.121050676183408E-030
  -5.26135573430654       4.479852486650448E-032
  -5.14174368029967       8.355599831729701E-030
  -5.09929451525857       5.598100297943981E-030
  -5.01507431244179       3.312150596993305E-032
  -4.83691982869371       1.614017982887057E-031
  -4.29492031048291       1.711072963346055E-032
  -5.99152525749492       5.126793157749233E-053
  -5.94770852493495       1.881493024606069E-012
  -5.92364695684997       1.849611311891388E-053
  -5.86988703540997       5.289447567447578E-011
  -5.82276234208504       1.265567725656276E-010
  -5.80018737483766       1.277292616660623E-051
  -5.76258070737382       2.431437082167320E-050
  -5.75291035071255       2.970471590017002E-011
  -5.54195601153064       3.805877706607528E-011
  -5.18041838488368       1.062198293899770E-008
  -5.17994236331170       1.541745406849193E-042
  -5.01916584616717       1.254976799323195E-008
  -5.00006754661372       3.792615985748457E-008
  -4.94353464938595       1.243725933071538E-049
  -4.70896927980496       1.740281588557169E-011
  -4.10278556332735       4.102509653465417E-011
  -5.22622767636421       1.571123401381095E-065
  -5.21047347864178       6.269404782424924E-013
  -5.18207782167331       9.293917735854469E-067
  -5.14131361239597       1.776187475733831E-064
  -5.11674222186923       1.966773326097518E-009
  -5.09725366450991       8.590240865928086E-064
  -5.08094012277174       6.115785413854703E-009
  -5.02653033618607       1.226102668510211E-011
  -4.91032065402948       1.358217505230952E-009
  -4.56746310368824       3.580353936037834E-066
  -4.50312701653034       4.001149614583058E-008
  -4.42460225733029       4.110053267356557E-007
  -4.30779802335638       1.217703812559490E-065
  -4.25027029688892       4.637044211243018E-009
  -4.13793843166124       5.846737525819662E-009
  -3.60559577646987       2.605724200248630E-009
  -5.04354955155692       3.551077223072863E-071
  -5.00388681439062       3.301412409500320E-015
  -4.97465329491580       6.768885048358823E-064
  -4.96793399151877       6.830365769796481E-062
  -4.92128754355070       1.136444708779427E-008
  -4.91128912717498       7.471967640673648E-062
  -4.88589211255125       1.560310719148145E-011
  -4.85689480120637       1.674465504875097E-008
  -4.78103704268472       1.811659840526820E-012
  -4.36310826827793       3.386549347768915E-070
  -4.31672182425875       5.692640875651641E-011
  -4.22494824477780       3.220865833014241E-004
  -4.09836905026359       9.646708922992064E-069
  -4.06520757362221       1.523251410526727E-011
  -3.95405237787014       3.443108920496087E-006
  -3.36251720776942       3.038393511836265E-012
 -4.663004544664062E-002  1.483074241756119E-043
 -6.213570963698345E-003  1.145534160687943E-033
  5.494208983662929E-003  2.752743271193638E-033
  0.105284064897450       1.153206453426309E-040
  0.106450081422157       1.460305084416176E-035
  0.171109682419040       7.343991127393020E-033
  0.186217162224363       5.635676782064627E-037
  0.246058850221907       5.752580573444779E-034
  0.428238471660215       1.599310480145250E-041
  0.690727988501379       7.587301804204579E-038
  0.742475036793433       2.759392920207197E-037
  0.886188310377360       2.244560097108872E-033
  0.922840279962166       7.268642990690731E-034
  0.964347966583500       2.258858883732149E-039
   1.19667824869259       2.421470679069621E-040
   1.72275545187420       6.192529957449250E-044
 -1.261830274955145E-002  8.677678143848768E-045
  1.649821757326109E-002  1.000694036616195E-038
  9.891108077819410E-002  9.922346149458494E-037
  0.136948995784685       2.051595301174695E-031
  0.163968131795794       1.241629817852754E-032
  0.206659887344095       5.589080202966237E-034
  0.220930990805183       3.553893424913071E-037
  0.270292446710695       2.453038519915756E-035
  0.377840111398683       7.579868719112121E-042
  0.721585866385720       2.646967569902598E-041
  0.784101114611488       5.670273029938246E-038
  0.904901750288897       1.044154052602182E-031
  0.954059444340352       2.972423400037312E-036
   1.03348093332534       4.918046171065525E-040
   1.18662834621662       1.321879656787002E-036
   1.75684483896858       2.279245720942683E-046
  0.149567527066683       1.298675519767883E-066
  0.194012718481776       3.100893388936704E-012
  0.221985172012943       4.034246975166916E-066
  0.260459284890185       8.337368921471182E-012
  0.304999173111817       3.029171276124656E-062
  0.326359565121667       1.433259519883723E-010
  0.343176154244766       1.050851784503271E-068
  0.380341951728067       1.208552487745530E-010
  0.548833224786861       6.156890648515678E-012
  0.867683781012619       1.799446877657949E-066
  0.903446816423465       1.024155393524554E-010
   1.04447632210034       4.000034643034652E-011
   1.12169642765699       2.305911391791034E-010
   1.12828440790321       8.906051777785018E-064
   1.33673191739312       2.227278201412744E-013
   1.88337071684555       1.083796669088213E-014
  0.244127414719877       4.952791313205376E-014
  0.280452408040833       3.910345648608814E-071
  0.366928284524121       9.569135185018459E-073
  0.398762138550460       2.112501306116387E-065
  0.444567567621018       7.182740273206252E-065
  0.485304355454286       5.763249175590435E-011
  0.489741911131151       1.210776960636119E-010
  0.542861715718217       4.046398823346935E-011
  0.664061037900492       4.904955388952017E-012
  0.989247700528864       5.085791163612103E-068
   1.05532601432151       8.322749099407549E-011
   1.17798741963328       1.965493580518028E-010
   1.21969448149870       2.638231279160063E-067
   1.30429407269221       1.278909501483928E-012
   1.46540797617767       9.346732015762071E-012
   2.02838343322539       1.699100833191629E-017
  0.503625361469787       6.487967225933941E-071
  0.554986091378421       1.099000231591458E-017
  0.578389117425871       6.302483290155893E-070
  0.623798108640155       1.286666572311609E-059
  0.625574524754423       1.968143047232514E-016
  0.682199824024142       5.146192374803593E-053
  0.683094909282872       3.630488714913715E-007
  0.693274367186724       5.527373099202535E-007
  0.844476568024056       3.889049883884413E-015
   1.20404817524503       4.709050877895840E-068
   1.24635846834734       5.958275203907504E-015
   1.37012701109311       4.187820721221507E-006
   1.47348714005302       1.561048568096184E-064
   1.47392473114325       4.976019655390888E-015
   1.65014572447783       7.146289439264769E-008
   2.21395752465500       6.713187327211801E-017
   16.3073697934264       1.941917338967111E-073
   16.3156238056973       2.418963561988370E-013
   16.3653331903595       7.677312410521202E-066
   16.4452946009075       4.235030713672507E-065
   16.4720241136042       1.791303539906554E-012
   16.4869763926464       1.108060075362873E-062
   16.5075323313611       7.532008825026532E-012
   16.5596348794904       1.157946404013480E-014
   16.7309634756116       3.688744156291001E-011
   17.0419573439840       1.766470766280384E-066
   17.1019872339459       7.780307770244051E-010
   17.2425593719887       5.855412400213140E-010
   17.2814393553221       1.867055092596522E-062
   17.3218012983960       9.768913988651687E-012
   17.5293828778214       7.942452711988231E-010
   18.0861367207704       1.995169086357848E-010
   22.8061331057825       1.739162086820784E-048
   22.8484259537146       4.626775870174954E-035
   22.9289104593729       8.385804019899826E-033
   22.9947695763018       1.669045931036698E-036
   23.0709634378589       6.915791853376789E-044
   23.0738103458180       1.230931056577843E-036
   23.1008464015573       3.021844362020330E-034
   23.1720752162591       5.046477797851859E-038
   23.3576391673017       1.245619174016320E-044
   23.6009444563280       1.631634428931719E-033
   23.6753550427650       9.466352167232195E-038
   23.8175916629386       2.160709856405379E-029
   23.8341138800538       2.123006161601753E-029
   23.9089550335636       9.758871670303016E-043
   24.1371115807485       6.257028664985902E-037
   24.6752664953475       1.280978633138513E-048
   22.9002840054345       7.531443168363082E-068
   22.9389641854487       7.434088223117872E-014
   22.9773377247934       3.030904740871910E-065
   23.0441144994331       2.415468069045308E-012
   23.0745392621419       3.442674377546174E-059
   23.1214090050406       1.671036231295534E-011
   23.1355452132861       5.754240114184651E-061
   23.1967275565167       2.345371243523840E-011
   23.3994735739946       1.163658775555413E-012
   23.6490591292233       9.222814441582546E-064
   23.7132945294378       1.078458304689993E-008
   23.8742977331528       2.534473012417798E-008
   23.9069251089248       1.913450675224023E-058
   23.9171914399045       9.346319905040889E-008
   24.1756957203849       2.068592808601656E-009
   24.7075843062025       3.648145803013057E-011
   22.9358756892605       1.054543178233958E-074
   22.9597875275574       1.312050792892351E-018
   23.0181430804843       7.937550056267963E-063
   23.0692598367736       1.378012612198620E-060
   23.1265128666205       1.496833749895696E-059
   23.1327852267108       1.590974952875611E-012
   23.1429181605679       2.618064998074240E-008
   23.2034896589321       3.448429635646689E-007
   23.3420070830926       6.137401425580008E-015
   23.6661588533977       6.424351357276189E-071
   23.7341672048102       5.554790353467198E-012
   23.8846037476991       9.247217156535532E-005
   23.9238345789613       8.231990298980096E-064
   23.9686559970708       1.155100369067440E-011
   24.1544803740693       1.244270855784327E-006
   24.7300686339858       3.550434181413107E-015
   47.9032550472001       1.089335988434127E-044
   47.9151361845450       1.118138297615097E-037
   47.9670306715074       1.045245514251709E-032
   48.0830927219920       3.131759922198192E-035
   48.0900189796362       3.855156121398823E-040
   48.1450190634799       1.737071493822545E-035
   48.1578584037822       1.787885704057412E-032
   48.2287480750433       6.293016330030474E-035
   48.4440239603397       1.593674653709439E-042
   48.6433930712784       5.895140602179402E-039
   48.7125496639631       3.604474783649328E-036
   48.8917095181677       5.872154954604106E-032
   48.9061035955773       4.112921148430779E-032
   48.9592706104960       4.129635657475985E-040
   49.2177451754937       9.429885250123132E-042
   49.7505750144505       7.288762384331531E-044
   47.9242370576683       1.605590342340721E-045
   47.9448378762419       3.660246763996245E-037
   48.0257444621567       6.547812409403026E-034
   48.0936318098581       2.765517502067273E-032
   48.1259915314798       3.754803683123807E-032
   48.1747457371144       1.524433390181412E-033
   48.1791226399472       1.049870100859366E-031
   48.2480526636094       3.713492180808663E-035
   48.4024228975746       1.043324746630666E-041
   48.6632323220666       3.517356047619036E-038
   48.7484239642268       1.067739182729085E-034
   48.8957715023387       5.619478888489250E-031
   48.9258356532948       1.311371821300159E-037
   49.0088051138449       2.258457982392329E-040
   49.2070070624671       7.232702254127145E-037
   49.7733468442594       2.088370160041950E-043
   48.0222607940499       1.257597013852012E-072
   48.0649780575538       1.936465617920325E-013
   48.0946166602358       3.962763665788216E-069
   48.1743059287219       4.159070110764010E-012
   48.1984336568314       1.331050585694482E-062
   48.2460933500525       2.612339207913084E-011
   48.2546114949384       1.846870258946160E-065
   48.3025138514558       1.860220977283629E-011
   48.5125819146497       6.890462747472661E-013
   48.7590051124890       3.696618641218429E-069
   48.8067870001962       2.862815812637855E-011
   48.9828577919016       1.506707264903524E-012
   49.0376958713415       1.372934606951091E-062
   49.0505084998541       2.845841688666041E-011
   49.3003749493817       1.154790685070664E-013
   49.8474145411578       2.873687415624733E-015
   48.0726441257297       1.721216134561778E-016
   48.0998731456521       3.001790210611930E-073
   48.1800850813982       3.100806095516802E-069
   48.2502029754067       5.839930053582943E-065
   48.2875818779773       2.215056247529256E-064
   48.3329947754577       4.323170003826400E-012
   48.3411549568098       9.084244575455193E-012
   48.4108560626100       2.239689231938325E-012
   48.5717841244835       2.273809114333858E-015
   48.8197667689703       1.553756766073277E-070
   48.9076139946307       1.634166097170784E-012
   49.0579106847258       1.304171274614228E-011
   49.0801528846094       9.055552316017926E-066
   49.1675726388132       1.810483503985291E-013
   49.3715538773912       1.885814746151550E-012
   49.9330472911434       7.669224230605724E-019
   48.2413997485358       1.014798829319429E-064
   48.2905910443714       2.546097685676658E-020
   48.3217203194075       1.327496408467278E-060
   48.4006397179626       8.262150310999829E-063
   48.4041214855609       1.516236740734761E-016
   48.4564495591062       9.852146774913720E-009
   48.4588674618629       1.508982536664298E-056
   48.5027061254932       2.885506191241101E-008
   48.6911951448350       2.032642399828221E-016
   48.9718139490424       7.879439625271561E-066
   49.0215831794097       3.008685873871938E-015
   49.1837011802733       2.976115053375623E-007
   49.2547002507588       8.868348196077415E-063
   49.2690798880428       1.227702307977171E-015
   49.4940521484440       2.194756477816122E-008
   50.0567061459374       1.742864071275623E-017
